0.34875818830144
0.320006569086275
0.294349291421396
0.271401078147823
0.25083026721776
0.23235065601726
0.215714682236153
0.200707707748374
0.187143215134739
0.174858761258913
0.163712560401911
0.153580592216085
0.144354148237895
0.135937745742816
0.128247350003834
0.121208856060917
0.11475678934786
0.108833191296293
0.103386661618133
0.0983715335775229
0.0937471623792332
0.0894773099662391
0.0855296121512156
0.0818751161998029
0.0784878788145261
0.0753446160003629
0.0724243975774051
0.0697083801850547
0.067179573530493
0.0648226354000489
0.0626236915993605
0.0605701775360175
0.0586506986230636
0.0568549070764758
0.0551733930157179
0.0535975880629725
0.0521196798812797
0.0507325363011641
0.0494296378646997
0.0482050177699104
0.0470532083308068
0.0459691931823078
0.0449483645576274
0.0439864850505956
0.0430796533488434
0.0422242734874136
0.0414170272275669
0.0406548492135235
0.0399349046016121
0.0392545688926676
0.0386114097302455
0.0380031704549335
0.0374277552293002
0.0368832155692509
0.0363677381361988
0.0358796336608152
0.0354173268835135
0.0349793474094785
0.0345643213872236
0.0341709639295033
0.0337980722041185
0.0334445191298389
0.0331092476194964
0.0327912653183389
0.0324896397910997
0.0322034941160001
0.0319320028481443
0.0316743883185388
0.031429917238326
0.031197897580829
0.030977675716679
0.0307686337796943
0.030570187243325
0.0303817826893905
0.0302028957525684
0.0300330292256306
0.0298717113118131
0.0297184940119539
0.0295729516351556
0.0294346794227427
0.0293032922761931
0.0291784235805499
0.0290597241155607
0.0289468610474643
0.0288395169949568
0.0287373891634142
0.0286401885419541
0.0285476391583698
0.0284594773873834
0.0283754513080386
0.0282953201063935
0.0282188535199888
0.0281458313208446
0.0280760428340008
0.0280092864888519
0.0279453694007426
0.027884106980487
0.0278253225696588
0.0277688470996625
0.0277145187727497
0.0276621827632853
0.0276116909376963
0.0275629015916552
0.0275156792031594
0.0274698942002688
0.027425422742357
0.027382146513819
0.0273399525292538
0.0272987329492219
0.0272583849057362
0.0272188103367168
0.0271799158286946
0.0271416124671036
0.0271038156935546
0.0270664451695271
0.0270294246459632
0.0269926818382874
0.0269561483064115
0.0269197593393238
0.0268834538438915
0.026847174237537
0.0268108663444779
0.0267744792952461
0.0267379654292284
0.0267012801999902
0.0266643820831709
0.0266272324867547
0.0265897956635426
0.0265520386256653
0.0265139310609978
0.026475445251346
0.0264365559922924
0.0263972405146018
0.0263574784070958
0.0263172515409195
0.026276543995133
0.0262353419835669
0.0261936337828946
0.0261514096618744
0.0261086618117309
0.0260653842776418
0.0260215728913098
0.0259772252045988
0.025932340424223
0.0258869193474771
0.0258409642990031
0.0257944790685896
0.025747468850006
0.0256999401808696
0.0256519008835556
0.0256033600071505
0.0255543277704604
0.0255048155060812
0.0254548356055389
0.0254044014655116
0.0253535274351427
0.0253022287644551
0.0252505215538771
0.0251984227048896
0.0251459498718049
0.0250931214146842
0.0250399563534049
0.0249864743228827
0.0249326955294556
0.0248786407084379
0.0248243310828443
0.0247697883232926
0.0247150345090835
0.0246600920904616
0.0246049838520547
0.0245497328774939
0.0244943625152085
0.0244388963453943
0.0243833581481498
0.024327771872774
0.0242721616082187
0.0242165515546873
0.0241609659963691
0.0241054292753003
0.024049965766338
0.0239945998532361
0.0239393559058075
0.0238842582581596
0.0238293311879854
0.0237745988968955
0.0237200854917727
0.0236658149671306
0.0236118111884586
0.0235580978765329
0.0235046985926736
0.023451636724927
0.0233989354751533
0.0233466178469963
0.0232947066347141
0.0232432244128492
0.0231921935267137
0.0231416360836689
0.0230915739451749
0.0230420287195865
0.0229930217556757
0.0229445741368522
0.0228967066760638
0.0228494399113499
0.0228027941020269
0.022756789225482
0.0227114449745518
0.0226667807554641
0.0226228156863199
0.0225795685960931
0.0225370580241263
0.022495302220101
0.0224543191444604
0.0224141264692641
0.0223747415794542
0.0223361815745117
0.0222984632704843
0.0222616032023656
0.0222256176268058
0.0221905225251368
0.0221563336066924
0.0221230663124061
0.0220907358186689
0.0220593570414311
0.0220289446405304
0.0219995130242319
0.0219710763539627
0.0219436485492284
0.0219172432926945
0.0218918740354215
0.0218675540022371
0.0218442961972345
0.0218221134093844
0.0218010182182462
0.0217810229997698
0.0217621399321741
0.0217443810018931
0.0217277580095785
0.0217122825761491
0.0216979661488769
0.0216848200075021
0.021672855270367
0.0216620829005608
0.0216525137120679
0.021644158375912
0.0216370274262884
0.0216311312666776
0.0216264801759349
0.0216230843143486
0.0216209537296614
0.0216200983630494
0.0216205280550547
0.0216222525514645
0.0216252815091338
0.0216296245017472
0.0216352910255152
0.021642290504801
0.021650632297676
0.0216603257013975
0.0216713799578094
0.0216838042586596
0.0216976077508334
0.0217127995414999
0.0217293887031692
0.0217473842786577
0.0217667952859609
0.0217876307230306
0.0218098995724552
0.021833610806043
0.0218587733893044
0.0218853962858347
0.0219134884615952
0.0219430588890905
0.0219741165514435
0.0220066704463657
0.0220407295900229
0.0220763030207947
0.0221133998029293
0.022152029030091
0.0221921998288018
0.0222339213617764
0.0222772028311491
0.0223220534815949
0.0223684826033427
0.0224164995350819
0.0224661136667612
0.0225173344422807
0.0225701713620773
0.0226246339856032
0.0226807319336974
0.0227384748908508
0.0227978726073663
0.0228589349014114
0.0229216716609657
0.0229860928456636
0.0230522084885313
0.023120028697619
0.0231895636575293
0.0232608236308403
0.0233338189594266
0.0234085600656752
0.023485057453599
0.0235633217098481
0.0236433635046176
0.023725193592454
0.0238088228129598
0.0238942620913963
0.023981522439186
0.0240706149543137
0.0241615508216275
0.0242543413130392
0.0243489977876263
0.0244455316916325
0.0245439545583708
0.0246442780080269
0.0247465137473646
0.0248506735693323
0.0249567693525719
0.02506481306083
0.025174816742272
0.0252867925286989
0.0254007526346662
0.0255167093565085
0.0256346750712658
0.0257546622355149
0.0258766833841041
0.0260007511287934
0.0261268781567994
0.0262550772292443
0.0263853611795114
0.0265177429115056
0.0266522353978199
0.0267888516778088
0.0269276048555668
0.0270685080978151
0.0272115746316951
0.0273568177424691
0.027504250771129
0.027653887111913
0.0278057402097317
0.0279598235575025
0.0281161506933927
0.0282747351979738
0.028435590691286
0.0285987308298116
0.028764169303362
0.0289319198318742
0.0291019961621219
0.0292744120643373
0.0294491813287473
0.029626317762024
0.0298058351836495
0.0299877474221957
0.0301720683115212
0.0303588116868837
0.0305479913809716
0.0307396212198529
0.0309337150188431
0.031130286578295
0.0313293496793075
0.0315309180793587
0.0317350055078598
0.031941625661635
0.0321507922003261
0.0323625187417234
0.0325768188570245
0.032793706066021
0.0330131938322175
0.0332352955578805
0.0334600245790195
0.0336873941603047
0.0339174174899187
0.0341501076743465
0.0343854777331037
0.0346235405934058
0.0348643090847805
0.0351077959336225
0.0353540137576946
0.0356029750605781
0.0358546922260704
0.0361091775125365
0.0363664430472117
0.0366265008204623
0.0368893626800026
0.0371550403250731
0.0374235453005792
0.0376948889911961
0.0379690826154402
0.0382461372197095
0.0385260636722951
0.0388088726573685
0.0390945746689449
0.0393831800048253
0.039674698760522
0.039969140823167
0.0402665158654112
0.04056683333931
0.0408701024702051
0.0411763322506008
0.0414855314340404
0.0417977085289848
0.0421128717926941
0.0424310292251205
0.0427521885628104
0.0430763572728215
0.0434035425466579
0.043733751294225
0.0440669901378111
0.0444032654060933
0.0447425831281755
0.0450849490276617
0.0454303685167652
0.0457788466904596
0.0461303883206732
0.0464849978505319
0.0468426793886546
0.0472034367035006
0.047567273217777
0.0479341920029076
0.0483041957735671
0.0486772868822841
0.0490534673141153
0.0494327386813972
0.0498151022185763
0.050200558777122
0.0505891088205258
0.0509807524193907
0.0513754892466143
0.0517733185726683
0.0521742392609765
0.0525782497634004
0.0529853481158286
0.0533955319338783
0.053808798408709
0.0542251443029549
0.0546445659467788
0.0550670592340459
0.0554926196186278
0.0559212421108352
0.0563529212739841
0.0567876512210986
0.0572254256117509
0.0576662376490461
0.0581100800767507
0.058556945176569
0.0590068247655699
0.0594597101937675
0.0599155923418587
0.0603744616191165
0.0608363079614464
0.061301120829606
0.0617688892075902
0.0622396016011841
0.0627132460366853
0.0631898100597988
0.0636692807347088
0.0641516446433213
0.064636887884688
0.0651249960746085
0.0656159543454148
0.0661097473459372
0.0666063592416527
0.0671057737150216
0.067607973966009
0.0681129427127931
0.0686206621926625
0.069131114163102
0.0696442799030706
0.0701601402144669
0.0706786754237866
0.0711998653839723
0.0717236894764545
0.0722501266133843
0.0727791552400558
0.0733107533375236
0.0738448984254113
0.0743815675649075
0.074920737361957
0.0754623839706374
0.076006483096731
0.0765530100014799
0.0771019395055294
0.0776532459930613
0.078206903416108
0.0787628852990551
0.0793211647433206
0.0798817144322207
0.0804445066360129
0.0810095132171144
0.0815767056354988
0.0821460549542646
0.0827175318453761
0.0832911065955735
0.083866749112447
0.0844444289306784
0.0850241152184434
0.0856057767839715
0.0861893820822631
0.0867748992219577
0.0873622959723582
0.0879515397705935
0.0885425977289309
0.0891354366422277
0.0897300229955197
0.090326322971743
0.0909243024595847
0.0915239270614625
0.0921251621016255
0.0927279726343733
0.0933323234523908
0.0939381790951924
0.0945455038576761
0.0951542617987777
0.0957644167502232
0.0963759323253773
0.0969887719281816
0.0976028987621774
0.0982182758396105
0.0988348659906122
0.0994526318724542
0.10007153597887
0.100691540649438
0.101312608079025
0.101934700327289
0.102557779328216
0.103181806899721
0.103806744753272
0.10443255450356
0.105059197678197
0.105686635727435
0.106314830033909
0.106943741922404
0.107573332669617
0.108203563513942
0.108834395665244
0.109465790314642
0.110097708644277
0.110730111837066
0.111362961086448
0.111996217606102
0.112629842639639
0.113263797470267
0.113898043430418
0.114532541911335
0.11516725437262
0.115802142351726
0.116437167473398
0.117072291459066
0.117707476136163
0.118342683447386
0.11897787545988
0.119613014374363
0.120248062534154
0.12088298243413
0.121517736729599
0.122152288245076
0.122786599982973
0.123420635132185
0.124054357076583
0.124687729403396
0.125320715911493
0.125953280619545
0.126585387774082
0.127217001857427
0.127848087595515
0.12847860996558
0.129108534203723
0.129737825812356
0.130366450567499
0.130994374525957
0.131621564032353
0.132247985726025
0.132873606547781
0.133498393746507
0.134122314885635
0.13474533784946
0.135367430849308
0.135988562429548
0.136608701473462
0.137227817208947
0.137845879214071
0.138462857422464
0.139078722128556
0.139693443992649
0.140306994045834
0.140919343694739
0.141530464726118
0.142140329311277
0.142748910010329
0.143356179776295
0.143962111959022
0.144566680308956
0.145169858980729
0.145771622536592
0.146371945949673
0.146970804607078
0.147568174312811
0.148164031290545
0.148758352186204
0.149351114070408
0.14994229444072
0.150531871223757
0.151119822777113
0.151706127891139
0.152290765790541
0.152873716135827
0.153454959024592
0.154034474992637
0.154612245014936
0.155188250506436
0.155762473322711
0.156334895760451
0.156905500557799
0.157474270894539
0.158041190392131
0.158606243113591
0.159169413563228
0.159730686686237
0.160290047868138
0.160847482934081
0.161402978148005
0.161956520211658
0.162508096263481
0.163057693877354
0.163605301061216
0.164150906255538
0.164694498331686
0.165236066590143
0.165775600758609
0.166313090989984
0.166848527860223
0.167381902366076
0.167913205922713
0.168442430361236
0.168969567926072
0.169494611272272
0.170017553462686
0.170538387965048
0.171057108648953
0.171573709782736
0.172088186030253
0.172600532447571
0.173110744479562
0.17361881795641
0.174124749090037
0.17462853447043
0.175130171061902
0.175629656199265
0.17612698758393
0.176622163279931
0.177115181709876
0.177606041650833
0.178094742230148
0.178581282921195
0.17906566353907
0.179547884236224
0.180027945498036
0.180505848138337
0.18098159329488
0.181455182424758
0.18192661729978
0.182395900001802
0.182863032918009
0.183328018736165
0.183790860439826
0.184251561303509
0.184710124887838
0.185166555034657
0.185620855862109
0.186073031759695
0.18652308738331
0.186971027650252
0.187416857734216
0.187860583060268
0.188302209299807
0.188741742365508
0.189179188406261
0.189614553802097
0.190047845159104
0.190479069304345
0.190908233280765
0.191335344342106
0.191760409947808
0.192183437757929
0.192604435628059
0.193023411604236
0.193440373917883
0.193855330980745
0.194268291379834
0.194679263872394
0.195088257380877
0.195495280987935
0.195900343931427
0.196303455599446
0.196704625525367
0.197103863382918
0.197501178981269
0.197896582260147
0.198290083284979
0.19868169224206
0.19907141943375
0.199459275273698
0.199845270282095
0.200229415080967
0.200611720389493
0.200992197019355
0.20137085587013
0.201747707924715
0.202122764244785
0.202496035966292
0.202867534295004
0.203237270502081
0.203605255919692
0.203971501936671
0.20433601999422
0.204698821581651
0.205059918232171
0.205419321518713
0.205777043049808
0.206133094465513
0.206487487433369
0.206840233644416
0.207191344809256
0.207540832654159
0.207888708917217
0.208234985344549
0.208579673686557
0.208922785694224
0.209264333115473
0.209604327691563
0.209942781153547
0.210279705218774
0.210615111587448
0.210949011939229
0.211281417929895
0.211612341188055
0.211941793311906
0.21226978586605
0.212596330378365
0.212921438336918
0.213245121186944
0.213567390327866
0.213888257110378
0.214207732833572
0.214525828742125
0.214842556023536
0.215157925805413
0.215471949152823
0.215784637065681
0.216096000476203
0.216406050246408
0.21671479716567
0.217022251948334
0.217328425231363
0.217633327572065
0.217936969445847
0.218239361244041
0.218540513271768
0.218840435745862
0.219139138792845
0.219436632446948
0.219732926648191
0.22002803124051
0.220321955969933
0.220614710482815
0.220906304324111
0.22119674693571
0.221486047654815
0.221774215712374
0.222061260231554
0.222347190226276
0.222632014599788
0.222915742143292
0.223198381534618
0.223479941336949
0.223760429997586
0.224039855846767
0.224318227096535
0.224595551839642
0.22487183804851
0.225147093574236
0.225421326145635
0.225694543368339
0.225966752723936
0.226237961569149
0.226508177135068
0.226777406526418
0.227045656720877
0.227312934568434
0.227579246790787
0.227844599980787
0.228109000601925
0.228372454987854
0.228634969341961
0.228896549736975
0.229157202114611
0.229416932285265
0.229675745927737
0.229933648589
0.230190645684008
0.230446742495539
0.230701944174076
0.230956255737729
0.231209682072192
0.231462227930736
0.231713897934239
0.231964696571253
0.232214628198105
0.232463697039035
0.232711907186366
0.232959262600711
0.233205767111211
0.233451424415809
0.233696238081559
0.23394021154496
0.234183348112331
0.234425650960211
0.234667123135799
0.234907767557411
0.235147587014985
0.235386584170601
0.235624761559042
0.235862121588376
0.236098666540572
0.236334398572145
0.236569319714827
0.236803431876261
0.237036736840739
0.237269236269946
0.237500931703743
0.237731824560977
0.23796191614031
0.238191207621079
0.238419700064177
0.238647394412962
0.238874291494191
0.239100392018971
0.239325696583742
0.239550205671278
0.239773919651711
0.239996838783582
0.240218963214906
0.240440292984263
0.240660828021914
0.240880568150928
0.241099513088341
0.241317662446321
0.241535015733369
0.241751572355525
0.241967331617601
0.242182292724429
0.242396454782128
0.242609816799389
0.242822377688779
0.243034136268055
0.243245091261505
0.243455241301297
0.243664584928845
0.243873120596195
0.244080846667423
0.244287761420043
0.24449386304644
0.244699149655307
0.2449036192731
0.245107269845508
0.245310099238929
0.245512105241968
0.245713285566937
0.245913637851375
0.246113159659576
0.246311848484126
0.246509701747454
0.246706716803392
0.246902890938744
0.247098221374864
0.247292705269248
0.247486339717129
0.24767912175308
0.247871048352633
0.248062116433898
0.248252322859188
0.248441664436663
0.248630137921962
0.248817740019861
0.249004467385922
0.249190316628154
0.249375284308679
0.249559366945401
0.249742561013682
0.24992486294802
0.250106269143729
0.250286775958631
0.250466379714735
0.25064507669994
0.250822863169721
0.250999735348825
0.251175689432975
0.251350721590562
0.251524827964349
0.251698004673169
0.251870247813627
0.252041553461801
0.252211917674942
0.252381336493173
0.252549805941188
0.252717322029949
0.252883880758378
0.253049478115057
0.253214110079913
0.253377772625907
0.253540461720718
0.253702173328426
0.253862903411191
0.254022647930922
0.254181402850946
0.254339164137678
0.254495927762274
0.254651689702285
0.25480644594331
0.254960192480631
0.255112925320853
0.255264640483532
0.255415334002795
0.255565001928956
0.25571364033012
0.255861245293787
0.256007812928438
0.256153339365117
0.256297820759008
0.256441253290994
0.256583633169215
0.256724956630612
0.256865219942461
0.257004419403898
0.257142551347432
0.257279612140448
0.257415598186702
0.257550505927794
0.257684331844644
0.257817072458944
0.257948724334602
0.258079284079179
0.2582087483453
0.258337113832065
0.25846437728644
0.258590535504636
0.258715585333473
0.258839523671733
0.258962347471493
0.259084053739451
0.25920463953823
0.259324101987671
0.259442438266113
0.259559645611649
0.259675721323373
0.259790662762613
0.259904467354141
0.260017132587371
0.26012865601754
0.260239035266873
0.260348268025724
0.260456352053715
0.260563285180837
0.260669065308555
0.260773690410879
0.260877158535422
0.260979467804447
0.261080616415882
0.26118060264433
0.261279424842051
0.261377081439931
0.261473570948428
0.261568891958503
0.261663043142528
0.261756023255176
0.261847831134294
0.261938465701753
0.262027925964278
0.262116211014263
0.262203320030561
0.262289252279255
0.262374007114411
0.262457583978809
0.262539982404654
0.262621202014265
0.262701242520748
0.262780103728645
0.262857785534558
0.262934287927763
0.263009610990796
0.263083754900016
0.263156719926153
0.263228506434834
0.263299114887083
0.263368545839805
0.263436799946248
0.263503877956442
0.263569780717619
0.263634509174611
0.263698064370226
0.263760447445603
0.263821659640548
0.263881702293847
0.263940576843558
0.26399828482728
0.264054827882407
0.264110207746351
0.264164426256756
0.264217485351678
0.264269387069756
0.264320133550355
0.264369727033686
0.264418169860915
0.264465464474241
0.264511613416956
0.26455661933349
0.264600484969427
0.264643213171506
0.2646848068876
0.264725269166674
0.264764603158725
0.264802812114696
0.264839899386379
0.264875868426288
0.264910722787522
0.2649444661236
0.264977102188282
0.265008634835366
0.265039068018468
0.265068405790785
0.265096652304834
0.265123811812176
0.265149888663117
0.265174887306395
0.265198812288848
0.265221668255057
0.265243459946978
0.265264192203556
0.265283869960316
0.265302498248937
0.265320082196814
0.265336627026597
0.265352138055716
0.265366620695884
0.265380080452591
0.265392522924575
0.265403953803275
0.265414378872281
0.265423804006747
0.265432235172805
0.265439678426957
0.265446139915453
0.265451625873648
0.265456142625356
0.265459696582173
0.265462294242803
0.265463942192354
0.26546464710163
0.265464415726405
0.265463254906681
0.26546117156594
0.265458172710374
0.265454265428107
0.265449456888405
0.265443754340864
0.265437165114604
0.265429696617431
0.265421356335
0.265412151829958
0.265402090741086
0.265391180782418
0.265379429742357
0.265366845482779
0.265353435938121
0.265339209114468
0.265324173088621
0.265308336007164
0.26529170608551
0.265274291606954
0.265256100921698
0.265237142445884
0.265217424660608
0.265196956110928
0.265175745404868
0.265153801212412
0.265131132264484
0.265107747351933
0.265083655324501
0.265058865089787
0.265033385612209
0.265007225911951
0.264980395063913
0.264952902196649
0.2649247564913
0.264895967180525
0.264866543547425
0.264836494924463
0.264805830692375
0.264774560279086
0.264742693158608
0.264710238849952
0.264677206916019
0.264643606962497
0.264609448636755
0.26457474162673
0.264539495659815
0.264503720501741
0.26446742595546
0.264430621860024
0.26439331808946
0.264355524551654
0.264317251187215
0.264278507968357
0.264239304897767
0.264199652007481
0.26415955935775
0.264119037035915
0.264078095155277
0.264036743853967
0.26399499329382
0.263952853659244
0.263910335156093
0.263867448010543
0.263824202467963
0.263780608791793
0.263736677262423
0.263692418176067
0.263647841843648
0.263602958589681
0.263557778751156
0.263512312676425
0.263466570724096
0.26342056326192
0.263374300665692
0.263327793318147
0.263281051607863
0.263234085928165
0.263186906676035
0.263139524251024
0.26309194905417
0.263044191486916
0.262996261950036
0.262948170842564
0.262899928560728
0.262851545496885
0.262803032038467
0.262754398566925
0.262705655456687
0.262656813074108
0.262607881776438
0.262558871910789
0.262509793813108
0.262460657807156
0.262411474203492
0.262362253298465
0.262313005373211
0.262263740692653
0.26221446950451
0.262165202038314
0.26211594850443
0.26206671909308
0.262017523973383
0.261968373292391
0.261919277174137
0.261870245718689
0.261821289001211
0.26177241707103
0.261723639950711
0.261674967635138
0.261626410090601
0.261577977253895
0.26152967903142
0.261481525298292
0.261433525897461
0.261385690638836
0.261338029298415
0.261290551617428
0.261243267301481
0.261196186019715
0.261149317403963
0.261102671047925
0.261056256506342
0.261010083294185
0.260964160885844
0.260918498714333
0.260873106170496
0.260827992602225
0.260783167313684
0.26073863956454
0.260694418569206
0.260650513496086
0.260606933466833
0.260563687555611
0.26052078478837
0.260478234142122
0.26043604454423
0.260394224871704
0.260352783950504
0.260311730554853
0.260271073406553
0.260230821174316
0.260190982473097
0.260151565863436
0.260112579850812
0.260074032885001
0.260035933359442
0.25999828961061
0.259961109917402
0.259924402500526
0.259888175521897
0.259852437084045
0.25981719522953
0.259782457940358
0.259748233137417
0.259714528679907
0.25968135236479
0.259648711926239
0.259616615035096
0.259585069298344
0.259554082258579
0.259523661393489
0.25949381411535
0.259464547770518
0.259435869638935
0.259407786933641
0.259380306800294
0.259353436316694
0.259327182492317
0.259301552267858
0.259276552514776
0.259252190034851
0.259228471559746
0.259205403750573
0.259182993197473
0.259161246419195
0.259140169862691
0.259119769902707
0.259100052841389
0.259081024907894
0.259062692258004
0.259045060973753
0.259028137063054
0.259011926459336
0.25899643502119
0.258981668532013
0.258967632699669
0.258954333156151
0.258941775457243
0.258929965082205
0.258918907433444
0.258908607836209
0.258899071538278
0.258890303709664
0.258882309442312
0.258875093749819
0.258868661567143
0.258863017750331
0.258858167076247
0.258854114242308
0.258850863866218
0.258848420485721
0.25884678855835
0.258845972461183
0.258845976490606
0.258846804862084
0.25884846170993
0.258850951087087
0.258854276964911
0.258858443232961
0.258863453698794
0.258869312087766
0.258876022042834
0.258883587124368
0.258892010809971
0.25890129649429
0.25891144748885
0.25892246702188
0.25893435823815
0.258947124198812
0.258960767881241
0.25897529217889
0.258990699901143
0.259006993773174
0.259024176435809
0.259042250445401
0.259061218273696
0.259081082307717
0.259101844849645
0.259123508116703
0.259146074241055
0.259169545269695
0.259193923164352
0.259219209801393
0.259245406971735
0.259272516380759
0.259300539648224
0.259329478308196
0.259359333808972
0.259390107513011
0.259421800696872
0.259454414551152
0.259487950180431
0.259522408603221
0.259557790751918
0.259594097472762
0.259631329525792
0.25966948758482
0.259708572237392
0.259748583984768
0.259789523241897
0.259831390337402
0.259874185513562
0.259917908926306
0.259962560645207
0.26000814065348
0.260054648847985
0.260102085039235
0.260150448951407
0.260199740222356
0.260249958403636
0.260301102960525
0.260353173272048
0.260406168631015
0.260460088244052
0.260514931231647
0.260570696628188
0.260627383382016
0.260684990355479
0.260743516324986
0.260802959981069
0.26086331992845
0.260924594686111
0.260986782687368
0.261049882279947
0.261113891726072
0.261178809202547
0.261244632800851
0.261311360527233
0.261378990302813
0.261447519963682
0.261516947261021
0.261587269861205
0.261658485345925
0.261730591212313
0.261803584873066
0.261877463656579
0.261952224807082
0.262027865484779
0.262104382765997
0.262181773643336
0.26226003502582
0.262339163739062
0.262419156525427
0.262500010044202
0.262581720871769
0.262664285501785
0.26274770034537
0.26283196173129
0.262917065906157
0.263003009034624
0.263089787199594
0.263177396402427
0.263265832563153
0.263355091520696
0.263445169033098
0.263536060777749
0.263627762351623
0.263720269271519
0.263813576974311
0.263907680817194
0.264002576077949
0.2640982579552
0.264194721568688
0.264291961959543
0.264389974090563
0.264488752846504
0.264588293034367
0.264688589383702
0.264789636546905
0.264891429099528
0.264993961540602
0.265097228292949
0.265201223703513
0.265305942043697
0.265411377509696
0.26551752422285
0.265624376229991
0.265731927503802
0.265840171943184
0.265949103373627
0.266058715547584
0.266169002144859
0.266279956772997
0.266391572967677
0.266503844193121
0.266616763842502
0.266730325238359
0.266844521633025
0.266959346209053
0.267074792079656
0.267190852289151
0.267307519813409
0.267424787560314
0.267542648370225
0.267661095016452
0.267780120205733
0.26789971657872
0.268019876710471
0.268140593110953
0.268261858225547
0.268383664435564
0.268506004058768
0.268628869349901
0.268752252501225
0.268876145643062
0.269000540844348
0.26912543011319
0.269250805397431
0.269376658585227
0.269502981505627
0.26962976592916
0.269757003568431
0.269884686078728
0.270012805058629
0.270141352050626
0.270270318541746
0.270399695964189
0.270529475695968
0.27065964906156
0.270790207332563
0.270921141728358
0.271052443416785
0.271184103514821
0.271316113089271
0.271448463157461
0.27158114468794
0.271714148601195
0.27184746577037
0.271981087021986
0.272115003136686
0.272249204849966
0.272383682852933
0.272518427793059
0.272653430274947
0.272788680861102
0.272924170072715
0.273059888390448
0.273195826255232
0.27333197406907
0.273468322195847
0.27360486096215
0.273741580658093
0.273878471538153
0.274015523822008
0.27415272769539
0.274290073310935
0.274427550789054
0.274565150218798
0.274702861658739
0.274840675137856
0.274978580656425
0.275116568186924
0.275254627674935
0.275392749040062
0.275530922176848
0.275669136955711
0.275807383223871
0.275945650806297
0.276083929506655
0.276222209108263
0.276360479375057
0.276498730052554
0.276636950868834
0.276775131535517
0.276913261748756
0.27705133119023
0.277189329528145
0.277327246418242
0.277465071504813
0.277602794421714
0.277740404793399
0.277877892235945
0.278015246358093
0.278152456762289
0.278289513045734
0.278426404801435
0.278563121619269
0.278699653087043
0.278835988791566
0.278972118319725
0.279108031259563
0.279243717201363
0.279379165738741
0.279514366469735
0.279649308997909
0.27978398293345
0.279918377894281
0.280052483507169
0.28018628940884
0.280319785247101
0.28045296068196
0.280585805386755
0.280718309049282
0.28085046137293
0.280982252077817
0.281113670901932
0.281244707602272
0.281375351955995
0.281505593761562
0.281635422839891
0.281764829035509
0.281893802217709
0.282022332281702
0.282150409149783
0.282278022772487
0.282405163129754
0.282531820232093
0.282657984121744
0.28278364487385
0.282908792597616
0.283033417437486
0.283157509574306
0.283281059226495
0.283404056651211
0.283526492145527
0.283648356047594
0.283769638737813
0.283890330640003
0.284010422222569
0.284129903999668
0.28424876653238
0.284367000429866
0.284484596350538
0.284601545003216
0.284717837148295
0.284833463598898
0.284948415222033
0.285062682939754
0.285176257730304
0.28528913062927
0.28540129273073
0.285512735188391
0.285623449216738
0.285733426092163
0.285842657154104
0.285951133806171
0.286058847517276
0.286165789822749
0.286271952325462
0.286377326696936
0.286481904678453
0.28658567808216
0.286688638792161
0.286790778765618
0.286892090033833
0.286992564703333
0.287092194956943
0.287190973054859
0.28728889133571
0.287385942217616
0.287482118199237
0.28757741186082
0.287671815865234
0.287765322959
0.287857925973312
0.287949617825057
0.288040391517815
0.288130240142863
0.288219156880166
0.288307134999359
0.28839416786072
0.288480248916138
0.288565371710068
0.288649529880482
0.288732717159805
0.288814927375845
0.288896154452712
0.288976392411732
0.289055635372345
0.289133877552991
0.289211113271999
0.28928733694845
0.289362543103037
0.289436726358916
0.289509881442544
0.289582003184499
0.289653086520305
0.289723126491229
0.289792118245077
0.289860057036972
0.289926938230127
0.289992757296599
0.290057509818036
0.290121191486409
0.290183798104732
0.290245325587772
0.290305769962741
0.290365127369983
0.290423394063639
0.290480566412307
0.290536640899684
0.290591614125198
0.29064548280462
0.290698243770673
0.290749893973618
0.290800430481832
0.290849850482367
0.290898151281502
0.290945330305272
0.290991385099994
0.291036313332766
0.291080112791963
0.291122781387709
0.291164317152346
0.291204718240873
0.291243982931387
0.291282109625494
0.291319096848717
0.291354943250881
0.291389647606487
0.291423208815073
0.291455625901552
0.291486898016543
0.291517024436682
0.291546004564921
0.291573837930807
0.29160052419075
0.291626063128275
0.291650454654257
0.291673698807137
0.291695795753133
0.291716745786425
0.291736549329327
0.291755206932448
0.291772719274832
0.291789087164084
0.291804311536482
0.29181839345707
0.291831334119741
0.291843134847295
0.291853797091492
0.291863322433082
0.291871712581821
0.291878969376475
0.2918850947848
0.291890090903518
0.291893959958267
0.29189670430354
0.29189832642261
0.291898828927435
0.291898214558555
0.291896486184961
0.291893646803964
0.291889699541038
0.291884647649649
0.291878494511075
0.291871243634202
0.291862898655314
0.29185346333786
0.29184294157221
0.291831337375397
0.291818654890844
0.291804898388072
0.291790072262399
0.29177418103462
0.291757229350677
0.291739221981313
0.291720163821705
0.291700059891097
0.291678915332406
0.291656735411818
0.291633525518376
0.291609291163544
0.291584037980766
0.291557771725007
0.291530498272281
0.291502223619169
0.291472953882319
0.291442695297938
0.291411454221265
0.29137923712604
0.291346050603949
0.291311901364068
0.291276796232288
0.291240742150728
0.291203746177138
0.291165815484291
0.291126957359358
0.291087179203282
0.291046488530124
0.291004892966415
0.290962400250489
0.2909190182318
0.29087475487024
0.290829618235435
0.29078361650604
0.290736757969014
0.290689051018897
0.290640504157063
0.290591125990978
0.290540925233435
0.290489910701787
0.290438091317173
0.290385476103726
0.29033207418778
0.290277894797068
0.290222947259906
0.290167241004372
0.290110785557481
0.290053590544342
0.289995665687319
0.289937020805174
0.289877665812213
0.289817610717412
0.28975686562355
0.289695440726323
0.289633346313463
0.289570592763839
0.289507190546559
0.289443150220067
0.289378482431228
0.289313197914413
0.289247307490578
0.289180822066331
0.289113752633007
0.289046110265725
0.288977906122446
0.288909151443033
0.288839857548292
0.288770035839023
0.28869969779506
0.28862885497431
0.288557519011784
0.288485701618634
0.288413414581177
0.288340669759924
0.288267479088597
0.288193854573159
0.288119808290823
0.288045352389075
0.287970499084683
0.287895260662717
0.28781964947555
0.28774367794188
0.287667358545729
0.287590703835457
0.287513726422768
0.287436438981715
0.287358854247711
0.287280985016531
0.28720284414332
0.287124444541603
0.287045799182286
0.286966921092669
0.286887823355455
0.286808519107754
0.2867290215401
0.286649343895458
0.286569499468242
0.286489501603327
0.286409363695066
0.286329099186313
0.286248721567436
0.286168244375352
0.286087681192541
0.286007045646084
0.285926351406687
0.285845612187722
0.285764841744262
0.285684053872117
0.285603262406887
0.285522481223005
0.285441724232786
0.285361005385487
0.285280338666366
0.285199738095743
0.28511921772807
0.285038791651001
0.284958473984474
0.284878278879785
0.284798220518682
0.284718313112451
0.284638570901015
0.284559008152037
0.284479639160023
0.284400478245438
0.284321539753822
0.284242838054916
0.284164387541789
0.284086202629977
0.284008297756619
0.283930687379609
0.28385338597675
0.283776408044912
0.283699768099198
0.283623480672119
0.283547560312774
0.283472021586034
0.283396879071737
0.283322147363887
0.283247841069863
0.283173974809628
0.283100563214956
0.283027620928657
0.282955162603813
0.282883202903019
0.282811756497636
0.282740838067048
0.282670462297927
0.282600643883503
0.282531397522847
0.282462737920159
0.282394679784063
0.282327237826909
0.282260426764086
0.282194261313342
0.282128756194108
0.282063926126834
0.281999785832333
0.281936350031132
0.281873633442827
0.281811650785457
0.281750416774872
0.281689946124119
0.281630253542834
0.281571353736642
0.281513261406561
0.281455991248421
0.281399557952285
0.281343976201887
0.281289260674064
0.28123542603821
0.281182486955731
0.281130458079509
0.281079354053379
0.281029189511605
0.28097997907837
0.280931737367278
0.280884478980855
0.280838218510065
0.280792970533832
0.280748749618567
0.280705570317711
0.280663447171276
0.280622394705405
0.280582427431926
0.28054355984793
0.280505806435345
0.28046918166052
0.280433699973823
0.280399375809241
0.280366223583986
0.280334257698116
0.280303492534159
0.280273942456741
0.280245621812232
0.28021854492839
0.280192726114013
0.280168179658606
0.28014491983205
0.280122960884274
0.280102317044945
0.280083002523153
0.280065031507116
0.280048418163881
0.280033176639033
0.280019321056424
0.280006865517888
0.279995824102982
0.279986210868718
0.279978039849317
0.279971325055952
0.279966080476517
0.279962320075382
0.279960057793173
0.279959307546545
0.279960083227964
0.279962398705502
0.279966267822628
0.279971704398012
0.27997872222533
0.27998733507308
0.279997556684395
0.280009400776871
0.280022881042396
0.280038011146982
0.280054804730603
0.280073275407047
0.280093436763755
0.280115302361684
0.280138885735161
0.280164200391747
0.280191259812108
0.280220077449883
0.280250666731566
0.280283041056381
0.280317213796172
0.280353198295291
0.280391007870487
0.28043065581081
0.280472155377502
0.280515519803908
0.28056076229538
0.280607896029189
0.280656934154435
0.280707889791968
0.280760776034304
0.280815605945549
0.280872392561323
0.280931148888689
0.28099188790608
0.281054622563236
0.28111936578113
0.281186130451915
0.281254929438854
0.281325775576263
0.281398681669454
0.281473660494677
0.281550724799064
0.281629887300576
0.281711160687952
0.281794557620653
0.281880090728814
0.281967772613195
0.282057615845127
0.282149632966469
0.282243836489555
0.282340238897147
0.282438852642387
0.282539690148748
0.282642763809989
0.282748085990101
0.282855669023261
0.282965525213782
0.283077666836065
0.283192106134543
0.283308855323633
0.283427926587682
0.283549332080909
0.283673083927357
0.283799194220828
0.283927675024831
0.284058538372514
0.284191796266609
0.284327460679363
0.284465543552472
0.284606056797015
0.284749012293378
0.284894421891185
0.285042297409217
0.285192650635338
0.285345493326407
0.285500837208196
0.285658693975299
0.285819075291046
0.285981992787397
0.286147458064855
0.286315482692353
0.286486078207153
0.286659256114733
0.286835027888673
0.287013404970537
0.287194398769745
0.287378020663449
0.287564281996399
0.287753194080806
0.287944768196195
0.288139015589265
0.288335947473727
0.288535575030155
0.288737909405816
0.2889429617145
0.289150743036351
0.28936126441768
0.289574536870782
0.28979057137374
0.290009378870229
0.290230970269306
0.290455356445203
0.290682548237106
0.290912556448928
0.291145391849078
0.291381065170224
0.291619587109042
0.291860968325966
0.292105219444926
0.29235235105308
0.292602373700536
0.292855297900072
0.293111134126841
0.293369892818071
0.293631584372763
0.293896219151367
0.294163807475466
0.294434359627439
0.294707885850119
0.294984396346448
0.295263901279114
0.295546410770188
0.295831934900743
0.296120483710473
0.296412067197296
0.296706695316951
0.297004377982587
0.297305125064336
0.297608946388883
0.297915851739025
0.298225850853218
0.298538953425116
0.298855169103097
0.299174507489784
0.299496978141552
0.299822590568025
0.300151354231563
0.30048327854674
0.300818372879809
0.301156646548159
0.301498108819755
0.301842768912579
0.302190635994047
0.302541719180423
0.302896027536219
0.303253570073586
0.30361435575169
0.303978393476081
0.304345692098045
0.304716260413952
0.305090107164587
0.305467241034466
0.305847670651154
0.306231404584552
0.306618451346188
0.307008819388492
0.30740251710405
0.307799552824859
0.308199934821563
0.308603671302675
0.309010770413792
0.309421240236796
0.309835088789039
0.31025232402252
0.310672953823049
0.311096986009394
0.311524428332422
0.311955288474224
0.312389574047226
0.312827292593291
0.313268451582804
0.313713058413747
0.314161120410762
0.3146126448242
0.315067638829154
0.315526109524487
0.315988063931836
0.316453508994615
0.316922451576997
0.317394898462885
0.317870856354873
0.318350331873187
0.318833331554623
0.319319861851462
0.319809929130379
0.320303539671338
0.320800699666469
0.321301415218937
0.3218056923418
0.322313536956846
0.322824954893424
0.323339951887263
0.323858533579267
0.324380705514316
0.324906473140034
0.325435841805559
0.325968816760292
0.326505403152639
0.327045606028735
0.327589430331158
0.328136880897631
0.328687962459711
0.329242679641464
0.32980103695813
0.330363038814773
0.33092868950492
0.33149799320919
0.332070953993908
0.332647575809703
0.333227862490107
0.333811817750126
0.334399445184812
0.334990748267815
0.335585730349929
0.336184394657621
0.336786744291553
0.337392782225093
0.33800251130281
0.338615934238963
0.339233053615976
0.339853871882902
0.340478391353881
0.341106614206578
0.341738542480623
0.342374178076028
0.343013522751605
0.343656578123363
0.344303345662906
0.344953826695816
0.345608022400023
0.346265933804173
0.346927561785981
0.347592907070578
0.34826197022885
0.348934751675764
0.349611251668689
0.35029147030571
0.350975407523929
0.351663063097764
0.352354436637235
0.353049527586248
0.353748335220866
0.354450858647577
0.355157096801555
0.355867048444914
0.356580712164954
0.357298086372402
0.358019169299651
0.358743958998988
0.359472453340817
0.360204650011885
0.360940546513489
0.361680140159695
0.362423428075541
0.363170407195237
0.363921074260372
0.364675425818103
0.365433458219351
0.366195167616992
0.366960549964043
0.367729601011851
0.368502316308277
0.369278691195876
0.370058720810082
0.370842400077389
0.37162972371353
0.372420686221663
0.373215281890545
0.374013504792722
0.374815348782704
0.375620807495157
0.376429874343085
0.377242542516021
0.378058804978216
0.378878654466837
0.379702083490158
0.380529084325769
0.381359649018778
0.38219376938002
0.383031436984275
0.383872643168484
0.384717379029985
0.385565635424733
0.386417402965551
0.387272672020371
0.388131432710486
0.388993674908819
0.389859388238191
0.390728562069598
0.391601185520504
0.392477247453141
0.393356736472812
0.394239640926222
0.3951259488998
0.396015648218048
0.396908726441896
0.39780517086707
0.398704968522476
0.399608106168593
0.400514570295886
0.401424347123228
0.402337422596346
0.403253782386269
0.404173411887808
0.405096296218043
0.406022420214828
0.406951768435319
0.407884325154515
0.408820074363823
0.409758999769637
0.410701084791943
0.411646312562939
0.412594665925682
0.413546127432753
0.414500679344942
0.415458303629963
0.416418981961188
0.417382695716401
0.418349425976588
0.419319153524737
0.420291858844681
0.421267522119948
0.422246123232657
0.423227641762426
0.424212056985316
0.425199347872804
0.426189493090778
0.42718247099857
0.428178259648018
0.42917683678255
0.430178179836312
0.431182265933318
0.43218907188664
0.433198574197625
0.434210749055148
0.435225572334904
0.436243019598726
0.437263066093944
0.43828568675278
0.439310856191779
0.440338548711274
0.441368738294897
0.442401398609113
0.443436503002813
0.444474024506931
0.445513935834104
0.446556209378379
0.447600817214953
0.44864773109996
0.449696922470297
0.450748362443494
0.451802021817629
0.452857871071283
0.453915880363544
0.45497601953405
0.456038258103081
0.457102565271698
0.45816890992193
0.459237260616996
0.460307585601592
0.461379852802213
0.462454029827529
0.463530083968806
0.464607982200383
0.465687691180192
0.466769177250332
0.467852406437692
0.468937344454627
0.470023956699686
0.47111220825839
0.472202063904063
0.473293488098715
0.474386444993985
0.475480898432131
0.47657681194707
0.47767414876549
0.478772871807995
0.479872943690323
0.48097432672461
0.482076982920713
0.483180873987589
0.484285961334735
0.485392206073673
0.486499569019511
0.487608010692543
0.488717491319918
0.489827970837367
0.490939408890983
0.492051764839063
0.493164997754013
0.494279066424303
0.49539392935649
0.496509544777297
0.497625870635752
0.498742864605389
0.499860484086504
0.50097868620848
0.502097427832165
0.503216665552314
0.504336355700091
0.505456454345634
0.506576917300675
0.507697700121231
0.508818758110346
0.509940046320901
0.51106151955848
0.512183132384303
0.513304839118216
0.514426593841745
0.515548350401204
0.516670062410878
0.517791683256252
0.518913166097312
0.520034463871898
0.521155529299128
0.522276314882873
0.523396772915298
0.524516855480462
0.525636514457976
0.526755701526725
0.527874368168648
0.528992465672577
0.530109945138132
0.531226757479685
0.532342853430367
0.533458183546154
0.534572698209989
0.535686347635981
0.536799081873645
0.537910850812214
0.539021604184997
0.540131291573795
0.541239862413379
0.542347265996018
0.543453451476061
0.544558367874574
0.545661964084038
0.546764188873091
0.547864990891325
0.548964318674144
0.550062120647658
0.551158345133644
0.552252940354547
0.553345854438536
0.554437035424609
0.555526431267743
0.556613989844098
0.557699658956262
0.558783386338549
0.559865119662338
0.560944806541457
0.562022394537615
0.563097831165878
0.564171063900181
0.565242040178888
0.566310707410395
0.567377012978767
0.568440904249416
0.569502328574824
0.570561233300294
0.571617565769747
0.572671273331546
0.573722303344362
0.574770603183071
0.575816120244684
0.57685880195431
0.577898595771147
0.578935449194508
0.579969309769872
0.581000125094962
0.582027842825855
0.583052410683112
0.584073776457939
0.585091888018361
0.586106693315433
0.587118140389458
0.588126177376234
0.589130752513319
0.590131814146311
0.591129310735145
0.592123190860409
0.59311340322967
0.594099896683813
0.595082620203401
0.596061522915027
0.597036554097697
0.598007663189205
0.598974799792522
0.599937913682188
0.600896954810712
0.601851873314969
0.602802619522605
0.603749143958437
0.604691397350858
0.60562933063823
0.606562894975288
0.607492041739525
0.608416722537579
0.60933688921161
0.610252493845667
0.611163488772047
0.612069826577644
0.612971460110279
0.613868342485019
0.614760427090484
0.61564766759513
0.616530017953523
0.617407432412578
0.618279865517796
0.619147272119464
0.620009607378836
0.62086682677429
0.621718886107459
0.622565741509329
0.623407349446314
0.624243666726295
0.625074650504633
0.62590025829014
0.626720447951026
0.627535177720802
0.628344406204147
0.629148092382737
0.629946195621038
0.63073867567205
0.631525492683014
0.632306607201073
0.633081980178887
0.633851572980204
0.63461534738538
0.635373265596851
0.636125290244558
0.636871384391311
0.637611511538112
0.638345635629417
0.63907372105834
0.639795732671809
0.640511635775653
0.641221396139643
0.641924980002461
0.642622354076614
0.643313485553285
0.643998342107117
0.644676891900937
0.645349103590409
0.646014946328626
0.646674389770625
0.647327404077846
0.647973959922506
0.648614028491912
0.6492475814927
0.649874591154994
0.650495030236504
0.651108872026532
0.651716090349921
0.652316659570905
0.652910554596903
0.653497750882216
0.654078224431658
0.654651951804096
0.655218910115916
0.655779077044403
0.656332430831035
0.656878950284706
0.657418614784845
0.657951404284467
0.658477299313129
0.658996280979801
0.659508330975653
0.660013431576748
0.660511565646652
0.661002716638951
0.661486868599684
0.661964006169676
0.66243411458679
0.662897179688084
0.663353187911874
0.663802126299709
0.66424398249825
0.664678744761057
0.665106401950285
0.665526943538284
0.665940359609104
0.666346640859909
0.666745778602291
0.667137764763499
0.66752259188756
0.667900253136315
0.668270742290356
0.668634053749867
0.668990182535369
0.66933912428837
0.669680875271921
0.670015432371074
0.67034279309324
0.670662955568463
0.670975918549584
0.671281681412321
0.671580244155245
0.671871607399663
0.672155772389408
0.672432740990532
0.672702515690903
0.672965099599707
0.673220496446857
0.673468710582305
0.673709746975266
0.673943611213337
0.674170309501536
0.674389848661236
0.674602236129013
0.674807479955401
0.675005588803554
0.675196571947815
0.675380439272195
0.675557201268767
0.675726869035959
0.675889454276768
0.67604496929688
0.676193427002699
0.6763348408993
0.676469225088279
0.676596594265528
0.676716963718922
0.676830349325918
0.676936767551072
0.677036235443475
0.677128770634097
0.677214391333064
0.677293116326838
0.677364964975328
0.677429957208915
0.677488113525402
0.677539454986885
0.677584003216546
0.677621780395372
0.677652809258796
0.677677113093267
0.677694715732747
0.677705641555132
0.677709915478603
0.677707562957912
0.677698609980592
0.677683083063101
0.677661009246899
0.677632416094464
0.677597331685231
0.677555784611481
0.677507803974158
0.677453419378626
0.677392660930367
0.677325559230623
0.677252145371968
0.677172450933839
0.677086507977996
0.67699434904394
0.676896007144265
0.676791515759969
0.676680908835708
0.676564220774999
0.676441486435379
0.67631274112351
0.676178020590243
0.676037361025638
0.675890799053934
0.675738371728481
0.675580116526628
0.675416071344576
0.675246274492187
0.675070764687756
0.674889581052752
0.674702763106513
0.674510350760922
0.674312384315039
0.674108904449706
0.673899952222123
0.67368556906039
0.673465796758036
0.6732406774685
0.673010253699607
0.67277456830801
0.672533664493614
0.672287585793976
0.672036376078688
0.671780079543739
0.671518740705865
0.671252404396876
0.670981115757972
0.67070492023405
0.670423863567991
0.670137991794939
0.669847351236574
0.669551988495371
0.669251950448858
0.668947284243863
0.668638037290756
0.668324257257693
0.668005992064853
0.667683289878674
0.667356199106093
0.667024768388782
0.666689046597389
0.666349082825787
0.666004926385315
0.665656626799044
0.665304233796029
0.664947797305585
0.664587367451569
0.664222994546663
0.66385472908668
0.663482621744881
0.663106723366294
0.662727084962064
0.66234375770381
0.661956792917996
0.661566242080327
0.661172156810157
0.660774588864924
0.660373590134599
0.65996921263616
0.659561508508089
0.659150530004889
0.658736329491632
0.658318959438525
0.657898472415509
0.657474921086879
0.657048358205939
0.656618836609678
0.656186409213484
0.655751129005881
0.655313049043303
0.654872222444898
0.654428702387365
0.653982542099824
0.653533794858724
0.653082513982779
0.65262875282795
0.652172564782455
0.65171400326182
0.651253121703969
0.650789973564348
0.650324612311098
0.649857091420255
0.649387464370998
0.648915784640943
0.648442105701465
0.647966481013076
0.647488964020839
0.647009608149823
0.64652846680061
0.646045593344837
0.645561041120791
0.645074863429045
0.644587113528137
0.644097844630303
0.643607109897251
0.64311496243598
0.642621455294652
0.642126641458512
0.641630573845847
0.641133305304002
0.640634888605447
0.640135376443879
0.639634821430393
0.639133276089682
0.638630792856307
0.638127424071
0.637623221977024
0.637118238716592
0.636612526327318
0.636106136738739
0.635599121768869
0.635091533120823
0.634583422379477
0.634074841008188
0.63356584034556
0.633056471602269
0.632546785857933
0.632036834058034
0.6315266670109
0.631016335384725
0.630505889704656
0.629995380349918
0.629484857551004
0.628974371386904
0.628463971782398
0.627953708505388
0.627443631164297
0.626933789205504
0.626424231910841
0.625915008395138
0.625406167603822
0.624897758310558
0.624389829114957
0.623882428440319
0.623375604531437
0.622869405452447
0.622363879084731
0.621859073124869
0.621355035082641
0.620851812279078
0.620349451844565
0.619848000716992
0.619347505639954
0.618848013161001
0.618349569629933
0.617852221197149
0.617356013812043
0.61686099322144
0.616367204968091
0.615874694389209
0.615383506615049
0.614893686567546
0.614405278958981
0.613918328290713
0.613432878851942
0.612948974718522
0.612466659751819
0.611985977597619
0.611506971685065
0.611029685225654
0.610554161212268
0.61008044241825
0.609608571396524
0.609138590478754
0.60867054177455
0.608204467170708
0.607740408330494
0.607278406692975
0.606818503472375
0.606360739657486
0.60590515601111
0.605451793069539
0.605000691142075
0.604551890310589
0.604105430429117
0.603661351123488
0.603219691790993
0.602780491600092
0.602343789490145
0.601909624171195
0.601478034123768
0.601049057598718
0.600622732617102
0.600199096970085
0.599778188218884
0.599360043694736
0.598944700498903
0.598532195502704
0.598122565347581
0.597715846445191
0.597312074977529
0.596911286897081
0.596513517927001
0.596118803561322
0.595727179065187
0.595338679475111
0.594953339599272
0.594571194017815
0.594192277083201
0.593816622920559
0.59344426542808
0.593075238277421
0.592709574914142
0.592347308558156
0.591988472204211
0.591633098622387
0.591281220358611
0.590932869735202
0.590588078851425
0.590246879584073
0.589909303588061
0.589575382297045
0.58924514692405
0.588918628462123
0.588595857684999
0.588276865147782
0.587961681187647
0.587650335924548
0.587342859261951
0.587039280887572
0.586739630274131
0.586443936680128
0.586152229150614
0.585864536517989
0.585580887402807
0.585301310214589
0.585025833152646
0.584754484206922
0.584487291158832
0.584224281582118
0.583965482843714
0.583710922104612
0.583460626320744
0.583214622243866
0.582972936422446
0.582735595202566
0.582502624728821
0.582274050945233
0.582049899596156
0.581830196227199
0.581614966186144
0.581404234623871
0.581198026495281
0.58099636656023
0.580799279384456
0.580606789340513
0.580418920608703
0.58023569717801
0.580057142847031
0.579883281224914
0.579714135732285
0.579549729602186
0.579390085880995
0.579235227429362
0.579085176923127
0.578939956854249
0.578799589531717
0.57866409708247
0.578533501452303
0.578407824406777
0.57828708753212
0.578171312236116
0.578060519749006
0.577954731124359
0.577853967239959
0.577758248798668
0.577667596329297
0.57758203018745
0.577501570556382
0.577426237447829
0.577356050702844
0.577291029992614
0.577231194819272
0.577176564516699
0.577127158251315
0.577082995022857
0.577044093665154
0.577010472846879
0.5769821510723
0.576959146682014
0.576941477853669
0.576929162602677
0.576922218782906
0.576920664087367
0.576924516048887
0.576933792040764
0.576948509277406
0.576968684814967
0.576994335551953
0.577025478229828
0.577062129433589
0.577104305592343
0.577152022979854
0.577205297715078
0.577264145762687
0.577328582933567
0.577398624885311
0.577474287122679
0.577555584998058
0.577642533711891
0.577735148313095
0.577833443699458
0.577937434618019
0.578047135665429
0.578162561288294
0.578283725783496
0.578410643298499
0.578543327831629
0.578681793232346
0.57882605320148
0.578976121291463
0.579132010906528
0.579293735302893
0.579461307588928
0.579634740725292
0.579814047525056
0.579999240653803
0.580190332629705
0.580387335823581
0.580590262458928
0.580799124611939
0.581013934211489
0.581234703039105
0.581461442728913
0.581694164767558
0.581932880494109
0.582177601099932
0.582428337628549
0.582685100975465
0.58294790188798
0.583216750964973
0.583491658656662
0.583772635264342
0.584059690940103
0.584352835686512
0.584652079356289
0.584957431651943
0.585268902125391
0.585586500177553
0.585910235057923
0.586240115864112
0.58657615154137
0.586918350882084
0.587266722525245
0.587621274955901
0.587982016504579
0.588348955346677
0.588722099501844
0.589101456833325
0.589487035047287
0.589878841692111
0.590276884157677
0.5906811696746
0.591091705313466
0.591508497984019
0.591931554434348
0.592360881250022
0.592796484853228
0.593238371501857
0.59368654728859
0.594141018139939
0.594601789815275
0.595068867905826
0.595542257833655
0.596021964850605
0.596507994037228
0.597000350301685
0.597499038378621
0.598004062828016
0.598515428034014
0.599033138203724
0.599557197365996
0.600087609370181
0.600624377884854
0.601167506396522
0.601716998208308
0.602272856438607
0.602835084019718
0.603403683696457
0.603978658024742
0.604560009370161
0.605147739906504
0.605741851614288
0.606342346279247
0.606949225490805
0.607562490640522
0.608182142920525
0.608808183321908
0.609440612633114
0.610079431438298
0.610724640115661
0.611376238835769
0.61203422755985
0.612698606038062
0.613369373807753
0.614046530191691
0.614730074296272
0.615420005009718
0.616116321000246
0.616819020714221
0.617528102374287
0.618243563977481
0.618965403293328
0.619693617861918
0.620428204991962
0.62116916175883
0.621916485002576
0.622670171325941
0.623430217092337
0.624196618423824
0.624969371199054
0.62574847105122
0.626533913365968
0.627325693279308
0.628123805675503
0.628928245184949
0.629739006182033
0.630556082782983
0.631379468843702
0.632209157957589
0.633045143453348
0.633887418392783
0.634735975568584
0.635590807502096
0.636451906441084
0.637319264357481
0.63819287294513
0.639072723617515
0.639958807505479
0.640851115454939
0.641749638024593
0.642654365483609
0.64356528780932
0.644482394684904
0.645405675497057
0.646335119333667
0.647270714981476
0.648212450923739
0.649160315337879
0.650114296093142
0.651074380748242
0.652040556549005
0.65301281042602
0.653991128992273
0.654975498540794
0.655965905042293
0.65696233414281
0.657964771161347
0.658973201087519
0.659987608579199
0.661007977960165
0.662034293217751
0.663066538000511
0.664104695615869
0.665148749027795
0.666198680854475
0.667254473365986
0.668316108481988
0.669383567769418
0.670456832440192
0.671535883348918
0.672620700990621
0.673711265498478
0.67480755664156
0.675909553822596
0.677017236075738
0.678130582064352
0.679249570078814
0.680374178034329
0.681504383468757
0.682640163540467
0.683781495026196
0.684928354318943
0.686080717425861
0.68723855996619
0.688401857169197
0.689570583872139
0.690744714518258
0.691924223154787
0.693109083430987
0.694299268596207
0.695494751497972
0.696695504580091
0.697901499880801
0.69911270903093
0.700329103252099
0.701550653354946
0.702777329737381
0.704009102382879
0.705245940858799
0.706487814314736
0.707734691480916
0.70898654066661
0.710243329758602
0.711505026219681
0.712771597087171
0.71404300897151
0.715319228054856
0.716600220089738
0.717885950397754
0.719176383868295
0.720471484957334
0.721771217686236
0.723075545640631
0.724384431969318
0.725697839383229
0.727015730154425
0.728338066115157
0.729664808656959
0.730995918729802
0.732331356841297
0.733671083055947
0.73501505699445
0.736363237833061
0.737715584303004
0.739072054689937
0.740432606833479
0.74179719812679
0.743165785516207
0.744538325500943
0.745914774132837
0.747295087016178
0.748679219307575
0.750067125715897
0.751458760502275
0.752854077480164
0.754253030015474
0.755655571026762
0.75706165298549
0.758471227916354
0.759884247397672
0.761300662561851
0.762720424095913
0.764143482242097
0.765569786798525
0.766999287119952
0.76843193211857
0.769867670264897
0.771306449588738
0.772748217680216
0.77419292169088
0.77564050833489
0.777090923890272
0.778544114200258
0.780000024674697
0.781458600291546
0.782919785598443
0.78438352471435
0.785849761331286
0.787318438716137
0.78878949971254
0.790262886742862
0.791738541810248
0.793216406500758
0.794696421985588
0.796178529023369
0.797662667962557
0.799148778743902
0.800636800903002
0.802126673572949
0.80361833548705
0.805111724981643
0.806606779998995
0.808103438090288
0.809601636418694
0.811101311762532
0.812602400518519
0.814104838705106
0.815608561965899
0.817113505573177
0.818619604431489
0.820126793081349
0.821635005703012
0.823144176120341
0.82465423780477
0.826165123879348
0.827676767122876
0.829189099974134
0.830702054536196
0.832215562580837
0.833729555553025
0.83524396457551
0.836758720453493
0.838273753679393
0.839788994437698
0.841304372609907
0.84281981777956
0.84433525923736
0.845850625986379
0.847365846747352
0.848880849964067
0.850395563808834
0.851909916188044
0.85342383474782
0.854937246879744
0.856450079726684
0.857962260188696
0.859473714929015
0.860984370380137
0.862494152749973
0.864002988028099
0.865510801992082
0.867017520213896
0.868523068066411
0.870027370729968
0.871530353199043
0.873031940288975
0.874532056642788
0.876030626738084
0.877527574894016
0.879022825278342
0.880516301914548
0.882007928689053
0.883497629358486
0.884985327557038
0.886470946803883
0.887954410510678
0.889435641989129
0.890914564458625
0.892391101053947
0.893865174833041
0.895336708784855
0.896805625837251
0.898271848864968
0.899735300697662
0.901195904127995
0.902653581919796
0.904108256816276
0.9055598515483
0.907008288842721
0.908453491430763
0.909895382056464
0.911333883485172
0.912768918512086
0.914200409970853
0.915628280742213
0.917052453762689
0.918472852033324
0.919889398628461
0.921302016704568
0.9227106295091
0.924115160389404
0.925515532801663
0.926911670319867
0.928303496644833
0.929690935613242
0.931073911206722
0.93245234756095
0.933826168974784
0.935195299919426
0.936559665047602
0.937919189202768
0.939273797428336
0.940623414976921
0.941967967319601
0.943307380155192
0.944641579419543
0.945970491294832
0.947294042218881
0.948612158894469
0.949924768298662
0.951231797692136
0.952533174628507
0.95382882696366
0.955118682865077
0.956402670821154
0.957680719650523
0.958952758511358
0.960218716910669
0.961478524713593
0.962732112152659
0.963979409837048
0.965220348761825
0.966454860317157
0.967682876297506
0.968904328910797
0.970119150787563
0.971327274990054
0.972528635021324
0.973723164834283
0.974910798840705
0.976091471920214
0.977265119429221
0.978431677209821
0.979591081598654
0.980743269435709
0.981888178073094
0.983025745383744
0.98415590977009
0.985278610172665
0.986393786078661
0.987501377530424
0.988601325133896
0.989693570066986
0.990778054087889
0.991854719543331
0.99292350937675
0.993984367136408
0.995037236983433
0.996082063699784
0.997118792696145
0.998147370019738
0.999167742362063
1.00017985706655
1.00118366213613
1.00217910624074
1.0031661387247
1.00414470961405
1.00511476962375
1.00607627016484
1.00702916335147
1.00797340200783
1.00890893967501
1.00983573061775
1.01075372983109
1.0116628930469
1.01256317674034
1.01345453813621
1.01433693521515
1.01521032671978
1.0160746721607
1.01692993182244
1.01777606676917
1.01861303885047
1.0194408107068
1.020259345775
1.02106860829361
1.02186856330805
1.02265917667572
1.02344041507097
1.02421224598994
1.02497463775526
1.02572755952063
1.02647098127534
1.02720487384853
1.02792920891343
1.02864395899147
1.02934909745616
1.03004459853694
1.03073043732286
1.03140658976612
1.03207303268548
1.03272974376955
1.0333767015799
1.03401388555411
1.03464127600858
1.03525885414131
1.03586660203446
1.0364645026568
1.03705253986602
1.03763069841093
1.03819896393343
1.03875732297043
1.03930576295563
1.03984427222103
1.04037283999847
1.04089145642093
1.04140011252368
1.04189880024532
1.04238751242869
1.04286624282157
1.04333498607732
1.04379373775533
1.04424249432129
1.04468125314742
1.04511001251246
1.04552877160156
1.04593753050599
1.0463362902228
1.04672505265421
1.04710382060695
1.0474725977914
1.04783138882065
1.04818019920938
1.04851903537255
1.04884790462407
1.04916681517522
1.04947577613298
1.04977479749821
1.05006389016371
1.05034306591208
1.05061233741354
1.05087171822355
1.05112122278026
1.05136086640192
1.05159066528411
1.05181063649679
1.05202079798128
1.0522211685471
1.05241176786866
1.05259261648181
1.05276373578031
1.05292514801213
1.05307687627561
1.05321894451558
1.05335137751921
1.0534742009119
1.05358744115293
1.05369112553105
1.05378528215989
1.05386993997336
1.0539451287208
1.05401087896212
1.05406722206277
1.0541141901886
1.05415181630066
1.05418013414982
1.05419917827133
1.05420898397923
1.05420958736073
1.05420102527039
1.05418333532427
1.05415655589394
1.05412072610043
1.05407588580804
1.05402207561807
1.05395933686247
1.05388771159737
1.05380724259656
1.05371797334482
1.05361994803125
1.05351321154242
1.05339780945548
1.05327378803122
1.05314119420699
1.05300007558958
1.052850480448
1.05269245770624
1.05252605693584
1.05235132834852
1.05216832278869
1.05197709172584
1.05177768724695
1.0515701620488
1.05135456943017
1.05113096328409
1.05089939808992
1.05065992890545
1.0504126113589
1.0501575016409
1.0498946564964
1.04962413321654
1.04934598963046
1.04906028409708
1.04876707549687
1.04846642322347
1.04815838717543
1.04784302774775
1.04752040582352
1.04719058276543
1.04685362040731
1.04650958104563
1.04615852743092
1.04580052275925
1.04543563066364
1.04506391520541
1.04468544086558
1.04430027253626
1.04390847551191
1.04351011548072
1.04310525851591
1.04269397106702
1.04227631995121
1.04185237234455
1.04142219577327
1.04098585810509
1.04054342754044
1.04009497260377
1.03964056213482
1.03918026527989
1.03871415148313
1.03824229047786
1.03776475227782
1.03728160716852
1.03679292569858
1.036298778671
1.03579923713461
1.03529437237535
1.03478425590771
1.03426895946614
1.03374855499646
1.03322311464732
1.03269271076168
1.03215741586834
1.03161730267343
1.03107244405201
1.03052291303962
1.02996878282396
1.0294101267365
1.02884701824421
1.02827953094125
1.02770773854077
1.0271317148667
1.02655153384558
1.02596726949851
1.02537899593297
1.0247867873349
1.02419071796066
1.02359086212909
1.02298729421366
1.02238008863459
1.02176931985106
1.02115506235351
1.0205373906559
1.01991637928811
1.01929210278832
1.01866463569552
1.01803405254201
1.01740042784599
1.01676383610421
1.01612435178463
1.01548204931924
1.01483700309681
1.01418928745584
1.01353897667743
1.0128861449783
1.01223086650389
1.01157321532146
1.01091326541327
1.01025109066986
1.00958676488336
1.00892036174088
1.00825195481797
1.00758161757216
1.00690942333649
1.00623544531325
1.00555975656764
1.00488243002162
1.00420353844774
1.00352315446308
1.00284135052328
1.00215819891662
1.00147377175813
1.00078814098384
1.00010137834509
0.999413555402865
0.998724743522243
0.998035013866912
0.997344437393746
0.996653084847467
0.995961026755371
0.995268333422134
0.994575074924686
0.993881321107165
0.993187141575935
0.99249260569469
0.991797782579623
0.99110274109467
0.990407549846829
0.989712277181555
0.989016991178227
0.988321759645682
0.987626650117839
0.986931729849375
0.986237065811494
0.985542724687759
0.984848772869994
0.984155276454271
0.983462301236959
0.982769912710848
0.98207817606135
0.981387156162764
0.980696917574621
0.980007524538095
0.979319040972491
0.978631530471791
0.977945056301289
0.977259681394284
0.976575468348845
0.975892479424645
0.975210776539873
0.974530421268197
0.973851474835816
0.973173998118566
0.972498051639096
0.971823695564118
0.971150989701713
0.970479993498713
0.969810766038146
0.96914336603674
0.968477851842501
0.96781428143235
0.967152712409827
0.966493202002852
0.965835807061558
0.965180584056179
0.964527589075001
0.963876877822378
0.963228505616803
0.962582527389042
0.96193899768033
0.961297970640618
0.960659500026885
0.960023639201506
0.959390441130679
0.958759958382897
0.958132243127497
0.957507347133238
0.95688532176696
0.956266217992275
0.955650086368322
0.955036977048576
0.954426939779702
0.953820023900463
0.953216278340682
0.952615751620251
0.952018491848186
0.951424546721739
0.950833963525546
0.950246789130838
0.949663069994681
0.949082852159275
0.948506181251292
0.947933102481263
0.947363660643001
0.946797900113078
0.946235864850332
0.945677598395429
0.945123143870454
0.944572543978553
0.944025841003604
0.943483076809938
0.94294429284209
0.942409530124591
0.941878829261799
0.941352230437763
0.940829773416123
0.940311497540046
0.939797441732199
0.939287644494751
0.93878214390941
0.938280977637493
0.937784182920026
0.93729179657788
0.936803855011928
0.936320394203242
0.935841449713314
0.935367056684304
0.93489724983932
0.934432063482723
0.933971531500457
0.933515687360411
0.933064564112798
0.932618194390565
0.932176610409826
0.931739843970316
0.931307926455873
0.930880888834935
0.930458761661068
0.930041575073507
0.929629358797721
0.929222142146001
0.928819954018064
0.928422822901676
0.928030776873294
0.927643843598728
0.927262050333818
0.926885423925132
0.926513990810669
0.926147777020597
0.925786808177987
0.925431109499576
0.925080705796536
0.92473562147526
0.924395880538164
0.924061506584498
0.923732522811171
0.923408952013588
0.923090816586501
0.922778138524869
0.922470939424728
0.922169240484072
0.92187306250375
0.921582425888361
0.921297350647172
0.921017856395031
0.920743962353301
0.920475687350795
0.920213049824719
0.919956067821627
0.91970475899838
0.91945914062311
0.919219229576197
0.918985042351246
0.918756595056071
0.91853390341369
0.918316982763317
0.918105848061371
0.917900513882471
0.917700994420462
0.917507303489417
0.917319454524668
0.917137460583825
0.916961334347802
0.916791088121857
0.916626733836616
0.916468283049122
0.916315746943867
0.916169136333847
0.916028461661597
0.915893733000251
0.915764960054591
0.915642152162098
0.915525318294017
0.915414467056408
0.915309606691214
0.915210745077319
0.915117889731619
0.915031047810084
0.91495022610883
0.91487543106519
0.914806668758784
0.914743944912596
0.91468726489405
0.914636633716085
0.914592056038237
0.914553536167719
0.914521078060505
0.914494685322413
0.91447436121019
0.914460108632606
0.914451930151537
0.914449827983064
0.914453803998559
0.914463859725789
0.91447999635001
0.914502214715069
0.914530515324506
0.914564898342663
0.914605363595785
0.914651910573142
0.914704538428132
0.914763245979406
0.914828031711983
0.914898893778378
0.914975829999727
0.915058837866916
0.915147914541721
0.915243056857943
0.915344261322554
0.915451524116842
0.915564841097568
0.915684207798119
0.915809619429674
0.915941070882373
0.91607855672649
0.916222071213613
0.91637160827783
0.916527161536923
0.91668872429357
0.916856289536545
0.91702984994194
0.917209397874381
0.917394925388262
0.91758642422898
0.917783885834182
0.917987301335021
0.918196661557424
0.918411957023359
0.918633177952124
0.918860314261642
0.919093355569762
0.91933229119558
0.91957711016076
0.919827801190877
0.920084352716765
0.920346752875884
0.92061498951369
0.920889050185029
0.921168922155535
0.921454592403049
0.921746047619047
0.92204327421009
0.922346258299277
0.922654985727726
0.92296944205606
0.923289612565922
0.923615482261492
0.923947035871032
0.924284257848442
0.924627132374843
0.92497564336016
0.925329774444747
0.925689509001015
0.926054830135082
0.926425720688447
0.926802163239684
0.927184140106153
0.927571633345734
0.927964624758586
0.928363095888921
0.928767028026808
0.929176402209994
0.929591199225752
0.930011399612752
0.930436983662952
0.930867931423524
0.93130422269879
0.931745837052199
0.932192753808317
0.932644952054851
0.933102410644698
0.933565108198016
0.934033023104334
0.934506133524677
0.934984417393726
0.935467852422006
0.935956416098103
0.93645008569091
0.936948838251901
0.93745265061744
0.937961499411117
0.938475361046112
0.938994211727599
0.939518027455173
0.940046784025317
0.94058045703389
0.941119021878663
0.941662453761874
0.942210727692825
0.94276381849051
0.943321700786277
0.943884349026526
0.944451737475436
0.945023840217739
0.945600631161514
0.946182084041031
0.946768172419619
0.94735886969258
0.947954149090131
0.94855398368039
0.949158346372394
0.949767209919157
0.950380546920762
0.950998329827495
0.951620530943014
0.952247122427558
0.952878076301191
0.95351336444709
0.954152958614864
0.95479683042392
0.955444951366861
0.956097292812927
0.956753826011478
0.957414522095504
0.958079352085195
0.958748286891527
0.959421297319907
0.960098354073848
0.960779427758686
0.961464488885335
0.962153507874086
0.962846455058444
0.963543300689002
0.964244014937357
0.964948567900073
0.965656929602666
0.966369070003651
0.967084958998612
0.967804566424318
0.968527862062882
0.96925481564595
0.969985396858942
0.970719575345322
0.971457320710908
0.972198602528234
0.972943390340931
0.973691653668161
0.974443362009086
0.975198484847374
0.975956991655743
0.976718851900546
0.977484035046388
0.978252510560788
0.97902424791887
0.979799216608099
0.980577386133045
0.981358726020191
0.982143205822772
0.98293079512565
0.983721463550228
0.984515180759391
0.985311916462493
0.986111640420365
0.986914322450365
0.987719932431459
0.988528440309334
0.989339816101545
0.99015402990269
0.990971051889617
0.991790852326669
0.992613401570946
0.99343867007761
0.994266628405207
0.995097247221024
0.995930497306478
0.99676634956252
0.997604775015079
0.998445744820518
0.999289230271129
1.00013520280065
1.00098363398978
1.00183449557178
1.00268775943801
1.00354339764358
1.00440138241292
1.0052616861455
1.00612428142141
1.00698914100712
1.00785623786114
1.00872554513976
1.00959703620277
1.01047068461921
1.01134646417317
1.01222434886952
1.01310431293973
1.01398633084771
1.01487037729554
1.01575642722937
1.01664445584525
1.01753443859492
1.01842635119174
1.01932016961646
1.02021587012318
1.02111342924513
1.02201282380062
1.02291403089885
1.02381702794583
1.02472179265023
1.02562830302929
1.02653653741465
1.02744647445828
1.02835809313829
1.02927137276485
1.030186292986
1.03110283379354
1.03202097552888
1.03294069888885
1.03386198493153
1.03478481508209
1.03570917113857
1.03663503527771
1.03756239006065
1.0384912184388
1.0394215037595
1.04035322977176
1.04128638063203
1.04222094090983
1.04315689559341
1.04409423009548
1.04503293025874
1.04597298236153
1.04691437312342
1.0478570897107
1.04880111974196
1.04974645129357
1.05069307290512
1.05164097358487
1.05259014281514
1.05354057055771
1.05449224725911
1.05544516385594
1.05639931178012
1.05735468296416
1.05831126984627
1.05926906537555
1.06022806301711
1.0611882567571
1.06214964110775
1.06311221111233
1.0640759623501
1.06504089094118
1.06600699355141
1.06697426739711
1.06794271024983
1.06891232044106
1.06988309686684
1.07085503899236
1.0718281468565
1.07280242107629
1.07377786285135
1.07475447396824
1.07573225680478
1.07671121433431
1.07769135012986
1.07867266836829
1.07965517383437
1.08063887192477
1.08162376865201
1.08260987064837
1.08359718516966
1.084585720099
1.08557548395049
1.08656648587284
1.08755873565291
1.08855224371919
1.08954702114522
1.0905430796529
1.0915404316158
1.09253909006233
1.09353906867886
1.09454038181277
1.09554304447545
1.09654707234517
1.0975524817699
1.09855928977009
1.09956751404133
1.10057717295691
1.10158828557037
1.10260087161793
1.10361495152083
1.10463054638763
1.10564767801637
1.10666636889672
1.107686642212
1.1087085218411
1.1097320323604
1.1107571990455
1.11178404787296
1.1128126055219
1.11384289937552
1.11487495752255
1.11590880875863
1.11694448258756
1.1179820092225
1.11902141958704
1.12006274531628
1.1211060187577
1.12215127297199
1.12319854173385
1.12424785953264
1.1252992615729
1.12635278377491
1.12740846277504
1.12846633592607
1.1295264412974
1.13058881767518
1.13165350456236
1.13272054217864
1.13378997146027
1.13486183405991
1.13593617234622
1.13701302940351
1.13809244903119
1.1391744757432
1.14025915476731
1.14134653204434
1.14243665422731
1.14352956868045
1.14462532347818
1.14572396740394
1.14682554994897
1.14793012131098
1.14903773239272
1.15014843480052
1.15126228084261
1.1523793235275
1.15349961656217
1.15462321435019
1.15575017198975
1.15688054527165
1.15801439067708
1.15915176537543
1.16029272722194
1.1614373347553
1.16258564719512
1.16373772443931
1.16489362706141
1.16605341630782
1.16721715409487
1.1683849030059
1.16955672628819
1.17073268784978
1.17191285225629
1.17309728472753
1.17428605113411
1.17547921799393
1.17667685246854
1.17787902235952
1.17908579610461
1.18029724277391
1.18151343206586
1.18273443430321
1.18396032042889
1.18519116200173
1.18642703119217
1.18766800077782
1.18891414413898
1.19016553525401
1.19142224869466
1.19268435962126
1.19395194377789
1.1952250774874
1.19650383764633
1.19778830171981
1.19907854773628
1.20037465428221
1.20167670049661
1.2029847660656
1.20429893121674
1.20561927671336
1.20694588384876
1.20827883444035
1.20961821082363
1.21096409584618
1.21231657286143
1.21367572572245
1.21504163877558
1.21641439685398
1.21779408527107
1.21918078981393
1.22057459673653
1.2219755927529
1.22338386503023
1.22479950118178
1.22622258925981
1.22765321774833
1.22909147555575
1.2305374520075
1.23199123683845
1.23345292018532
1.23492259257893
1.23640034493633
1.23788626855292
1.23938045509435
1.24088299658838
1.24239398541664
1.24391351430622
1.24544167632123
1.2469785648542
1.24852427361734
1.25007889663381
1.25164252822873
1.25321526302013
1.25479719590987
1.25638842207428
1.25798903695484
1.25959913624861
1.26121881589865
1.26284817208424
1.26448730121099
1.26613629990088
1.26779526498209
1.26946429347878
1.27114348260068
1.27283292973257
1.27453273242364
1.27624298837672
1.27796379543734
1.27969525158266
1.28143745491032
1.28319050362706
1.28495449603722
1.2867295305312
1.28851570557357
1.29031311969124
1.29212187146133
1.29394205949897
1.29577378244492
1.29761713895301
1.29947222767743
1.30133914725994
1.30321799631675
1.3051088734254
1.30701187711139
1.30892710583461
1.31085465797569
1.31279463182212
1.31474712555415
1.3167122372306
1.31869006477444
1.32068070595818
1.32268425838908
1.32470081949416
1.32673048650509
1.32877335644273
1.33082952610167
1.33289909203438
1.33498215053531
1.33707879762467
1.33918912903208
1.34131324017999
1.34345122616685
1.3456031817501
1.34776920132894
1.34994937892687
1.35214380817398
1.35435258228908
1.35657579406152
1.35881353583287
1.36106589947821
1.36333297638741
1.36561485744592
1.36791163301552
1.3702233929147
1.37255022639883
1.37489222214011
1.37724946820717
1.37962205204454
1.38201006045174
1.38441357956221
1.38683269482185
1.38926749096746
1.39171805200472
1.39418446118604
1.39666680098809
1.39916515308898
1.40167959834529
1.40421021676871
1.40675708750241
1.40932028879719
1.41189989798722
1.4144959914656
1.41710864465957
1.41973793200537
1.42238392692294
1.42504670179017
1.42772632791691
1.43042287551868
1.43313641369005
1.43586701037774
1.43861473235332
1.44137964518574
1.44416181321338
1.44696129951594
1.44977816588585
1.45261247279952
1.45546427938814
1.4583336434082
1.46122062121174
1.46412526771617
1.46704763637386
1.46998777914135
1.47294574644821
1.47592158716567
1.4789153485748
1.48192707633446
1.48495681444886
1.48800460523479
1.49107048928861
1.49415450545278
1.49725669078214
1.5003770805099
1.50351570801321
1.50667260477845
1.50984780036622
1.513041322376
1.51625319641044
1.5194834460394
1.52273209276363
1.52599915597816
1.52928465293537
1.53258859870773
1.5359110061503
1.53925188586283
1.54261124615167
1.54598909299129
1.54938542998556
1.55280025832877
1.55623357676628
1.55968538155498
1.56315566642343
1.56664442253173
1.5701516384312
1.57367730002368
1.5772213905207
1.58078389040234
1.58436477737589
1.58796402633422
1.59158160931402
1.59521749545378
1.59887165095153
1.60254403902244
1.60623461985623
1.60994335057435
1.61367018518705
1.61741507455026
1.6211779663223
1.62495880492055
1.62875753147784
1.63257408379888
1.63640839631645
1.64026040004764
1.64413002254987
1.64801718787693
1.65192181653498
1.65584382543845
1.65978312786596
1.66373963341621
1.6677132479639
1.67170387361567
1.67571140866603
1.67973574755343
1.68377678081631
1.68783439504932
1.69190847285961
1.69599889282322
1.70010552944167
1.70422825309867
1.70836693001705
1.71252142221587
1.71669158746773
1.72087727925641
1.72507834673467
1.72929463468242
1.7335259834652
1.7377722289929
1.742033202679
1.74630873140003
1.75059863745555
1.75490273852853
1.75922084764616
1.76355277314116
1.76789831861366
1.7722572828935
1.77662946000322
1.78101463912152
1.78541260454748
1.7898231356653
1.79424600690977
1.7986809877325
1.8031278425688
1.8075863308054
1.8120562067489
1.81653721959513
1.82102911339934
1.82553162704723
1.83004449422702
1.83456744340239
1.83910019778645
1.84364247531672
1.84819398863121
1.85275444504554
1.85732354653125
1.86190098969523
1.86648646576035
1.87107966054741
1.8756802544582
1.88028792246006
1.88490233407162
1.88952315335004
1.89415003887957
1.89878264376167
1.90342061560652
1.90806359652612
1.91271122312896
1.91736312651624
1.92201893227979
1.92667826050165
1.93134072575531
1.93600593710883
1.94067349812962
1.94534300689113
1.95001405598138
1.95468623251335
1.95935911813743
1.96403228905572
1.9687053160384
1.97337776444217
1.97804919423072
1.98271915999741
1.98738721099
1.99205289113767
1.99671573908022
2.00137528819955
2.00603106665343
2.01068259741159
2.01532939829424
2.01997098201291
2.02460685621372
2.02923652352322
2.03385948159655
2.03847522316831
2.04308323610583
2.04768300346509
2.05227400354923
2.05685570996975
2.06142759171026
2.065989113193
2.07053973434808
2.07507891068539
2.07960609336928
2.0841207292961
2.0886222611744
2.09311012760805
2.09758376318213
2.10204259855172
2.10648606053353
2.11091357220035
2.1153245529785
2.11971841874806
2.12409458194612
2.12845245167287
2.13279143380059
2.13711093108567
2.14141034328347
2.14568906726612
2.14994649714328
2.15418202438582
2.1583950379524
2.16258492441899
2.16675106811126
2.17089285123997
2.17500965403911
2.17910085490701
2.18316583055029
2.18720395613063
2.19121460541438
2.19519715092497
2.19915096409809
2.20307541543962
2.2069698746863
2.21083371096906
2.21466629297903
2.21846698913621
2.22223516776064
2.22597019724621
2.22967144623692
2.23333828380565
2.23697007963528
2.24056620420228
2.24412602896252
2.24764892653939
2.25113427091417
2.25458143761846
2.2579898039288
2.26135874906326
2.26468765438002
2.26797590357785
2.2712228828984
2.27442798133029
2.27759059081485
2.28071010645347
2.28378592671652
2.28681745365366
2.28980409310558
2.29274525491697
2.29564035315071
2.2984888063032
2.30129003752063
2.30404347481624
2.30674855128838
2.30940470533927
2.31201138089448
2.31456802762283
2.3170741011568
2.31952906331323
2.32193238231419
2.3242835330081
2.32658199709065
2.32882726332581
2.33101882776643
2.33315619397465
2.33523887324177
2.33726638480759
2.33923825607903
2.34115402284797
2.34301322950815
2.34481542927105
2.34656018438055
2.34824706632635
2.34987565605595
2.3514455441851
2.35295633120661
2.35440762769734
2.35579905452327
2.35713024304265
2.3584008353068
2.35961048425884
2.36075885392982
2.36184561963246
2.36287046815217
2.36383309793531
2.36473321927451
2.36557055449104
2.36634483811399
2.36705581705618
2.36770325078667
2.36828691149986
2.36880658428086
2.36926206726716
2.36965317180651
2.36997972261075
2.37024155790563
2.37043852957642
2.37057050330925
2.37063735872806
2.37063898952702
2.37057530359839
2.37044622315572
2.37025168485213
2.3699916398939
2.36966605414892
2.3692749082502
2.36881819769412
2.36829593293361
2.36770813946588
2.36705485791488
2.36633614410825
2.36555206914876
2.36470271948023
2.36378819694775
2.36280861885218
2.36176411799901
2.36065484274128
2.35948095701677
2.35824264037924
2.35694008802373
2.355573510806
2.35414313525586
2.35264920358458
2.3510919736862
2.34947171913287
2.34778872916405
2.34604330866969
2.34423577816736
2.34236647377325
2.34043574716715
2.3384439655514
2.33639151160374
2.33427878342423
2.33210619447612
2.32987417352076
2.32758316454663
2.32523362669247
2.32282603416452
2.32036087614804
2.31783865671301
2.31525989471422
2.3126251236857
2.30993489172957
2.30718976139947
2.3043903095785
2.30153712735191
2.29863081987448
2.29567200623276
2.29266131930227
2.2895994055997
2.28648692513025
2.28332455123019
2.28011297040481
2.27685288216177
2.27354499884008
2.27019004543471
2.26678875941706
2.26334189055138
2.25985020070721
2.25631446366809
2.25273546493657
2.24911400153572
2.24545088180727
2.2417469252065
2.23800296209406
2.2342198335249
2.23039839103433
2.22653949642153
2.22264402153062
2.21871284802931
2.21474686718555
2.21074697964206
2.20671409518919
2.20264913253598
2.19855301907986
2.19442669067497
2.19027109139936
2.1860871733212
2.18187589626425
2.17763822757259
2.17337514187502
2.16908762084904
2.16477665298491
2.16044323334953
2.15608836335079
2.15171305050218
2.14731830818801
2.14290515542947
2.13847461665146
2.13402772145067
2.12956550436484
2.12508900464346
2.12059926602011
2.11609733648649
2.1115842680685
2.1070611166043
2.10252894152469
2.09798880563592
2.09344177490497
2.08888891824771
2.08433130731981
2.07977001631076
2.07520612174107
2.07064070226274
2.06607483846325
2.06150961267316
2.05694610877747
2.05238541203082
2.04782860887677
2.04327678677118
2.03873103400989
2.03419243956081
2.02966209290052
2.02514108385545
2.02063050244796
2.01613143874708
2.0116449827244
2.0071722241149
2.00271425228307
1.99827215609414
1.99384702379086
1.98943994287557
1.9850519999979
1.98068428084805
1.97633787005576
1.97201385109509
1.96771330619502
1.96343731625593
1.9591869607721
1.95496331776022
1.95076746369401
1.94660047344492
1.94246342022913
1.93835737556068
1.93428340921094
1.93024258917436
1.92623598164061
1.92226465097307
1.91832965969375
1.91443206847462
1.9105729361354
1.90675331964784
1.90297427414645
1.89923685294577
1.89554210756407
1.89189108775363
1.88828484153747
1.88472441525259
1.88121085359972
1.87774519969955
1.87432849515543
1.87096178012249
1.86764609338326
1.86438247242967
1.86117195355143
1.85801557193081
1.85491436174372
1.85186935626706
1.84888158799245
1.84595208874605
1.84308188981463
1.84027202207775
1.83752351614608
1.83483740250572
1.83221471166848
1.82965647432818
1.8271637215227
1.82473748480203
1.82237879640186
1.820088689423
1.81786819801639
1.81571835757362
1.81364020492298
1.81163477853085
1.80970311870844
1.80784626782382
1.80606527051899
1.8043611739321
1.80273502792466
1.80118788531357
1.799720802108
1.79833483775092
1.79703105536527
1.79581052200453
1.79467430890779
1.79362349175898
1.79265915095029
1.79178237184966
1.7909942450721
1.7902958667549
1.7896883388364
1.78917276933833
1.78875027265155
1.78842196982499
1.78818898885771
1.78805246499388
1.78801354102059
1.78807336756825
1.78823310341341
1.78849391578392
1.78885698066619
1.78932348311429
1.78989461756085
1.79057158812946
1.79135560894834
1.79224790446515
1.79324970976271
1.79436227087526
1.79558684510524
1.79692470134014
1.79837712036931
1.79994539520039
1.80163083137504
1.8034347472838
1.80535847447971
1.80740335799033
1.80957075662796
1.81186204329758
1.81427860530233
1.81682184464595
1.81949317833203
1.8222940386595
1.8252258735141
1.82829014665519
1.83148833799776
1.83482194388892
1.8382924773785
1.84190146848329
1.84565046444433
1.84954102997682
1.85357474751196
1.85775321743026
1.86207805828566
1.86655090701986
1.8711734191662
1.87594726904242
1.8808741499316
1.88595577425062
1.89119387370521
1.89659019943107
1.90214652212005
1.90786463213061
1.91374633958171
1.91979347442926
1.92600788652411
1.93239144565068
1.93894604154523
1.94567358389275
1.95257600230127
1.95965524625273
1.96691328502903
1.97435210761217
1.98197372255736
1.98978015783761
1.99777346065876
2.00595569724338
2.01432895258235
2.02289533015252
2.03165695159912
2.04061595638137
2.04977450137962
2.05913476046263
2.0686989240132
2.07846919841039
2.08844780546689
2.09863698181936
2.10903897827024
2.11965605907903
2.13049050120104
2.14154459347183
2.15282063573519
2.16432093791266
2.17604781901251
2.18800360607595
2.20019063305862
2.21261123964479
2.22526776999239
2.23816257140625
2.25129799293746
2.26467638390635
2.2783000923467
2.29217146336885
2.30629283743919
2.32066654857345
2.33529492244157
2.35018027438136
2.36532490731856
2.38073110959078
2.3964011526727
2.41233728880013
2.42854174849018
2.44501673795528
2.4617644364084
2.478786993257
2.49608652518328
2.5136651131084
2.53152479903818
2.54966758278811
2.56809541858532
2.58681021154541
2.60581381402206
2.62510802182738
2.64469457032113
2.66457513036714
2.68475130415509
2.70522462088632
2.72599653232227
2.74706840819431
2.76844153147402
2.79011709350312
2.81209618898238
2.83437981081929
2.85696884483411
2.87986406432477
2.90306612449073
2.92657555671671
2.95039276271723
2.9745180085433
2.99895141845306
3.02369296864845
3.04874248088022
3.07409961592447
3.09976386693377
3.12573455266684
3.15201081060107
3.1785915899324
3.20547564446829
3.23266152541909
3.26014757409478
3.28793191451362
3.31601244593051
3.34438683529338
3.37305250963626
3.40200664841883
3.43124617582261
3.46076775301461
3.49056777039046
3.52064233980908
3.55098728683239
3.58159814298383
3.61247013804057
3.64359819237494
3.67497690936132
3.70660056786596
3.73846311483742
3.77055815801663
3.80287895878624
3.83541842517966
3.86816910507102
3.90112317956849
3.93427245663327
3.96760836494861
4.00112194806269
4.03480385883106
4.06864435418413
4.10263329024654
4.1367601178356
4.17101387836648
4.20538320019281
4.23985629541138
4.27442095716032
4.30906455744078
4.34377404549173
4.37853594674871
4.4133363624168
4.44816096968844
4.48299502263689
4.51782335381568
4.55263037659468
4.58740008826275
4.62211607392654
4.65676151123494
4.69131917595745
4.72577144844445
4.76010032099616
4.79428740616622
4.82831394602469
4.86216082240366
4.89580856814769
4.92923737938929
4.96242712886799
4.99535738030986
5.02800740388191
5.06035619273393
5.09238248063762
5.12406476073074
5.15538130537079
5.18631018710036
5.21682930072312
5.24691638648621
5.27654905436154
5.30570480941544
5.33436107825181
5.36249523651127
5.39008463740402
5.41710664125122
5.44353864600491
5.46935811871312
5.49454262789234
5.51906987676551
5.54291773731963
5.56606428513276
5.58848783491597
5.61016697671194
5.63108061268743
5.65120799445296
5.67052876083918
5.68902297605521
5.70667116815097
5.72345436770131
5.73935414662701
5.75435265706395
5.76843267018884
5.78157761490759
5.7937716163091
5.80499953378584
5.81524699872005
5.82450045163322
5.83274717869524
5.83997534748844
5.8461740419218
5.85133329619026
5.85544412767438
5.85849856867678
5.86048969689282
5.86141166451474
5.86125972587096
5.86003026350472
5.85772081259961
5.8543300836632
5.84985798338435
5.84430563358418
5.83767538818616
5.82997084813646
5.82119687421152
5.81135959765695
5.80046642860829
5.78852606225221
5.77554848269419
5.7615449645073
5.74652807194486
5.7305116558093
5.71351084797817
5.69554205359817
5.67662294096752
5.65677242913713
5.63601067327072
5.61435904781487
5.5918401275394
5.56847766651966
5.54429657514193
5.51932289522379
5.49358377335155
5.46710743254663
5.43992314238315
5.41206118768839
5.38355283596775
5.35443030370503
5.32472672169779
5.29447609959688
5.26371328982729
5.23247395107602
5.2007945115408
5.16871213214062
5.13626466989717
5.10349064170271
5.07042918869735
5.03712004148491
5.00360348642331
4.96992033323165
4.93611188416237
4.90221990499324
4.86828659810008
4.83435457787778
4.8004668487837
4.7666667862848
4.73299812099742
4.6995049263168
4.6662316098425
4.63322290891615
4.60052389059885
4.5681799564284
4.53623685231083
4.50474068391683
4.47373793797211
4.44327550985185
4.41340073791303
4.38416144502585
4.35560598779633
4.32778331400747
4.30074302884626
4.27453547052949
4.24921179599296
4.22482407736698
4.20142541002774
4.17907003308883
4.15781346328261
4.13771264327666
4.11882610557962
4.10121415331316
4.08493905926547
4.07006528479854
4.05665972035807
4.04479194953538
4.03453453885611
4.02596335572694
4.01915791726015
4.01420177302381
4.01118292513636
4.01019428954505
4.01133420280495
4.01470697921827
4.02042352380953
4.02860200731487
4.03936861016325
4.05285834334014
4.06921595506699
4.08859693342213
4.1111686163947
4.13711142243025
4.16662021632515
4.19990582739752
4.2371967392463
4.27874097316068
4.32480819042101
4.37569204241087
4.43171280172499
4.49322031240932
4.5605973032304
4.6342631145811
4.71467789746515
4.80234735215963
4.89782808488667
5.00173367341525
5.11474154731931
5.23760080606021
5.37114111864601
5.51628287296796
5.67404877176666
5.84557710644245
6.03213698069947
6.23514580463406
6.45618943799219
6.69704543092624
6.95970989414187
7.24642863087359
7.55973328439052
7.90248340133893
8.27791548889539
8.68970035954791
9.14201032021944
9.63959808346038
10.1878896714574
10.7930940660663
11.4623329519424
12.2037946328819
13.0269171088462
13.942606427581
14.9634978271948
16.1042689374746
17.3820165015614
18.8167108362651
20.4317457241803
22.2546058251534
24.3176792703858
26.6592502008986
29.3247150802741
32.3680782367973
35.8537970467428
39.8590664837367
44.476657790714
49.8184585976411
56.0199043426292
63.2455466270434
71.6960775628201
81.6172262390802
