0.962607415918096
0.946073298809997
0.929873816394142
0.914001378420126
0.898448583209981
0.883208212601624
0.868273227037138
0.853636760791529
0.839292117337657
0.825232764843264
0.811452331796059
0.797944602753044
0.784703514210304
0.771723150589657
0.758997740338658
0.746521652140549
0.734289391230871
0.722295595817566
0.710535033601454
0.699002598394141
0.687693306830405
0.676602295172326
0.66572481620238
0.655056236202914
0.644592032019418
0.634327788205153
0.624259194244723
0.61438204185428
0.604692222356123
0.595185724125488
0.58585863010746
0.57670711540192
0.567727444914573
0.558915971072132
0.550269131599786
0.541783447359151
0.533455520244966
0.525282031138823
0.517259737918291
0.50938547351984
0.501656144054031
0.494068726971445
0.486620269277937
0.479307885797753
0.472128757483203
0.465080129769519
0.458159310973628
0.451363670735601
0.444690638501547
0.438137702046805
0.431702406038272
0.425382350634775
0.419175190124429
0.413078631597888
0.407090433656561
0.401208405154745
0.395430403974764
0.38975433583417
0.384178153124135
0.378699853778143
0.373317480170151
0.36802911804141
0.362832895455126
0.357726981778223
0.352709586689433
0.347778959213006
0.342933386777323
0.338171194297735
0.333490743282961
0.328890430964396
0.324368689447709
0.319923984886127
0.315554816674795
0.311259716665662
0.307037248402316
0.302886006374243
0.298804615289976
0.294791729368619
0.290846031649265
0.286966233317807
0.283151073050697
0.27939931637517
0.275709755045521
0.272081206434983
0.268512512942803
0.265002541416104
0.261550182586136
0.258154350518549
0.254813982077292
0.251528036401805
0.248295494397123
0.245115358236576
0.241986650876743
0.238908415584324
0.23587971547465
0.232899633061485
0.229967269817862
0.227081745747637
0.224242198967493
0.221447785299122
0.218697677871322
0.215991066731734
0.213327158468002
0.210705175838074
0.208124357409438
0.20558395720705
0.203083244369721
0.200621502814769
0.198198030910697
0.195812141157716
0.193463159875886
0.191150426900706
0.188873295285951
0.186631131013558
0.184423312710418
0.182249231371852
0.180108290091645
0.17799990379844
0.175923498998348
0.173878513523616
0.171864396287195
0.169880607043056
0.167926616152128
0.166001904353693
0.164105962542121
0.162238291548801
0.160398401929138
0.158585813754498
0.156800056408973
0.15504066839084
0.153307197118611
0.151599198741547
0.149916237954542
0.148257887817243
0.146623729577336
0.145013352497864
0.143426353688497
0.141862337940655
0.140320917566375
0.138801712240857
0.137304348848569
0.135828461332853
0.134373690548925
0.132939684120196
0.131526096297835
0.130132587823491
0.128758825795103
0.127404483535714
0.12606924046523
0.124752781975039
0.123454799305438
0.122174989425781
0.120913054917298
0.119668703858518
0.118441649713229
0.117231611220916
0.11603831228963
0.114861481891204
0.113700853958792
0.11255616728665
0.111427165432122
0.110313596619771
0.109215213647611
0.108131773795379
0.107063038734817
0.106008774441897
0.104968751110959
0.10394274307071
0.102930528702042
0.101931890357627
0.100946614283247
0.0999744905408202
0.0990153129330809
0.098068878929879
0.0971349895960597
0.0962134495208849
0.095304066748965
0.0944066527126629
0.0935210221659376
0.0926469931195952
0.0917843867779144
0.0909330274766132
0.0900927426221308
0.0892633626321898
0.0884447208776126
0.0876366536253627
0.086838999982783
0.0860516018430039
0.0852743038314954
0.084506953253736
0.0837494000439758
0.0830014967150662
0.0822630983093334
0.081534062350474
0.0808142487964475
0.0801035199933431
0.0794017406302027
0.0787087776947735
0.0780245004301745
0.0773487802924533
0.0766814909090145
0.0760225080379011
0.0753717095279088
0.0747289752795153
0.0740941872066076
0.0734672291989875
0.0728479870856408
0.0722363485987516
0.0716322033384458
0.0710354427382489
0.0704459600312404
0.0698636502168919
0.0692884100285723
0.0687201379017066
0.0681587339425735
0.0676040998977287
0.0670561391240393
0.0665147565593169
0.0659798586935366
0.0654513535406285
0.0649291506108299
0.0644131608835865
0.0639032967809903
0.0633994721417418
0.0629016021956284
0.0624096035385041
0.0619233941077625
0.0614428931582916
0.0609680212389002
0.0604987001692064
0.0600348530169774
0.0595764040759121
0.059123278843857
0.0586754040014456
0.0582327073911524
0.0577951179967544
0.0573625659231893
0.0569349823768034
0.056512299645981
0.0560944510821468
0.0556813710811341
0.0552729950649106
0.0548692594636552
0.0544701016981773
0.0540754601626726
0.0536852742078084
0.0532994841241303
0.0529180311257854
0.0525408573345542
0.0521679057641857
0.0517991203050288
0.0514344457089543
0.0510738275745613
0.050717212332663
0.0503645472320447
0.0500157803254898
0.049670860456068
0.0493297372436793
0.048992361071851
0.04865868307478
0.0483286551246164
0.048002229818985
0.0476793604687368
0.0473600010859291
0.0470441063720277
0.0467316317063262
0.046422533134581
0.0461167673578539
0.0458142917215607
0.0455150642047214
0.0452190434094066
0.0449261885503778
0.0446364594449169
0.0443498165028411
0.0440662207167006
0.0437856336521532
0.043508017438515
0.0432333347594823
0.0429615488440204
0.0426926234574192
0.0424265228925078
0.0421632119610297
0.0419026559851711
0.0416448207892437
0.0413896726915142
0.0411371784961822
0.0408873054855005
0.040640021412036
0.0403952944910693
0.0401530933931287
0.0399133872366573
0.0396761455808103
0.0394413384183797
0.039208936168844
0.0389789096715407
0.0387512301789597
0.0385258693501536
0.038302799244265
0.0380819923141669
0.0378634214002141
0.0376470597241045
0.0374328808828476
0.0372208588428376
0.0370109679340304
0.0368031828442213
0.0365974786134223
0.0363938306283366
0.0361922146169294
0.0359926066430908
0.0357949831013934
0.0355993207119374
0.0354055965152863
0.0352137878674886
0.0350238724351854
0.0348358281908012
0.0346496334078169
0.0344652666561243
0.0342827067974586
0.0341019329809092
0.0339229246385067
0.0337456614808848
0.0335701234930153
0.0333962909300156
0.0332241443130263
0.0330536644251597
0.0328848323075145
0.0327176292552592
0.03255203681378
0.0323880367748941
0.0322256111731254
0.0320647422820436
0.0319054126106629
0.031747604899902
0.0315913021191018
0.0314364874626018
0.0312831443463726
0.0311312564047045
0.0309808074869506
0.0308317816543235
0.0306841631767451
0.0305379365297479
0.0303930863914275
0.0302495976394445
0.0301074553480761
0.0299666447853155
0.0298271514100187
0.0296889608690977
0.0295520589947598
0.0294164318017913
0.0292820654848851
0.0291489464160121
0.0290170611418351
0.0288863963811635
0.0287569390224504
0.0286286761213291
0.0285015948981893
0.0283756827357924
0.0282509271769251
0.0281273159220898
0.028004836827233
0.0278834779015095
0.0277632273050812
0.0276440733469528
0.0275260044828402
0.0274090093130736
0.0272930765805337
0.0271781951686198
0.0270643540992511
0.0269515425308987
0.0268397497566487
0.0267289652022959
0.0266191784244674
0.0265103791087753
0.0264025570679989
0.0262957022402942
0.0261898046874328
0.0260848545930669
0.0259808422610218
0.0258777581136154
0.0257755926900027
0.0256743366445465
0.0255739807452139
0.025474515871996
0.0253759330153534
0.025278223274685
0.0251813778568202
0.0250853880745345
0.0249902453450878
0.0248959411887847
0.0248024672275576
0.0247098151835704
0.0246179768778439
0.0245269442289027
0.0244367092514413
0.0243472640550119
0.0242586008427307
0.0241707119100048
0.0240835896432779
0.0239972265187946
0.0239116151013839
0.0238267480432604
0.0237426180828439
0.0236592180435966
0.0235765408328773
0.0234945794408132
0.0234133269391886
0.0233327764803494
0.0232529212961246
0.0231737546967638
0.0230952700698897
0.0230174608794671
0.0229403206647866
0.0228638430394633
0.0227880216904501
0.0227128503770662
0.0226383229300391
0.022564433250561
0.022491175309359
0.0224185431457792
0.0223465308668833
0.0222751326465595
0.0222043427246453
0.0221341554060642
0.0220645650599735
0.0219955661189259
0.0219271530780423
0.0218593204941967
0.0217920629852135
0.0217253752290752
0.021659251963143
0.0215936879833868
0.0215286781436283
0.021464217354793
0.0214003005841743
0.0213369228547076
0.0212740792442543
0.0212117648848971
0.0211499749622441
0.021088704714744
0.0210279494330098
0.0209677044591529
0.0209079651861266
0.0208487270570783
0.0207899855647115
0.0207317362506563
0.0206739747048491
0.0206166965649206
0.0205598975155928
0.0205035732880844
0.0204477196595242
0.0203923324523729
0.0203374075338529
0.0202829408153862
0.02022892825204
0.0201753658419799
0.0201222496259308
0.0200695756866451
0.0200173401483789
0.0199655391763741
0.0199141689763491
0.0198632257939956
0.0198127059144826
0.0197626056619673
0.0197129213991125
0.0196636495266105
0.0196147864827141
0.0195663287427733
0.0195182728187787
0.019470615258911
0.0194233526470966
0.0193764816025696
0.019329998779439
0.0192839008662622
0.0192381845856246
0.019192846693724
0.0191478839799617
0.0191032932665378
0.0190590714080533
0.0190152152911164
0.0189717218339549
0.0189285879860331
0.0188858107276745
0.0188433870696891
0.0188013140530054
0.0187595887483082
0.0187182082556804
0.0186771697042496
0.0186364702518403
0.0185961070846291
0.0185560774168059
0.0185163784902391
0.0184770075741448
0.018437961964761
0.0183992389850254
0.0183608359842584
0.0183227503378488
0.0182849794469454
0.0182475207381511
0.0182103716632216
0.0181735296987684
0.0181369923459648
0.0181007571302566
0.0180648216010759
0.018029183331559
0.0179938399182678
0.0179587889809147
0.0179240281620914
0.0178895551270006
0.0178553675631919
0.0178214631803006
0.0177878397097897
0.0177544949046958
0.017721426539378
0.0176886324092693
0.0176561103306328
0.017623858140319
0.017591873695528
0.0175601548735735
0.0175286995716505
0.0174975057066053
0.0174665712147093
0.0174358940514347
0.0174054721912337
0.0173753036273205
0.0173453863714552
0.0173157184537318
0.0172862979223674
0.0172571228434953
0.0172281913009598
0.0171995013961142
0.0171710512476208
0.0171428389912538
0.0171148627797042
0.0170871207823879
0.0170596111852553
0.0170323321906041
0.0170052820168935
0.0169784588985615
0.0169518610858442
0.0169254868445973
0.0168993344561194
0.0168734022169787
0.01684768843884
0.0168221914482959
0.0167969095866981
0.0167718412099923
0.0167469846885541
0.0167223384070278
0.0166979007641662
0.016673670172673
0.0166496450590472
0.016625823863429
0.0166022050394475
0.0165787870540708
0.0165555683874578
0.0165325475328109
0.016509722996232
0.0164870932965786
0.0164646569653234
0.0164424125464139
0.0164203585961347
0.0163984936829714
0.0163768163874757
0.0163553253021323
0.016334019031228
0.0163128961907211
0.0162919554081135
0.0162711953223241
0.0162506145835631
0.0162302118532083
0.0162099858036834
0.0161899351183362
0.0161700584913202
0.0161503546274756
0.0161308222422138
0.0161114600614013
0.0160922668212462
0.0160732412681859
0.0160543821587755
0.0160356882595786
0.016017158347058
0.0159987912074689
0.0159805856367528
0.0159625404404326
0.0159446544335092
0.015926926440359
0.0159093552946332
0.0158919398391573
0.0158746789258326
0.0158575714155387
0.0158406161780368
0.0158238120918744
0.0158071580442911
0.0157906529311255
0.0157742956567231
0.0157580851338451
0.0157420202835789
0.0157261000352486
0.0157103233263278
0.0156946891023523
0.0156791963168343
0.0156638439311779
0.0156486309145946
0.0156335562440211
0.0156186189040368
0.0156038178867831
0.0155891521918831
0.0155746208263626
0.0155602228045721
0.0155459571481088
0.0155318228857408
0.0155178190533311
0.0155039446937631
0.0154901988568667
0.0154765805993453
0.0154630889847033
0.0154497230831754
0.0154364819716554
0.015423364733627
0.0154103704590942
0.015397498244514
0.0153847471927282
0.0153721164128974
0.0153596050204348
0.0153472121369411
0.0153349368901403
0.015322778413816
0.0153107358477484
0.0152988083376522
0.015286995035115
0.0152752950975366
0.0152637076880689
0.0152522319755562
0.0152408671344768
0.0152296123448849
0.0152184667923528
0.0152074296679142
0.0151965001680086
0.0151856774944248
0.0151749608542472
0.0151643494598002
0.0151538425285959
0.0151434392832799
0.0151331389515794
0.0151229407662515
0.0151128439650315
0.0151028477905823
0.0150929514904444
0.0150831543169864
0.0150734555273557
0.0150638543834301
0.0150543501517703
0.0150449421035718
0.0150356295146188
0.0150264116652373
0.0150172878402498
0.0150082573289294
0.0149993194249556
0.0149904734263698
0.0149817186355316
0.0149730543590753
0.0149644799078674
0.014955994596964
0.0149475977455692
0.0149392886769937
0.0149310667186138
0.0149229312018308
0.0149148814620316
0.0149069168385485
0.0148990366746203
0.014891240317354
0.014883527117686
0.0148758964303448
0.0148683476138135
0.0148608800302925
0.0148534930456637
0.0148461860294537
0.0148389583547983
0.0148318093984074
0.01482473854053
0.0148177451649194
0.0148108286587995
0.0148039884128308
0.0147972238210771
0.0147905342809726
0.0147839191932892
0.0147773779621042
0.0147709099947686
0.0147645147018756
0.0147581914972293
0.0147519397978139
0.0147457590237634
0.0147396485983313
0.014733607947861
0.0147276365017565
0.0147217336924529
0.014715898955388
0.0147101317289739
0.0147044314545684
0.014698797576448
0.0146932295417798
0.0146877268005946
0.0146822888057602
0.0146769150129544
0.0146716048806395
0.0146663578700357
0.0146611734450959
0.0146560510724801
0.0146509902215306
0.0146459903642472
0.0146410509752626
0.0146361715318184
0.0146313515137412
0.0146265904034187
0.0146218876857768
0.0146172428482563
0.0146126553807901
0.0146081247757805
0.0146036505280776
0.0145992321349562
0.0145948690960953
0.0145905609135554
0.0145863070917584
0.0145821071374657
0.0145779605597578
0.0145738668700142
0.0145698255818923
0.0145658362113083
0.0145618982764167
0.0145580112975913
0.0145541747974056
0.0145503883006137
0.0145466513341317
0.014542963427019
0.0145393241104598
0.0145357329177449
0.0145321893842541
0.014528693047438
0.014525243446801
0.0145218401238836
0.0145184826222453
0.0145151704874481
0.0145119032670396
0.0145086805105364
0.0145055017694081
0.0145023665970611
0.0144992745488228
0.0144962251819259
0.0144932180554929
0.0144902527305209
0.0144873287698667
0.0144844457382314
0.0144816032021463
0.0144788007299579
0.0144760378918138
0.0144733142596486
0.0144706294071698
0.0144679829098442
0.014465374344884
0.0144628032912335
0.0144602693295562
0.0144577720422209
0.0144553110132897
0.0144528858285046
0.0144504960752752
0.0144481413426661
0.014445821221385
0.0144435353037703
0.0144412831837792
0.014439064456976
0.0144368787205207
0.0144347255731571
0.0144326046152018
0.0144305154485331
0.0144284576765798
0.0144264309043105
0.014424434738223
0.0144224687863334
0.0144205326581662
0.0144186259647435
0.0144167483185754
0.0144148993336499
0.0144130786254226
0.0144112858108078
0.0144095205081683
0.0144077823373063
0.0144060709194542
0.0144043858772653
0.0144027268348045
0.0144010934175402
0.0143994852523347
0.0143979019674362
0.0143963431924702
0.0143948085584306
0.0143932976976724
0.0143918102439026
0.014390345832173
0.014388904098872
0.0143874846817167
0.0143860872197455
0.0143847113533107
0.0143833567240707
0.0143820229749832
0.0143807097502975
0.014379416695548
0.014378143457547
0.0143768896843778
0.0143756550253883
0.0143744391311838
0.0143732416536212
0.0143720622458023
0.0143709005620674
0.0143697562579893
0.0143686289903673
0.0143675184172208
0.014366424197784
0.0143653459925
0.0143642834630146
0.0143632362721716
0.0143622040840066
0.0143611865637421
0.014360183377782
0.0143591941937063
0.0143582186802664
0.01435725650738
0.0143563073461257
0.0143553708687391
0.0143544467486071
0.0143535346602642
0.0143526342793873
0.0143517452827915
0.0143508673484257
0.0143500001553684
0.0143491433838235
0.014348296715116
0.0143474598316884
0.0143466324170962
0.0143458141560046
0.0143450047341842
0.0143442038385078
0.0143434111569464
0.0143426263785659
0.0143418491935237
0.0143410792930648
0.0143403163695193
0.0143395601162984
0.0143388102278917
0.0143380663998641
0.0143373283288525
0.0143365957125633
0.014335868249769
0.014335145640306
0.0143344275850712
0.0143337137860199
0.0143330039461631
0.0143322977695648
0.0143315949613395
0.0143308952276502
0.0143301982757056
0.0143295038137582
0.014328811551102
0.01432812119807
0.014327432466033
0.0143267450673966
0.0143260587155998
0.0143253731251132
0.0143246880114368
0.0143240030910985
0.0143233180816523
0.0143226327016765
0.0143219466707724
0.0143212597095627
0.0143205715396896
0.014319881883814
0.0143191904656136
0.014318497009782
0.0143178012420268
0.0143171028890693
0.0143164016786425
0.0143156973394903
0.0143149896013665
0.0143142781950338
0.0143135628522625
0.0143128433058301
0.0143121192895199
0.0143113905381204
0.0143106567874248
0.0143099177742298
0.0143091732363349
0.0143084229125424
0.014307666542656
0.0143069038674806
0.0143061346288219
0.0143053585694858
0.0143045754332778
0.0143037849650028
0.0143029869104647
0.0143021810164662
0.0143013670308082
0.0143005447022899
0.0142997137807085
0.0142988740168588
0.0142980251625336
0.0142971669705229
0.0142962991946144
0.0142954215895934
0.0142945339112427
0.0142936359163424
0.0142927273626705
0.0142918080090027
0.0142908776151125
0.0142899359417717
0.0142889827507501
0.0142880178048161
0.0142870408677371
0.0142860517042792
0.0142850500802083
0.0142840357622896
0.014283008518289
0.0142819681169725
0.0142809143281071
0.0142798469224616
0.0142787656718063
0.0142776703489143
0.0142765607275613
0.0142754365825269
0.0142742976895945
0.0142731438255525
0.0142719747681945
0.0142707902963201
0.0142695901897356
0.0142683742292547
0.0142671421966991
0.0142658938748995
0.0142646290476959
0.0142633474999388
0.01426204901749
0.0142607333872229
0.0142594003970239
0.014258049835793
0.0142566814934446
0.0142552951609085
0.0142538906301307
0.0142524676940745
0.0142510261467212
0.014249565783071
0.0142480863991442
0.0142465877919821
0.0142450697596477
0.014243532101227
0.01424197461683
0.0142403971075916
0.0142387993756724
0.0142371812242603
0.0142355424575711
0.0142338828808496
0.0142322023003709
0.0142305005234411
0.0142287773583989
0.0142270326146161
0.0142252661024992
0.0142234776334904
0.0142216670200682
0.0142198340757493
0.0142179786150892
0.0142161004536836
0.0142141994081694
0.0142122752962258
0.0142103279365755
0.0142083571489859
0.0142063627542704
0.014204344574289
0.0142023024319502
0.0142002361512116
0.0141981455570812
0.0141960304756189
0.0141938907339371
0.0141917261602023
0.0141895365836361
0.0141873218345164
0.0141850817441786
0.0141828161450166
0.0141805248704842
0.0141782077550962
0.0141758646344294
0.014173495345124
0.0141710997248846
0.0141686776124813
0.0141662288477512
0.014163753271599
0.0141612507259987
0.0141587210539942
0.014156164099701
0.0141535797083069
0.0141509677260734
0.0141483280003364
0.0141456603795079
0.0141429647130768
0.0141402408516098
0.014137488646753
0.0141347079512324
0.0141318986188555
0.0141290605045121
0.0141261934641752
0.0141232973549026
0.0141203720348374
0.0141174173632093
0.0141144332003354
0.0141114194076217
0.0141083758475636
0.014105302383747
0.0141021988808495
0.0140990652046413
0.0140959012219859
0.0140927068008414
0.0140894818102614
0.0140862261203955
0.0140829396024908
0.0140796221288924
0.0140762735730445
0.0140728938094912
0.0140694827138773
0.0140660401629492
0.0140625660345557
0.0140590602076489
0.0140555225622851
0.0140519529796251
0.0140483513419356
0.0140447175325896
0.0140410514360672
0.0140373529379563
0.0140336219249533
0.0140298582848639
0.0140260619066039
0.0140222326801993
0.0140183704967876
0.014014475248618
0.0140105468290521
0.0140065851325648
0.0140025900547442
0.0139985614922928
0.0139944993430278
0.0139904035058814
0.0139862738809016
0.0139821103692527
0.0139779128732153
0.0139736812961874
0.0139694155426841
0.0139651155183387
0.0139607811299024
0.0139564122852454
0.0139520088933564
0.0139475708643436
0.0139430981094346
0.0139385905409769
0.013934048072438
0.0139294706184054
0.0139248580945876
0.0139202104178132
0.0139155275060321
0.0139108092783147
0.0139060556548527
0.013901266556959
0.0138964419070676
0.0138915816287337
0.013886685646634
0.0138817538865663
0.0138767862754497
0.0138717827413245
0.0138667432133522
0.0138616676218153
0.013856555898117
0.0138514079747817
0.0138462237854539
0.013841003264899
0.0138357463490021
0.0138304529747685
0.0138251230803232
0.0138197566049103
0.0138143534888932
0.0138089136737539
0.0138034371020926
0.0137979237176277
0.0137923734651947
0.0137867862907465
0.0137811621413525
0.0137755009651979
0.0137698027115837
0.0137640673309258
0.0137582947747546
0.013752484995714
0.0137466379475613
0.0137407535851663
0.0137348318645104
0.0137288727426862
0.0137228761778966
0.0137168421294542
0.0137107705577801
0.0137046614244037
0.0136985146919611
0.0136923303241949
0.0136861082859528
0.013679848543187
0.013673551062953
0.0136672158134089
0.0136608427638139
0.0136544318845278
0.0136479831470095
0.0136414965238161
0.0136349719886019
0.0136284095161167
0.0136218090822054
0.0136151706638062
0.0136084942389494
0.0136017797867565
0.0135950272874386
0.0135882367222949
0.0135814080737118
0.0135745413251613
0.0135676364611995
0.0135606934674652
0.0135537123306785
0.0135466930386394
0.0135396355802259
0.0135325399453929
0.0135254061251701
0.0135182341116611
0.0135110238980411
0.0135037754785555
0.0134964888485181
0.0134891640043096
0.0134818009433756
0.0134743996642251
0.0134669601664282
0.0134594824506149
0.0134519665184725
0.0134444123727445
0.0134368200172281
0.0134291894567723
0.0134215206972761
0.0134138137456867
0.0134060686099967
0.013398285299243
0.0133904638235039
0.0133826041938975
0.0133747064225791
0.0133667705227396
0.0133587965086027
0.0133507843954231
0.013342734199484
0.0133346459380947
0.0133265196295889
0.0133183552933214
0.0133101529496665
0.0133019126200153
0.0132936343267734
0.013285318093358
0.0132769639441962
0.0132685719047217
0.0132601420013727
0.0132516742615894
0.0132431687138109
0.0132346253874733
0.0132260443130063
0.0132174255218313
0.0132087690463578
0.0132000749199817
0.0131913431770815
0.0131825738530164
0.0131737669841229
0.0131649226077122
0.0131560407620673
0.0131471214864403
0.0131381648210491
0.0131291708070748
0.0131201394866585
0.0131110709028984
0.0131019650998469
0.0130928221225073
0.0130836420168311
0.0130744248297144
0.0130651706089952
0.0130558794034501
0.0130465512627912
0.0130371862376628
0.0130277843796381
0.0130183457412162
0.0130088703758188
0.0129993583377867
0.0129898096823765
0.0129802244657575
0.0129706027450081
0.0129609445781126
0.0129512500239576
0.0129415191423287
0.0129317519939068
0.012921948640265
0.0129121091438647
0.0129022335680525
0.0128923219770562
0.0128823744359814
0.012872391010808
0.0128623717683866
0.0128523167764344
0.0128422261035323
0.0128320998191205
0.0128219379934952
0.0128117406978047
0.0128015080040457
0.0127912399850596
0.0127809367145285
0.0127705982669716
0.0127602247177411
0.0127498161430186
0.0127393726198112
0.0127288942259474
0.0127183810400733
0.0127078331416488
0.0126972506109432
0.0126866335290317
0.0126759819777913
0.0126652960398965
0.0126545757988155
0.0126438213388061
0.0126330327449116
0.0126222101029568
0.0126113534995436
0.0126004630220472
0.012589538758612
0.0125785807981468
0.0125675892303213
0.0125565641455618
0.0125455056350466
0.012534413790702
0.0125232887051982
0.0125121304719447
0.0125009391850863
0.0124897149394984
0.0124784578307833
0.0124671679552652
0.0124558454099864
0.0124444902927025
0.0124331027018782
0.012421682736683
0.0124102304969865
0.0123987460833544
0.0123872295970434
0.0123756811399976
0.0123641008148433
0.0123524887248847
0.0123408449740997
0.012329169667135
0.0123174629093017
0.012305724806571
0.0122939554655691
0.0122821549935733
0.0122703234985068
0.0122584610889346
0.0122465678740584
0.0122346439637127
0.0122226894683592
0.0122107044990832
0.0121986891675881
0.0121866435861911
0.0121745678678187
0.0121624621260016
0.0121503264748704
0.0121381610291505
0.0121259659041579
0.0121137412157938
0.0121014870805405
0.0120892036154563
0.012076890938171
0.0120645491668806
0.0120521784203432
0.0120397788178739
0.0120273504793399
0.012014893525156
0.0120024080762795
0.0119898942542055
0.0119773521809622
0.0119647819791058
0.0119521837717161
0.0119395576823912
0.0119269038352428
0.0119142223548914
0.0119015133664617
0.0118887769955772
0.0118760133683555
0.0118632226114037
0.0118504048518134
0.0118375602171554
0.0118246888354755
0.0118117908352891
0.0117988663455764
0.0117859154957776
0.0117729384157878
0.0117599352359525
0.011746906087062
0.0117338511003473
0.0117207704074744
0.0117076641405398
0.0116945324320657
0.0116813754149945
0.0116681932226845
0.0116549859889045
0.0116417538478293
0.0116284969340342
0.0116152153824906
0.0116019093285607
0.0115885789079926
0.0115752242569155
0.0115618455118349
0.011548442809627
0.0115350162875346
0.0115215660831615
0.0115080923344679
0.0114945951797653
0.0114810747577117
0.0114675312073063
0.0114539646678852
0.0114403752791159
0.0114267631809925
0.0114131285138308
0.0113994714182635
0.0113857920352349
0.0113720905059965
0.0113583669721016
0.0113446215754005
0.0113308544580357
0.011317065762437
0.0113032556313163
0.0112894242076629
0.0112755716347388
0.0112616980560732
0.0112478036154583
0.0112338884569439
0.0112199527248326
0.0112059965636751
0.0111920201182652
0.0111780235336349
0.0111640069550496
0.011149970528003
0.0111359143982128
0.0111218387116152
0.0111077436143602
0.0110936292528073
0.01107949577352
0.0110653433232611
0.0110511720489884
0.011036982097849
0.0110227736171754
0.0110085467544801
0.010994301657451
0.0109800384739466
0.0109657573519913
0.0109514584397706
0.0109371418856261
0.0109228078380512
0.0109084564456861
0.0108940878573128
0.0108797022218511
0.0108652996883531
0.0108508804059991
0.0108364445240924
0.0108219921920551
0.0108075235594232
0.0107930387758416
0.0107785379910602
0.0107640213549286
0.0107494890173918
0.0107349411284853
0.010720377838331
0.010705799297132
0.0106912056551684
0.0106765970627925
0.0106619736704245
0.0106473356285478
0.0106326830877043
0.01061801619849
0.0106033351115509
0.0105886399775775
0.0105739309473015
0.0105592081714904
0.0105444718009435
0.0105297219864872
0.0105149588789709
0.0105001826292622
0.0104853933882426
0.0104705913068034
0.0104557765358409
0.0104409492262522
0.010426109528931
0.0104112575947628
0.0103963935746213
0.0103815176193633
0.0103666298798251
0.0103517305068176
0.0103368196511225
0.0103218974634879
0.010306964094624
0.0102920196951989
0.0102770644158345
0.010262098407102
0.0102471218195184
0.0102321348035414
0.0102171375095662
0.0102021300879206
0.0101871126888614
0.0101720854625701
0.0101570485591489
0.0101420021286166
0.0101269463209045
0.0101118812858524
0.0100968071732049
0.0100817241326067
0.0100666323135996
0.0100515318656176
0.0100364229379834
0.0100213056799048
0.0100061802404701
0.00999104676864467
0.00997590541326707
0.00996075632304504
0.00994559964655177
0.00993043553222205
0.00991526412834851
0.0099000855830778
0.0098849000444069
0.0098697076601793
0.00985450857808135
0.00983930294563853
0.00982409091021178
0.00980887261899382
0.00979364821900552
0.00977841785709229
0.00976318167992045
0.00974793983397366
0.00973269246554936
0.0097174397207552
0.00970218174550556
0.00968691868551799
0.00967165068630976
0.00965637789319438
0.00964110045127817
0.0096258185054568
0.00961053220041192
0.00959524168060776
0.00957994709028774
0.00956464857347118
0.00954934627394992
0.00953404033528507
0.00951873090080365
0.00950341811359541
0.00948810211650952
0.00947278305215141
0.00945746106287951
0.00944213629080212
0.00942680887777421
0.00941147896539429
0.00939614669500134
0.00938081220767163
0.00936547564421573
0.0093501371451754
0.00933479685082057
0.00931945490114634
0.00930411143586999
0.009288766594428
0.00927342051597309
0.00925807333937134
0.00924272520319924
0.00922737624574083
0.00921202660498483
0.00919667641862181
0.00918132582404136
0.00916597495832931
0.00915062395826493
0.0091352729603182
0.00911992210064708
0.00910457151509478
0.00908922133918708
0.00907387170812968
0.00905852275680556
0.00904317461977231
0.00902782743125957
0.00901248132516649
0.00899713643505907
0.00898179289416773
0.00896645083538472
0.00895111039126169
0.0089357716940072
0.00892043487548424
0.00890510006720786
0.00888976740034276
0.00887443700570085
0.00885910901373898
0.00884378355455656
0.00882846075789321
0.00881314075312657
0.0087978236692699
0.00878250963496997
0.00876719877850472
0.00875189122778113
0.00873658711033299
0.00872128655331881
0.00870598968351959
0.00869069662733678
0.00867540751079017
0.00866012245951581
0.00864484159876395
0.00862956505339704
0.00861429294788772
0.00859902540631685
0.0085837625523715
0.00856850450934306
0.00855325140012534
0.00853800334721261
0.00852276047269779
0.00850752289827056
0.00849229074521558
0.00847706413441063
0.00846184318632485
0.00844662802101699
0.00843141875813366
0.00841621551690759
0.00840101841615599
0.00838582757427882
0.00837064310925715
0.00835546513865154
0.00834029377960044
0.0083251291488186
0.00830997136259545
0.00829482053679364
0.00827967678684746
0.00826454022776135
0.00824941097410846
0.00823428914002912
0.00821917483922946
0.00820406818497997
0.00818896929011411
0.00817387826702696
0.00815879522767381
0.00814372028356891
0.0081286535457841
0.00811359512494753
0.00809854513124244
0.00808350367440584
0.00806847086372734
0.00805344680804795
0.00803843161575886
0.00802342539480031
0.00800842825266041
0.00799344029637409
0.00797846163252192
0.00796349236722908
0.0079485326061643
0.0079335824545388
0.0079186420171053
0.00790371139815699
0.0078887907015266
0.00787388003058539
0.00785897948824227
0.00784408917694282
0.00782920919866847
0.00781433965493557
0.00779948064679455
0.00778463227482909
0.0077697946391553
0.00775496783942094
0.00774015197480461
0.00772534714401503
0.00771055344529028
0.0076957709763971
0.0076809998346302
0.00766624011681154
0.00765149191928973
0.00763675533793934
0.00762203046816032
0.00760731740487737
0.00759261624253939
0.00757792707511887
0.00756324999611141
0.00754858509853514
0.00753393247493026
0.00751929221735851
0.00750466441740273
0.0074900491661664
0.00747544655427323
0.00746085667186672
0.00744627960860976
0.00743171545368431
0.00741716429579097
0.00740262622314869
0.00738810132349444
0.00737358968408289
0.00735909139168615
0.00734460653259346
0.007330135192611
0.00731567745706161
0.0073012334107846
0.00728680313813554
0.00727238672298611
0.00725798424872386
0.00724359579825218
0.00722922145399009
0.00721486129787213
0.00720051541134832
0.00718618387538403
0.00717186677045995
0.00715756417657204
0.00714327617323151
0.00712900283946478
0.00711474425381353
0.0071005004943347
0.00708627163860052
0.00707205776369859
0.00705785894623193
0.00704367526231909
0.00702950678759422
0.00701535359720724
0.00700121576582392
0.00698709336762608
0.00697298647631172
0.00695889516509522
0.00694481950670754
0.00693075957339641
0.0069167154369266
0.00690268716858013
0.00688867483915652
0.00687467851897312
0.00686069827786534
0.00684673418518694
0.00683278630981044
0.00681885472012736
0.00680493948404859
0.00679104066900481
0.00677715834194674
0.00676329256934569
0.00674944341719383
0.00673561095100466
0.00672179523581346
0.00670799633617771
0.00669421431617755
0.00668044923941627
0.00666670116902079
0.00665297016764213
0.00663925629745598
0.00662555962016317
0.00661188019699028
0.00659821808869009
0.00658457335554226
0.00657094605735383
0.00655733625345983
0.00654374400272391
0.00653016936353893
0.00651661239382761
0.00650307315104312
0.00648955169216983
0.00647604807372389
0.00646256235175394
0.0064490945818418
0.00643564481910319
0.00642221311818841
0.00640879953328309
0.00639540411810892
0.0063820269259244
0.00636866800952561
0.00635532742124696
0.006342005212962
0.00632870143608419
0.00631541614156773
0.00630214937990836
0.00628890120114418
0.00627567165485652
0.00626246079017074
0.00624926865575716
0.00623609529983185
0.00622294077015756
0.00620980511404462
0.00619668837835178
0.00618359060948719
0.00617051185340929
0.00615745215562774
0.00614441156120435
0.00613139011475406
0.00611838786044588
0.00610540484200386
0.00609244110270808
0.00607949668539562
0.00606657163246157
0.00605366598586004
0.00604077978710517
0.00602791307727216
0.00601506589699829
0.00600223828648396
0.00598943028549378
0.00597664193335759
0.00596387326897154
0.00595112433079915
0.00593839515687244
0.00592568578479297
0.00591299625173298
0.00590032659443648
0.00588767684922037
0.00587504705197555
0.00586243723816811
0.0058498474428404
0.0058372777006122
0.0058247280456819
0.00581219851182764
0.00579968913240848
0.00578719994036558
0.00577473096822341
0.00576228224809088
0.0057498538116626
0.00573744569022006
0.00572505791463283
0.0057126905153598
0.0057003435224504
0.00568801696554582
0.00567571087388025
0.00566342527628214
0.00565116020117544
0.00563891567658085
0.00562669173011708
0.00561448838900214
0.00560230568005461
0.00559014362969489
0.00557800226394651
0.00556588160843745
0.00555378168840134
0.00554170252867891
0.00552964415371914
0.0055176065875807
0.00550558985393319
0.0054935939760585
0.00548161897685212
0.00546966487882449
0.00545773170410231
0.00544581947442993
0.00543392821117064
0.00542205793530807
0.0054102086674475
0.0053983804278173
0.00538657323627017
0.00537478711228465
0.00536302207496639
0.00535127814304955
0.00533955533489824
0.00532785366850783
0.00531617316150635
0.00530451383115596
0.00529287569435424
0.00528125876763567
0.00526966306717298
0.00525808860877861
0.00524653540790608
0.00523500347965141
0.00522349283875456
0.00521200349960082
0.00520053547622227
0.00518908878229917
0.00517766343116141
0.00516625943578994
0.00515487680881821
0.0051435155625336
0.00513217570887884
0.00512085725945351
0.00510956022551542
0.00509828461798213
0.00508703044743231
0.00507579772410727
0.0050645864579124
0.00505339665841859
0.00504222833486371
0.0050310814961541
0.00501995615086599
0.00500885230724699
0.00499776997321754
0.00498670915637238
0.00497566986398205
0.00496465210299433
0.0049536558800357
0.00494268120141287
0.00493172807311419
0.00492079650081117
0.00490988648985996
0.00489899804530279
0.0048881311718695
0.00487728587397898
0.00486646215574068
0.00485566002095608
0.00484487947312018
0.00483412051542299
0.004823383150751
0.00481266738168867
0.00480197321051993
0.00479130063922966
0.00478064966950518
0.00477002030273774
0.00475941254002398
0.00474882638216748
0.00473826182968019
0.00472771888278395
0.00471719754141197
0.00470669780521032
0.00469621967353943
0.00468576314547557
0.00467532821981233
0.00466491489506212
0.00465452316945768
0.00464415304095353
0.00463380450722747
0.00462347756568209
0.00461317221344623
0.00460288844737648
0.00459262626405868
0.00458238565980936
0.00457216663067729
0.0045619691724449
0.00455179328062982
0.00454163895048631
0.0045315061770068
0.0045213949549233
0.00451130527870897
0.00450123714257949
0.00449119054049465
0.00448116546615974
0.00447116191302707
0.00446117987429744
0.00445121934292159
0.00444128031160169
0.00443136277279284
0.00442146671870446
0.00441159214130184
0.00440173903230756
0.00439190738320297
0.00438209718522962
0.0043723084293908
0.00436254110645291
0.00435279520694697
0.00434307072117007
0.0043333676391868
0.00432368595083074
0.00431402564570587
0.00430438671318805
0.00429476914242646
0.00428517292234502
0.00427559804164387
0.00426604448880079
0.00425651225207264
0.00424700131949678
0.00423751167889254
0.00422804331786261
0.00421859622379453
0.00420917038386203
0.00419976578502652
0.00419038241403851
0.00418102025743899
0.00417167930156088
0.00416235953253044
0.00415306093626865
0.00414378349849268
0.00413452720471725
0.00412529204025603
0.00411607799022307
0.00410688503953421
0.0040977131729084
0.00408856237486918
0.00407943262974604
0.00407032392167578
0.00406123623460393
0.00405216955228611
0.00404312385828943
0.00403409913599383
0.00402509536859349
0.00401611253909819
0.00400715063033465
0.00399820962494793
0.00398928950540275
0.0039803902539849
0.00397151185280255
0.0039626542837876
0.00395381752869706
0.00394500156911437
0.00393620638645074
0.00392743196194649
0.0039186782766724
0.00390994531153102
0.00390123304725799
0.0038925414644234
0.00388387054343308
0.0038752202645299
0.00386659060779515
0.00385798155314976
0.0038493930803557
0.0038408251690172
0.0038322777985821
0.00382375094834312
0.00381524459743917
0.00380675872485661
0.00379829330943057
0.00378984832984622
0.00378142376464002
0.00377301959220101
0.00376463579077211
0.00375627233845132
0.00374792921319305
0.00373960639280933
0.00373130385497109
0.00372302157720938
0.00371475953691666
0.003706517711348
0.00369829607762234
0.00369009461272375
0.00368191329350258
0.00367375209667677
0.00366561099883304
0.0036574899764281
0.00364938900578987
0.0036413080631187
0.00363324712448857
0.00362520616584828
0.00361718516302267
0.00360918409171381
0.00360120292750215
0.00359324164584779
0.00358530022209157
0.0035773786314563
0.00356947684904792
0.00356159484985668
0.00355373260875829
0.00354589010051508
0.00353806729977716
0.00353026418108359
0.0035224807188635
0.00351471688743725
0.00350697266101758
0.0034992480137107
0.00349154291951748
0.00348385735233455
0.0034761912859554
0.00346854469407153
0.00346091755027356
0.00345330982805234
0.00344572150080001
0.00343815254181119
0.00343060292428399
0.00342307262132116
0.00341556160593112
0.00340806985102913
0.00340059732943827
0.00339314401389059
0.00338570987702815
0.00337829489140407
0.00337089902948364
0.00336352226364531
0.00335616456618182
0.00334882590930118
0.00334150626512775
0.00333420560570326
0.00332692390298787
0.00331966112886119
0.00331241725512328
0.00330519225349572
0.00329798609562259
0.00329079875307148
0.00328363019733453
0.00327648039982941
0.00326934933190034
0.00326223696481904
0.00325514326978577
0.0032480682179303
0.00324101178031287
0.00323397392792521
0.00322695463169147
0.00321995386246921
0.00321297159105036
0.00320600778816218
0.00319906242446821
0.00319213547056922
0.00318522689700418
0.00317833667425116
0.00317146477272828
0.00316461116279469
0.0031577758147514
0.00315095869884231
0.00314415978525507
0.00313737904412197
0.00313061644552094
0.00312387195947635
0.00311714555595998
0.00311043720489192
0.0031037468761414
0.00309707453952775
0.00309042016482122
0.00308378372174393
0.00307716517997066
0.0030705645091298
0.00306398167880416
0.00305741665853185
0.00305086941780714
0.00304433992608132
0.00303782815276352
0.00303133406722157
0.00302485763878286
0.00301839883673513
0.00301195763032734
0.00300553398877046
0.00299912788123832
0.00299273927686844
0.00298636814476277
0.0029800144539886
0.00297367817357927
0.00296735927253504
0.00296105771982384
0.00295477348438207
0.00294850653511541
0.00294225684089957
0.0029360243705811
0.00292980909297812
0.00292361097688113
0.00291742999105375
0.0029112661042335
0.00290511928513252
0.00289898950243839
0.00289287672481478
0.00288678092090228
0.0028807020593191
0.0028746401086618
0.00286859503750603
0.00286256681440727
0.00285655540790152
0.00285056078650604
0.00284458291872006
0.00283862177302549
0.0028326773178876
0.00282674952175576
0.00282083835306411
0.00281494378023228
0.00280906577166602
0.00280320429575795
0.00279735932088821
0.00279153081542511
0.00278571874772586
0.00277992308613718
0.002774143798996
0.0027683808546301
0.00276263422135878
0.0027569038674935
0.0027511897613385
0.00274549187119151
0.00273981016534433
0.00273414461208348
0.00272849517969083
0.00272286183644425
0.00271724455061819
0.00271164329048433
0.00270605802431216
0.00270048872036966
0.00269493534692382
0.00268939787224129
0.00268387626458898
0.00267837049223463
0.00267288052344743
0.00266740632649857
0.00266194786966187
0.0026565051212143
0.0026510780494366
0.00264566662261385
0.002640270809036
0.00263489057699847
0.00262952589480268
0.00262417673075663
0.00261884305317545
0.00261352483038192
0.00260822203070705
0.00260293462249057
0.00259766257408155
0.00259240585383883
0.00258716443013162
0.00258193827134001
0.00257672734585547
0.0025715316220814
0.00256635106843359
0.00256118565334082
0.00255603534524525
0.00255090011260303
0.00254577992388473
0.00254067474757586
0.00253558455217737
0.00253050930620611
0.00252544897819533
0.00252040353669519
0.00251537295027318
0.00251035718751462
0.00250535621702315
0.00250037000742118
0.00249539852735032
0.00249044174547189
0.00248549963046737
0.00248057215103881
0.00247565927590933
0.00247076097382351
0.0024658772135479
0.00246100796387139
0.0024561531936057
0.00245131287158578
0.00244648696667022
0.00244167544774175
0.00243687828370755
0.00243209544349979
0.00242732689607594
0.00242257261041924
0.00241783255553908
0.00241310670047144
0.00240839501427925
0.0024036974660528
0.00239901402491015
0.0023943446599975
0.00238968934048961
0.00238504803559014
0.00238042071453205
0.00237580734657802
0.00237120790102074
0.00236662234718336
0.00236205065441983
0.00235749279211524
0.00235294872968622
0.00234841843658129
0.00234390188228121
0.00233939903629932
0.00233490986818191
0.00233043434750857
0.00232597244389252
0.00232152412698094
0.00231708936645534
0.00231266813203187
0.00230826039346166
0.00230386612053115
0.0022994852830624
0.00229511785091343
0.00229076379397854
0.00228642308218862
0.00228209568551145
0.00227778157395205
0.00227348071755295
0.00226919308639448
0.00226491865059516
0.00226065738031189
0.0022564092457403
0.00225217421711507
0.00224795226471015
0.00224374335883912
0.00223954746985542
0.00223536456815266
0.0022311946241649
0.00222703760836691
0.00222289349127446
0.00221876224344459
0.00221464383547586
0.00221053823800865
0.00220644542172537
0.00220236535735079
0.00219829801565223
0.00219424336743988
0.00219020138356697
0.0021861720349301
0.00218215529246946
0.00217815112716906
0.00217415951005696
0.00217018041220555
0.00216621380473178
0.00216225965879736
0.00215831794560902
0.00215438863641874
0.00215047170252394
0.00214656711526777
0.00214267484603927
0.00213879486627363
0.00213492714745238
0.00213107166110361
0.00212722837880221
0.00212339727217001
0.00211957831287609
0.00211577147263689
0.00211197672321646
0.00210819403642665
0.0021044233841273
0.00210066473822646
0.00209691807068054
0.00209318335349456
0.00208946055872226
0.00208574965846637
0.00208205062487873
0.0020783634301605
0.00207468804656233
0.00207102444638456
0.00206737260197736
0.0020637324857409
0.00206010407012558
0.00205648732763212
0.00205288223081179
0.00204928875226651
0.00204570686464908
0.0020421365406633
0.00203857775306412
0.00203503047465782
0.00203149467830215
0.00202797033690648
0.00202445742343197
0.00202095591089166
0.0020174657723507
0.00201398698092641
0.00201051950978847
0.00200706333215905
0.00200361842131294
0.00200018475057768
0.00199676229333372
0.00199335102301449
0.00198995091310662
0.00198656193714998
0.00198318406873785
0.00197981728151703
0.00197646154918799
0.00197311684550492
0.00196978314427594
0.00196646041936313
0.00196314864468269
0.00195984779420505
0.00195655784195497
0.00195327876201164
0.00195001052850881
0.00194675311563487
0.00194350649763298
0.00194027064880112
0.00193704554349226
0.00193383115611439
0.00193062746113068
0.0019274344330595
0.00192425204647459
0.00192108027600509
0.00191791909633565
0.00191476848220653
0.00191162840841366
0.00190849884980875
0.00190537978129935
0.00190227117784894
0.00189917301447702
0.00189608526625915
0.00189300790832708
0.00188994091586878
0.00188688426412852
0.00188383792840696
0.0018808018840612
0.00187777610650485
0.00187476057120811
0.00187175525369783
0.00186876012955754
0.00186577517442758
0.00186280036400507
0.00185983567404407
0.00185688108035554
0.00185393655880746
0.00185100208532487
0.00184807763588991
0.00184516318654187
0.00184225871337726
0.00183936419254983
0.00183647960027065
0.00183360491280813
0.00183074010648806
0.0018278851576937
0.00182504004286574
0.00182220473850242
0.00181937922115952
0.00181656346745042
0.00181375745404611
0.00181096115767527
0.00180817455512425
0.00180539762323713
0.00180263033891578
0.00179987267911981
0.00179712462086669
0.00179438614123169
0.00179165721734798
0.00178893782640661
0.00178622794565656
0.00178352755240471
0.00178083662401595
0.0017781551379131
0.00177548307157701
0.00177282040254652
0.00177016710841851
0.00176752316684791
0.0017648885555477
0.00176226325228891
0.00175964723490069
0.00175704048127024
0.0017544429693429
0.00175185467712208
0.00174927558266933
0.00174670566410431
0.0017441448996048
0.00174159326740672
0.00173905074580412
0.00173651731314917
0.00173399294785218
0.00173147762838159
0.00172897133326396
0.001726474041084
0.00172398573048452
0.00172150638016647
0.00171903596888888
0.00171657447546891
0.00171412187878182
0.00171167815776094
0.0017092432913977
0.00170681725874157
0.0017044000389001
0.00170199161103888
0.00169959195438151
0.00169720104820964
0.00169481887186288
0.00169244540473886
0.00169008062629315
0.00168772451603928
0.0016853770535487
0.00168303821845077
0.00168070799043275
0.00167838634923974
0.00167607327467472
0.00167376874659845
0.00167147274492952
0.00166918524964427
0.00166690624077678
0.00166463569841885
0.00166237360271999
0.00166011993388736
0.00165787467218572
0.00165563779793749
0.00165340929152261
0.00165118913337858
0.00164897730400042
0.00164677378394059
0.00164457855380903
0.00164239159427304
0.00164021288605732
0.00163804240994391
0.00163588014677211
0.00163372607743852
0.00163158018289692
0.00162944244415831
0.00162731284229081
0.00162519135841963
0.00162307797372706
0.0016209726694524
0.00161887542689192
0.00161678622739883
0.00161470505238322
0.00161263188331204
0.00161056670170901
0.00160850948915462
0.00160646022728607
0.0016044188977972
0.00160238548243847
0.00160035996301691
0.00159834232139606
0.0015963325394959
0.00159433059929286
0.0015923364828197
0.00159035017216551
0.00158837164947564
0.00158640089695162
0.00158443789685118
0.00158248263148809
0.00158053508323221
0.00157859523450938
0.00157666306780135
0.00157473856564579
0.00157282171063615
0.00157091248542167
0.00156901087270729
0.00156711685525359
0.00156523041587676
0.0015633515374485
0.001561480202896
0.00155961639520185
0.00155776009740398
0.00155591129259563
0.00155406996392525
0.00155223609459648
0.00155040966786803
0.00154859066705367
0.00154677907552214
0.00154497487669709
0.00154317805405703
0.00154138859113523
0.0015396064715197
0.00153783167885309
0.00153606419683262
0.00153430400921007
0.00153255109979162
0.00153080545243787
0.00152906705106372
0.00152733587963832
0.00152561192218501
0.00152389516278121
0.0015221855855584
0.00152048317470204
0.00151878791445146
0.00151709978909984
0.00151541878299411
0.00151374488053489
0.00151207806617641
0.00151041832442643
0.0015087656398462
0.00150711999705035
0.00150548138070684
0.00150384977553688
0.00150222516631485
0.00150060753786823
0.00149899687507752
0.00149739316287618
0.00149579638625055
0.00149420653023975
0.00149262357993564
0.00149104752048271
0.00148947833707805
0.00148791601497121
0.00148636053946417
0.00148481189591126
0.00148327006971905
0.00148173504634629
0.00148020681130386
0.00147868535015464
0.00147717064851347
0.00147566269204705
0.00147416146647386
0.0014726669575641
0.00147117915113959
0.0014696980330737
0.00146822358929126
0.0014667558057685
0.00146529466853292
0.00146384016366328
0.00146239227728945
0.00146095099559239
0.001459516304804
0.00145808819120711
0.00145666664113533
0.00145525164097301
0.00145384317715515
0.00145244123616731
0.00145104580454553
0.00144965686887623
0.00144827441579615
0.00144689843199227
0.00144552890420169
0.00144416581921158
0.00144280916385907
0.00144145892503118
0.00144011508966475
0.00143877764474632
0.00143744657731206
0.00143612187444769
0.00143480352328839
0.0014334915110187
0.00143218582487247
0.00143088645213273
0.00142959338013163
0.00142830659625034
0.00142702608791898
0.00142575184261652
0.00142448384787068
0.00142322209125788
0.00142196656040311
0.00142071724297987
0.00141947412671007
0.00141823719936394
0.00141700644875996
0.00141578186276475
0.00141456342929298
0.00141335113630731
0.00141214497181827
0.00141094492388418
0.00140975098061108
0.00140856313015259
0.00140738136070989
0.00140620566053159
0.00140503601791361
0.00140387242119918
0.00140271485877864
0.00140156331908945
0.00140041779061603
0.0013992782618897
0.00139814472148859
0.00139701715803754
0.001395895560208
0.00139477991671796
0.00139367021633191
0.00139256644786055
0.00139146860016096
0.00139037666213635
0.001389290622736
0.00138821047095519
0.00138713619583509
0.00138606778646266
0.00138500523197057
0.00138394852153713
0.00138289764438615
0.00138185258978688
0.00138081334705394
0.00137977990554715
0.00137875225467153
0.00137773038387715
0.00137671428265905
0.00137570394055716
0.00137469934715618
0.00137370049208552
0.0013727073650192
0.00137171995567573
0.00137073825381805
0.00136976224925342
0.00136879193183332
0.00136782729145339
0.00136686831805331
0.00136591500161668
0.001364967332171
0.00136402529978752
0.00136308889458115
0.00136215810671038
0.00136123292637721
0.00136031334382699
0.00135939934934841
0.00135849093327332
0.00135758808597672
0.00135669079787659
0.00135579905943386
0.00135491286115228
0.00135403219357832
0.0013531570473011
0.0013522874129523
0.00135142328120602
0.00135056464277875
0.00134971148842922
0.00134886380895835
0.00134802159520911
0.00134718483806646
0.00134635352845726
0.00134552765735015
0.00134470721575546
0.00134389219472514
0.00134308258535262
0.00134227837877277
0.00134147956616178
0.00134068613873704
0.00133989808775708
0.00133911540452148
0.00133833808037074
0.0013375661066862
0.00133679947488998
0.00133603817644482
0.00133528220285405
0.00133453154566143
0.00133378619645113
0.00133304614684757
0.00133231138851535
0.00133158191315916
0.00133085771252369
0.00133013877839351
0.00132942510259298
0.00132871667698619
0.00132801349347682
0.00132731554400808
0.00132662282056257
0.00132593531516223
0.00132525301986824
0.0013245759267809
0.00132390402803953
0.00132323731582241
0.00132257578234666
0.00132191941986816
0.00132126822068143
0.00132062217711955
0.00131998128155406
0.00131934552639489
0.00131871490409022
0.00131808940712641
0.0013174690280279
0.00131685375935712
0.00131624359371439
0.0013156385237378
0.00131503854210318
0.00131444364152391
0.00131385381475092
0.00131326905457253
0.00131268935381437
0.00131211470533928
0.00131154510204726
0.00131098053687529
0.0013104210027973
0.00130986649282405
0.00130931700000305
0.00130877251741842
0.00130823303819087
0.00130769855547751
0.00130716906247183
0.00130664455240359
0.00130612501853866
0.00130561045417903
0.00130510085266262
0.00130459620736324
0.00130409651169047
0.00130360175908955
0.00130311194304133
0.00130262705706212
0.00130214709470364
0.00130167204955289
0.00130120191523207
0.00130073668539847
0.0013002763537444
0.00129982091399704
0.00129937035991842
0.00129892468530526
0.00129848388398889
0.00129804794983519
0.00129761687674441
0.00129719065865117
0.00129676928952429
0.00129635276336673
0.0012959410742155
0.00129553421614151
0.00129513218324954
0.0012947349696781
0.00129434256959935
0.00129395497721898
0.00129357218677616
0.00129319419254338
0.00129282098882642
0.0012924525699642
0.00129208893032869
0.00129173006432484
0.00129137596639047
0.00129102663099616
0.00129068205264515
0.00129034222587327
0.00129000714524882
0.00128967680537248
0.0012893512008772
0.00128903032642811
0.00128871417672245
0.00128840274648942
0.00128809603049011
0.00128779402351741
0.0012874967203959
0.00128720411598174
0.00128691620516261
0.00128663298285756
0.00128635444401696
0.00128608058362236
0.00128581139668643
0.00128554687825284
0.00128528702339615
0.00128503182722174
0.00128478128486568
0.00128453539149468
0.00128429414230592
0.00128405753252702
0.0012838255574159
0.00128359821226069
0.00128337549237964
0.001283157393121
0.00128294390986295
0.00128273503801347
0.00128253077301027
0.00128233111032068
0.00128213604544151
0.00128194557389904
0.00128175969124882
0.00128157839307564
0.00128140167499341
0.00128122953264504
0.00128106196170238
0.00128089895786607
0.0012807405168655
0.00128058663445863
0.00128043730643198
0.00128029252860047
0.00128015229680732
0.00128001660692397
0.00127988545485
0.00127975883651296
0.00127963674786833
0.00127951918489942
0.00127940614361721
0.00127929762006031
0.00127919361029483
0.00127909411041429
0.00127899911653951
0.00127890862481851
0.00127882263142641
0.00127874113256531
0.00127866412446423
0.00127859160337898
0.00127852356559205
0.00127846000741252
0.00127840092517596
0.00127834631524431
0.00127829617400581
0.00127825049787487
0.00127820928329196
0.00127817252672355
0.00127814022466195
0.00127811237362524
0.00127808897015718
0.00127807001082707
0.00127805549222967
0.00127804541098508
0.00127803976373865
0.00127803854716089
0.00127804175794732
0.00127804939281841
0.00127806144851945
0.00127807792182046
0.00127809880951607
0.00127812410842544
0.00127815381539211
0.00127818792728395
0.00127822644099302
0.00127826935343546
0.00127831666155142
0.00127836836230491
0.00127842445268372
0.00127848492969931
0.00127854979038671
0.00127861903180439
0.00127869265103417
0.00127877064518112
0.00127885301137345
0.00127893974676238
0.00127903084852207
0.00127912631384946
0.00127922613996424
0.00127933032410867
0.00127943886354749
0.00127955175556784
0.00127966899747912
0.00127979058661291
0.00127991652032283
0.00128004679598445
0.00128018141099518
0.00128032036277414
0.0012804636487621
0.00128061126642132
0.00128076321323544
0.00128091948670943
0.00128108008436939
0.00128124500376254
0.00128141424245701
0.00128158779804181
0.00128176566812665
0.0012819478503419
0.00128213434233842
0.00128232514178747
0.00128252024638062
0.00128271965382958
0.00128292336186616
0.0012831313682421
0.00128334367072897
0.0012835602671181
0.0012837811552204
0.00128400633286629
0.00128423579790557
0.00128446954820733
0.0012847075816598
0.00128494989617024
0.00128519648966487
0.0012854473600887
0.00128570250540545
0.00128596192359742
0.00128622561266536
0.00128649357062841
0.0012867657955239
0.00128704228540732
0.00128732303835213
0.0012876080524497
0.00128789732580915
0.00128819085655727
0.00128848864283837
0.00128879068281419
0.00128909697466375
0.00128940751658326
0.00128972230678599
0.00129004134350216
0.00129036462497881
0.00129069214947966
0.00129102391528506
0.00129135992069179
0.00129170016401298
0.00129204464357799
0.00129239335773229
0.00129274630483732
0.00129310348327037
0.00129346489142451
0.00129383052770837
0.00129420039054613
0.00129457447837732
0.0012949527896567
0.00129533532285419
0.00129572207645469
0.001296113048958
0.00129650823887866
0.00129690764474586
0.00129731126510326
0.00129771909850895
0.00129813114353525
0.00129854739876861
0.0012989678628095
0.00129939253427227
0.001299821411785
0.00130025449398943
0.00130069177954078
0.00130113326710764
0.00130157895537186
0.0013020288430284
0.00130248292878521
0.00130294121136309
0.00130340368949559
0.00130387036192884
0.00130434122742146
0.0013048162847444
0.00130529553268084
0.00130577897002603
0.00130626659558715
0.00130675840818324
0.001307254406645
0.00130775458981468
0.00130825895654598
0.00130876750570386
0.00130928023616447
0.00130979714681495
0.00131031823655335
0.00131084350428847
0.00131137294893973
0.00131190656943706
0.00131244436472069
0.00131298633374111
0.00131353247545888
0.00131408278884449
0.00131463727287825
0.00131519592655014
0.00131575874885966
0.00131632573881571
0.00131689689543645
0.00131747221774915
0.00131805170479008
0.00131863535560431
0.00131922316924565
0.00131981514477644
0.00132041128126746
0.00132101157779774
0.00132161603345449
0.00132222464733286
0.00132283741853591
0.00132345434617436
0.00132407542936653
0.00132470066723814
0.00132533005892223
0.00132596360355892
0.00132660130029537
0.00132724314828557
0.0013278891466902
0.0013285392946765
0.00132919359141814
0.00132985203609502
0.00133051462789319
0.00133118136600465
0.00133185224962721
0.00133252727796437
0.00133320645022515
0.00133388976562394
0.00133457722338036
0.00133526882271911
0.00133596456286979
0.00133666444306681
0.00133736846254917
0.00133807662056035
0.00133878891634817
0.00133950534916458
0.00134022591826557
0.00134095062291098
0.00134167946236436
0.0013424124358928
0.0013431495427668
0.00134389078226008
0.00134463615364948
0.00134538565621474
0.00134613928923837
0.00134689705200553
0.00134765894380379
0.00134842496392306
0.00134919511165537
0.00134996938629474
0.00135074778713701
0.00135153031347968
0.00135231696462176
0.0013531077398636
0.00135390263850673
0.00135470165985369
0.0013555048032079
0.00135631206787345
0.00135712345315497
0.00135793895835747
0.00135875858278614
0.00135958232574623
0.00136041018654284
0.0013612421644808
0.00136207825886447
0.0013629184689976
0.00136376279418313
0.00136461123372305
0.00136546378691823
0.00136632045306823
0.00136718123147115
0.00136804612142347
0.00136891512221984
0.00136978823315297
0.0013706654535134
0.00137154678258936
0.00137243221966659
0.00137332176402817
0.00137421541495435
0.00137511317172238
0.00137601503360631
0.00137692099987685
0.00137783106980116
0.00137874524264273
0.00137966351766115
0.00138058589411193
0.00138151237124637
0.00138244294831136
0.00138337762454919
0.00138431639919738
0.00138525927148851
0.00138620624065003
0.00138715730590407
0.0013881124664673
0.0013890717215507
0.0013900350703594
0.0013910025120925
0.00139197404594291
0.00139294967109709
0.00139392938673497
0.00139491319202969
0.00139590108614743
0.00139689306824727
0.00139788913748093
0.00139888929299264
0.00139989353391895
0.0014009018593885
0.00140191426852188
0.00140293076043141
0.00140395133422099
0.00140497598898587
0.00140600472381245
0.00140703753777815
0.00140807442995117
0.00140911539939032
0.0014101604451448
0.00141120956625405
0.00141226276174752
0.0014133200306445
0.00141438137195392
0.00141544678467415
0.00141651626779279
0.00141758982028652
0.00141866744112087
0.00141974912925
0.00142083488361658
0.0014219247031515
0.00142301858677374
0.00142411653339016
0.00142521854189525
0.00142632461117099
0.00142743474008665
0.00142854892749852
0.00142966717224979
0.0014307894731703
0.00143191582907637
0.00143304623877054
0.00143418070104145
0.00143531921466355
0.00143646177839697
0.00143760839098727
0.00143875905116523
0.00143991375764667
0.00144107250913225
0.00144223530430722
0.00144340214184126
0.00144457302038822
0.00144574793858598
0.00144692689505617
0.00144810988840401
0.00144929691721807
0.00145048798007008
0.00145168307551471
0.00145288220208935
0.00145408535831391
0.00145529254269062
0.00145650375370376
0.00145771898981953
0.00145893824948575
0.00146016153113172
0.00146138883316796
0.00146262015398599
0.00146385549195815
0.00146509484543735
0.00146633821275687
0.00146758559223013
0.00146883698215049
0.001470092380791
0.00147135178640422
0.00147261519722197
0.0014738826114551
0.00147515402729334
0.00147642944290497
0.00147770885643669
0.00147899226601335
0.00148027966973774
0.00148157106569038
0.00148286645192926
0.00148416582648965
0.00148546918738387
0.00148677653260104
0.0014880878601069
0.00148940316784354
0.00149072245372917
0.00149204571565795
0.0014933729514997
0.0014947041590997
0.00149603933627846
0.0014973784808315
0.00149872159052909
0.00150006866311605
0.0015014196963115
0.00150277468780866
0.00150413363527457
0.0015054965363499
0.0015068633886487
0.00150823418975816
0.00150960893723841
0.00151098762862224
0.0015123702614149
0.00151375683309385
0.00151514734110854
0.00151654178288014
0.00151794015580137
0.00151934245723618
0.00152074868451958
0.00152215883495738
0.00152357290582594
0.00152499089437194
0.00152641279781217
0.00152783861333325
0.00152926833809141
0.00153070196921224
0.00153213950379047
0.00153358093888972
0.00153502627154225
0.00153647549874874
0.00153792861747801
0.00153938562466683
0.00154084651721964
0.00154231129200832
0.00154377994587194
0.00154525247561654
0.00154672887801486
0.0015482091498061
0.00154969328769568
0.001551181288355
0.00155267314842121
0.00155416886449692
0.00155566843314999
0.00155717185091327
0.00155867911428437
0.00156019021972539
0.00156170516366269
0.00156322394248663
0.00156474655255135
0.00156627299017447
0.00156780325163691
0.00156933733318256
0.00157087523101812
0.00157241694131279
0.00157396246019802
0.00157551178376731
0.0015770649080759
0.00157862182914057
0.00158018254293935
0.0015817470454113
0.00158331533245624
0.0015848873999345
0.00158646324366668
0.00158804285943338
0.00158962624297499
0.00159121338999136
0.00159280429614164
0.00159439895704396
0.00159599736827519
0.00159759952537071
0.00159920542382416
0.00160081505908713
0.00160242842656898
0.00160404552163654
0.00160566633961387
0.00160729087578199
0.00160891912537867
0.00161055108359812
0.00161218674559077
0.00161382610646302
0.00161546916127693
0.00161711590505006
0.00161876633275512
0.00162042043931978
0.00162207821962638
0.00162373966851168
0.00162540478076662
0.00162707355113606
0.0016287459743185
0.00163042204496585
0.00163210175768316
0.00163378510702839
0.00163547208751212
0.00163716269359731
0.00163885691969903
0.00164055476018424
0.00164225620937148
0.00164396126153069
0.00164566991088284
0.00164738215159981
0.00164909797780402
0.00165081738356822
0.00165254036291526
0.00165426690981779
0.00165599701819799
0.00165773068192741
0.00165946789482657
0.00166120865066485
0.00166295294316013
0.00166470076597856
0.00166645211273434
0.00166820697698942
0.00166996535225326
0.0016717272319826
0.00167349260958115
0.00167526147839939
0.00167703383173428
0.001678809662829
0.00168058896487274
0.00168237173100039
0.00168415795429233
0.00168594762777415
0.00168774074441639
0.00168953729713431
0.00169133727878763
0.00169314068218025
0.00169494750006003
0.00169675772511853
0.00169857134999074
0.00170038836725484
0.00170220876943194
0.00170403254898584
0.00170585969832278
0.00170769020979116
0.00170952407568131
0.00171136128822526
0.00171320183959644
0.00171504572190946
0.00171689292721987
0.00171874344752388
0.00172059727475813
0.00172245440079945
0.00172431481746457
0.00172617851650992
0.00172804548963137
0.00172991572846395
0.00173178922458164
0.00173366596949712
0.0017355459546615
0.00173742917146409
0.00173931561123215
0.00174120526523067
0.00174309812466208
0.00174499418066603
0.00174689342431916
0.00174879584663483
0.0017507014385629
0.00175261019098948
0.00175452209473669
0.00175643714056239
0.00175835531916
0.00176027662115822
0.00176220103712078
0.00176412855754624
0.00176605917286772
0.00176799287345267
0.00176992964960265
0.00177186949155309
0.00177381238947301
0.00177575833346487
0.00177770731356424
0.00177965931973966
0.00178161434189232
0.00178357236985591
0.00178553339339632
0.00178749740221146
0.00178946438593099
0.00179143433411613
0.0017934072362594
0.0017953830817844
0.00179736186004562
0.00179934356032814
0.00180132817184748
0.00180331568374935
0.00180530608510939
0.001807299364933
0.00180929551215511
0.00181129451563993
0.00181329636418075
0.00181530104649973
0.00181730855124767
0.00181931886700378
0.00182133198227551
0.00182334788549828
0.0018253665650353
0.00182738800917735
0.00182941220614258
0.00183143914407626
0.00183346881105063
0.00183550119506462
0.00183753628404371
0.0018395740658397
0.00184161452823047
0.00184365765891983
0.00184570344553728
0.00184775187563783
0.00184980293670178
0.00185185661613454
0.00185391290126641
0.00185597177935241
0.00185803323757205
0.00186009726302917
0.00186216384275173
0.0018642329636916
0.00186630461272441
0.00186837877664932
0.00187045544218887
0.00187253459598874
0.00187461622461764
0.00187670031456704
0.00187878685225105
0.00188087582400622
0.00188296721609135
0.00188506101468732
0.00188715720589691
0.00188925577574463
0.00189135671017654
0.00189345999506008
0.00189556561618388
0.00189767355925762
0.00189978380991184
0.00190189635369781
0.00190401117608728
0.00190612826247243
0.00190824759816559
0.0019103691683992
0.00191249295832553
0.00191461895301663
0.00191674713746409
0.00191887749657894
0.00192101001519148
0.00192314467805111
0.00192528146982623
0.00192742037510402
0.00192956137839038
0.0019317044641097
0.00193384961660479
0.00193599682013669
0.00193814605888456
0.00194029731694555
0.0019424505783346
0.0019446058269844
0.00194676304674521
0.0019489222213847
0.0019510833345879
0.00195324636995701
0.0019554113110113
0.00195757814118699
0.00195974684383712
0.00196191740223144
0.00196408979955631
0.00196626401891453
0.00196844004332531
0.00197061785572409
0.00197279743896248
0.00197497877580812
0.00197716184894458
0.0019793466409713
0.00198153313440344
0.0019837213116718
0.00198591115512274
0.00198810264701807
0.00199029576953496
0.00199249050476586
0.00199468683471841
0.00199688474131536
0.00199908420639448
0.00200128521170847
0.00200348773892493
0.00200569176962622
0.00200789728530945
0.00201010426738635
0.00201231269718325
0.002014522555941
0.00201673382481489
0.00201894648487461
0.00202116051710419
0.00202337590240192
0.00202559262158035
0.00202781065536617
0.00203002998440021
0.00203225058923737
0.00203447245034662
0.00203669554811088
0.00203891986282706
0.00204114537470598
0.00204337206387236
0.00204559991036475
0.00204782889413557
0.00205005899505101
0.00205229019289107
0.00205452246734949
0.00205675579803376
0.00205899016446513
0.00206122554607852
0.00206346192222259
0.00206569927215971
0.00206793757506593
0.002070176810031
0.00207241695605839
0.00207465799206526
0.00207689989688248
0.00207914264925466
0.00208138622784014
0.00208363061121101
0.00208587577785312
0.00208812170616616
0.00209036837446358
0.00209261576097272
0.00209486384383479
0.0020971126011049
0.00209936201075212
0.00210161205065951
0.00210386269862415
0.00210611393235722
0.002108365729484
0.00211061806754397
0.00211287092399083
0.0021151242761926
0.00211737810143161
0.00211963237690464
0.00212188707972295
0.00212414218691236
0.00212639767541331
0.00212865352208095
0.00213090970368524
0.00213316619691097
0.00213542297835794
0.00213768002454096
0.00213993731189
0.00214219481675027
0.00214445251538231
0.00214671038396211
0.00214896839858121
0.00215122653524682
0.00215348476988189
0.00215574307832529
0.0021580014363319
0.00216025981957271
0.002162518203635
0.00216477656402242
0.00216703487615515
0.00216929311537004
0.00217155125692072
0.0021738092759778
0.00217606714762896
0.00217832484687914
0.00218058234865067
0.00218283962778345
0.00218509665903509
0.00218735341708111
0.00218960987651505
0.00219186601184872
0.0021941217975123
0.00219637720785457
0.00219863221714309
0.00220088679956435
0.00220314092922401
0.00220539458014707
0.00220764772627804
0.00220990034148122
0.00221215239954081
0.00221440387416119
0.00221665473896712
0.00221890496750393
0.00222115453323776
0.00222340340955578
0.00222565156976643
0.00222789898709964
0.00223014563470705
0.00223239148566228
0.00223463651296117
0.00223688068952202
0.00223912398818581
0.0022413663817165
0.0022436078428013
0.00224584834405087
0.00224808785799962
0.00225032635710602
0.00225256381375281
0.0022548002002473
0.00225703548882169
0.00225926965163328
0.00226150266076485
0.00226373448822488
0.00226596510594788
0.0022681944857947
0.00227042259955282
0.00227264941893666
0.00227487491558791
0.00227709906107584
0.0022793218268976
0.00228154318447858
0.00228376310517274
0.00228598156026289
0.00228819852096112
0.00229041395840906
0.00229262784367825
0.00229484014777053
0.00229705084161835
0.00229925989608511
0.00230146728196561
0.00230367296998632
0.00230587693080581
0.00230807913501511
0.00231027955313807
0.00231247815563179
0.00231467491288694
0.00231686979522822
0.00231906277291472
0.00232125381614032
0.00232344289503409
0.00232562997966072
0.00232781504002093
0.00232999804605186
0.00233217896762752
0.00233435777455919
0.00233653443659588
0.00233870892342472
0.00234088120467145
0.00234305124990082
0.00234521902861705
0.00234738451026429
0.00234954766422705
0.00235170845983069
0.00235386686634187
0.00235602285296898
0.00235817638886268
0.00236032744311632
0.00236247598476647
0.00236462198279332
0.00236676540612127
0.00236890622361935
0.00237104440410174
0.00237317991632828
0.00237531272900496
0.00237744281078444
0.00237957013026654
0.0023816946559988
0.00238381635647697
0.00238593520014552
0.00238805115539823
0.00239016419057866
0.00239227427398072
0.00239438137384923
0.00239648545838041
0.00239858649572251
0.00240068445397628
0.0024027793011956
0.002404871005388
0.00240695953451526
0.00240904485649396
0.00241112693919604
0.00241320575044944
0.00241528125803862
0.00241735342970518
0.00241942223314847
0.00242148763602614
0.00242354960595478
0.00242560811051052
0.00242766311722961
0.00242971459360909
0.00243176250710733
0.00243380682514475
0.00243584751510435
0.00243788454433241
0.00243991788013907
0.00244194748979902
0.00244397334055212
0.00244599539960402
0.00244801363412685
0.00245002801125987
0.00245203849811011
0.00245404506175304
0.00245604766923324
0.00245804628756507
0.00246004088373336
0.00246203142469404
0.00246401787737488
0.00246600020867616
0.00246797838547134
0.00246995237460778
0.00247192214290741
0.00247388765716747
0.00247584888416119
0.00247780579063852
0.0024797583433268
0.00248170650893156
0.00248365025413715
0.00248558954560752
0.00248752434998696
0.0024894546339008
0.00249138036395615
0.00249330150674267
0.00249521802883328
0.00249712989678495
0.0024990370771394
0.00250093953642393
0.00250283724115208
0.00250473015782449
0.00250661825292962
0.00250850149294452
0.00251037984433562
0.00251225327355951
0.0025141217470637
0.00251598523128743
0.00251784369266246
0.00251969709761383
0.00252154541256069
0.00252338860391711
0.00252522663809284
0.00252705948149415
0.00252888710052462
0.00253070946158599
0.00253252653107894
0.00253433827540391
0.00253614466096197
0.00253794565415559
0.00253974122138951
0.00254153132907156
0.00254331594361349
0.00254509503143184
0.00254686855894875
0.00254863649259283
0.0025503987988
0.00255215544401434
0.00255390639468896
0.00255565161728686
0.00255739107828178
0.00255912474415908
0.0025608525814166
0.00256257455656553
0.00256429063613131
0.00256600078665446
0.00256770497469152
0.00256940316681589
0.00257109532961875
0.00257278142970992
0.00257446143371876
0.00257613530829508
0.00257780302011006
0.00257946453585707
0.00258111982225266
0.00258276884603744
0.00258441157397696
0.00258604797286266
0.00258767800951278
0.00258930165077325
0.00259091886351864
0.00259252961465307
0.00259413387111114
0.00259573159985884
0.00259732276789451
0.00259890734224976
0.00260048528999038
0.00260205657821732
0.0026036211740676
0.00260517904471526
0.00260673015737232
0.00260827447928967
0.00260981197775811
0.00261134262010921
0.00261286637371633
0.00261438320599553
0.00261589308440655
0.00261739597645377
0.00261889184968715
0.00262038067170321
0.00262186241014601
0.00262333703270807
0.0026248045071314
0.00262626480120839
0.00262771788278288
0.00262916371975104
0.00263060228006242
0.00263203353172087
0.00263345744278556
0.00263487398137194
0.00263628311565271
0.00263768481385884
0.00263907904428053
0.00264046577526817
0.00264184497523341
0.00264321661265005
0.00264458065605509
0.00264593707404971
0.00264728583530025
0.00264862690853924
0.00264996026256633
0.00265128586624936
0.00265260368852529
0.00265391369840125
0.00265521586495551
0.0026565101573385
0.00265779654477377
0.00265907499655906
0.00266034548206723
0.00266160797074731
0.0026628624321255
0.00266410883580616
0.0026653471514728
0.00266657734888913
0.00266779939790003
0.00266901326843258
0.00267021893049705
0.00267141635418792
0.00267260550968487
0.00267378636725381
0.00267495889724789
0.00267612307010848
0.00267727885636621
0.00267842622664196
0.00267956515164788
0.0026806956021884
0.00268181754916123
0.00268293096355838
0.00268403581646715
0.00268513207907117
0.00268621972265137
0.00268729871858705
0.00268836903835681
0.00268943065353961
0.00269048353581577
0.00269152765696796
0.00269256298888224
0.00269358950354903
0.00269460717306412
0.00269561596962971
0.00269661586555538
0.00269760683325909
0.00269858884526823
0.00269956187422055
0.00270052589286522
0.00270148087406382
0.00270242679079131
0.00270336361613707
0.00270429132330585
0.00270520988561882
0.0027061192765145
0.00270701946954983
0.00270791043840111
0.00270879215686498
0.00270966459885948
0.00271052773842494
0.00271138154972507
0.00271222600704787
0.00271306108480663
0.00271388675754094
0.00271470299991766
0.00271550978673185
0.00271630709290784
0.00271709489350011
0.00271787316369433
0.00271864187880832
0.00271940101429297
0.00272015054573329
0.0027208904488493
0.00272162069949703
0.00272234127366948
0.00272305214749758
0.00272375329725113
0.00272444469933977
0.00272512633031394
0.00272579816686579
0.00272646018583017
0.00272711236418557
0.00272775467905503
0.0027283871077071
0.00272900962755679
0.00272962221616647
0.00273022485124684
0.00273081751065783
0.00273140017240953
0.00273197281466311
0.00273253541573176
0.00273308795408159
0.00273363040833253
0.00273416275725926
0.00273468497979212
0.00273519705501798
0.00273569896218119
0.00273619068068443
0.00273667219008964
0.00273714347011888
0.00273760450065522
0.00273805526174367
0.00273849573359197
0.00273892589657155
0.00273934573121837
0.00273975521823375
0.00274015433848529
0.00274054307300773
0.00274092140300374
0.00274128930984486
0.00274164677507227
0.00274199378039768
0.00274233030770417
0.00274265633904699
0.00274297185665444
0.00274327684292865
0.00274357128044643
0.00274385515196008
0.00274412844039822
0.00274439112886657
0.00274464320064876
0.00274488463920716
0.00274511542818364
0.00274533555140039
0.00274554499286067
0.00274574373674962
0.00274593176743504
0.00274610906946813
0.00274627562758429
0.00274643142670384
0.00274657645193285
0.00274671068856379
0.00274683412207637
0.00274694673813822
0.00274704852260564
0.00274713946152436
0.00274721954113021
0.00274728874784989
0.00274734706830166
0.00274739448929605
0.00274743099783656
0.00274745658112036
0.00274747122653901
0.00274747492167908
0.00274746765432289
0.00274744941244917
0.00274742018423371
0.00274737995805004
0.00274732872247008
0.0027472664662648
0.00274719317840485
0.00274710884806122
0.00274701346460583
0.00274690701761222
0.00274678949685611
0.00274666089231606
0.00274652119417404
0.00274637039281606
0.00274620847883277
0.00274603544301999
0.00274585127637938
0.00274565597011895
0.00274544951565366
0.00274523190460596
0.00274500312880637
0.00274476318029403
0.0027445120513172
0.00274424973433386
0.00274397622201219
0.00274369150723112
0.00274339558308083
0.00274308844286325
0.00274277008009261
0.00274244048849585
0.00274209966201321
0.00274174759479864
0.00274138428122027
0.00274100971586092
0.00274062389351854
0.00274022680920665
0.00273981845815479
0.002739398835809
0.00273896793783215
0.00273852576010449
0.00273807229872395
0.00273760755000663
0.00273713151048715
0.00273664417691908
0.00273614554627531
0.00273563561574841
0.00273511438275102
0.00273458184491623
0.0027340380000979
0.00273348284637101
0.00273291638203204
0.00273233860559927
0.00273174951581309
0.00273114911163636
0.00273053739225468
0.00272991435707671
0.00272928000573445
0.00272863433808356
0.00272797735420357
0.00272730905439823
0.00272662943919571
0.00272593850934888
0.00272523626583554
0.00272452270985868
0.00272379784284669
0.00272306166645358
0.0027223141825592
0.00272155539326946
0.00272078530091648
0.00272000390805883
0.00271921121748168
0.00271840723219697
0.0027175919554436
0.00271676539068754
0.00271592754162202
0.00271507841216767
0.00271421800647258
0.00271334632891252
0.00271246338409098
0.0027115691768393
0.00271066371221678
0.00270974699551075
0.00270881903223664
0.00270787982813807
0.00270692938918691
0.00270596772158332
0.00270499483175582
0.00270401072636129
0.00270301541228503
0.00270200889664077
0.00270099118677067
0.00269996229024535
0.00269892221486383
0.00269787096865358
0.00269680855987044
0.00269573499699865
0.00269465028875073
0.0026935544440675
0.00269244747211797
0.00269132938229932
0.00269020018423679
0.0026890598877836
0.00268790850302087
0.00268674604025752
0.00268557251003011
0.00268438792310281
0.00268319229046719
0.00268198562334213
0.00268076793317365
0.00267953923163477
0.00267829953062533
0.00267704884227185
0.00267578717892731
0.00267451455317098
0.00267323097780823
0.00267193646587032
0.00267063103061416
0.00266931468552211
0.00266798744430174
0.00266664932088559
0.00266530032943092
0.00266394048431943
0.00266256980015705
0.00266118829177357
0.00265979597422244
0.00265839286278043
0.00265697897294735
0.00265555432044571
0.00265411892122043
0.00265267279143849
0.0026512159474886
0.00264974840598085
0.00264827018374636
0.00264678129783692
0.00264528176552459
0.00264377160430135
0.0026422508318787
0.00264071946618726
0.00263917752537636
0.00263762502781362
0.00263606199208455
0.00263448843699208
0.00263290438155615
0.00263130984501325
0.00262970484681595
0.00262808940663244
0.00262646354434606
0.00262482728005484
0.00262318063407093
0.00262152362692019
0.00261985627934162
0.00261817861228687
0.0026164906469197
0.00261479240461546
0.00261308390696054
0.0026113651757518
0.00260963623299606
0.00260789710090947
0.00260614780191699
0.00260438835865176
0.00260261879395454
0.0026008391308731
0.00259904939266162
0.00259724960278004
0.00259543978489348
0.00259361996287157
0.00259179016078783
0.00258995040291902
0.00258810071374449
0.00258624111794549
0.00258437164040451
0.00258249230620461
0.00258060314062872
0.00257870416915895
0.00257679541747589
0.00257487691145788
0.0025729486771803
0.00257101074091486
0.00256906312912884
0.00256710586848435
0.00256513898583761
0.00256316250823815
0.00256117646292808
0.00255918087734129
0.00255717577910269
0.00255516119602742
0.00255313715612004
0.00255110368757375
0.00254906081876955
0.00254700857827547
0.0025449469948457
0.00254287609741978
0.00254079591512176
0.00253870647725938
0.00253660781332315
0.00253449995298556
0.00253238292610018
0.0025302567627008
0.00252812149300053
0.00252597714739096
0.00252382375644119
0.00252166135089701
0.00251948996167994
0.00251730961988633
0.00251512035678645
0.00251292220382357
0.00251071519261298
0.0025084993549411
0.00250627472276453
0.00250404132820908
0.0025017992035688
0.00249954838130504
0.00249728889404547
0.00249502077458311
0.00249274405587532
0.00249045877104286
0.00248816495336882
0.00248586263629771
0.00248355185343437
0.002481232638543
0.00247890502554615
0.00247656904852364
0.0024742247417116
0.0024718721395014
0.0024695112764386
0.00246714218722189
0.0024647649067021
0.00246237946988108
0.00245998591191065
0.00245758426809155
0.00245517457387236
0.00245275686484841
0.00245033117676068
0.00244789754549477
0.00244545600707974
0.00244300659768705
0.00244054935362942
0.00243808431135979
0.00243561150747011
0.00243313097869031
0.00243064276188711
0.00242814689406294
0.00242564341235479
0.00242313235403304
0.00242061375650038
0.00241808765729063
0.00241555409406759
0.00241301310462388
0.00241046472687979
0.00240790899888215
0.00240534595880309
0.00240277564493894
0.00240019809570901
0.00239761334965443
0.00239502144543698
0.00239242242183788
0.00238981631775662
0.00238720317220972
0.00238458302432963
0.00238195591336342
0.00237932187867166
0.00237668095972715
0.00237403319611378
0.00237137862752523
0.00236871729376383
0.0023660492347393
0.00236337449046755
0.00236069310106942
0.00235800510676948
0.0023553105478948
0.0023526094648737
0.00234990189823453
0.00234718788860441
0.00234446747670801
0.00234174070336627
0.00233900760949522
0.00233626823610465
0.00233352262429691
0.00233077081526566
0.00232801285029458
0.00232524877075613
0.00232247861811028
0.0023197024339033
0.0023169202597664
0.00231413213741456
0.0023113381086452
0.00230853821533693
0.0023057324994483
0.0023029210030165
0.00230010376815608
0.00229728083705772
0.0022944522519869
0.00229161805528267
0.00228877828935632
0.00228593299669016
0.00228308221983618
0.00228022600141482
0.00227736438411364
0.00227449741068608
0.00227162512395014
0.00226874756678712
0.00226586478214032
0.00226297681301374
0.00226008370247085
0.00225718549363324
0.00225428222967934
0.00225137395384319
0.00224846070941307
0.00224554253973027
0.00224261948818779
0.00223969159822902
0.00223675891334651
0.00223382147708063
0.0022308793330183
0.0022279325247917
0.00222498109607699
0.00222202509059303
0.00221906455210006
0.00221609952439845
0.0022131300513274
0.00221015617676364
0.00220717794462019
0.00220419539884503
0.00220120858341982
0.00219821754235867
0.0021952223197068
0.0021922229595393
0.00218921950595982
0.00218621200309931
0.00218320049511476
0.00218018502618791
0.00217716564052395
0.0021741423823503
0.00217111529591531
0.00216808442548699
0.00216504981535177
0.00216201150981318
0.00215896955319065
0.00215592398981821
0.00215287486404325
0.00214982222022524
0.00214676610273451
0.00214370655595096
0.00214064362426283
0.00213757735206544
0.00213450778375996
0.00213143496375215
0.00212835893645113
0.00212527974626812
0.00212219743761524
0.00211911205490425
0.00211602364254532
0.0021129322449458
0.00210983790650901
0.00210674067163301
0.00210364058470937
0.00210053769012198
0.00209743203224578
0.00209432365544564
0.00209121260407505
0.002088098922475
0.00208498265497274
0.00208186384588058
0.00207874253949472
0.00207561878009402
0.00207249261193887
0.00206936407926995
0.00206623322630708
0.00206310009724805
0.00205996473626742
0.0020568271875154
0.00205368749511662
0.00205054570316903
0.0020474018557427
0.0020442559968787
0.00204110817058794
0.00203795842085002
0.00203480679161209
0.00203165332678772
0.00202849807025578
0.0020253410658593
0.00202218235740433
0.00201902198865887
0.00201586000335171
0.00201269644517135
0.00200953135776488
0.0020063647847369
0.00200319676964839
0.00200002735601568
0.00199685658730929
0.00199368450695292
0.00199051115832233
0.00198733658474429
0.00198416082949551
0.00198098393580157
0.0019778059468359
0.00197462690571868
0.00197144685551585
0.00196826583923803
0.00196508389983951
0.00196190108021719
0.00195871742320962
0.00195553297159591
0.00195234776809478
0.00194916185536351
0.00194597527599697
0.0019427880725266
0.00193960028741944
0.00193641196307715
0.00193322314183501
0.00193003386596097
0.00192684417765469
0.00192365411904654
0.0019204637321967
0.00191727305909417
0.00191408214165586
0.00191089102172563
0.00190769974107338
0.0019045083413941
0.00190131686430699
0.00189812535135452
0.00189493384400155
0.0018917423836344
0.00188855101155999
0.00188535976900492
0.00188216869711465
0.00187897783695256
0.00187578722949911
0.00187259691565102
0.00186940693622035
0.0018662173319337
0.00186302814343134
0.00185983941126642
0.0018566511759041
0.00185346347772075
0.00185027635700314
0.00184708985394763
0.00184390400865937
0.0018407188611515
0.00183753445134439
0.00183435081906483
0.00183116800404527
0.00182798604592309
0.00182480498423978
0.00182162485844022
0.00181844570787197
0.00181526757178446
0.00181209048932834
0.00180891449955471
0.00180573964141438
0.00180256595375726
0.00179939347533155
0.00179622224478311
0.00179305230065475
0.00178988368138558
0.00178671642531031
0.00178355057065857
0.0017803861555543
0.00177722321801509
0.00177406179595149
0.00177090192716644
0.0017677436493546
0.00176458700010174
0.00176143201688416
0.00175827873706802
0.00175512719790879
0.00175197743655068
0.00174882949002598
0.00174568339525456
0.00174253918904328
0.00173939690808541
0.0017362565889601
0.00173311826813183
0.00172998198194987
0.00172684776664776
0.00172371565834277
0.00172058569303541
0.00171745790660891
0.00171433233482872
0.00171120901334201
0.00170808797767724
0.00170496926324359
0.00170185290533058
0.00169873893910758
0.00169562739962333
0.00169251832180554
0.00168941174046043
0.0016863076902723
0.00168320620580311
0.00168010732149208
0.00167701107165527
0.00167391749048519
0.0016708266120504
0.00166773847029514
0.00166465309903895
0.0016615705319763
0.00165849080267625
0.00165541394458208
0.00165233999101092
0.00164926897515351
0.00164620093007375
0.00164313588870847
0.00164007388386709
0.00163701494823131
0.00163395911435481
0.00163090641466299
0.00162785688145266
0.00162481054689177
0.00162176744301918
0.00161872760174436
0.00161569105484717
0.00161265783397758
0.00160962797065551
0.00160660149627053
0.00160357844208169
0.00160055883921727
0.00159754271867462
0.00159453011131996
0.00159152104788815
0.00158851555898257
0.00158551367507492
0.00158251542650505
0.00157952084348082
0.00157652995607798
0.00157354279423994
0.00157055938777776
0.00156757976636994
0.00156460395956231
0.00156163199676799
0.0015586639072672
0.00155569972020724
0.00155273946460235
0.00154978316933368
0.00154683086314919
0.0015438825746636
0.00154093833235832
0.00153799816458146
0.0015350620995477
0.00153213016533835
0.00152920238990126
0.00152627880105084
0.00152335942646806
0.00152044429370042
0.00151753343016196
0.00151462686313332
0.00151172461976169
0.00150882672706094
0.00150593321191153
0.00150304410106068
0.00150015942112234
0.0014972791985773
0.00149440345977321
0.00149153223092473
0.00148866553811351
0.00148580340728839
0.00148294586426542
0.00148009293472801
0.00147724464422701
0.00147440101818086
0.00147156208187571
0.00146872786046554
0.00146589837897232
0.00146307366228616
0.00146025373516548
0.00145743862223712
0.00145462834799659
0.0014518229368082
0.00144902241290524
0.00144622680039023
0.00144343612323507
0.00144065040528126
0.00143786967024012
0.00143509394169304
0.00143232324309165
0.00142955759775813
0.00142679702888539
0.00142404155953738
0.0014212912126493
0.00141854601102791
0.00141580597735176
0.00141307113417151
0.00141034150391019
0.00140761710886352
0.00140489797120019
0.00140218411296218
0.00139947555606508
0.00139677232229839
0.0013940744333259
0.00139138191068595
0.00138869477579186
0.00138601304993221
0.00138333675427126
0.00138066590984925
0.00137800053758283
0.00137534065826539
0.00137268629256747
0.00137003746103718
0.00136739418410054
0.00136475648206191
0.00136212437510443
0.00135949788329041
0.00135687702656175
0.0013542618247404
0.00135165229752878
0.00134904846451021
0.00134645034514942
0.00134385795879295
0.00134127132466964
0.0013386904618911
0.0013361153894522
0.00133354612623154
0.00133098269099194
0.00132842510238095
0.00132587337893136
0.0013233275390617
0.00132078760107677
0.00131825358316813
0.00131572550341468
0.00131320337978318
0.00131068723012878
0.00130817707219558
0.00130567292361718
0.00130317480191726
0.00130068272451014
0.00129819670870135
0.00129571677168823
0.00129324293056048
0.0012907752023008
0.00128831360378548
0.00128585815178498
0.00128340886296456
0.00128096575388492
0.00127852884100281
0.00127609814067164
0.00127367366914215
0.00127125544256304
0.00126884347698164
0.00126643778834452
0.00126403839249822
0.00126164530518986
0.00125925854206783
0.00125687811868251
0.0012545040504869
0.00125213635283735
0.00124977504099425
0.00124742013012274
0.0012450716352934
0.00124272957148301
0.00124039395357523
0.00123806479636134
0.00123574211454101
0.00123342592272299
0.0012311162354259
0.00122881306707896
0.00122651643202275
0.00122422634450999
0.00122194281870629
0.00121966586869096
0.00121739550845776
0.0012151317519157
0.00121287461288984
0.00121062410512209
0.00120838024227202
0.00120614303791767
0.00120391250555635
0.0012016886586055
0.00119947151040349
0.00119726107421049
0.00119505736320926
0.00119286039050605
0.00119067016913143
0.00118848671204114
0.001186310032117
0.00118414014216772
0.00118197705492982
0.0011798207830685
0.00117767133917853
0.00117552873578516
0.00117339298534499
0.00117126410024689
0.00116914209281294
0.0011670269752993
0.00116491875989719
0.00116281745873376
0.00116072308387308
0.00115863564731704
0.00115655516100634
0.0011544816368214
0.00115241508658336
0.00115035552205502
0.00114830295494182
0.00114625739689281
0.00114421885950167
0.00114218735430764
0.00114016289279655
0.00113814548640185
0.00113613514650555
0.00113413188443929
0.00113213571148534
0.00113014663887763
0.00112816467780276
0.00112618983940108
0.00112422213476771
0.00112226157495356
0.00112030817096646
0.00111836193377216
0.00111642287429541
0.00111449100342106
0.00111256633199513
0.00111064887082587
0.00110873863068489
0.00110683562230825
0.00110493985639756
0.00110305134362109
0.0011011700946149
0.00109929611998396
0.00109742943030328
0.00109557003611904
0.00109371794794976
0.00109187317628742
0.00109003573159864
0.00108820562432585
0.00108638286488842
0.00108456746368388
0.00108275943108911
0.00108095877746147
0.00107916551314007
0.00107737964844692
0.00107560119368818
0.00107383015915536
0.00107206655512653
0.0010703103918676
0.00106856167963348
0.00106682042866941
0.00106508664921217
0.00106336035149135
0.00106164154573057
0.00105993024214887
0.00105822645096185
0.00105653018238306
0.00105484144662528
0.00105316025390178
0.00105148661442765
0.00104982053842117
0.00104816203610506
0.00104651111770785
0.00104486779346523
0.00104323207362139
0.00104160396843037
0.00103998348815743
0.00103837064308042
0.00103676544349118
0.00103516789969691
0.00103357802202154
0.00103199582080722
0.00103042130641563
0.0010288544892295
0.00102729537965394
0.00102574398811798
0.00102420032507594
0.00102266440100892
0.00102113622642627
0.00101961581186704
0.0010181031679015
0.00101659830513258
0.00101510123419742
0.00101361196576884
0.00101213051055689
0.00101065687931037
0.00100919108281835
0.00100773313191175
0.00100628303746486
0.00100484081039692
0.00100340646167373
0.00100198000230918
0.00100056144336688
0.000999150795961771
0.000997748071261717
0.00099635328048915
0.000994966434922703
0.000993587545898858
0.000992216624813605
0.000990853683124106
0.000989498732350383
0.000988151784077006
0.000986812849954794
0.000985481941702527
0.000984159071108678
0.000982844250033139
0.000981537490408981
0.0009802388042442
0.000978948203623501
0.000977665700710074
0.000976391307747394
0.000975125037061027
0.000973866901060448
0.000972616912240878
0.000971375083185131
0.000970141426565467
0.000968915955145467
0.000967698681781919
0.000966489619426715
0.000965288781128761
0.000964096180035903
0.000962911829396868
0.000961735742563216
0.000960567932991307
0.00095940841424428
0.000958257199994055
0.000957114304023338
0.00095597974022765
0.000954853522617365
0.000953735665319767
0.000952626182581121
0.000951525088768761
0.000950432398373189
0.0009493481260102
0.000948272286423005
0.000947204894484397
0.000946145965198906
0.000945095513704988
0.00094405355527723
0.000943020105328563
0.000941995179412499
0.000940978793225388
0.000939970962608686
0.000938971703551245
0.000937981032191624
0.00093699896482041
0.000936025517882571
0.000935060707979811
0.000934104551872963
0.000933157066484385
0.000932218268900385
0.000931288176373667
0.000930366806325791
0.000929454176349658
0.000928550304212015
0.00092765520785598
0.000926768905403589
0.000925891415158368
0.000925022755607918
0.000924162945426536
0.00092331200347784
0.000922469948817442
0.000921636800695613
0.00092081257856
0.000919997302058354
0.000919190991041274
0.000918393665564993
0.000917605345894177
0.000916826052504752
0.000916055806086756
0.000915294627547217
0.000914542538013058
0.000913799558834025
0.000913065711585649
0.000912341018072225
0.000911625500329829
0.000910919180629351
0.000910222081479571
0.000909534225630246
0.000908855636075249
0.000908186336055708
0.000907526349063203
0.000906875698842974
0.00090623440939717
0.000905602504988126
0.000904980010141665
0.000904366949650443
0.000903763348577323
0.000903169232258775
0.000902584626308316
0.00090200955661998
0.000901444049371828
0.000900888131029483
0.00090034182834971
0.000899805168384024
0.000899278178482337
0.000898760886296643
0.000898253319784738
0.000897755507213975
0.000897267477165067
0.000896789258535915
0.000896320880545482
0.000895862372737712
0.000895413764985474
0.00089497508749457
0.000894546370807755
0.000894127645808829
0.000893718943726744
0.000893320296139777
0.000892931734979734
0.000892553292536196
0.000892185001460823
0.000891826894771689
0.000891479005857673
0.000891141368482894
0.000890814016791189
0.000890496985310647
0.00089019030895819
0.000889894023044187
0.000889608163277158
0.000889332765768481
0.000889067867037181
0.000888813504014768
0.000888569714050114
0.000888336534914402
0.00088811400480612
0.000887902162356106
0.00088770104663266
0.000887510697146704
0.000887331153857008
0.000887162457175465
0.000887004647972432
0.000886857767582134
0.000886721857808118
0.00088659696092878
0.000886483119702949
0.000886380377375542
0.000886288777683269
0.00088620836486042
0.000886139183644711
0.000886081279283195
0.000886034697538247
0.000885999484693618
0.000885975687560553
0.000885963353483986
0.000885962530348814
0.000885973266586228
0.000885995611180134
0.00088602961367364
0.000886075324175628
0.000886132793367396
0.000886202072509384
0.00088628321344798
0.000886376268622405
0.000886481291071684
0.000886598334441696
0.000886727452992315
0.000886868701604633
0.00088702213578827
0.000887187811688776
0.000887365786095123
0.000887556116447286
0.000887758860843917
0.000887974078050116
0.000888201827505292
0.000888442169331131
0.000888695164339647
0.000888960874041353
0.000889239360653509
0.000889530687108496
0.000889834917062283
0.000890152114902995
0.000890482345759599
0.000890825675510697
0.000891182170793419
0.000891551899012445
0.000891934928349128
0.000892331327770739
0.000892741167039824
0.000893164516723689
0.000893601448203997
0.000894052033686492
0.000894516346210847
0.00089499445966064
0.000895486448773454
0.000895992389151112
0.000896512357270043
0.000897046430491782
0.000897594687073601
0.00089815720617929
0.000898734067890068
0.000899325353215638
0.000899931144105399
0.00090055152345978
0.000901186575141752
0.000901836383988467
0.00090250103582307
0.000903180617466654
0.000903875216750374
0.000904584922527734
0.000905309824687021
0.000906050014163924
0.000906805582954295
0.000907576624127109
0.000908363231837581
0.000909165501340461
0.000909983529003512
0.000910817412321172
0.000911667249928388
0.000912533141614654
0.000913415188338227
0.000914313492240541
0.000915228156660824
0.000916159286150895
0.000917106986490185
0.000918071364700953
0.000919052529063711
0.000920050589132861
0.000921065655752553
0.000922097841072752
0.00092314725856554
0.000924214023041629
0.000925298250667115
0.00092640005898046
0.000927519566909711
0.000928656894789959
0.000929812164381045
0.000930985498885505
0.000932177022966779
0.000933386862767671
0.00093461514592906
0.000935862001608893
0.00093712756050143
0.000938411954856771
0.000939715318500653
0.000941037786854535
0.000942379496955963
0.000943740587479235
0.000945121198756342
0.000946521472798236
0.000947941553316375
0.000949381585744594
0.00095084171726129
0.000952322096811923
0.000953822875131834
0.00095534420476941
0.000956886240109571
0.000958449137397605
0.000960033054763345
0.000961638152245696
0.000963264591817529
0.00096491253741093
0.000966582154942825
0.000968273612340968
0.00096998707957033
0.000971722728659861
0.000973480733729649
0.000975261271018488
0.000977064518911842
0.00097889065797023
0.000980739870958032
0.000982612342872721
0.00098450826097453
0.000986427814816567
0.000988371196275362
0.000990338599581902
0.000992330221353099
0.000994346260623749
0.000996386918878968
0.000998452400087114
0.0010005429107332
0.00100265865985285
0.00100479985906667
0.00100696672261529
0.00100915946739481
0.00101137831299282
0.00101362348172502
0.00101589519867232
0.00101819369171857
0.00102051919158885
0.00102287193188832
0.00102525214914167
0.00102766008283327
0.00103009597544778
0.00103256007251152
0.00103505262263441
0.00103757387755261
0.00104012409217173
0.00104270352461085
0.0010453124362471
0.001047951091761
0.00105061975918247
0.00105331870993763
0.00105604821889623
0.00105880856441992
0.00106160002841123
0.00106442289636331
0.0010672774574105
0.00107016400437966
0.00107308283384232
0.00107603424616769
0.00107901854557644
0.00108203604019543
0.00108508704211321
0.00108817186743651
0.00109129083634752
0.0010944442731622
0.00109763250638943
0.00110085586879118
0.00110411469744362
0.00110740933379918
0.00111074012374967
0.0011141074176904
0.00111751157058532
0.00112095294203322
0.00112443189633507
0.00112794880256232
0.00113150403462645
0.00113509797134958
0.00113873099653626
0.00114240349904644
0.00114611587286958
0.0011498685172001
0.00115366183651391
0.00115749624064636
0.00116137214487136
0.00116528996998188
0.00116925014237174
0.00117325309411876
0.00117729926306934
0.0011813890929244
0.00118552303332674
0.00118970153994995
0.00119392507458864
0.0011981941052504
0.0012025091062491
0.0012068705582999
0.00121127894861576
0.00121573477100567
0.00122023852597446
0.00122479072082436
0.00122939186975822
0.00123404249398455
0.00123874312182429
0.00124349428881941
0.00124829653784342
0.00125315041921366
0.00125805649080564
0.00126301531816922
0.00126802747464685
0.00127309354149387
0.00127821410800078
0.00128338977161776
0.00128862113808121
0.00129390882154258
0.00129925344469935
0.00130465563892837
0.00131011604442147
0.00131563531032342
0.00132121409487233
0.00132685306554254
0.00133255289918989
0.00133831428219969
0.00134413791063717
0.00135002449040064
0.00135597473737736
0.0013619893776021
0.00136806914741857
0.00137421479364369
0.00138042707373474
0.00138670675595954
0.00139305461956963
0.00139947145497652
0.00140595806393113
0.00141251525970641
0.00141914386728327
0.00142584472353978
0.00143261867744385
0.00143946659024935
0.00144638933569573
0.00145338780021134
0.00146046288312033
0.00146761549685336
0.00147484656716215
0.00148215703333787
0.0014895478484336
0.00149701997949074
0.0015045744077697
0.00151221212898467
0.00151993415354281
0.00152774150678775
0.00153563522924768
0.00154361637688788
0.00155168602136805
0.0015598452503043
0.00156809516753602
0.00157643689339776
0.0015848715649961
0.00159340033649169
0.0016020243793866
0.00161074488281696
0.00161956305385115
0.00162848011779356
0.00163749731849405
0.0016466159186632
0.00165583720019359
0.00166516246448706
0.00167459303278821
0.00168413024652418
0.00169377546765092
0.00170353007900599
0.00171339548466816
0.00172337311032375
0.00173346440364011
0.0017436708346461
0.00175399389611999
0.00176443510398472
0.00177499599771084
0.00178567814072713
0.00179648312083922
0.00180741255065625
0.00181846806802582
0.00182965133647741
0.0018409640456743
0.00185240791187446
0.00186398467840024
0.00187569611611742
0.00188754402392347
0.00189953022924548
0.00191165658854785
0.00192392498784991
0.00193633734325383
0.00194889560148283
0.00196160174043017
0.00197445776971888
0.00198746573127267
0.00200062769989815
0.00201394578387868
