0.0457317868039443
0.022905004340212
-0.014871795512732
-0.0259880636904072
-0.0644355233158954
-0.0862896411567707
-0.0678632730367587
-0.0754303042666909
-0.089730270545075
-0.108266922491835
-0.146486689352324
-0.185679257844622
-0.182844269556531
-0.18808989876544
-0.229403143443965
-0.265027361308269
-0.286072952901498
-0.30348023660542
-0.245716909163428
-0.225922202459539
-0.227077537861021
-0.271275576250035
-0.301694001268887
-0.314133043350531
-0.349942806208319
-0.382801270251032
-0.352199666060991
-0.381710197532074
-0.138429444082165
-0.163798228425451
-0.199682338292658
-0.183548319904191
-0.176107256391875
-0.12461013765689
-0.152062353547583
-0.142727106365741
-0.18127985047155
-0.197060953893126
-0.134001405599619
-0.135149961978572
-0.171022582547227
-0.179669121829346
-0.218253076053205
-0.24627545581924
-0.00782282935254619
0.253396629302959
0.214442699496019
0.250435466806988
0.217937780041059
0.193158287585861
0.153978609782264
0.112465283371401
0.162213846216389
0.196068689026191
0.187412994565786
0.24613795685297
0.245169746961304
0.230960664596787
0.19866755786747
0.249426594122102
0.238538153922743
0.207437896530347
0.308046950463354
0.301861947278599
0.265782690751052
0.295065620603337
0.286200197985722
0.242815565593187
0.201751106182992
0.210539435221602
0.186363559147766
0.152850624046985
0.149661712156227
0.135192509269112
0.0950175491287228
0.0541764312274243
0.0217252836020969
0.0487282656392906
0.0182926854382767
-0.0154468676439155
-0.0290000843359376
-0.0532633730280811
-0.0406529787681933
-0.0612272489224453
-0.0869949390394829
-0.118799172431121
-0.133750210891685
-0.0753213714648064
-0.0524941521788646
-0.0559982745944175
-0.0480776623484706
-0.0733581456753737
-0.115294762094646
-0.126576342780446
-0.135274110774564
-0.17756180764054
-0.206160650570827
-0.23119051475982
-0.199372096519464
-0.151145859153738
-0.143312365208552
-0.172009656395984
-0.202337276616286
-0.178088239981607
-0.174791653399734
-0.211255721862844
-0.193445548975035
-0.214909369993358
-0.184299288301576
-0.217076271827245
-0.242162375303487
-0.268201112770218
-0.218058256391893
-0.215458886913544
-0.254454490995499
-0.277596361497022
-0.302726649678441
-0.324774435274826
-0.355763450133578
-0.312715234524292
-0.356298417216618
-0.393568964158228
-0.414673662705647
-0.437629316012633
-0.462587067513852
-0.246983184871603
-0.230858613570385
-0.252477610798438
-0.0390504772007025
-0.0518380062232626
-0.0369206021373645
-0.0413872820966242
-0.0615714943022148
-0.10231008117987
-0.144055978845835
-0.145923145984915
-0.122077482790531
-0.108595817823429
-0.14131989335976
-0.0558586478041296
-0.00471727045842686
-0.0353388606440353
0.015149259037154
0.0349876349477939
0.0448248230594579
0.0502725169674007
0.0548185951728435
0.0423106667153675
0.00763011492808945
-0.032840792764968
-0.00287117361307199
0.0203401171018004
-0.0194912065419261
0.0684540300307177
0.0380793258256114
-0.0009699916279106
0.00348823200513265
0.00313116263103128
-0.000556501501874989
-0.00863192751989304
-0.0510707803198762
-0.0668448227447207
-0.0519901188067386
-0.0749533359814198
-0.0252935850736589
-0.0665352298793649
-0.0733336495893493
-0.116717670506842
-0.114595742278754
-0.157425283151347
-0.0736090482381093
-0.117780119634382
-0.143506800759882
-0.147279619592834
-0.142870216097627
-0.109449580394768
-0.134382580382365
-0.115189751092927
-0.139512294660228
-0.181685984344509
-0.203544095301718
-0.180256583538269
-0.156191427019526
-0.191584521062933
-0.14889339917924
-0.153810047913144
-0.103949038556377
0.0369123605593283
0.00763070944798012
0.0842431715391508
0.071621732654888
0.0650190363395474
0.0342233546189886
0.00902309534479279
-0.0312071299454152
-0.07423595434349
-0.118453100521142
-0.143871744128254
-0.00260154038221095
0.00178383620424898
-0.0324475220125217
-0.0578446816446232
-0.0849328476612191
-0.128831169599438
-0.119272035122251
-0.0805754277601288
-0.0760238744250623
-0.0951061891202888
-0.11124684596964
-0.0703623473683957
-0.034718559260233
0.0434964926880993
0.0222188557053763
0.0261043138716271
-0.00216793218673264
0.000771736978908002
-0.0370884382908646
-0.0242384895582515
-0.0222428597603077
0.0234951365707907
0.075682747784608
0.0545935925529907
0.0152186432464024
0.0394796284832369
0.0859517196537917
0.118626309432309
0.0915314195810587
0.181353811444774
0.17365125961431
0.168081677197003
0.285551207250407
0.31143738699833
0.285697794064189
0.265566434186875
0.288380989156537
0.272693015339515
0.234102433159549
0.190564600778465
0.183587776862418
0.163355417647906
0.137549483975813
0.210820234696168
0.270612861003577
0.234870887628159
0.333226602308545
0.311998404824956
0.416982743516634
0.37626156127549
0.337126939143962
0.354763138972724
0.331662741764286
0.289142702430875
0.280342074701938
0.281002139501936
0.244504374531221
0.221621851741883
0.266162801043562
0.314744140406549
0.308550723428915
0.318191226854413
0.359070210388548
0.338659494258333
0.436441682112085
0.471091152445043
0.492956734893133
0.456515472621352
0.501332377408088
0.462278176280629
0.428477399989086
0.392053849091
0.392182122892382
0.348644862725148
0.522970459371858
0.562805683460617
0.523744529806609
0.498938767956799
0.46133167659775
0.56120064211665
0.571292621053094
0.534175119922562
0.656893880227961
0.651011485353572
0.612191676192916
0.581934471849781
0.592524102448868
0.554474124103533
0.56627399530849
0.569982907119705
0.532453158043549
0.551301899842792
0.525243831011796
0.493139851276175
0.457634105605081
0.557954996128013
0.516521767066584
0.475509231648118
0.445786092373828
0.428349276990036
0.38507914884612
0.38628296458245
0.379051487088697
0.36281742441062
0.463105368530651
0.49407126679303
0.483790952838205
0.464275869178848
0.456712539263763
0.430570624397545
0.413000872168398
0.382744777357707
0.347709429679156
0.408799738212783
0.441203235613986
0.441256330253318
0.462722902791441
0.433370660481877
0.416210337663431
0.37651680816297
0.347801077390637
0.308908119024218
0.267875720989989
0.241720323264552
0.237034970551902
0.258867675593896
0.295236878678689
0.255539369626251
0.254157010558542
0.359722226155078
0.344789722488921
0.311374420197441
0.283036254091261
0.274507766279738
0.24412524974558
0.205229763632749
0.205514880155205
0.175543634608396
0.148646292797206
0.249161367948414
0.205033382139704
0.193683627612056
0.16248430128954
0.162073739126722
0.12001644086899
0.133339147342196
0.0966889010800809
0.108344964229333
0.0776319421711056
0.0406498941604171
0.00399491632648001
-0.00201642218777524
-0.0331890402313304
-0.0742675795213502
-0.0856068536814694
-0.0816569365432592
-0.096222015412804
-0.00373868730976788
-0.0459038862468832
-0.0611850864154193
-0.048292368146299
-0.0796892585434923
-0.0771578215068387
-0.104658808742135
-0.140889056096913
-0.173690673474342
-0.208534742658675
-0.234686221755016
-0.217475638538207
-0.220325181818431
-0.259168754300811
-0.241819244420916
-0.279054076431315
-0.319620354959482
-0.298008015408888
-0.150177590938855
-0.179259665379874
-0.178671000792626
-0.13371105106912
-0.132624214512138
-0.164377220186794
-0.200599033874968
-0.122699546830778
-0.114692377189625
-0.120596253128583
-0.155813635662725
-0.1785304377948
-0.179030147465216
-0.16813976165074
-0.191431640643519
-0.0779676050268149
-0.0582972210730623
-0.0787290061467572
-0.0583320365267947
-0.0888150076291043
-0.124482225261108
-0.137142061230326
-0.161559683305199
-0.204352357052741
-0.206125075585362
-0.201899198636449
-0.237766778276623
-0.276723404264656
-0.240909776980788
-0.276092317061636
-0.316359511046105
-0.320108435757849
-0.361754467499914
-0.318360428526296
-0.35147753753815
-0.307972616148492
-0.333151136992896
-0.348802240317445
-0.387971459749732
-0.35494058153686
-0.394180124387427
-0.435288100873128
-0.470837408435141
-0.508795178176909
-0.530272685040855
-0.541135281061702
-0.549661208607745
-0.547926230501892
-0.565858467955801
-0.586756556151531
-0.600471793507195
-0.555473809134523
-0.48412984337092
-0.4442736882407
-0.380537336154639
-0.294960491755376
-0.242885623734106
-0.147028849749181
-0.106101792880229
-0.127930422518624
-0.158982542899717
-0.141541606897684
0.00378942434954948
-0.0210024159984484
0.0318850468924711
0.0682029334005549
0.290341080284308
0.268710970372085
0.335218332712107
0.359259136552328
0.346393362369576
0.329339804550541
0.315173711256915
0.282934569087572
0.29522193842954
0.334033843179425
0.395625306555124
0.373073511175298
0.347800322546337
0.319476605689736
0.276232938866743
0.312722163307245
0.293455640959717
0.321930311764621
0.280492227678394
0.246408604865054
0.235899766334464
0.32161778990308
0.300724830424532
0.276227514791094
0.380462847573937
0.358171583822951
0.383049010266127
0.432489283833079
0.39275680969764
0.376276221246289
0.382562626703542
0.345145924780205
0.329293576645581
0.350285399373895
0.32751292069723
0.289100652337975
0.267879708273712
0.245192749210733
0.304662712364124
0.294108940413996
0.402033741491657
0.425716913243861
0.454333216969059
0.5474390693557
0.538701653140286
0.530130977994358
0.585860276988949
0.666560454627487
0.62428222094697
0.616606159567024
0.620318546315419
0.611782667726003
0.582602348846449
0.573295522839989
0.538331403112051
0.508775240296774
0.469936808816494
0.438540130773072
0.407422319719901
0.370056244420209
0.326401341891943
0.291870879000057
0.248539591158655
0.229789415722518
0.193660591626618
0.177142957104852
0.157040325512444
0.121944842338167
0.0838194157059774
0.0443924865287385
0.00100378775304247
