0.00238995457063924
0.00244307529687373
0.00267065419850998
0.00317045866482259
0.00361658058211332
0.00370368239141357
0.00417992875541089
0.00429338028404313
0.00475085166598164
0.00708088132929188
0.00980564831381487
0.00991786652027071
0.0112381976838677
0.0150281919258279
0.0169758892620766
0.0195078953961229
0.019678080156956
0.0197202668650832
0.0212955800948907
0.0220655507206808
0.0239552721589057
0.0245575663794729
0.0250903667531495
0.0290144009780945
0.0296589591899383
0.0299189954845443
0.0304015920210887
0.0312657967400718
0.0321828996249825
0.0322043488884737
0.0329483466940741
0.0331153591446427
0.0343005849929753
0.0361071908458439
0.0363398936172557
0.0370009791179377
0.0372866674941974
0.0393151761157572
0.0396916078159706
0.0411757071022809
0.0412108549465551
0.0428714493847011
0.045028356422309
0.0450305811232292
0.0450641474898095
0.0452010080379116
0.0465887652552645
0.047474966955984
0.0507839582222283
0.0510773316443816
0.0512342013861495
0.0527229285945182
0.0561499307854927
0.056264847316349
0.0569939454036972
0.0573748185930782
0.0574081925969939
0.0581996578077985
0.0599033067733136
0.0626875014844916
0.063721058944437
0.0669813899600036
0.0670353791465786
0.0686923738727734
0.0687981217284409
0.0699704756163827
0.0700567244393683
0.0700588102050826
0.0703210953214171
0.0708218412030117
0.0709858000343294
0.0711565983385155
0.0719514240810138
0.0729601922849892
0.0743173731926267
0.0752638422478662
0.0758005468974319
0.0758055495706792
0.0763194215086299
0.077402406750821
0.0774344857941137
0.0798557757022813
0.080168455140076
0.0802802157901107
0.0803154767319017
0.0805582625181302
0.0818375401115454
0.0820824366050591
0.0827273167467373
0.0829710008247298
0.0844344730186647
0.0853058054783343
0.085330980403859
0.0853538445276578
0.088347871829507
0.0891025665734856
0.0905623765151111
0.0908628625213002
0.0923825701500233
0.0923846204560604
0.0929519654077392
0.0937444742470546
0.094752798992689
0.0966377126681812
0.0974503868201061
0.097802808536434
0.100166918448806
0.100934148805783
0.103009217098751
0.103094717577998
0.104240335209917
0.107539304189159
0.109629640984342
0.110634523500939
0.111695150467192
0.114828628176076
0.115425187938899
0.116117250149502
0.116900788740426
0.118653191645841
0.120073201165308
0.120712903187442
0.121925029892055
0.124543376611172
0.124545085219324
0.12503790462944
0.126867869154229
0.127670041522732
0.127981369197037
0.129471938930106
0.1296395300959
0.130213765633573
0.131450188981387
0.131919982883796
0.132474240154621
0.133772278539841
0.135053524570378
0.135526300594726
0.13685284763783
0.138417196803213
0.138979158884479
0.138981623030022
0.140215466709144
0.142151846821252
0.143111157485153
0.143165299380391
0.14458596102728
0.145268371470621
0.148534567389126
0.150170618377541
0.150692409446879
0.151363244061693
0.151677078639414
0.153553772089485
0.155240131449672
0.155298122447488
0.155868607362391
0.1563942415628
0.156846865959554
0.156911614817216
0.157825338214307
0.158256290636468
0.158605980560677
0.159113019751517
0.160577050592301
0.161239543274696
0.161879430590617
0.163250367979465
0.163496800833635
0.164228448898307
0.164310120041329
0.165112016783278
0.166265766812066
0.166560965673637
0.166582377734655
0.166884099535281
0.167129167133859
0.167449960000465
0.167756940016678
0.169222224621116
0.170410324389834
0.17640467901718
0.176897340359133
0.177220606268182
0.177951303183765
0.178184110592317
0.178810150892112
0.180301435851156
0.180758110126536
0.182316717248392
0.182772502110313
0.182793071756263
0.183096285516936
0.183650107053345
0.18519888348178
0.186137389399263
0.186731390437837
0.188436856591523
0.189315415330458
0.190479758092542
0.192922005638876
0.193707213332332
0.194033681182493
0.194093014766779
0.195317475258993
0.195788564678505
0.196493623260556
0.196781398636956
0.198035979663531
0.199084955872224
0.199402891560601
0.199445096154154
0.200380733475097
0.20223002416814
0.202743009270799
0.203643012977513
0.204077269892354
0.204924570341864
0.205347114398207
0.206809317418748
0.207133380547957
0.207340619072697
0.208554682907229
0.209125110943309
0.209452487879063
0.210243739206249
0.212440464915616
0.21436361445386
0.217184453030258
0.217316289829273
0.219872442857429
0.220271771763804
0.221510602208748
0.222144826450329
0.224100168667715
0.225009760740648
0.225794660290916
0.226575692272895
0.227121336753963
0.229744387349087
0.229851133895493
0.231343837367039
0.232041514441806
0.23277404384196
0.232901774334905
0.233497908560379
0.235176113256795
0.235181651469705
0.235680126620277
0.235967475074896
0.235971369164916
0.238725991183392
0.23903844625457
0.240630786456639
0.242485380897192
0.242728749694786
0.252714048179598
0.254188014574475
0.254384201535023
0.256311612800908
0.257569710928802
0.259728979260624
0.261538364823129
0.262803772032952
0.263056371214893
0.263489020712901
0.263527254816103
0.264138945742799
0.264900530927886
0.2651593830045
0.267559614531947
0.268504487682827
0.269413623249627
0.269421915428933
0.270349336776355
0.272852481002215
0.273159177891713
0.27386560549666
0.274200885900979
0.274272577728926
0.275358483785162
0.275962528971305
0.276244427360686
0.277017357611566
0.277067416004102
0.277248256582731
0.278009632946691
0.278399086113126
0.280218064600652
0.281689246406487
0.282583171873787
0.282810902741688
0.283829266981626
0.286004302282274
0.288290753720115
0.288941897997184
0.289702373679631
0.29164161097555
0.292171458752459
0.292986777778776
0.297190172444206
0.297836227979739
0.298169088362878
0.299119682776981
0.300136566915061
0.302236357460362
0.305855049727167
0.30620461144313
0.306585138262279
0.306872437868551
0.308035786817691
0.308477717718129
0.309591528974071
0.309865857796246
0.310157574975978
0.312968496941947
0.313947678347962
0.31516652473857
0.31544051416247
0.315467872195636
0.3168919278017
0.317170506108415
0.319203532343595
0.32044690036208
0.32058191769813
0.320659108139977
0.320835555218092
0.321538947495126
0.322105996271501
0.323144214540658
0.323565667229104
0.324515009112894
0.325547107044956
0.326411759930503
0.326987170329334
0.327689113834224
0.327843082471654
0.328766001684211
0.330075015947197
0.331187924659838
0.331995330148364
0.33216484277837
0.334685952449054
0.336747450203636
0.338198188389569
0.338356104140619
0.339490792127251
0.340039505970194
0.340659599728197
0.341277092465756
0.341451261377907
0.342791485242544
0.345672117135815
0.345705111259255
0.346121558063714
0.346979152150352
0.347380424118252
0.349046810993609
0.350829566926037
0.351762305968346
0.352210758541841
0.352468308489931
0.352880646514429
0.3529858442378
0.353352486327337
0.353651174302579
0.354784759622384
0.357003177791168
0.358695594609435
0.359034918388242
0.359400310753255
0.361491665987487
0.362347801266116
0.363131888494118
0.364759443139912
0.367172797862508
0.367863211134319
0.368425127482321
0.368842546431303
0.369581848911587
0.370532153948684
0.371798226756954
0.372585175341962
0.373041614973027
0.373587863894966
0.376120067465249
0.376405731872223
0.377933516072288
0.378792491741237
0.37897644120275
0.380444465133766
0.38177910352169
0.383242791405113
0.383454747598274
0.384317717142263
0.385780865115591
0.385859087949065
0.385947227414934
0.386436354277014
0.386826451661862
0.388261690078829
0.390472855768982
0.390496216735551
0.390531215059872
0.391427797986183
0.392447474889869
0.393988106141387
0.395962179371612
0.396570670230153
0.396936399219988
0.397911206109162
0.399605266910542
0.401118734518793
0.402985170696471
0.403719727132452
0.404645120306817
0.405452483055211
0.406156189841407
0.406236013020739
0.407490689573788
0.407636254093551
0.408240545002365
0.409324508762087
0.410594502329135
0.411234460365241
0.411406671117475
0.412238684129095
0.413827017991719
0.414136753125994
0.414184920507086
0.414186207952698
0.415136881067963
0.4157186695544
0.41813338507469
0.42156654399498
0.423909219459141
0.424012472576973
0.425961348849118
0.427284829946312
0.427430875158281
0.428091271952844
0.428726087739313
0.430441774025539
0.430832286927668
0.43187844616312
0.431970197617859
0.433235077331565
0.434375709296221
0.43603154594578
0.43670931963394
0.441436391993264
0.441886383245721
0.442683014392441
0.443276033081921
0.444117620419097
0.44599011303705
0.446104782564327
0.447033093004943
0.449688725896563
0.449800095000347
0.449982097047046
0.454046559470684
0.454240650701157
0.455804293812066
0.455960960544202
0.456037923826759
0.457090246903147
0.460486782835358
0.460902658869784
0.461366258410093
0.463022310627957
0.464298076974788
0.467387920236167
0.468821708709741
0.469508469335889
0.473033453599201
0.475468098412311
0.476258825216058
0.477189709237713
0.477897923163638
0.478849518112718
0.480527381598281
0.481328538532857
0.481816220280106
0.482074827427062
0.483569542463402
0.48381296635491
0.485720819498222
0.486347266261169
0.486536326034577
0.487566009597852
0.488472982907336
0.489366147244843
0.490330465327182
0.492941505800718
0.493940529263809
0.494102796395651
0.494237044302106
0.494376064670181
0.498152026026617
0.498419946402343
0.501650834682922
0.501734243137228
0.502581113840389
0.504690044751205
0.505323596297177
0.508402986070329
0.51012113144831
0.510724470190229
0.511171186203565
0.512406760737271
0.514473365105162
0.515319404685173
0.51675052530391
0.517633828493035
0.519055346771512
0.520646803488193
0.524899191246798
0.526875594320279
0.529062479177802
0.529094643156463
0.529154395697607
0.529447412935543
0.529835117890101
0.530933345152423
0.531643521532839
0.531843738274359
0.531959063874132
0.5353819804979
0.536433337270889
0.53674508707658
0.537897913490526
0.537976763066202
0.538122531332798
0.53938618582335
0.539598794065962
0.542618603398417
0.543697212392575
0.544278572332121
0.545948283900461
0.546747211839473
0.547813992043541
0.548211510942865
0.548244751517119
0.548387546633594
0.550036883657395
0.550519874390067
0.551688805654969
0.552053949501157
0.552179228935819
0.552337000620847
0.552846137157075
0.552997000848404
0.5539828719225
0.555646448678112
0.556170809873167
0.556770624109075
0.557381961779992
0.557496217248332
0.55800079306282
0.558127324794417
0.558183359466009
0.558570442516504
0.559185071496854
0.559316634172075
0.559803246019569
0.560112789658661
0.562389454144938
0.562900671028603
0.563234352393961
0.563399538119559
0.564804644645278
0.565723911834473
0.567565742964948
0.568135844750466
0.568925229742772
0.569285778107611
0.569419978676358
0.571188086428237
0.571385035250389
0.572490411377763
0.572757015434245
0.573309718899489
0.573518394935806
0.573562035609962
0.574464515913965
0.57470105747696
0.574711974625731
0.574864447393231
0.574926768181592
0.575090822497001
0.576376220965584
0.576386639268735
0.57672003330154
0.577846452160134
0.579384833389728
0.579393953663562
0.579471436136203
0.579980336351442
0.582327986544532
0.582618934320161
0.586432369628101
0.5869125205458
0.587644133638825
0.587660230522052
0.588367695195672
0.588386217993965
0.589260202372659
0.589437011607748
0.590903650680034
0.592242194905022
0.592667193772813
0.593751246036298
0.594237067151321
0.594402090982216
0.595375110605413
0.595949554525448
0.59802072004383
0.598098480299636
0.598621939117514
0.598770584922679
0.59983766511266
0.600062872504686
0.601009038274292
0.601081752734345
0.601850161080321
0.602181903022687
0.60323885097206
0.604623716795605
0.604659389016704
0.605122830985874
0.605662685773906
0.606768107997314
0.606880101080295
0.607135472661531
0.607977363339575
0.6080291994063
0.608412613328472
0.609762398527342
0.610166407123925
0.610914333358731
0.612632999577634
0.613920700529113
0.614102551973243
0.615039788495508
0.615068878789735
0.615802246416677
0.618241064266013
0.620670897923857
0.621498357306094
0.621499689372899
0.621610441638681
0.621992541293944
0.622691539889352
0.623655712271658
0.624127568959798
0.624188623383844
0.625759660387023
0.625886139735953
0.626159306649077
0.626212135104555
0.628090460330171
0.628568489474538
0.632291388794235
0.636195381157303
0.636220189937495
0.638469617718877
0.639569663702509
0.643290009733278
0.644500979639024
0.645354257496193
0.645954764034334
0.646110843697577
0.647818418230527
0.648160695874169
0.648825937987127
0.650307314060916
0.650583225233559
0.65107750873755
0.65163573581086
0.652094564285778
0.655663325699421
0.658517632335066
0.660451252041508
0.660717063595819
0.661406960638374
0.66172123322615
0.663792031539191
0.664565281943932
0.664733930158752
0.666577242269748
0.666779977775848
0.668802486798409
0.673798182247149
0.67419127516513
0.675467733452772
0.677195966374077
0.678850820101055
0.681085081639192
0.681103553106272
0.681853891391108
0.682220078354539
0.68251371865679
0.683201193986037
0.684140671114325
0.684183721749256
0.685782359165355
0.691477282932757
0.693277092884889
0.693906653719785
0.697379325362877
0.697919853565782
0.698129140027333
0.698820168551509
0.698846581406678
0.698989052128048
0.700105358512826
0.70084003577454
0.702921158548237
0.707243968689061
0.707524196277908
0.707611810218859
0.708273048235459
0.708687682458718
0.709287868605417
0.709957829618655
0.710164398684624
0.711914942769445
0.713146878308187
0.713562498455388
0.715138467054631
0.715998748918886
0.718325060649629
0.719747830140171
0.720359992556998
0.72239277304328
0.724574863486272
0.728251370506689
0.729095640092269
0.730465120303255
0.730988160069976
0.731097716992843
0.733474618899507
0.735907426058022
0.736206025657811
0.737441314103849
0.738417648599087
0.739321791587477
0.740622351180976
0.743914680652193
0.74667918322447
0.750427120114032
0.75177556478883
0.753242994236674
0.753386286825255
0.754934905225114
0.756199164195423
0.756789425587416
0.757733324816787
0.759060480822048
0.76131370146702
0.763311337872754
0.764184686663041
0.766178358703627
0.766871607155974
0.768452920797828
0.769658185698676
0.76976890110685
0.770203325412309
0.771077981867411
0.771713180463754
0.772449892726947
0.772469785806363
0.773176350121174
0.773201923353581
0.77364513929707
0.775858273143492
0.776684814175959
0.777001134719167
0.777104278944165
0.781642316717369
0.782628399839271
0.782856482617694
0.783147959234691
0.783492843378368
0.784269024321354
0.784741706103234
0.785534619899499
0.78718237116244
0.787887970926492
0.788318422998002
0.788400556424785
0.790694776693062
0.791437579602546
0.79362697873536
0.795187751239883
0.795605208978265
0.797366331281382
0.798161560305071
0.798396981478119
0.801351214604224
0.801372551596642
0.802698715000475
0.803600763397727
0.803976409127353
0.805328226403879
0.805861978934246
0.806175678404978
0.807057092459324
0.807816454058011
0.808038031138422
0.808225414046256
0.80835089446928
0.808892130373456
0.811139801340164
0.811453130430196
0.812017176992429
0.812149008293704
0.812636301638927
0.813142943972507
0.813378432099447
0.813606819350599
0.81496307696464
0.814979811353705
0.816149109205668
0.816893989644646
0.817735377236074
0.818102117513928
0.81836758283125
0.819300811335806
0.819560442332164
0.820045665755904
0.821793609354675
0.823096372243113
0.823271903653937
0.823317227436381
0.823521558266606
0.825039174568145
0.825554521670948
0.825788926348335
0.82783753746918
0.828134467865736
0.828245307541542
0.829431304966524
0.82965518839104
0.830920745394781
0.831686384568437
0.83198124491198
0.83231406243882
0.832891006518823
0.834257979770535
0.834940842426551
0.836337503939705
0.837143750416829
0.837335948233442
0.83746751624497
0.83757044573891
0.838137128577118
0.838668664304976
0.838986832970764
0.839047385496488
0.839404077954376
0.839822378471508
0.839881137164752
0.839943730683492
0.840597690721828
0.841205088768996
0.841793370162562
0.842448467667344
0.842519997139453
0.843120922872923
0.843499584659376
0.843983446498048
0.845172631512715
0.845776598114025
0.846527338923214
0.847416622481435
0.84959083059786
0.850316821349377
0.850764173655442
0.851895966262338
0.851963344787079
0.852654968639239
0.853514617320353
0.853542428481867
0.85389869399771
0.855509375094456
0.855649690138372
0.856199213616057
0.856336770047316
0.85670694338531
0.860590224415049
0.860687676993962
0.860869309109192
0.861181850070297
0.861824944618399
0.862359628820067
0.864326723681494
0.864894321136323
0.865413052955697
0.866295422626901
0.866557636273966
0.866945732545329
0.868321706678971
0.869500806822356
0.870708319470855
0.872088430783728
0.87234936814106
0.872584926918925
0.872662549337618
0.873005271316881
0.874234970609067
0.875182678045992
0.876202458735322
0.876603839358547
0.876764615328094
0.877182142618289
0.877212755112046
0.877655657112988
0.87840990398978
0.878428179630232
0.881647367103764
0.882949011061974
0.885280904588025
0.885301313600923
0.886051743675467
0.887682579402743
0.888266701064228
0.88837361782989
0.8889114778429
0.891485049264921
0.893721551989807
0.893873350821604
0.89550328938332
0.896879486674245
0.897056174455187
0.899082457593999
0.900415292395264
0.903798986905197
0.903832590084762
0.904107851007711
0.904836329748847
0.905194605684625
0.905449540818594
0.906076603827779
0.906437773309353
0.908550886111967
0.909965122192463
0.91036391545243
0.919784093941142
0.923072145221956
0.923461496264593
0.923649690762438
0.925423376576033
0.928598502309137
0.929259715108638
0.930353533975152
0.933508371359278
0.935043350487357
0.936028131130448
0.940293168955883
0.942986544503349
0.946434694829991
0.94725225507255
0.948685663182471
0.950461953343152
0.953589265820529
0.954619835381417
0.960582995319115
0.960819721269482
0.963736503850818
0.967463035881774
0.968883747350971
0.971237267627961
0.972069401276445
0.972183304555027
0.972640962643349
0.973847691657768
0.976012358343931
0.976769411667843
0.977901438266972
0.978457182422018
0.97905129275049
0.97973549784101
0.980015106210474
0.98095073196223
0.981078483235188
0.981119125584908
0.981474781127846
0.982216659189871
0.982702475013199
0.983475706870689
0.984619289373723
0.984959318960634
0.986274372823417
0.986671766126779
0.987510929409097
0.988255100346153
0.988621636944375
0.988871620932988
0.992039867688425
0.992875049600739
0.99290084595229
0.993238967437273
0.993524698798086
0.993957769490673
0.994278379025861
0.995399204727783
0.99755681231576
0.997738911598832
0.997968913159257
0.998070586377241
0.99829735650193
0.998648052085595
0.998723110020599
0.998812232206627
0.998949831518292
0.998956831529718
0.999116374466152
0.999156837074037
0.999158881355473
0.999234275141174
