0.025458389644034
0.0158845423418266
0.00993051310411579
0.0733518520696733
0.11719199850861
0.0893885123267605
0.10919332951413
0.115986739459101
0.143886036218931
0.134200963705077
0.120219100711547
0.0877971606726441
0.0793196223733587
0.0733784052509296
0.152797949269179
0.16421901667811
0.17424030831889
0.157252108897032
0.11744438542714
0.0929930117676445
0.0725224276436127
0.0398225891952836
0.0292986809237631
-0.00213546179965161
0.00997819292956017
-0.0324456795510963
-0.0502582347978264
-0.0920324822816162
-0.120542349849289
-0.152112747901468
-0.170954685800731
-0.103720303696533
-0.0831709295034327
-0.0728398285911484
-0.0408850242619039
-0.0187097847086443
0.00483784295691618
-0.0193201510377487
0.047250821783896
0.0272559996827816
0.0199928619619248
-0.0073241137106779
-0.0508867330728645
0.0183079819194804
0.0210152806855232
0.021500702804098
-0.00960987459245807
-0.0181605332330404
-0.0296524098696516
-0.0734263921654892
-0.0184189803574974
-0.0276087055907525
0.0409985253985586
0.0102479513263933
-0.0263288886991076
-0.0255236863678707
-0.0547155846395576
0.0186174902299454
-0.00874647485449155
-0.019637731657812
-0.00555456423048338
-0.0137591811208555
0.0265901778533568
-0.0090753857494693
-0.0458622493387871
-0.0893118578462138
-0.0488998072453864
-0.0623856716375454
-0.0973888773130587
0.00694204998510335
-0.00468814114594847
0.0984007778694146
0.146357634745917
0.168466779459241
0.226585691356306
0.218021543975292
0.241314035819707
0.255719272674417
0.356064805026557
0.380503809261473
0.347761641202226
0.340982221918579
0.34674770862725
0.315121576497607
0.313979794617559
0.337662570992319
0.300964098629925
0.303365685625553
0.283225620962226
0.256224865836199
0.22983914788702
0.239409507525548
0.241121361198824
0.268226237604816
0.23174330281071
0.187832037886428
0.173037291332396
0.147585531713869
0.115223392126953
0.0885703750252532
0.0448529494888886
0.0320107520953982
-0.00709836520052084
0.0211469486872999
0.00544902166502427
0.0192692099263899
-0.00744424335177258
0.00325644613764218
-0.006445921367729
-0.0211255789926725
-0.0495496146806579
-0.0400009949315187
-0.0600674031459637
-0.0927941444146838
-0.0851417309039265
-0.0736295444197614
-0.105589908329538
-0.1481204689298
-0.179152801277521
-0.141128268750744
-0.059409313886577
-0.0774917704657117
-0.10797917956726
-0.148671031419956
-0.150437588351848
-0.145126914464388
-0.134492421680759
-0.13002047108267
-0.134982075308421
-0.103925395388492
-0.131396623263432
-0.168205355503447
-0.208584723775772
-0.243719604211281
-0.282002341595185
-0.322189162112234
-0.332862320622425
-0.174745496199033
-0.159100585574163
-0.197962014919803
-0.181975222974979
-0.202685033354286
-0.171396854924697
-0.213318830886501
-0.246310291346896
-0.287934814382288
-0.308049159364054
-0.334668888903714
-0.337851215595072
-0.321307703036428
-0.320215260485085
-0.32646157002284
-0.327047827378606
-0.329526715672671
-0.305561915744434
-0.349620658576619
-0.350923826084364
-0.364149423038837
-0.381459860950658
-0.412808154253654
-0.450709913320131
-0.487919447310535
-0.494785979683007
-0.513669569874578
-0.539528986842491
-0.570967158662492
-0.476528784709188
-0.404507705097166
-0.419019069674035
-0.381961836413536
-0.405492444918087
-0.323523926014954
-0.319756613266757
-0.335193136596343
-0.328856447990482
-0.325889850546985
-0.335882067347034
-0.320956621711135
-0.350078728980699
-0.363792992873148
-0.406276843265941
-0.445316915741687
-0.486286104307185
-0.513772609692241
-0.469258609631034
-0.467541057388544
-0.487218858598762
-0.475149271345458
-0.48232375482358
-0.514161011985827
-0.469710871113746
-0.34657121728565
-0.323037565656963
-0.318747191687087
-0.277231819010581
-0.270619664927973
-0.235786186640285
-0.234282793716565
-0.210146510842501
-0.117633702132528
-0.151704426402832
-0.192882228655232
-0.138481922678047
-0.134083768444132
-0.0360795657049168
-0.0571714409720677
-0.0905953076925992
-0.0383603989643661
-0.00559582088916202
-0.0399493618440827
0.0178263361750203
0.0626326914270093
0.0565054353158633
0.0603314170581154
0.128657725184607
0.105972017168066
0.158060796746424
0.153952600797821
0.112606294796567
0.226438413443302
0.200201130585423
0.18051415121018
0.146889731858795
0.104826539404639
0.0958820080577666
0.0811528572879376
0.19309755187119
0.215181399849625
0.314109377947463
0.303162478113852
0.263369399889363
0.250506837762762
0.271119987823067
0.330277306013757
0.498226283504876
0.473951222271893
0.468441250699339
0.439676873221767
0.405008789578623
0.423327203791979
0.41310123506689
0.415479830206026
0.40644743475724
0.374312280981176
0.343275092406412
0.304950959834293
0.339216142673836
0.426052459299018
0.388783081351681
0.383949935040105
0.359568648097361
0.401835003162048
0.407272561399788
0.391843434058736
0.349520677349179
0.4558969778968
0.422782668542515
0.438692104930061
0.434355097704717
0.504136606704516
0.499762716564784
0.487961312352191
0.487024422543574
0.447559386464315
0.412133614376713
0.37548864086068
0.40639535026025
0.426802605392909
0.39306864983289
0.379311584344591
0.439960977823117
0.442920763584041
0.544840242114611
0.596418125595847
0.566279948602801
0.543530767980614
0.536612046903037
0.552037844382822
0.620751853081926
0.580343573068506
0.54118513662317
0.534636161507615
0.56061938206123
0.554456346735865
0.55413316062887
0.549454078552486
0.607430675032208
0.579423292172884
0.645169029979257
0.612223283032942
0.569615881424271
0.527318233318116
0.485517864451324
0.447661734390444
0.405655075054915
0.42139735217296
0.402557574535621
0.35912685119792
0.315497496498127
0.343387874677466
0.442739445783868
0.417730729563473
0.383508369458277
0.364984253082365
0.377195246276764
0.33814319432862
0.346314029980347
0.320961667117287
0.306705670590802
0.349091881870659
0.354578180803922
0.358672689411415
0.403575130365507
0.378016964849935
0.343639073939787
0.333175632762389
0.324495978808426
0.285894922553111
0.342273883003356
0.326502040575118
0.284817623086146
0.262771408224388
0.228363064228627
0.242782045208526
0.198697073351105
0.162879013132364
0.138921687388984
0.121341941324272
0.0901843990348847
0.0467995177228567
0.00265359346161901
-0.0133991049681048
0.11699756279721
0.0903437409123139
0.0466211453729101
0.217684482556361
0.217161512669565
0.194150033657602
0.169729589681798
0.172183801862338
0.198589913778155
0.201671976461405
0.182438256424149
0.160617658643774
0.14334059739695
0.200812247348015
0.18769944447689
0.193730411222285
0.18105259753406
0.141203514245875
0.148050613940914
0.120904787831619
0.0934771489593888
0.0915828883903017
0.0792309043878253
0.0635109903898245
0.0381894830113178
0.0914255265106631
0.12776954052014
0.0966484537115197
0.0671443137613573
0.0717659232074604
0.0690665467154073
0.0869904801542918
0.0468496676510191
0.0385884151390128
0.0530219946329031
0.029105943952539
-0.0142426085261454
-0.0343599664126271
-0.0715243945896444
-0.115180468688011
-0.139695757531605
-0.178690343245477
-0.205462048455152
-0.20564358978012
-0.24523412801039
-0.275798970215277
-0.303122573393797
-0.287566568038162
-0.281066012430985
-0.243360887299126
-0.26424111872726
-0.30571711905544
-0.306422374052242
-0.298320193958912
-0.340406438600138
-0.344217619874058
-0.388394342835077
-0.404323048127625
-0.426188501839426
-0.45829551603292
-0.478886154155902
-0.504156743715
-0.507693825300748
-0.540484259978435
-0.563494841504079
-0.601632119614949
-0.586762729709284
-0.583378346702629
-0.464188009875662
-0.472103899410887
-0.465966129306359
-0.486511430736636
-0.490793290499586
-0.461810265676248
-0.462972658882458
-0.491914830004501
-0.532058947448422
-0.559842168554631
-0.599322835550052
-0.614750440353255
-0.609102774708031
-0.650962875526168
-0.648529645837324
-0.676585455581508
-0.703267991097305
-0.730437871278246
-0.725023983712052
-0.717525844076481
-0.759105264144705
-0.784204543843515
-0.577014883639208
-0.593239960277253
-0.448760099525424
-0.476222384054151
-0.516858597225227
-0.547502331798313
-0.51268973979196
-0.445166730838691
-0.372573998388814
-0.40769908711284
-0.391208702632563
-0.4180973717755
-0.43437369422983
-0.474170218574142
-0.499005100994501
-0.51008802693771
-0.401900169955922
-0.433930869235875
-0.425780322428961
-0.0263518470917679
0.00415593759524439
0.134357797403519
0.118466242851695
0.121978046754539
0.0920035730782137
0.0570044785587723
0.153804397365435
0.154111164820477
0.137120350564045
0.174626359714615
0.246861884928755
0.24040336097818
0.293015636411271
0.425425758918978
0.457477750705548
0.433834622239192
0.395190820818756
0.396047025809301
0.361847543488112
0.330728235444272
0.345964688666039
0.302158102436967
0.288838626926445
0.341178611669814
0.335684214190735
0.294622191692361
0.292368214579903
0.29413087855302
0.28161062436719
0.282063285745999
0.240715144273926
0.196841473563548
0.252131883328562
0.467185042933833
0.659143723445731
0.619130596780796
0.630445121715571
0.606186625143203
0.564395279679834
0.543189778192062
0.535596891602182
0.549863471727983
0.528544194577862
0.500375993127746
0.505286346707417
0.464281825584878
0.459060292627431
0.444451723881606
0.437566333822614
0.42940835284141
0.385459387563743
0.368843415610744
0.373905340126049
0.339092751883342
0.405573811504639
0.373416218499853
0.34754246912331
0.354228529703245
0.327442975424432
0.285848017308355
0.259277516260399
0.234679690504031
0.190931515036028
0.151134124037137
0.120048259284182
0.0769137528882113
0.0408742263229114
-0.00190247067732939
