0.000502243140490576
0.000682502470896804
0.000682571217428366
0.000706767123569106
0.000760345655980257
0.000891239185648985
0.00114348791732921
0.00138091188842087
0.00143265622859145
0.0015945120275771
0.00189540762026859
0.00198284295450877
0.0020140316544752
0.00275666828236586
0.00275864954064507
0.00299247999357995
0.00300314998903469
0.00385333972996783
0.00406759254363761
0.0044655641548552
0.00485857096146939
0.0056948423232796
0.00578608897162794
0.0067679505488054
0.00701983355602084
0.00708339877194196
0.00731159275172529
0.00749016183004774
0.00774626190009442
0.00787690463299623
0.00821644008403911
0.00911624781230226
0.00919968436925444
0.0099492663486969
0.0109775140210828
0.0124226928755445
0.0131308417384744
0.0131356308070046
0.01438734232446
0.0152420901339717
0.0152473836527243
0.0156082904366791
0.0162663503639091
0.016301447249061
0.0167135062030734
0.0170070584812361
0.0174909328925874
0.018183480785229
0.0185795575120486
0.0190307418657724
0.0192719514733643
0.020004649228847
0.0204941469631336
0.02074449418444
0.0215428827571456
0.0220851210268158
0.0225928131488344
0.0235012263574163
0.0251261467033954
0.0251606377455789
0.0272364622151205
0.0275825015775093
0.0298336612441017
0.0311889397304978
0.0315464783466615
0.0335901395974232
0.0338350197476663
0.0352943602648939
0.0360183460345421
0.0360235441339992
0.0369550890419003
0.0369678409361176
0.0369818817230806
0.038019896203247
0.0381015696635214
0.0387981622604024
0.0388964825613703
0.0394231924756424
0.039424234201507
0.0402022960834963
0.0422886840122659
0.0437204094414303
0.044136649418335
0.0441499545108367
0.0444240604036013
0.0447738864896137
0.0464477843707779
0.0470283760565227
0.0471825391533678
0.0473720974575866
0.0480319476669351
0.0492436432940891
0.0498113219836401
0.0502880229983064
0.0502898627685314
0.0504994116851157
0.0505015261360355
0.0505663498012528
0.0506566689747589
0.0507789458664888
0.0534027927063882
0.0537791474422807
0.0557114499599197
0.0557926909947705
0.0563035313400368
0.0573976195506348
0.0576480754973479
0.0576607504414074
0.0585149046775274
0.0602556675918245
0.0607745485453648
0.0611346861756769
0.0615328706844545
0.0628880770054721
0.0629338519268039
0.0632002238696905
0.0634506950381473
0.0636896336187548
0.0639042581912649
0.0650898212177326
0.0654814490437669
0.0677716467418064
0.068147884060052
0.0686210894484705
0.0687127476855188
0.0687749223939993
0.0690690689057212
0.0693178500148273
0.0696566422818833
0.0718939879597858
0.0719350641495885
0.0722081234666325
0.0722138472098994
0.0739233706125914
0.0744234965081086
0.0746129829801388
0.0750400123386848
0.0767798777831829
0.0773392556343265
0.0773447254800847
0.0776043740253677
0.0777159281631068
0.078109540297722
0.0792198782957415
0.0793798955349764
0.0795626736461971
0.0803715213684055
0.0805071018379084
0.0806492716002715
0.0813945138869895
0.0814605303521187
0.0818880336357014
0.082128793734072
0.0822145791075457
0.0826499695588171
0.0830418273052602
0.0834540081084672
0.0834573933042933
0.0836174272156241
0.0840784612265807
0.0846647148606486
0.0846869433450272
0.0852258881577307
0.0855404413796197
0.0856172146887217
0.0861357877165258
0.0864634584346727
0.0865591577498326
0.0865855126510691
0.0866993990899405
0.0875807776311887
0.0890998540429617
0.0892410021796931
0.0892641092580796
0.0893092979534185
0.0901523207543728
0.0901647743008334
0.090402044330215
0.090492113224627
0.0905720618311621
0.0915657023990227
0.0915869505456988
0.0916213612114756
0.0916220241736816
0.0919697638508744
0.092073053830445
0.092692598689782
0.0930885610076878
0.0946062608000584
0.0954208841969751
0.0966252983827462
0.0967979871912309
0.0978903490976262
0.0984896588871423
0.0989254028198123
0.0989786502626666
0.0997565583056866
0.100031730449487
0.100777252466238
0.100844153548689
0.100854089280998
0.102416622685765
0.102876247280846
0.104184776890373
0.104321770792231
0.104347763110556
0.104512494693378
0.105551054298716
0.105640978626703
0.106161522516252
0.107123317520528
0.107139411255624
0.107490691932809
0.1084545402811
0.108615533284215
0.109172084317152
0.109958881390764
0.110556901186993
0.11098782488991
0.111182974056683
0.111449803760978
0.111780487129315
0.111899665301576
0.112340885410548
0.112549835738463
0.112697708315606
0.113470852554313
0.113679366748329
0.113960714082175
0.113980898118429
0.116029744228691
0.116033068613325
0.116650663159735
0.117569469601122
0.117638431980359
0.117965895139313
0.119036648497441
0.11978506909374
0.120605149012963
0.121225040533532
0.121307204620654
0.12206296671976
0.123292506765368
0.123293646378694
0.123715870599044
0.124075872709324
0.124135451253034
0.124388721921227
0.124399409159333
0.124838108487111
0.124865514168069
0.125122814390448
0.125384698861993
0.12565161413597
0.125967476218179
0.125973933060619
0.126127400428643
0.126464161428775
0.126545310732291
0.126635417863123
0.126683686264512
0.126924859225123
0.127553731187406
0.127790897800469
0.127931305651469
0.12827152381431
0.128296293515694
0.128304393390905
0.128464270682178
0.129977561290373
0.130537286004438
0.130740623411052
0.130840849439158
0.130896703180069
0.13107265615431
0.132255772036369
0.132371509286612
0.132415836342921
0.132772382074191
0.132930356036779
0.133587905255284
0.133970235393328
0.134284249541591
0.134351468834241
0.13510946584754
0.135125624706448
0.135462262633418
0.135792508606496
0.135998339664926
0.137499568672096
0.13805126485903
0.138266654357071
0.138417403081543
0.138609701080986
0.138747258159198
0.139204994190183
0.139646423431046
0.139931615575312
0.140384698352452
0.141086868848679
0.141232655522803
0.142344519608734
0.142547189845748
0.142730129297898
0.143185601805766
0.143246310273141
0.143512547949147
0.143677485630576
0.144351970324817
0.145183321562305
0.145441489880841
0.14614562326017
0.148531675390296
0.148760584159123
0.148951289998572
0.149003224310816
0.149717664159219
0.149930382307891
0.15013862432686
0.150264748830818
0.150323964734536
0.15069585743965
0.150973924640023
0.15123211188749
0.151370738632425
0.151389438992372
0.151459645511564
0.151903634206353
0.151951056088902
0.152987871440839
0.155245829173526
0.156965908502009
0.157469983663725
0.157470391010222
0.157904286423375
0.157927180994036
0.158117239687746
0.158559332093435
0.158685164376974
0.159551272734284
0.159726035923276
0.160100431666421
0.160976865416548
0.161217877490699
0.162404121210324
0.162594571749307
0.162762738003065
0.163068216907534
0.163184641083039
0.163753925378238
0.163945444565943
0.164684564926922
0.165381800147964
0.165655609133773
0.166009792236032
0.166469539145316
0.166842667721323
0.166858302780303
0.167344941051908
0.167581041152068
0.167990631243395
0.168734387722048
0.170085601087159
0.170132793370684
0.17106035117941
0.171474234592927
0.171552908485744
0.171807357210009
0.171906740994276
0.171973935582025
0.172088261960712
0.172877581244722
0.172990294206388
0.173532993019288
0.174041123595201
0.174488907096316
0.175089717911721
0.175094845897489
0.175561664235352
0.176339053938447
0.176605293393132
0.176797793467105
0.177139774052144
0.177722473037466
0.179782061326496
0.179818585493862
0.180553532114527
0.180578812022181
0.18086664442759
0.18157291766157
0.181912672261505
0.181940982521672
0.182338342797505
0.184248280224416
0.185496133977085
0.185496776819602
0.186271840800058
0.189344511413492
0.189583685353437
0.191245936171687
0.191287345732965
0.192299657003245
0.193311536653711
0.193334742868439
0.193460310923843
0.194178354066506
0.19482872334063
0.195062934783069
0.195130666786766
0.195729672084236
0.196266075738041
0.196916293582693
0.197054863505019
0.197916006636007
0.19825579583611
0.198717900850344
0.199162767745543
0.199698701549226
0.199995184691337
0.200038790531616
0.200438689635556
0.200485637682054
0.200521431000626
0.201302582722677
0.202841961413646
0.20285541310624
0.204332511790005
0.204661224567071
0.205752431428798
0.205871268001384
0.206417811475836
0.206940507469885
0.207533981272834
0.207743339802195
0.208554471473502
0.208558290164682
0.208573621169687
0.20904024797713
0.209506982665744
0.209535353419642
0.210073793842676
0.21025391381236
0.211261739955515
0.211928074784425
0.212404345353154
0.213302611990053
0.213589384551549
0.21391255102312
0.214279837323495
0.215079782142505
0.215633339655615
0.215682980891251
0.216059286395246
0.216410530727077
0.216987897255519
0.217165132443287
0.218143195939724
0.218670525034248
0.219404287736043
0.221153348238498
0.22137523547128
0.22325801367671
0.223318311148193
0.223445012221659
0.223752569248034
0.223917504710912
0.224720782199476
0.225948695535257
0.226891584115376
0.227264402701045
0.227636383835548
0.227956056627815
0.229329029910798
0.230598194480257
0.231479475234606
0.231963291762838
0.232289605433348
0.23239981763561
0.232768641995838
0.232989995023672
0.233417911631765
0.233737519751719
0.233807690583645
0.233927532133939
0.234261286378855
0.234960829584933
0.235230516251728
0.236297018646855
0.236307165546041
0.236368394669131
0.236410132484101
0.236700786310777
0.236741219841744
0.237302620489405
0.238448773732866
0.239403997927327
0.239938354697854
0.240213163242873
0.240376180007508
0.24119130032482
0.241242624872229
0.24179307255694
0.242745041558835
0.24389310054941
0.244239905644618
0.244696707008213
0.245216921143011
0.246471372349464
0.247111372132253
0.24769323501133
0.248168781159538
0.250289181288411
0.251596717931354
0.25168428024853
0.252272089462805
0.252310214452447
0.252582914245174
0.252867307601046
0.254008121534798
0.254260516005764
0.254288888752007
0.254301814899779
0.254545790498612
0.254954207847548
0.256046446982875
0.256221921954917
0.256508355516447
0.257393433850683
0.257578350869001
0.258662695805466
0.259040402214777
0.259393563919397
0.259736057829561
0.259992593714813
0.260345571880696
0.260574989980914
0.260602091272851
0.26122975744501
0.261342315892384
0.262086870003785
0.262344508767236
0.26338327145364
0.263605500757217
0.264286218003468
0.264456923873452
0.264502017885216
0.264706476452611
0.265415362034716
0.265494781843738
0.265576810938689
0.265745917269703
0.266635144160251
0.266671598149307
0.266822069813484
0.266980711481086
0.267880866781747
0.267888363123498
0.268001486412365
0.268475001777116
0.268652419030993
0.270054541946195
0.270103640228914
0.271858806804223
0.272278478239124
0.272459247981314
0.273651811437266
0.273656689360277
0.273927765997416
0.273928868733986
0.274193403336109
0.274541714058253
0.274816172772862
0.275542444764844
0.275877220172022
0.275965789437877
0.275985163684772
0.276007302897911
0.277409976244388
0.277746394463623
0.278216805841519
0.279831696042865
0.280084133166111
0.280257539586186
0.28144761044216
0.281778406862988
0.281920705763503
0.28205903023622
0.282398215085218
0.282403342627964
0.282944455151913
0.284645477467685
0.285714813592123
0.287229581932056
0.287579780452068
0.288445967490811
0.288471155510471
0.288743667454198
0.290462112686863
0.290932346501796
0.291424781927923
0.291557938690054
0.291893822022348
0.292006065347565
0.292118425752289
0.293331030052452
0.293845218732098
0.295476152106399
0.295683043971955
0.295857757284898
0.296085975961613
0.296828371842319
0.297114237963719
0.297126784333626
0.29725405043319
0.297326095415623
0.298634446483221
0.299496523830679
0.299915047239918
0.299948698342932
0.300439861819841
0.301714306439102
0.301725194576625
0.302942933772049
0.303118294802565
0.303992979886438
0.305063012573028
0.305357938935331
0.306386093541874
0.307017087434218
0.307249242945783
0.307944912155021
0.308543644079582
0.308615389490456
0.309005797190391
0.309471053251853
0.309672867026378
0.310473053511272
0.311028636900905
0.31160250215613
0.312314846525715
0.313155423737289
0.31326708399565
0.31342455101777
0.313823964330344
0.313912216554819
0.314239145071739
0.314849946597172
0.314962128684884
0.315065946707241
0.315137002670095
0.315753056930209
0.316020227488266
0.316829067305064
0.316882533546507
0.317016342633645
0.317576169129002
0.319516845961968
0.319576044669157
0.320150324668558
0.32029055973411
0.320370476821413
0.320761635283835
0.320959892800808
0.320964152960017
0.321487337956099
0.321659179176239
0.322001315716521
0.322150785290525
0.322276952821045
0.322542934875888
0.32288691498683
0.326513353988169
0.326593518924951
0.326764053078703
0.327278650057491
0.327821403589154
0.328008682080992
0.328239356769608
0.328705070951211
0.329331057577804
0.329697168001179
0.329850482362913
0.330832326289319
0.331060630662296
0.331489882260346
0.331628872663589
0.331642344085346
0.331898584190229
0.333545980844004
0.333945003365606
0.334215266900195
0.334827084333956
0.334894947427921
0.335733371419507
0.33606271159854
0.336423655016734
0.336766717132936
0.336911395121162
0.336946666539828
0.337959138209272
0.33836323972229
0.339168812822732
0.339196249715192
0.339282416259068
0.339311774481223
0.339321429565648
0.340700708981184
0.341172008855608
0.341391626085146
0.341702672236014
0.341811017421619
0.342163873266181
0.342615703114905
0.34305945619117
0.343364970513635
0.343647541552854
0.343707093689788
0.345020463081711
0.345530081351983
0.345860918898933
0.34617767040883
0.346498285751202
0.346604536775401
0.346946303713401
0.346982545105947
0.347575460064095
0.350635153371473
0.35173016490125
0.352186431174906
0.353007937652683
0.353143146102536
0.353267149416055
0.353632993038644
0.353723777626472
0.354401255897618
0.354858637394828
0.355302347614051
0.355788866291268
0.355878224555074
0.355943252587145
0.356317529066943
0.356442071825985
0.357015878955252
0.357389221916916
0.359818226885357
0.359931027855531
0.360128122450827
0.360352635844332
0.360776687130789
0.360812316002302
0.360946257489362
0.362021141238243
0.362151093655817
0.362597878873183
0.363012808430504
0.363205073084236
0.363453082967453
0.363973489493205
0.364414351864633
0.364561974353912
0.364818638382556
0.365147505242354
0.366282497746004
0.366510424077089
0.366748178094627
0.366772530793351
0.36730141000065
0.367633032460686
0.367837649441318
0.368279206779942
0.368471436279277
0.368851302719388
0.369032847775862
0.369073483737791
0.369772153787959
0.370952787277746
0.371101630730011
0.371271198367854
0.371755861150295
0.371907456795622
0.372099304856805
0.372674237493044
0.373842766981278
0.373852057502039
0.374338333636446
0.374918749077242
0.375559421635824
0.375573754402753
0.375813770290853
0.376198422438597
0.378300194283102
0.378693572376004
0.378966248842333
0.379967089305465
0.38063780083006
0.381096973119334
0.381606194908248
0.382126497499102
0.38226787209659
0.382455115712774
0.383504232071392
0.38376680499656
0.384160596916991
0.385211156103517
0.385466012742325
0.38631328837732
0.387236496211875
0.387490971164662
0.38835064133589
0.388739327949333
0.389496806990845
0.389980171836048
0.390028829816929
0.391451550728353
0.3947050519112
0.394910273629495
0.39598367370534
0.396580734303946
0.396805830868579
0.399966741596863
0.400356452765373
0.401959376974372
0.402292493918383
0.402372193771041
0.403425138414365
0.404153674080521
0.4042812593735
0.404288538989474
0.404356354787137
0.404414447859153
0.404617315261049
0.405338469780901
0.405633066134983
0.406632916367477
0.406796634375207
0.406974754411162
0.408230305813318
0.40829590474875
0.408617944597593
0.409610572448044
0.409642327014604
0.409918390187767
0.410471118251764
0.410903087949302
0.411305769354287
0.412172898791876
0.412443613165186
0.412470754306824
0.413180697600755
0.415512307500901
0.416100043520981
0.417042614247268
0.417776697792485
0.417979723642295
0.417996784591223
0.418350895913857
0.419429473373338
0.419545780619099
0.41979465134435
0.420630481320598
0.420851481358413
0.421476710677335
0.421988894655098
0.42199621770463
0.422644338969111
0.422708565772473
0.422981908523547
0.424040104694545
0.424386021839563
0.42501371074225
0.425326382951691
0.426253285726782
0.426511754116732
0.426967032697741
0.428025971893005
0.42836137889091
0.428398727428838
0.428858406484773
0.4291473557446
0.429520021914137
0.431182097631237
0.431933955080048
0.432251913434785
0.432557617851078
0.435085187529399
0.435412410104138
0.435498486087769
0.436044792115358
0.436531784690774
0.436736457743306
0.436754493815648
0.437758274347177
0.438046344327916
0.43856938271015
0.439662340972422
0.440283931002951
0.44151263264094
0.441959198495416
0.442357036578165
0.442929281095467
0.442994293751631
0.444091380034329
0.44417459604935
0.444648244692523
0.444775539849433
0.444832759775981
0.444903385472693
0.445188385416324
0.446163247703729
0.446755672861638
0.447720292297228
0.448633450567498
0.448914795362748
0.449408928606198
0.449569047697929
0.449591059368053
0.449618940824881
0.450209282565351
0.450317420886251
0.450445473031593
0.45104593107877
0.451066597843771
0.451159547010966
0.451388068610557
0.453342055444859
0.454099990312893
0.454481216978842
0.454759130094731
0.455368252345367
0.455657945516134
0.455764663042676
0.456944293081934
0.458284775111886
0.458688266668659
0.459598688524961
0.460273805202736
0.460369598754214
0.460782242242544
0.46103001376078
0.461175166769755
0.462053336668783
0.463351541484461
0.463995716319464
0.464488429871928
0.46522310383397
0.465249733298915
0.465256190687608
0.465578444604053
0.465648745586047
0.466278397300057
0.466336890960717
0.466612540136576
0.466971669576033
0.467118236907811
0.467282569545337
0.46751749927368
0.46792688316899
0.468203514825657
0.468293825620209
0.4682951413326
0.468309111797299
0.468372591795424
0.468463583004169
0.469459879577199
0.469465093772267
0.470341097998433
0.472291551064065
0.473136273965389
0.473686832899207
0.473746999750317
0.474451010846217
0.474840468531519
0.475729477532261
0.476061347397355
0.479951753894604
0.480028845379323
0.48026733719487
0.481095898198306
0.482037881389668
0.482258397512587
0.482439853369465
0.482817226444078
0.483531304441468
0.483551614320848
0.484215522959187
0.484766250114562
0.484874767316914
0.486756254337011
0.486817594807512
0.487216212683334
0.48752482580138
0.488398532231055
0.489144302745688
0.489949678834946
0.491578524731537
0.491679110430202
0.492023056982355
0.493067873553063
0.493999658325655
0.495689691091848
0.496132987853938
0.496197480881294
0.496330806944813
0.497025657356999
0.497328896045922
0.49822774807756
0.498885260463973
0.499527788486232
0.500086572991258
0.500105292288631
0.500787257875244
0.500919412433981
0.500962179558472
0.501707049529212
0.501888548726068
0.502611255325057
0.502859392527445
0.503198037691857
0.503444537696007
0.504105259801774
0.504352012053796
0.504561618514297
0.504773852690918
0.504781879392437
0.5048030343977
0.505674302345737
0.505740584932102
0.505853964901364
0.506473062060601
0.508180918060745
0.50849299818515
0.508527095834492
0.509032134957121
0.509586677493436
0.510756193099277
0.511064342604755
0.511261220047159
0.511648343606964
0.511713485884755
0.512587772705724
0.512716871083669
0.51307537042765
0.513215880296577
0.514071389662857
0.514493702117474
0.514660091694085
0.514682181813141
0.514814220347334
0.514929701679861
0.515310089465499
0.516193851305001
0.516215921895637
0.516773857141088
0.516958785074881
0.517820586955766
0.518047582479331
0.518048320246192
0.518131541956345
0.518205531028185
0.519011215371371
0.519806204161619
0.520619453810277
0.52143068451365
0.521954960292725
0.521995232099656
0.522121560093546
0.522245538680131
0.522458393742032
0.522976189645373
0.52315343224202
0.524227266242634
0.52425606330299
0.524295989048539
0.524515271498276
0.524553808854714
0.524698583172346
0.524958613604585
0.525282071549331
0.526557683856147
0.52676864340182
0.526805903074829
0.527221770531794
0.527279780128551
0.528247347850447
0.528486776126527
0.528495909244221
0.529834937356061
0.53001148984156
0.53102040674875
0.531542597857529
0.532150712218488
0.532803582567829
0.533784381190777
0.534297332418893
0.534342621323321
0.534604516954454
0.534947498754639
0.535688395525407
0.535888119242811
0.53652768598758
0.537025639549892
0.54098725424152
0.541284712883246
0.541717498208463
0.54199347406971
0.54231908301951
0.542350103232306
0.543268080205442
0.543270190046891
0.543356407993264
0.544174814437427
0.544788363767256
0.544826284860943
0.545336765586123
0.545491719190961
0.546170039303202
0.546464769209527
0.546667322926327
0.546933027025456
0.548201871250398
0.548430141750581
0.548744478281338
0.548950821096158
0.54986029965523
0.550380245105659
0.550788814646127
0.551255941551184
0.552258406469423
0.552462303405922
0.553430172429622
0.554667996052091
0.55646162045087
0.556510267614752
0.556550034712914
0.556813415492873
0.557519607185057
0.557740678868084
0.558172731701698
0.559241894603823
0.559818412611981
0.561036481007089
0.561474148580831
0.561531647916775
0.562403682092105
0.562950760662544
0.563081462017819
0.563192726779957
0.563321732094303
0.563850599969133
0.56394765565359
0.564650424386451
0.564653328505864
0.565068652428501
0.565675204646672
0.566162506293989
0.566571113187531
0.567187808514021
0.567670705892639
0.56836329235264
0.569221859776635
0.570086845209097
0.570874637377953
0.571086780994388
0.571311768339142
0.572009348635076
0.572584506406748
0.57304730567244
0.574520952676375
0.574812658762165
0.575372126453945
0.575509001472877
0.575863607768592
0.576422765308923
0.57645608833225
0.576486310147878
0.576690305007258
0.577149358403379
0.577569137400533
0.57814757362306
0.578423400392029
0.579314491313404
0.579498122857846
0.579996769484811
0.580076497406993
0.580366219386771
0.582588399284725
0.582834062779979
0.584503843420403
0.584668458627677
0.585032373796173
0.585060115163455
0.585235034275286
0.58598315938083
0.586079718425949
0.586421663343487
0.586796755825171
0.587805112017874
0.588119061675336
0.588183361572402
0.588508110564831
0.588567243141013
0.588595766754481
0.588754594773411
0.590265664879859
0.590268469611968
0.59118431661512
0.592544189248356
0.5938404098763
0.593875625282264
0.594742036921068
0.59482289961981
0.594854718164058
0.595157675561948
0.595529970943038
0.597770862598077
0.597848015547258
0.598048726680668
0.598481455575438
0.598837835009331
0.59895596126956
0.599695994596472
0.600483601915159
0.600633529379379
0.601017887747516
0.601231926775463
0.601535985847631
0.602059636583173
0.602310821265654
0.603737759550723
0.604161582125182
0.604633984474118
0.604753526539782
0.605470818333949
0.605633304544273
0.606300638598245
0.606578564455355
0.606890310387004
0.607277583463272
0.607867991981346
0.608276307014103
0.608542044132498
0.608705653320004
0.608717416132538
0.608789813693498
0.608849278807475
0.609364493310193
0.609368487190191
0.609611825564878
0.609730587413281
0.609823413013387
0.610303728680598
0.610778078914891
0.610919442776055
0.611062267897035
0.611379867249946
0.612152644031337
0.612191646128803
0.612300215199318
0.612913826669911
0.613527217512372
0.61429876238738
0.61453177176891
0.614801789766506
0.61535815677618
0.615936164123127
0.616426292708895
0.616909348993456
0.616943479315415
0.617072377840849
0.618056473190905
0.618295808652608
0.619645976892373
0.620149358129219
0.620554265311261
0.622086088662141
0.622128161993178
0.622458320238943
0.622519674727908
0.623513987749802
0.623843428199645
0.624029836929895
0.624094590226341
0.624402312431582
0.625129069009794
0.626388420597943
0.626621113495162
0.627611803257405
0.627890606093378
0.628551746131442
0.628822749063621
0.629444603482331
0.630304923187029
0.631704405948043
0.63215957723577
0.63233832561675
0.632382272007291
0.633373364531958
0.634623100983744
0.636014028416893
0.63693179278168
0.637724851287397
0.637891847762379
0.638748570834419
0.639024328654006
0.639519214414577
0.639628102972075
0.640455998376629
0.64054868891655
0.641725566501358
0.641896086238072
0.642427543841337
0.642752518014015
0.644051187539705
0.644099571249434
0.644290206269944
0.644480717072837
0.644543766736413
0.645146375261282
0.645284089947255
0.645343802197375
0.645726891600788
0.646313791643944
0.646420917248037
0.646773101176222
0.646787362756299
0.646877210798985
0.646910400645567
0.647055173390208
0.649107391646217
0.649247034255276
0.649417237786016
0.650048125541952
0.650321290850687
0.650526107080509
0.650699118386795
0.650959072047427
0.651290765167791
0.651352669077559
0.651825209347985
0.651858629893801
0.652093056270522
0.652202574789008
0.652268061933418
0.652298517058064
0.653192096810544
0.653684588377701
0.654498647992973
0.655438162298172
0.655687416825359
0.655788752720336
0.655843590603979
0.655878587841103
0.655968306847542
0.65599976625368
0.656203838123115
0.656397638662649
0.65796912175126
0.65834073950274
0.658425811888139
0.659061951096148
0.660254662338114
0.660414745152273
0.660463468632268
0.660602924242466
0.66118180910791
0.661630324623748
0.661710873844
0.661980955547479
0.662054957029174
0.662334056869556
0.662512159335026
0.662526858036563
0.662831659103225
0.663191948002735
0.663983787981497
0.665151188515536
0.665562876541593
0.665708552921397
0.666075949693895
0.666950461007785
0.667515643486856
0.667578155496216
0.668249586593351
0.668555233888113
0.669300402572789
0.670445311777495
0.671110658129831
0.671134041363277
0.672240845916085
0.672316918510129
0.672361347870863
0.672649157043936
0.672678926569426
0.673330154149832
0.673360700284741
0.673525091213414
0.673654554933789
0.673878671928278
0.674300188389553
0.674385536575992
0.676263343906471
0.67650030263452
0.677346850878895
0.677907305368996
0.677947663306529
0.678303210800618
0.678642023558975
0.678705749518934
0.67885799775175
0.679201699587751
0.679630424828102
0.680383740802553
0.680409332709824
0.680592001637662
0.680776428601473
0.681001851078814
0.681574030665068
0.682126859371396
0.682826693431489
0.682952972754228
0.683394851249595
0.683526533284856
0.684154019086153
0.684233316203355
0.684632658336331
0.685220374176623
0.685394726526802
0.685656343601217
0.686381684279772
0.68696878296427
0.687254036323351
0.688557027969991
0.688939911689231
0.689299624270904
0.690012842988025
0.690044402619025
0.690091211299932
0.690242455557368
0.691474976696256
0.691724849072503
0.692144589199659
0.6924534042616
0.694368026903056
0.694593534606441
0.695197705187912
0.695772426277275
0.695883071506197
0.696050096410839
0.696514722163316
0.696737571545432
0.697751616612027
0.698467445608592
0.698873678832331
0.699980602791314
0.700282191175175
0.701067333371926
0.702646014537859
0.702707827954691
0.703177046160005
0.703793852928545
0.704625583845531
0.705588749470252
0.705663325605286
0.70566459695424
0.706799556646189
0.706921047312364
0.707894430874288
0.707989980746561
0.708585145171023
0.70885868125036
0.708900112329508
0.709599834719014
0.710266617581091
0.710269375189846
0.710498399451308
0.710747653490697
0.711222070816615
0.711286978723195
0.711347679928331
0.714435806351817
0.714779302879845
0.714962411926514
0.714993366239715
0.715042474385491
0.715274463378381
0.715474835055758
0.715751948180363
0.715766257470727
0.715840016704291
0.715902601456142
0.716944208158729
0.717125901573148
0.718032825359235
0.718223883933782
0.718675251300668
0.718793070764906
0.718806909067892
0.719373790972375
0.720677484179196
0.722197333310386
0.723227267777793
0.723655722672407
0.724190630041731
0.724333206326915
0.725234314132268
0.725516778419862
0.726567969484387
0.727002846677715
0.727086677627652
0.727970359412948
0.728222787915779
0.728313907400822
0.728379361756417
0.728736549568687
0.728786412417949
0.728961901908295
0.729196758900193
0.729593394767813
0.730814210751367
0.731395651114602
0.731599455652976
0.732462099334088
0.73344917999152
0.73613644962168
0.736164675580111
0.736580348089077
0.737698932885507
0.737847322213874
0.737948261517614
0.739291470619802
0.740162397248658
0.740302562591631
0.740351892084149
0.740511554360999
0.741160496271811
0.742754668144938
0.743540847312965
0.744403133847036
0.746070397190572
0.746367920403478
0.747467661333663
0.747809092503208
0.748138053633574
0.748486127301307
0.749010771236933
0.750092923189119
0.750746686499346
0.751280807062186
0.751818299798864
0.75314671972263
0.755058953955767
0.755992227100125
0.756703763553881
0.75675833124677
0.758084846178094
0.758095279254802
0.758396626119908
0.762927334341874
0.763361510518345
0.763648330261667
0.76454863350688
0.767677162293308
0.771155675738832
0.771514809742249
0.771739604113209
0.771982459999283
0.773978939965087
0.774167313349749
0.774609328770641
0.77534165666719
0.777197680947641
0.777651828122783
0.77788800429569
0.77797660020255
0.778141610018498
0.778329236954676
0.778786845766729
0.778821621020384
0.779623133146368
0.780380738939252
0.781205307522854
0.781340549333423
0.781602739196891
0.781995215632738
0.782788155564468
0.783015368819076
0.784595102825284
0.78513490264799
0.786101901697441
0.786257906163886
0.787592043438193
0.787889148689958
0.788353241339695
0.78860488165637
0.78940931802732
0.789510609951236
0.790047189842055
0.790634761943001
0.790837478740811
0.791998479699357
0.792059655367089
0.793130020262233
0.793187591421319
0.793781278234438
0.794937672447023
0.794987074964668
0.795196475783784
0.795379101200131
0.797022724737687
0.79707160385352
0.79770097362861
0.798408440328771
0.798787203397882
0.800325846822063
0.800338126073834
0.800686619975276
0.801155449263617
0.8014308422157
0.801613883815274
0.801676886054447
0.80214763592129
0.802628309683342
0.802705908155338
0.803065471064052
0.803135753074512
0.803799175700133
0.804767080622937
0.805012100914582
0.805724455823771
0.805969054605509
0.806742411825401
0.8070844283192
0.807688035834643
0.808170142931301
0.808720283442578
0.81049687768764
0.810742816322304
0.811074606213557
0.811598865930953
0.811641346459291
0.811704885926978
0.812202735416842
0.813068703539504
0.813267370855964
0.815060954156892
0.815491164008218
0.81705357652512
0.81746423407021
0.817560713075591
0.818049076754926
0.818836686303753
0.819450009957636
0.819703572053582
0.819745571250786
0.819863171863842
0.820134736425914
0.820322529014552
0.820988331346762
0.821012573345078
0.822073618610674
0.822177370283347
0.822618640336254
0.822845899110547
0.823814133162026
0.82498677807313
0.825535264309484
0.825663014600427
0.826633021196223
0.826780382564362
0.82698160997525
0.827278408133061
0.828445163365345
0.828817388972618
0.828919848751857
0.828946792862008
0.829208652456339
0.82949311069014
0.829945154871768
0.829971062564328
0.830402397721866
0.830482206438173
0.831330856616743
0.83169178038348
0.832414162942266
0.833129616550496
0.833221239503152
0.833633316040602
0.835408926475194
0.836322457734172
0.836358654773543
0.837797538906275
0.838117169233869
0.838516246556731
0.838764216715767
0.83890904279661
0.839300990221223
0.839740179409363
0.839775156433014
0.83982790882049
0.840132878599089
0.840891775965436
0.843325628488166
0.843653390821539
0.844449513552739
0.845092483106618
0.845473320315849
0.845790729235998
0.846810468422996
0.846887343316115
0.847497438450175
0.847678295298962
0.849037603662053
0.849313631984564
0.849739117316412
0.849820936888976
0.850208414882932
0.850467426882709
0.850485828444089
0.850814153180416
0.851397471122547
0.851842569180875
0.851887072022848
0.851978473381596
0.853131370750169
0.853259989720809
0.853301852787783
0.853384146121745
0.85348601909594
0.853812351444958
0.854232590578224
0.854340259133557
0.854769745791797
0.854931566504051
0.855029458801375
0.855435482573423
0.855557631378595
0.855656947129054
0.856644953077512
0.856793967936557
0.856871556100817
0.856919766846378
0.857437261639679
0.858896485213535
0.859092975004744
0.859790580462235
0.859908077904412
0.860025191542986
0.860033401694858
0.860488298145989
0.860505881536299
0.861223400066366
0.861274584717543
0.861376211404657
0.861426901411439
0.861867780044549
0.862146076953432
0.863230298704669
0.863773531783676
0.864081273883805
0.864861072023675
0.865009635196225
0.86586289295568
0.865884491721903
0.866139556473337
0.866477968726733
0.866573475315995
0.867199770955225
0.867706091597934
0.867944432274777
0.868114782965175
0.868363880563971
0.868698384032255
0.869079119423298
0.86913940833609
0.869571303244936
0.869752625575771
0.870022524303324
0.870281036621468
0.870501417546263
0.870827487208097
0.870834919106095
0.871257922711933
0.871487549868392
0.871816553564585
0.872239390620015
0.872764828527648
0.873152508328136
0.873247796932416
0.87359641215019
0.874329897761294
0.874534959619929
0.875343529799973
0.87573829460242
0.876240242705633
0.876570690109415
0.877045860552135
0.877104880901645
0.877247924828779
0.87771022657864
0.877882029371623
0.878013472852469
0.878031582204804
0.878090715492705
0.878093594139796
0.878263366056451
0.878284455122177
0.878299005588544
0.879619845086756
0.879810394008404
0.879965141732163
0.879965254171891
0.881411677805589
0.882163602320518
0.882430688327716
0.882578313940014
0.882655522105967
0.88273963282573
0.8828381184812
0.883077273498897
0.88335358763226
0.883678831620066
0.884465293735204
0.884940486785319
0.885133555684754
0.885553282629051
0.885777941469858
0.886591895713905
0.887725538926551
0.888359684729173
0.889453246741594
0.890505487097082
0.890889111662879
0.891039180890535
0.89115515906645
0.891166656761212
0.891217974432309
0.891704307276912
0.891840899151622
0.892644029698409
0.892661022823342
0.89272185072091
0.893213274458092
0.893245127923559
0.893453820149081
0.894170115952435
0.894593219230225
0.894772498123892
0.894799033341872
0.894977373445945
0.895319345542418
0.895882352130597
0.895895881521561
0.896278440038604
0.89653581167157
0.896783285453592
0.897428307947081
0.898073468635609
0.898131911233817
0.898452979487742
0.898660589289556
0.899327830550754
0.899922719472533
0.900254186182925
0.90037763846498
0.900586975084377
0.900908372221786
0.901412417779581
0.901850327480806
0.902755294298328
0.903829993369562
0.90428516707122
0.904692067157141
0.904951725099262
0.905076857323604
0.906894738597195
0.907125091886517
0.908402571208868
0.908436779220076
0.909556393127768
0.909885286378646
0.911767184382699
0.912116194156585
0.912979047270927
0.913232847259714
0.914243692267915
0.914399030853799
0.915035332166165
0.915103645997644
0.915300078758907
0.915560576350785
0.915659273989295
0.916198366890872
0.916432505062488
0.917083176733313
0.91735179593583
0.917945976043455
0.918096735870517
0.919018751952803
0.919517209104665
0.91961990071936
0.920058048125963
0.920205491938789
0.920340680235074
0.921112632935184
0.921257936954479
0.921596637171006
0.9233398532555
0.923875748112882
0.924254506750794
0.924450529206211
0.924971763172594
0.925941614155829
0.926216427569189
0.926219073796832
0.92636329095443
0.926632629506024
0.928219733423021
0.928935765240818
0.929931466258535
0.929996557944937
0.930273222117752
0.930518440018102
0.930825573347659
0.932765007307633
0.932955530441162
0.933403484095076
0.93427539334322
0.934344341449477
0.935374716486542
0.936189920664984
0.936289267654469
0.936619467760515
0.936868183507215
0.937204462101527
0.937870961524049
0.939835650717811
0.941988706408708
0.942541338056817
0.942731493183784
0.942808250998272
0.943564156777751
0.943827184085021
0.944411647506721
0.94661489656525
0.947322670455354
0.947688691586934
0.948350774557729
0.948677990193655
0.949457445204564
0.950818262604673
0.95304244100664
0.954592344056428
0.954615157774215
0.954906319681654
0.955849920596923
0.95635207082264
0.957176966532239
0.957842309631298
0.958176163333264
0.959237721461285
0.959323610882429
0.959658548035671
0.959766285372484
0.960197259141259
0.960637658578092
0.961708585137777
0.963543954326373
0.96474773180494
0.964868197267381
0.965704693372875
0.966331498847454
0.967161349296957
0.968535842418711
0.969010355758649
0.970631832455346
0.97301725500275
0.97323162351449
0.973423447731413
0.973509748770689
0.974157623467022
0.974581186176061
0.975738694502598
0.976042986134728
0.976914127888355
0.977032683707515
0.977246734705133
0.977623250874504
0.979689519686788
0.980612939619847
0.980639712301247
0.981474025693812
0.982036619476052
0.982728282264475
0.984213743735825
0.984606206688321
0.984654333815577
0.985091712567877
0.985857197473401
0.986942061548846
0.987032748300834
0.987155501625232
0.987471902388749
0.987593454537091
0.987817269747223
0.987867568817319
0.988363777761978
0.989969618005823
0.990201411998122
0.990914837713111
0.990961683869124
0.9912310216422
0.99149385818773
0.992647269470433
0.993078106109382
0.993609483739928
0.993835614351396
0.994380264914689
0.994867003164247
0.995301451953988
0.995529737884076
0.996078692421338
0.996165770870823
0.996620935713632
0.996860272460767
0.997262114031868
0.997336138161822
0.997509881380442
0.997598602369263
0.99770763643504
0.997776714195277
0.997893454635224
0.998124814673811
0.998210013005105
0.998415891348616
0.998592974779892
0.998844552052656
0.999165178278375
0.999197284778284
0.999244537815624
0.999489726071154
0.99951216231006
0.999545921652476
0.999570073853189
0.999587706748738
0.999634802947721
0.999650890514194
