-0.000672219134020858
-0.0444302666592743
-0.0776909577918747
-0.117216875784293
-0.156283503641793
-0.160040175966348
-0.196486246351831
-0.231416639065792
-0.263639497193185
-0.291520257434385
-0.321256751436456
-0.3480827341526
-0.369627620854348
-0.360460764709209
-0.347541052334439
-0.368963980531139
-0.344484363543659
-0.347433538530006
-0.351594795357881
-0.39148567028514
-0.422467470880975
-0.45222048513388
-0.491416235643812
-0.522306010288647
-0.544380522131113
-0.496940359348921
-0.46884705099445
-0.462783011338743
-0.412325630211928
-0.441125935508233
-0.378359144091111
-0.413402120519127
-0.448173914356287
-0.393455976868482
-0.421870752362667
-0.367934872629815
-0.372933145530411
-0.384763321493961
-0.265571671436566
-0.26555677429601
-0.304603992595347
-0.200134369822419
-0.210362870964919
-0.246318728951045
-0.179846901477599
-0.192654387560705
-0.230790598329759
-0.185778775234432
0.139938255175059
0.112374487702894
0.0814021812257156
0.164142811423137
0.131444622511878
0.101962501309445
0.0704259499112828
0.116930987389139
0.098000000151736
0.0749747605009637
0.06974693898057
0.086383818576408
0.10903887662066
0.116111076933704
0.130764278159109
0.0872843454120716
0.129429543288317
0.0925671849162719
0.115605209728613
0.0913298635936489
0.209285376918204
0.176773496454366
0.236377884576624
0.22297651604885
0.199435391987783
0.215540357813629
0.241004191048344
0.259751079389137
0.224476774781372
0.202579609819512
0.22365372212153
0.218384721875897
0.301062296995845
0.270028546629675
0.457604432748227
0.475899528687422
0.481352328768611
0.54569427867241
0.592188717070781
0.569701692445572
0.65428597772412
0.676691213001981
0.65218305893243
0.611016677595451
0.649345424795564
0.608820732535
0.572894000277658
0.535052407187538
0.55047713266526
0.58008031000849
0.617460066179851
0.658402954024186
0.615242548130096
0.586460042229761
0.572290088076253
0.590196375016913
0.59712019328126
0.578312344870754
0.575458039253291
0.567806754722502
0.586163885851919
0.546029728640865
0.521471173095311
0.492848372479565
0.513889216977568
0.503409271371629
0.482219802992574
0.580367901119322
0.576811064219507
0.550397718628771
0.509804835674742
0.5531345041833
0.652627283904194
0.611267934542683
0.573551284127164
0.66343208799701
0.63737504510857
0.60332798424878
0.615279846620931
0.57954573504339
0.554094403527218
0.561064880898526
0.605680242675281
0.595612134652103
0.563455935243173
0.534013897667894
0.557414015750021
0.534111678698144
0.554512522682394
0.513749779102576
0.514891770430493
0.510310278644038
0.470612343711218
0.449600497426316
0.425115080368555
0.458843558131561
0.419269722808198
0.375618060202914
0.334131431095559
0.312009733741619
0.288926823561736
0.253577889442242
0.211603831599103
0.189060589390839
0.181510892303209
0.165951510879711
0.180271180159395
0.140713880687447
0.126495809988458
0.0851261084988671
0.0417929705995656
0.0172933603349764
0.00608465250840704
0.0490551413433696
0.047876836706172
0.0236547344378278
-0.00403154577633773
-0.0195025234071679
0.0151326905187708
-0.00883064908326482
-0.0409181713262631
-0.0727758804512196
-0.101008450576743
-0.109735794422676
-0.123837540682979
-0.059655744896147
-0.0730468451614726
-0.0956595425959736
-0.0885550115954167
-0.104212359389128
-0.0989137066745283
-0.132532841026024
-0.164710852690544
-0.107580760925935
-0.11767403935246
-0.144881630803224
-0.0873168146313917
-0.116590861947756
-0.143847928800393
-0.181977168486802
-0.22156122533534
-0.263497724952251
-0.295381906255535
-0.31470496871946
-0.357685686583604
-0.384424668602363
-0.383789362344818
-0.339962285695803
-0.293314737833469
-0.328805454896371
-0.365240299376831
-0.406317840208195
-0.436611736558147
-0.448789693297123
-0.4789608349067
-0.513508239329143
-0.543305450263609
-0.560563128044117
-0.577303175610069
-0.576420547781244
-0.55719703157001
-0.537438175710334
-0.526122466483465
-0.544335088121452
-0.581759338952153
-0.509092653280457
-0.51383237791991
-0.536206167917136
-0.559991374328104
-0.602004906753621
-0.572021551523411
-0.555790913361333
-0.439000981886462
-0.456464468449923
-0.410046760734694
-0.336515071537982
-0.340670269917453
-0.378511280783971
-0.35175301913117
-0.313268243355123
-0.336228741461311
-0.300969090796558
-0.26462825654842
-0.189413831241455
-0.20750782884274
-0.227402176760133
-0.267094473665537
-0.184141579344141
-0.173268767070553
-0.173498576400134
-0.201265068777741
-0.164995952578195
-0.199308523342678
-0.201063931546915
-0.242854753635324
-0.286371157041979
-0.324254616473813
-0.338229501960483
-0.333100972619884
-0.303195306639304
-0.248725979883521
-0.234756743293443
-0.182763247425174
-0.188719415914352
-0.212791552872183
-0.21087821103522
-0.24496395891278
-0.258070322671562
-0.288438294511188
-0.270808275076838
-0.31342956231323
-0.338249770166649
-0.181120072696877
-0.217507896522385
-0.248085527932529
-0.277203711468276
-0.283856669273315
-0.268596490068346
-0.310744718772257
-0.28986021735179
-0.058100053981602
-0.0596925298484743
-0.101031522528678
-0.109246813078874
-0.137073143333786
-0.15034353431241
-0.16485580624658
-0.0890217116830895
-0.061169232323329
-0.0413659849944748
0.042545206580922
0.0320114606507117
0.0245570783842949
-0.0187796298520717
-0.0287277038667253
-0.0522304743701647
-0.0340669603067489
0.0307189366047487
0.0537655670027912
0.0540734811597016
0.0263879998156557
0.0201987763940007
-0.0207530920845022
-0.0540364430655323
-0.0824610392751413
-0.123615718130965
-0.158620408266212
-0.160788229369427
-0.148834249810179
-0.161090053041159
-0.142467706086561
-0.0971408512381166
-0.139240204135281
-0.0781974707288972
-0.0992945581801965
-0.123015789780629
-0.0583722773132115
-0.0154303989796136
-0.0589953275983568
-0.0599493571716377
-0.0570419441974609
-0.082682162953111
-0.123298301472193
-0.164428959545373
-0.144970360900137
-0.179307026199928
-0.217899671591899
-0.103837530804399
-0.100824700304184
0.330371861818292
0.312014517559462
0.29564999684858
0.287232322099761
0.249802564987673
0.211688063401911
0.295658702494572
0.253791138535819
0.21094817947591
0.192017051261285
0.230523548111958
0.230706803869545
0.227261118635361
0.18655648643324
0.159133111136722
0.232095512166104
0.195328432524665
0.151179241553943
0.107764487443144
0.096116790785406
0.0587330693977814
0.0168534153386851
-0.0234784808897433
-0.0639466794318767
-0.0640020482700153
-0.0492302780911042
0.0655551360692978
0.0371275303122596
0.112716306692785
0.103123580982664
0.065965342894225
0.0314962693197381
0.0170578378862139
0.00568032925252949
-0.0202297475133619
-0.0581412578506898
-0.0717450072494884
-0.101986835640164
-0.128772221954873
-0.163255573103859
-0.196177665560744
-0.214043769272181
-0.233635833996761
-0.260441110190127
-0.280468153341235
-0.197624980895184
-0.135812219987491
-0.172154787897871
-0.115999422509724
-0.159791188381878
-0.193719806954063
-0.228674672755652
-0.217173844451484
-0.258905032606612
-0.120372848994333
-0.130638477769582
-0.166618734087728
-0.157338483206726
-0.128675982435885
-0.126514076454116
-0.0527173216144463
-0.0619400097469672
-0.101903625031457
-0.137833026346373
-0.182037221302135
-0.224353813839819
-0.264986445606311
-0.223453989072564
-0.212352041222471
-0.169455559973719
-0.17376399715249
-0.197853445339151
-0.207050090372427
-0.185279737243775
-0.0308151266747051
-0.0680535497163433
-0.00468776004005629
0.0120656199845496
-0.0222604189578006
-7.0508840946789e-06
0.0315833522314087
-0.00345984967016435
-0.0417407188474369
-0.0403827515787967
-0.0704391666329701
-0.0588506936602442
-0.0719524757900958
-0.100704408146469
-0.120452200819397
-0.160619044311324
-0.112052341977248
-0.156129446823984
-0.16640308566096
-0.168384911198716
-0.182205501962541
-0.2091123110091
-0.19838699441886
-0.223874583842117
-0.185202728304028
-0.150796261472817
-0.189636208812837
-0.214766714712535
-0.248883130823387
-0.287536076577007
-0.329420118188916
-0.289529852150907
-0.326999876261052
-0.340852759983437
-0.354492927442612
-0.397528179133376
-0.430288465997647
-0.428017099928275
-0.449167486972415
-0.352426837325307
-0.366421215662136
-0.361335393514501
-0.386412152210592
-0.284111815463144
-0.308653064526569
-0.311462740417841
-0.352470013507891
-0.279784321929693
-0.287691726733786
-0.314206208300705
-0.244924080083615
-0.261343503390068
-0.168096896768241
-0.171125204281005
-0.160900043598573
-0.203082939083827
-0.202153718819093
-0.207084427851707
-0.223370436444481
-0.216354775909106
-0.0856475520179276
-0.0797401437148452
-0.108228535034749
-0.123910876682817
-0.153256418130551
0.0794668264078449
0.0474440345574234
0.0934679086384792
0.113265180949248
0.138913363312069
0.126244861678711
0.151953357587488
0.17798209339373
0.139287260801515
0.109489983450909
0.107920902824484
0.0776919526595293
0.0532633676042356
0.0306445360558777
0.0231282891189406
-0.0198688497761425
-0.0427910427924162
-0.0630961047582108
0.0290368112057429
0.0963585276898236
0.155839291831258
0.117346873694659
0.14683927485999
0.111266201997707
0.0743284875597348
0.0346881133885732
0.20419078849297
0.164929644347317
0.16113696747902
0.175152819729686
0.184357759133439
0.160290198249713
0.13823570558535
0.156846617457555
0.130337267464737
0.165847960716294
0.127563762641037
0.117576693463674
0.139970920824897
0.120180330414733
0.116697666390659
0.108448325943033
0.0673885937465827
0.0981452106994603
0.081267734499135
0.0454703600588777
0.0227505650867049
0.0426556030546264
0.0171506500055123
-0.0110299472108577
-0.0163017193888988
-0.0522292697195695
-0.0850214731726036
-0.0995848736256949
