0.00907041849659179
0.0101354205625931
0.0207450261334894
0.0220403679536449
0.0297501136234758
0.0300318560201619
0.0355049602989238
0.0448024087874878
0.0554654102115941
0.0570420536037136
0.0577304285049928
0.0590237995377925
0.0591220461422675
0.0630380547308661
0.070496647913612
0.0708316480343096
0.0850168159476929
0.0874915015591593
0.0906134444181453
0.0928674902077358
0.0976825160651101
0.102254462005063
0.116416771965696
0.117576197124368
0.129540126728159
0.134143777636505
0.141681908904769
0.142514381082627
0.143010470442488
0.145889057470894
0.149086367629024
0.150641604963389
0.152105267804485
0.152879562168884
0.159259140249322
0.160795220480654
0.163662993580305
0.163949019467041
0.170447688043876
0.172741484048809
0.180209911384899
0.182025710577115
0.182548007713357
0.182606803713692
0.187737648555457
0.19269224786562
0.203713804566883
0.20781109777735
0.211167372853769
0.214036850886064
0.21458709995424
0.217275112760277
0.21743313017488
0.221772720158991
0.223818924231446
0.225085898605709
0.226238386646046
0.227351419260561
0.230284220299303
0.243938979780917
0.248931590612818
0.250272710503651
0.250905349028404
0.251309454522389
0.252228899697629
0.260828439224213
0.263024316659947
0.267145290168778
0.27004182757327
0.271316835207381
0.271578021269003
0.274295698432619
0.276571710521131
0.288448693220617
0.288770126639873
0.291348210260144
0.293925986990344
0.295381757740792
0.297880531904742
0.300424103609529
0.30606089558338
0.308353945203696
0.308852898277506
0.310472687981455
0.312656969896915
0.312680200103543
0.313455477747407
0.317668311181022
0.31772711806035
0.324154376919755
0.32650936714654
0.344738877718379
0.345646503280888
0.34612464523602
0.349202698440533
0.352965191878894
0.354981473532884
0.358096827634378
0.360500402672187
0.363490114406198
0.373041451424811
0.373188378835583
0.381444235061312
0.383475503042529
0.39080321577934
0.392445481200372
0.392583815574903
0.392980276083651
0.399009514195997
0.403846185374951
0.406224901041443
0.410233470147146
0.411602616475634
0.414386062838465
0.417199117323346
0.423313346032925
0.423812375501995
0.432813569173823
0.435532245781472
0.436331603533107
0.442708595339911
0.444996862520923
0.449806377899937
0.451405077614038
0.455437428952909
0.459603899952715
0.463172228169015
0.46770045179044
0.476638875298981
0.478565541261508
0.485572802934127
0.488908971058857
0.493725500617886
0.494134501205983
0.496491248269774
0.497757368496838
0.498979676857575
0.504964786839365
0.520306532920342
0.521023690621361
0.534195665881761
0.535937445275656
0.55100690520829
0.553890947093784
0.554701772223447
0.561800445848922
0.568703321597737
0.568805236832575
0.573174558950044
0.583534831012351
0.584394407519065
0.586324804463845
0.593364688567472
0.598667498041933
0.600294567609129
0.604372040464676
0.621470055795617
0.622834676650908
0.630591176469237
0.633539730680491
0.636899521827657
0.638439720901064
0.638666325606643
0.639260639690975
0.64586839583999
0.649454275333126
0.651532613029759
0.654628626934473
0.656717151712607
0.657656066481918
0.660757276555409
0.662373997878834
0.666088589626812
0.667113118252131
0.667477608476384
0.671436626849031
0.675856102353984
0.681535015960902
0.681853997934928
0.691511108945875
0.702292463438956
0.704851782671379
0.707897199905521
0.718078701285091
0.719086128707628
0.724792640305599
0.728073514365138
0.729993541612146
0.732282613732519
0.733512293674478
0.734172606554652
0.742779175492017
0.745969474532076
0.748236030580803
0.752783384075548
0.756434040201163
0.764592799797039
0.77416807177432
0.779882472729306
0.782831275179653
0.782835608469916
0.783797695756575
0.783933717975125
0.784012533478757
0.79221726762733
0.793799727662249
0.80351880108727
0.806302606215164
0.807526824945757
0.818849063971262
0.82240325721113
0.822946386964511
0.833453002223584
0.835553357367842
0.841385402180644
0.841621429047682
0.853027579552313
0.864302663563712
0.869155629778585
0.882897845856235
0.886212048903606
0.902811815374795
0.904754358424778
0.91427291193503
0.925747429640464
0.929613295153204
0.935575592696009
0.938951302919411
0.941138629608829
0.945204943706382
0.947058025266604
0.947556448070056
0.952075161332651
0.955049709034517
0.955642521906934
0.959195525230539
0.961003573752246
0.96185287653591
0.964790027956472
0.969826093548379
0.97067471224927
0.970974592300615
0.972586872657438
0.973030761326005
0.975357144642195
0.976279831163823
0.981434239999817
0.985407988806796
0.987579733549851
0.988302118997348
0.989419362885731
0.991598392503432
0.991636735995145
0.993152046862259
