0.0354012690810044
0.0355942281273213
0.0357871871736383
0.0359801462199552
0.0361731052662721
0.036366064312589
0.036559023358906
0.0367519824052229
0.0369449414515398
0.0371379004978568
0.0373308595441737
0.0375238185904906
0.0377167776368075
0.0379097366831245
0.0381026957294414
0.0382956547757584
0.0384886138220752
0.0386815728683922
0.0388745319147091
0.0390674909610261
0.039260450007343
0.0394534090536599
0.0396463680999768
0.0398393271462938
0.0400322861926107
0.0402252452389277
0.0404182042852446
0.0406111633315615
0.0408041223778784
0.0409970814241954
0.0411900404705123
0.0413829995168292
0.0415759585631462
0.0417689176094631
0.0419618766557801
0.0421548357020969
0.0423477947484139
0.0425407537947308
0.0427337128410478
0.0429266718873647
0.0431196309336816
0.0433125899799985
0.0435055490263155
0.0436985080726324
0.0438914671189493
0.0440844261652663
0.0442773852115832
0.0444703442579001
0.0446633033042171
0.044856262350534
0.0450492213968509
0.0452421804431679
0.0454351394894848
0.0456280985358017
0.0458210575821186
0.0460140166284355
0.0462069756747523
0.0463999347210692
0.0465928937673861
0.046785852813703
0.0469788118600198
0.0471717709063367
0.0473647299526536
0.0475576889989705
0.0477506480452874
0.0479436070916043
0.0481365661379211
0.048329525184238
0.0485224842305549
0.0487154432768718
0.0489084023231887
0.0491013613695055
0.0492943204158224
0.0494872794621393
0.0496802385084562
0.049873197554773
0.0500661566010899
0.0502591156474068
0.0504520746937236
0.0506450337400405
0.0508379927863574
0.0510309518326743
0.0512239108789912
0.051416869925308
0.0516098289716249
0.0518027880179418
0.0519957470642587
0.0521887061105756
0.0523816651568925
0.0525746242032093
0.0527675832495262
0.0529605422958431
0.05315350134216
0.0533464603884768
0.0535394194347937
0.0537323784811106
0.0539253375274275
0.0541182965737443
0.0543112556200612
0.0545042146663781
0.054697173712695
0.0548901327590118
0.0550830918053287
0.0552760508516456
0.0554690098979625
0.0556619689442794
0.0558549279905963
0.0560478870369131
0.05624084608323
0.0564338051295469
0.0566267641758638
0.0568197232221807
0.0570126822684975
0.0572056413148144
0.0573986003611313
0.0575915594074481
0.057784518453765
0.0579774775000819
0.0581704365463988
0.0583633955927156
0.0585563546390325
0.0587493136853494
0.0589422727316663
0.0591352317779832
0.0593281908243001
0.0595211498706169
0.0597141089169338
0.0599070679632507
0.0601000270095676
0.0602929860558845
0.0604859451022013
0.0606789041485182
0.0608718631948351
0.061064822241152
0.0612577812874688
0.0614507403337857
0.0616436993801026
0.0618366584264194
0.0620296174727363
0.0622225765190532
0.0624155355653701
0.062608494611687
0.0628014536580038
0.0629944127043207
0.0631873717506376
0.0633803307969545
0.0635732898432714
0.0637662488895883
0.0639592079359051
0.064152166982222
0.0643451260285389
0.0645380850748558
0.0647310441211726
0.0649240031674895
0.0651169622138064
0.0653099212601232
0.0655028803064401
0.065695839352757
0.0658887983990739
0.0660817574453908
0.0662747164917076
0.0664676755380245
0.0666606345843414
0.0668535936306583
0.0670465526769752
0.0672395117232921
0.0674324707696089
0.0676254298159258
0.0678183888622427
0.0680113479085596
0.0682043069548764
0.0683972660011933
0.0685902250475102
0.0687831840938271
0.0689761431401439
0.0691691021864608
0.0693620612327777
0.0695550202790946
0.0697479793254114
0.0699409383717283
0.0701338974180452
0.0703268564643621
0.070519815510679
0.0707127745569959
0.0709057336033127
0.0710986926496296
0.0712916516959465
0.0714846107422634
0.0716775697885803
0.0718705288348971
0.072063487881214
0.0722564469275309
0.0724494059738477
0.0726423650201646
0.0728353240664815
0.0730282831127984
0.0732212421591152
0.0734142012054321
0.073607160251749
0.0738001192980659
0.0739930783443828
0.0741860373906997
0.0743789964370165
0.0745719554833334
0.0747649145296503
0.0749578735759672
0.0751508326222841
0.0753437916686009
0.0755367507149178
0.0757297097612347
0.0759226688075516
0.0761156278538684
0.0763085869001853
0.0765015459465022
0.076694504992819
0.0768874640391359
0.0770804230854528
0.0772733821317697
0.0774663411780866
0.0776593002244034
0.0778522592707203
0.0780452183170372
0.0782381773633541
0.078431136409671
0.0786240954559879
0.0788170545023047
0.0790100135486216
0.0792029725949385
0.0793959316412554
0.0795888906875722
0.0797818497338891
0.079974808780206
0.0801677678265229
0.0803607268728397
0.0805536859191566
0.0807466449654735
0.0809396040117904
0.0811325630581072
0.0813255221044241
0.081518481150741
0.0817114401970579
0.0819043992433748
0.0820973582896917
0.0822903173360085
0.0824832763823254
0.0826762354286423
0.0828691944749592
0.083062153521276
0.0832551125675929
0.0834480716139098
0.0836410306602267
0.0838339897065435
0.0840269487528604
0.0842199077991773
0.0844128668454942
0.084605825891811
0.0847987849381279
0.0849917439844448
0.0851847030307617
0.0853776620770786
0.0855706211233955
0.0857635801697123
0.0859565392160292
0.0861494982623461
0.086342457308663
0.0865354163549799
0.0867283754012967
0.0869213344476136
0.0871142934939305
0.0873072525402473
0.0875002115865642
0.0876931706328811
0.087886129679198
0.0880790887255148
0.0882720477718317
0.0884650068181486
0.0886579658644655
0.0888509249107824
0.0890438839570992
0.0892368430034161
0.089429802049733
0.0896227610960499
0.0898157201423668
0.0900086791886837
0.0902016382350005
0.0903945972813174
0.0905875563276343
0.0907805153739512
0.090973474420268
0.0911664334665849
0.0913593925129018
0.0915523515592186
0.0917453106055355
0.0919382696518524
0.0921312286981693
0.0923241877444862
0.092517146790803
0.0927101058371199
0.0929030648834368
0.0930960239297537
0.0932889829760706
0.0934819420223875
0.0936749010687043
0.0938678601150212
0.0940608191613381
0.094253778207655
0.0944467372539718
0.0946396963002887
0.0948326553466056
0.0950256143929225
0.0952185734392393
0.0954115324855562
0.0956044915318731
0.09579745057819
0.0959904096245068
0.0961833686708237
0.0963763277171406
0.0965692867634575
0.0967622458097744
0.0969552048560913
0.0971481639024081
0.097341122948725
0.0975340819950419
0.0977270410413588
0.0979200000876757
0.0981129591339925
0.0983059181803094
0.0984988772266263
0.0986918362729431
0.09888479531926
0.0990777543655769
0.0992707134118938
0.0994636724582106
0.0996566315045275
0.0998495905508444
0.100042549597161
0.100235508643478
0.100428467689795
0.100621426736112
0.100814385782429
0.101007344828746
0.101200303875063
0.101393262921379
0.101586221967696
0.101779181014013
0.10197214006033
0.102165099106647
0.102358058152964
0.102551017199281
0.102743976245598
0.102936935291914
0.103129894338231
0.103322853384548
0.103515812430865
0.103708771477182
0.103901730523499
0.104094689569816
0.104287648616133
0.104480607662449
0.104673566708766
0.104866525755083
0.1050594848014
0.105252443847717
0.105445402894034
0.105638361940351
0.105831320986668
0.106024280032985
0.106217239079301
0.106410198125618
0.106603157171935
0.106796116218252
0.106989075264569
0.107182034310886
0.107374993357203
0.10756795240352
0.107760911449836
0.107953870496153
0.10814682954247
0.108339788588787
0.108532747635104
0.108725706681421
0.108918665727738
0.109111624774055
0.109304583820371
0.109497542866688
0.109690501913005
0.109883460959322
0.110076420005639
0.110269379051956
0.110462338098273
0.11065529714459
0.110848256190906
0.111041215237223
0.11123417428354
0.111427133329857
0.111620092376174
0.111813051422491
0.112006010468808
0.112198969515125
0.112391928561441
0.112584887607758
0.112777846654075
0.112970805700392
0.113163764746709
0.113356723793026
0.113549682839343
0.11374264188566
0.113935600931977
0.114128559978293
0.11432151902461
0.114514478070927
0.114707437117244
0.114900396163561
0.115093355209878
0.115286314256195
0.115479273302512
0.115672232348828
0.115865191395145
0.116058150441462
0.116251109487779
0.116444068534096
0.116637027580413
0.11682998662673
0.117022945673047
0.117215904719363
0.11740886376568
0.117601822811997
0.117794781858314
0.117987740904631
0.118180699950948
0.118373658997265
0.118566618043582
0.118759577089898
0.118952536136215
0.119145495182532
0.119338454228849
0.119531413275166
0.119724372321483
0.1199173313678
0.120110290414117
0.120303249460433
0.12049620850675
0.120689167553067
0.120882126599384
0.121075085645701
0.121268044692018
0.121461003738335
0.121653962784652
0.121846921830969
0.122039880877285
0.122232839923602
0.122425798969919
0.122618758016236
0.122811717062553
0.12300467610887
0.123197635155187
0.123390594201504
0.12358355324782
0.123776512294137
0.123969471340454
0.124162430386771
0.124355389433088
0.124548348479405
0.124741307525722
0.124934266572039
0.125127225618355
0.125320184664672
0.125513143710989
0.125706102757306
0.125899061803623
0.12609202084994
0.126284979896257
0.126477938942574
0.12667089798889
0.126863857035207
0.127056816081524
0.127249775127841
0.127442734174158
0.127635693220475
0.127828652266792
0.128021611313109
0.128214570359425
0.128407529405742
0.128600488452059
0.128793447498376
0.128986406544693
0.12917936559101
0.129372324637327
0.129565283683644
0.129758242729961
0.129951201776277
0.130144160822594
0.130337119868911
0.130530078915228
0.130723037961545
0.130915997007862
0.131108956054179
0.131301915100495
0.131494874146812
0.131687833193129
0.131880792239446
0.132073751285763
0.13226671033208
0.132459669378397
0.132652628424714
0.132845587471031
0.133038546517347
0.133231505563664
0.133424464609981
0.133617423656298
0.133810382702615
0.134003341748932
0.134196300795249
0.134389259841566
0.134582218887882
0.134775177934199
0.134968136980516
0.135161096026833
0.13535405507315
0.135547014119467
0.135739973165784
0.135932932212101
0.136125891258417
0.136318850304734
0.136511809351051
0.136704768397368
0.136897727443685
0.137090686490002
0.137283645536319
0.137476604582636
0.137669563628952
0.137862522675269
0.138055481721586
0.138248440767903
0.13844139981422
0.138634358860537
0.138827317906854
0.139020276953171
0.139213235999487
0.139406195045804
0.139599154092121
0.139792113138438
0.139985072184755
0.140178031231072
0.140370990277389
0.140563949323706
0.140756908370023
0.140949867416339
0.141142826462656
0.141335785508973
0.14152874455529
0.141721703601607
0.141914662647924
0.142107621694241
0.142300580740558
0.142493539786874
0.142686498833191
0.142879457879508
0.143072416925825
0.143265375972142
0.143458335018459
0.143651294064776
0.143844253111093
0.144037212157409
0.144230171203726
0.144423130250043
0.14461608929636
0.144809048342677
0.145002007388994
0.145194966435311
0.145387925481628
0.145580884527944
0.145773843574261
0.145966802620578
0.146159761666895
0.146352720713212
0.146545679759529
0.146738638805846
0.146931597852163
0.14712455689848
0.147317515944796
0.147510474991113
0.14770343403743
0.147896393083747
0.148089352130064
0.148282311176381
0.148475270222698
0.148668229269015
0.148861188315331
0.149054147361648
0.149247106407965
0.149440065454282
0.149633024500599
0.149825983546916
0.150018942593233
0.15021190163955
0.150404860685866
0.150597819732183
0.1507907787785
0.150983737824817
0.151176696871134
0.151369655917451
0.151562614963768
0.151755574010085
0.151948533056401
0.152141492102718
0.152334451149035
0.152527410195352
0.152720369241669
0.152913328287986
0.153106287334303
0.15329924638062
0.153492205426936
0.153685164473253
0.15387812351957
0.154071082565887
0.154264041612204
0.154457000658521
0.154649959704838
0.154842918751155
0.155035877797472
0.155228836843788
0.155421795890105
0.155614754936422
0.155807713982739
0.156000673029056
0.156193632075373
0.15638659112169
0.156579550168007
0.156772509214323
0.15696546826064
0.157158427306957
0.157351386353274
0.157544345399591
0.157737304445908
0.157930263492225
0.158123222538542
0.158316181584858
0.158509140631175
0.158702099677492
0.158895058723809
0.159088017770126
0.159280976816443
0.15947393586276
0.159666894909077
0.159859853955393
0.16005281300171
0.160245772048027
0.160438731094344
0.160631690140661
0.160824649186978
0.161017608233295
0.161210567279612
0.161403526325928
0.161596485372245
0.161789444418562
0.161982403464879
0.162175362511196
0.162368321557513
0.16256128060383
0.162754239650147
0.162947198696464
0.16314015774278
0.163333116789097
0.163526075835414
0.163719034881731
0.163911993928048
0.164104952974365
0.164297912020682
0.164490871066999
0.164683830113315
0.164876789159632
0.165069748205949
0.165262707252266
0.165455666298583
0.1656486253449
0.165841584391217
0.166034543437534
0.16622750248385
0.166420461530167
0.166613420576484
0.166806379622801
0.166999338669118
0.167192297715435
0.167385256761752
0.167578215808069
0.167771174854385
0.167964133900702
0.168157092947019
0.168350051993336
0.168543011039653
0.16873597008597
0.168928929132287
0.169121888178604
0.16931484722492
0.169507806271237
0.169700765317554
0.169893724363871
0.170086683410188
0.170279642456505
0.170472601502822
0.170665560549139
0.170858519595456
0.171051478641772
0.171244437688089
0.171437396734406
0.171630355780723
0.17182331482704
0.172016273873357
0.172209232919674
0.17240219196599
0.172595151012307
0.172788110058624
0.172981069104941
0.173174028151258
0.173366987197575
0.173559946243892
0.173752905290209
0.173945864336526
0.174138823382842
0.174331782429159
0.174524741475476
0.174717700521793
0.17491065956811
0.175103618614427
0.175296577660744
0.175489536707061
0.175682495753377
0.175875454799694
0.176068413846011
0.176261372892328
0.176454331938645
0.176647290984962
0.176840250031279
0.177033209077596
0.177226168123912
0.177419127170229
0.177612086216546
0.177805045262863
0.17799800430918
0.178190963355497
0.178383922401814
0.178576881448131
0.178769840494447
0.178962799540764
0.179155758587081
0.179348717633398
0.179541676679715
0.179734635726032
0.179927594772349
0.180120553818666
0.180313512864982
0.180506471911299
0.180699430957616
0.180892390003933
0.18108534905025
0.181278308096567
0.181471267142884
0.181664226189201
0.181857185235518
0.182050144281834
0.182243103328151
0.182436062374468
0.182629021420785
0.182821980467102
0.183014939513419
0.183207898559736
0.183400857606053
0.183593816652369
0.183786775698686
0.183979734745003
0.18417269379132
0.184365652837637
0.184558611883954
0.184751570930271
0.184944529976588
0.185137489022904
0.185330448069221
0.185523407115538
0.185716366161855
0.185909325208172
0.186102284254489
0.186295243300806
0.186488202347123
0.186681161393439
0.186874120439756
0.187067079486073
0.18726003853239
0.187452997578707
0.187645956625024
0.187838915671341
0.188031874717658
0.188224833763975
0.188417792810291
0.188610751856608
0.188803710902925
0.188996669949242
0.189189628995559
0.189382588041876
0.189575547088193
0.18976850613451
0.189961465180826
0.190154424227143
0.19034738327346
0.190540342319777
0.190733301366094
0.190926260412411
0.191119219458728
0.191312178505045
0.191505137551361
0.191698096597678
0.191891055643995
0.192084014690312
0.192276973736629
0.192469932782946
0.192662891829263
0.19285585087558
0.193048809921896
0.193241768968213
0.19343472801453
0.193627687060847
0.193820646107164
0.194013605153481
0.194206564199798
0.194399523246115
0.194592482292431
0.194785441338748
0.194978400385065
0.195171359431382
0.195364318477699
0.195557277524016
0.195750236570333
0.19594319561665
0.196136154662967
0.196329113709283
0.1965220727556
0.196715031801917
0.196907990848234
0.197100949894551
0.197293908940868
0.197486867987185
0.197679827033502
0.197872786079818
0.198065745126135
0.198258704172452
0.198451663218769
0.198644622265086
0.198837581311403
0.19903054035772
0.199223499404037
0.199416458450353
0.19960941749667
0.199802376542987
0.199995335589304
0.200188294635621
0.200381253681938
0.200574212728255
0.200767171774572
0.200960130820888
0.201153089867205
0.201346048913522
0.201539007959839
0.201731967006156
0.201924926052473
0.20211788509879
0.202310844145107
0.202503803191423
0.20269676223774
0.202889721284057
0.203082680330374
0.203275639376691
0.203468598423008
0.203661557469325
0.203854516515642
0.204047475561959
0.204240434608275
0.204433393654592
0.204626352700909
0.204819311747226
0.205012270793543
0.20520522983986
0.205398188886177
0.205591147932494
0.20578410697881
0.205977066025127
0.206170025071444
0.206362984117761
0.206555943164078
0.206748902210395
0.206941861256712
0.207134820303029
0.207327779349345
0.207520738395662
0.207713697441979
0.207906656488296
0.208099615534613
0.20829257458093
0.208485533627247
0.208678492673564
0.20887145171988
0.209064410766197
0.209257369812514
0.209450328858831
0.209643287905148
0.209836246951465
0.210029205997782
0.210222165044099
0.210415124090415
0.210608083136732
0.210801042183049
0.210994001229366
0.211186960275683
0.211379919322
0.211572878368317
0.211765837414634
0.211958796460951
0.212151755507267
0.212344714553584
0.212537673599901
0.212730632646218
0.212923591692535
0.213116550738852
0.213309509785169
0.213502468831485
0.213695427877802
0.213888386924119
0.214081345970436
0.214274305016753
0.21446726406307
0.214660223109387
0.214853182155704
0.215046141202021
0.215239100248337
0.215432059294654
0.215625018340971
0.215817977387288
0.216010936433605
0.216203895479922
0.216396854526239
0.216589813572556
0.216782772618872
0.216975731665189
0.217168690711506
0.217361649757823
0.21755460880414
0.217747567850457
0.217940526896774
0.218133485943091
0.218326444989407
0.218519404035724
0.218712363082041
0.218905322128358
0.219098281174675
0.219291240220992
0.219484199267309
0.219677158313626
0.219870117359942
0.220063076406259
0.220256035452576
0.220448994498893
0.22064195354521
0.220834912591527
0.221027871637844
0.221220830684161
0.221413789730477
0.221606748776794
0.221799707823111
0.221992666869428
0.222185625915745
0.222378584962062
0.222571544008379
0.222764503054696
0.222957462101013
0.223150421147329
0.223343380193646
0.223536339239963
0.22372929828628
0.223922257332597
0.224115216378914
0.224308175425231
0.224501134471548
0.224694093517864
0.224887052564181
0.225080011610498
0.225272970656815
0.225465929703132
0.225658888749449
0.225851847795766
0.226044806842083
0.226237765888399
0.226430724934716
0.226623683981033
0.22681664302735
0.227009602073667
0.227202561119984
0.227395520166301
0.227588479212618
0.227781438258934
0.227974397305251
0.228167356351568
0.228360315397885
0.228553274444202
0.228746233490519
0.228939192536836
0.229132151583153
0.229325110629469
0.229518069675786
0.229711028722103
0.22990398776842
0.230096946814737
0.230289905861054
0.230482864907371
0.230675823953688
0.230868783000005
0.231061742046321
0.231254701092638
0.231447660138955
0.231640619185272
0.231833578231589
0.232026537277906
0.232219496324223
0.23241245537054
0.232605414416856
0.232798373463173
0.23299133250949
0.233184291555807
0.233377250602124
0.233570209648441
0.233763168694758
0.233956127741075
0.234149086787391
0.234342045833708
0.234535004880025
0.234727963926342
0.234920922972659
0.235113882018976
0.235306841065293
0.23549980011161
0.235692759157926
0.235885718204243
0.23607867725056
0.236271636296877
0.236464595343194
0.236657554389511
0.236850513435828
0.237043472482145
0.237236431528462
0.237429390574778
0.237622349621095
0.237815308667412
0.238008267713729
0.238201226760046
0.238394185806363
0.23858714485268
0.238780103898997
0.238973062945313
0.23916602199163
0.239358981037947
0.239551940084264
0.239744899130581
0.239937858176898
0.240130817223215
0.240323776269532
0.240516735315848
0.240709694362165
0.240902653408482
0.241095612454799
0.241288571501116
0.241481530547433
0.24167448959375
0.241867448640067
0.242060407686383
0.2422533667327
0.242446325779017
0.242639284825334
0.242832243871651
0.243025202917968
0.243218161964285
0.243411121010602
0.243604080056918
0.243797039103235
0.243989998149552
0.244182957195869
0.244375916242186
0.244568875288503
0.24476183433482
0.244954793381137
0.245147752427454
0.24534071147377
0.245533670520087
0.245726629566404
0.245919588612721
0.246112547659038
0.246305506705355
0.246498465751672
0.246691424797989
0.246884383844305
0.247077342890622
0.247270301936939
0.247463260983256
0.247656220029573
0.24784917907589
0.248042138122207
0.248235097168524
0.24842805621484
0.248621015261157
0.248813974307474
0.249006933353791
0.249199892400108
0.249392851446425
0.249585810492742
0.249778769539059
0.249971728585375
0.250164687631692
0.250357646678009
0.250550605724326
0.250743564770643
0.25093652381696
0.251129482863277
0.251322441909594
0.25151540095591
0.251708360002227
0.251901319048544
0.252094278094861
0.252287237141178
0.252480196187495
0.252673155233812
0.252866114280129
0.253059073326446
0.253252032372762
0.253444991419079
0.253637950465396
0.253830909511713
0.25402386855803
0.254216827604347
0.254409786650664
0.25460274569698
0.254795704743297
0.254988663789614
0.255181622835931
0.255374581882248
0.255567540928565
0.255760499974882
0.255953459021199
0.256146418067516
0.256339377113832
0.256532336160149
0.256725295206466
0.256918254252783
0.2571112132991
0.257304172345417
0.257497131391734
0.257690090438051
0.257883049484367
0.258076008530684
0.258268967577001
0.258461926623318
0.258654885669635
0.258847844715952
0.259040803762269
0.259233762808586
0.259426721854902
0.259619680901219
0.259812639947536
0.260005598993853
0.26019855804017
0.260391517086487
0.260584476132804
0.260777435179121
0.260970394225437
0.261163353271754
0.261356312318071
0.261549271364388
0.261742230410705
0.261935189457022
0.262128148503339
0.262321107549656
0.262514066595972
0.262707025642289
0.262899984688606
0.263092943734923
0.26328590278124
0.263478861827557
0.263671820873874
0.263864779920191
0.264057738966508
0.264250698012824
0.264443657059141
0.264636616105458
0.264829575151775
0.265022534198092
0.265215493244409
0.265408452290726
0.265601411337043
0.265794370383359
0.265987329429676
0.266180288475993
0.26637324752231
0.266566206568627
0.266759165614944
0.266952124661261
0.267145083707578
0.267338042753894
0.267531001800211
0.267723960846528
0.267916919892845
0.268109878939162
0.268302837985479
0.268495797031796
0.268688756078113
0.268881715124429
0.269074674170746
0.269267633217063
0.26946059226338
0.269653551309697
0.269846510356014
0.270039469402331
0.270232428448648
0.270425387494964
0.270618346541281
0.270811305587598
0.271004264633915
0.271197223680232
0.271390182726549
0.271583141772866
0.271776100819183
0.2719690598655
0.272162018911816
0.272354977958133
0.27254793700445
0.272740896050767
0.272933855097084
0.273126814143401
0.273319773189718
0.273512732236035
0.273705691282351
0.273898650328668
0.274091609374985
0.274284568421302
0.274477527467619
0.274670486513936
0.274863445560253
0.27505640460657
0.275249363652886
0.275442322699203
0.27563528174552
0.275828240791837
0.276021199838154
0.276214158884471
0.276407117930788
0.276600076977105
0.276793036023421
0.276985995069738
0.277178954116055
0.277371913162372
0.277564872208689
0.277757831255006
0.277950790301323
0.27814374934764
0.278336708393957
0.278529667440273
0.27872262648659
0.278915585532907
0.279108544579224
0.279301503625541
0.279494462671858
0.279687421718175
0.279880380764492
0.280073339810808
0.280266298857125
0.280459257903442
0.280652216949759
0.280845175996076
0.281038135042393
0.28123109408871
0.281424053135027
0.281617012181343
0.28180997122766
0.282002930273977
0.282195889320294
0.282388848366611
0.282581807412928
0.282774766459245
0.282967725505562
0.283160684551878
0.283353643598195
0.283546602644512
0.283739561690829
0.283932520737146
0.284125479783463
0.28431843882978
0.284511397876097
0.284704356922413
0.28489731596873
0.285090275015047
0.285283234061364
0.285476193107681
0.285669152153998
0.285862111200315
0.286055070246632
0.286248029292948
0.286440988339265
0.286633947385582
0.286826906431899
0.287019865478216
0.287212824524533
0.28740578357085
0.287598742617167
0.287791701663484
0.2879846607098
0.288177619756117
0.288370578802434
0.288563537848751
0.288756496895068
0.288949455941385
0.289142414987702
0.289335374034019
0.289528333080335
0.289721292126652
0.289914251172969
0.290107210219286
0.290300169265603
0.29049312831192
0.290686087358237
0.290879046404554
0.29107200545087
0.291264964497187
0.291457923543504
0.291650882589821
0.291843841636138
0.292036800682455
0.292229759728772
0.292422718775089
0.292615677821405
0.292808636867722
0.293001595914039
0.293194554960356
0.293387514006673
0.29358047305299
0.293773432099307
0.293966391145624
0.294159350191941
0.294352309238257
0.294545268284574
0.294738227330891
0.294931186377208
0.295124145423525
0.295317104469842
0.295510063516159
0.295703022562475
0.295895981608792
0.296088940655109
0.296281899701426
0.296474858747743
0.29666781779406
0.296860776840377
0.297053735886694
0.297246694933011
0.297439653979327
0.297632613025644
0.297825572071961
0.298018531118278
0.298211490164595
0.298404449210912
0.298597408257229
0.298790367303546
0.298983326349862
0.299176285396179
0.299369244442496
0.299562203488813
0.29975516253513
0.299948121581447
0.300141080627764
0.300334039674081
0.300526998720397
0.300719957766714
0.300912916813031
0.301105875859348
0.301298834905665
0.301491793951982
0.301684752998299
0.301877712044616
0.302070671090932
0.302263630137249
0.302456589183566
0.302649548229883
0.3028425072762
0.303035466322517
0.303228425368834
0.303421384415151
0.303614343461468
0.303807302507784
0.304000261554101
0.304193220600418
0.304386179646735
0.304579138693052
0.304772097739369
0.304965056785686
0.305158015832003
0.305350974878319
0.305543933924636
0.305736892970953
0.30592985201727
0.306122811063587
0.306315770109904
0.306508729156221
0.306701688202538
0.306894647248854
0.307087606295171
0.307280565341488
0.307473524387805
0.307666483434122
0.307859442480439
0.308052401526756
0.308245360573073
0.308438319619389
0.308631278665706
0.308824237712023
0.30901719675834
0.309210155804657
0.309403114850974
0.309596073897291
0.309789032943608
0.309981991989924
0.310174951036241
0.310367910082558
0.310560869128875
0.310753828175192
0.310946787221509
0.311139746267826
0.311332705314143
0.311525664360459
0.311718623406776
0.311911582453093
0.31210454149941
0.312297500545727
0.312490459592044
0.312683418638361
0.312876377684678
0.313069336730995
0.313262295777311
0.313455254823628
0.313648213869945
0.313841172916262
0.314034131962579
0.314227091008896
0.314420050055213
0.31461300910153
0.314805968147846
0.314998927194163
0.31519188624048
0.315384845286797
0.315577804333114
0.315770763379431
0.315963722425748
0.316156681472065
0.316349640518381
0.316542599564698
0.316735558611015
0.316928517657332
0.317121476703649
0.317314435749966
0.317507394796283
0.3177003538426
0.317893312888916
0.318086271935233
0.31827923098155
0.318472190027867
0.318665149074184
0.318858108120501
0.319051067166818
0.319244026213135
0.319436985259452
0.319629944305768
0.319822903352085
0.320015862398402
0.320208821444719
0.320401780491036
0.320594739537353
0.32078769858367
0.320980657629987
0.321173616676303
0.32136657572262
0.321559534768937
0.321752493815254
0.321945452861571
0.322138411907888
0.322331370954205
0.322524330000521
0.322717289046838
0.322910248093155
0.323103207139472
0.323296166185789
0.323489125232106
0.323682084278423
0.32387504332474
0.324068002371057
0.324260961417373
0.32445392046369
0.324646879510007
0.324839838556324
0.325032797602641
0.325225756648958
0.325418715695275
0.325611674741592
0.325804633787908
0.325997592834225
0.326190551880542
0.326383510926859
0.326576469973176
0.326769429019493
0.32696238806581
0.327155347112127
0.327348306158443
0.32754126520476
0.327734224251077
0.327927183297394
0.328120142343711
0.328313101390028
0.328506060436345
0.328699019482662
0.328891978528979
0.329084937575295
0.329277896621612
0.329470855667929
0.329663814714246
0.329856773760563
0.33004973280688
0.330242691853197
0.330435650899514
0.33062860994583
0.330821568992147
0.331014528038464
0.331207487084781
0.331400446131098
0.331593405177415
0.331786364223732
0.331979323270049
0.332172282316365
0.332365241362682
0.332558200408999
0.332751159455316
0.332944118501633
0.33313707754795
0.333330036594267
0.333522995640584
0.3337159546869
0.333908913733217
0.334101872779534
0.334294831825851
0.334487790872168
0.334680749918485
0.334873708964802
0.335066668011119
0.335259627057436
0.335452586103752
0.335645545150069
0.335838504196386
0.336031463242703
0.33622442228902
0.336417381335337
0.336610340381654
0.33680329942797
0.336996258474287
0.337189217520604
0.337382176566921
0.337575135613238
0.337768094659555
0.337961053705872
0.338154012752189
0.338346971798506
0.338539930844822
0.338732889891139
0.338925848937456
0.339118807983773
0.33931176703009
0.339504726076407
0.339697685122724
0.339890644169041
0.340083603215357
0.340276562261674
0.340469521307991
0.340662480354308
0.340855439400625
0.341048398446942
0.341241357493259
0.341434316539576
0.341627275585892
0.341820234632209
0.342013193678526
0.342206152724843
0.34239911177116
0.342592070817477
0.342785029863794
0.342977988910111
0.343170947956427
0.343363907002744
0.343556866049061
0.343749825095378
0.343942784141695
0.344135743188012
0.344328702234329
0.344521661280646
0.344714620326963
0.344907579373279
0.345100538419596
0.345293497465913
0.34548645651223
0.345679415558547
0.345872374604864
0.346065333651181
0.346258292697498
0.346451251743814
0.346644210790131
0.346837169836448
0.347030128882765
0.347223087929082
0.347416046975399
0.347609006021716
0.347801965068033
0.347994924114349
0.348187883160666
0.348380842206983
0.3485738012533
0.348766760299617
0.348959719345934
0.349152678392251
0.349345637438568
0.349538596484884
0.349731555531201
0.349924514577518
0.350117473623835
0.350310432670152
0.350503391716469
0.350696350762786
0.350889309809103
0.351082268855419
0.351275227901736
0.351468186948053
0.35166114599437
0.351854105040687
0.352047064087004
0.352240023133321
0.352432982179638
0.352625941225954
0.352818900272271
0.353011859318588
0.353204818364905
0.353397777411222
0.353590736457539
0.353783695503856
0.353976654550173
0.35416961359649
0.354362572642806
0.354555531689123
0.35474849073544
0.354941449781757
0.355134408828074
0.355327367874391
0.355520326920708
0.355713285967025
0.355906245013341
0.356099204059658
0.356292163105975
0.356485122152292
0.356678081198609
0.356871040244926
0.357063999291243
0.35725695833756
0.357449917383876
0.357642876430193
0.35783583547651
0.358028794522827
0.358221753569144
0.358414712615461
0.358607671661778
0.358800630708095
0.358993589754411
0.359186548800728
0.359379507847045
0.359572466893362
0.359765425939679
0.359958384985996
0.360151344032313
0.36034430307863
0.360537262124947
0.360730221171263
0.36092318021758
0.361116139263897
0.361309098310214
0.361502057356531
0.361695016402848
0.361887975449165
0.362080934495482
0.362273893541798
0.362466852588115
0.362659811634432
0.362852770680749
0.363045729727066
0.363238688773383
0.3634316478197
0.363624606866016
0.363817565912333
0.36401052495865
0.364203484004967
0.364396443051284
0.364589402097601
0.364782361143918
0.364975320190235
0.365168279236552
0.365361238282868
0.365554197329185
0.365747156375502
0.365940115421819
0.366133074468136
0.366326033514453
0.36651899256077
0.366711951607087
0.366904910653403
0.36709786969972
0.367290828746037
0.367483787792354
0.367676746838671
0.367869705884988
0.368062664931305
0.368255623977622
0.368448583023938
0.368641542070255
0.368834501116572
0.369027460162889
0.369220419209206
0.369413378255523
0.36960633730184
0.369799296348157
0.369992255394474
0.37018521444079
0.370378173487107
0.370571132533424
0.370764091579741
0.370957050626058
0.371150009672375
0.371342968718692
0.371535927765009
0.371728886811325
0.371921845857642
0.372114804903959
0.372307763950276
0.372500722996593
0.37269368204291
0.372886641089227
0.373079600135544
0.37327255918186
0.373465518228177
0.373658477274494
0.373851436320811
0.374044395367128
0.374237354413445
0.374430313459762
0.374623272506079
0.374816231552395
0.375009190598712
0.375202149645029
0.375395108691346
0.375588067737663
0.37578102678398
0.375973985830297
0.376166944876614
0.376359903922931
0.376552862969247
0.376745822015564
0.376938781061881
0.377131740108198
0.377324699154515
0.377517658200832
0.377710617247149
0.377903576293465
0.378096535339782
0.378289494386099
0.378482453432416
0.378675412478733
0.37886837152505
0.379061330571367
0.379254289617684
0.379447248664001
0.379640207710317
0.379833166756634
0.380026125802951
0.380219084849268
0.380412043895585
0.380605002941902
0.380797961988219
0.380990921034536
0.381183880080852
0.381376839127169
0.381569798173486
0.381762757219803
0.38195571626612
0.382148675312437
0.382341634358754
0.382534593405071
0.382727552451387
0.382920511497704
0.383113470544021
0.383306429590338
0.383499388636655
0.383692347682972
0.383885306729289
0.384078265775606
0.384271224821922
0.384464183868239
0.384657142914556
0.384850101960873
0.38504306100719
0.385236020053507
0.385428979099824
0.385621938146141
0.385814897192457
0.386007856238774
0.386200815285091
0.386393774331408
0.386586733377725
0.386779692424042
0.386972651470359
0.387165610516676
0.387358569562993
0.387551528609309
0.387744487655626
0.387937446701943
0.38813040574826
0.388323364794577
0.388516323840894
0.388709282887211
0.388902241933528
0.389095200979844
0.389288160026161
0.389481119072478
0.389674078118795
0.389867037165112
0.390059996211429
0.390252955257746
0.390445914304063
0.390638873350379
0.390831832396696
0.391024791443013
0.39121775048933
0.391410709535647
0.391603668581964
0.391796627628281
0.391989586674598
0.392182545720914
0.392375504767231
0.392568463813548
0.392761422859865
0.392954381906182
0.393147340952499
0.393340299998816
0.393533259045133
0.393726218091449
0.393919177137766
0.394112136184083
0.3943050952304
0.394498054276717
0.394691013323034
0.394883972369351
0.395076931415668
0.395269890461985
0.395462849508301
0.395655808554618
0.395848767600935
0.396041726647252
0.396234685693569
0.396427644739886
0.396620603786203
0.39681356283252
0.397006521878836
0.397199480925153
0.39739243997147
0.397585399017787
0.397778358064104
0.397971317110421
0.398164276156738
0.398357235203055
0.398550194249371
0.398743153295688
0.398936112342005
0.399129071388322
0.399322030434639
0.399514989480956
0.399707948527273
0.39990090757359
0.400093866619906
0.400286825666223
0.40047978471254
0.400672743758857
0.400865702805174
0.401058661851491
0.401251620897808
0.401444579944125
0.401637538990441
0.401830498036758
0.402023457083075
0.402216416129392
0.402409375175709
0.402602334222026
0.402795293268343
0.40298825231466
0.403181211360977
0.403374170407293
0.40356712945361
0.403760088499927
0.403953047546244
0.404146006592561
0.404338965638878
0.404531924685195
0.404724883731512
0.404917842777828
0.405110801824145
0.405303760870462
0.405496719916779
0.405689678963096
0.405882638009413
0.40607559705573
0.406268556102047
0.406461515148364
0.406654474194681
0.406847433240997
0.407040392287314
0.407233351333631
0.407426310379948
0.407619269426265
0.407812228472582
0.408005187518899
0.408198146565216
0.408391105611533
0.408584064657849
0.408777023704166
0.408969982750483
0.4091629417968
0.409355900843117
0.409548859889434
0.409741818935751
0.409934777982068
0.410127737028385
0.410320696074701
0.410513655121018
0.410706614167335
0.410899573213652
0.411092532259969
0.411285491306286
0.411478450352603
0.41167140939892
0.411864368445237
0.412057327491553
0.41225028653787
0.412443245584187
0.412636204630504
0.412829163676821
0.413022122723138
0.413215081769455
0.413408040815772
0.413600999862089
0.413793958908406
0.413986917954722
0.414179877001039
0.414372836047356
0.414565795093673
0.41475875413999
0.414951713186307
0.415144672232624
0.415337631278941
0.415530590325258
0.415723549371574
0.415916508417891
0.416109467464208
0.416302426510525
0.416495385556842
0.416688344603159
0.416881303649476
0.417074262695793
0.41726722174211
0.417460180788426
0.417653139834743
0.41784609888106
0.418039057927377
0.418232016973694
0.418424976020011
0.418617935066328
0.418810894112645
0.419003853158962
0.419196812205278
0.419389771251595
0.419582730297912
0.419775689344229
0.419968648390546
0.420161607436863
0.42035456648318
0.420547525529497
0.420740484575814
0.42093344362213
0.421126402668447
0.421319361714764
0.421512320761081
0.421705279807398
0.421898238853715
0.422091197900032
0.422284156946349
0.422477115992666
0.422670075038983
0.422863034085299
0.423055993131616
0.423248952177933
0.42344191122425
0.423634870270567
0.423827829316884
0.424020788363201
0.424213747409518
0.424406706455835
0.424599665502151
0.424792624548468
0.424985583594785
0.425178542641102
0.425371501687419
0.425564460733736
0.425757419780053
0.42595037882637
0.426143337872687
0.426336296919003
0.42652925596532
0.426722215011637
0.426915174057954
0.427108133104271
0.427301092150588
0.427494051196905
0.427687010243222
0.427879969289539
0.428072928335855
0.428265887382172
0.428458846428489
0.428651805474806
0.428844764521123
0.42903772356744
0.429230682613757
0.429423641660074
0.429616600706391
0.429809559752707
0.430002518799024
0.430195477845341
0.430388436891658
0.430581395937975
0.430774354984292
0.430967314030609
0.431160273076926
0.431353232123243
0.43154619116956
0.431739150215876
0.431932109262193
0.43212506830851
0.432318027354827
0.432510986401144
0.432703945447461
0.432896904493778
0.433089863540095
0.433282822586411
0.433475781632728
0.433668740679045
0.433861699725362
0.434054658771679
0.434247617817996
0.434440576864313
0.43463353591063
0.434826494956947
0.435019454003264
0.43521241304958
0.435405372095897
0.435598331142214
0.435791290188531
0.435984249234848
0.436177208281165
0.436370167327482
0.436563126373799
0.436756085420116
0.436949044466432
0.437142003512749
0.437334962559066
0.437527921605383
0.4377208806517
0.437913839698017
0.438106798744334
0.438299757790651
0.438492716836968
0.438685675883284
0.438878634929601
0.439071593975918
0.439264553022235
0.439457512068552
0.439650471114869
0.439843430161186
0.440036389207503
0.44022934825382
0.440422307300136
0.440615266346453
0.44080822539277
0.441001184439087
0.441194143485404
0.441387102531721
0.441580061578038
0.441773020624355
0.441965979670672
0.442158938716989
0.442351897763305
0.442544856809622
0.442737815855939
0.442930774902256
0.443123733948573
0.44331669299489
0.443509652041207
0.443702611087524
0.443895570133841
0.444088529180157
0.444281488226474
0.444474447272791
0.444667406319108
0.444860365365425
0.445053324411742
0.445246283458059
0.445439242504376
0.445632201550693
0.445825160597009
0.446018119643326
0.446211078689643
0.44640403773596
0.446596996782277
0.446789955828594
0.446982914874911
0.447175873921228
0.447368832967545
0.447561792013861
0.447754751060178
0.447947710106495
0.448140669152812
0.448333628199129
0.448526587245446
0.448719546291763
0.44891250533808
0.449105464384397
0.449298423430713
0.44949138247703
0.449684341523347
0.449877300569664
0.450070259615981
0.450263218662298
0.450456177708615
0.450649136754932
0.450842095801249
0.451035054847566
0.451228013893882
0.451420972940199
0.451613931986516
0.451806891032833
0.45199985007915
0.452192809125467
0.452385768171784
0.452578727218101
0.452771686264418
0.452964645310734
0.453157604357051
0.453350563403368
0.453543522449685
0.453736481496002
0.453929440542319
0.454122399588636
0.454315358634953
0.45450831768127
0.454701276727586
0.454894235773903
0.45508719482022
0.455280153866537
0.455473112912854
0.455666071959171
0.455859031005488
0.456051990051805
0.456244949098122
0.456437908144438
0.456630867190755
0.456823826237072
0.457016785283389
0.457209744329706
0.457402703376023
0.45759566242234
0.457788621468657
0.457981580514974
0.458174539561291
0.458367498607607
0.458560457653924
0.458753416700241
0.458946375746558
0.459139334792875
0.459332293839192
0.459525252885509
0.459718211931826
0.459911170978142
0.460104130024459
0.460297089070776
0.460490048117093
0.46068300716341
0.460875966209727
0.461068925256044
0.461261884302361
0.461454843348678
0.461647802394995
0.461840761441311
0.462033720487628
0.462226679533945
0.462419638580262
0.462612597626579
0.462805556672896
0.462998515719213
0.46319147476553
0.463384433811847
0.463577392858163
0.46377035190448
0.463963310950797
0.464156269997114
0.464349229043431
0.464542188089748
0.464735147136065
0.464928106182382
0.465121065228699
0.465314024275015
0.465506983321332
0.465699942367649
0.465892901413966
0.466085860460283
0.4662788195066
0.466471778552917
0.466664737599234
0.466857696645551
0.467050655691867
0.467243614738184
0.467436573784501
0.467629532830818
0.467822491877135
0.468015450923452
0.468208409969769
0.468401369016086
0.468594328062403
0.468787287108719
0.468980246155036
0.469173205201353
0.46936616424767
0.469559123293987
0.469752082340304
0.469945041386621
0.470138000432938
0.470330959479255
0.470523918525572
0.470716877571888
0.470909836618205
0.471102795664522
0.471295754710839
0.471488713757156
0.471681672803473
0.47187463184979
0.472067590896107
0.472260549942424
0.47245350898874
0.472646468035057
0.472839427081374
0.473032386127691
0.473225345174008
0.473418304220325
0.473611263266642
0.473804222312959
0.473997181359276
0.474190140405592
0.474383099451909
0.474576058498226
0.474769017544543
0.47496197659086
0.475154935637177
0.475347894683494
0.475540853729811
0.475733812776128
0.475926771822444
0.476119730868761
0.476312689915078
0.476505648961395
0.476698608007712
0.476891567054029
0.477084526100346
0.477277485146663
0.47747044419298
0.477663403239296
0.477856362285613
0.47804932133193
0.478242280378247
0.478435239424564
0.478628198470881
0.478821157517198
0.479014116563515
0.479207075609832
0.479400034656148
0.479592993702465
0.479785952748782
0.479978911795099
0.480171870841416
0.480364829887733
0.48055778893405
0.480750747980367
0.480943707026684
0.481136666073001
0.481329625119317
0.481522584165634
0.481715543211951
0.481908502258268
0.482101461304585
0.482294420350902
0.482487379397219
0.482680338443536
0.482873297489853
0.483066256536169
0.483259215582486
0.483452174628803
0.48364513367512
0.483838092721437
0.484031051767754
0.484224010814071
0.484416969860388
0.484609928906705
0.484802887953021
0.484995846999338
0.485188806045655
0.485381765091972
0.485574724138289
0.485767683184606
0.485960642230923
0.48615360127724
0.486346560323557
0.486539519369873
0.48673247841619
0.486925437462507
0.487118396508824
0.487311355555141
0.487504314601458
0.487697273647775
0.487890232694092
0.488083191740409
0.488276150786725
0.488469109833042
0.488662068879359
0.488855027925676
0.489047986971993
0.48924094601831
0.489433905064627
0.489626864110944
0.489819823157261
0.490012782203578
0.490205741249894
0.490398700296211
0.490591659342528
0.490784618388845
0.490977577435162
0.491170536481479
0.491363495527796
0.491556454574113
0.49174941362043
0.491942372666746
0.492135331713063
0.49232829075938
0.492521249805697
0.492714208852014
0.492907167898331
0.493100126944648
0.493293085990965
0.493486045037282
0.493679004083598
0.493871963129915
0.494064922176232
0.494257881222549
0.494450840268866
0.494643799315183
0.4948367583615
0.495029717407817
0.495222676454134
0.49541563550045
0.495608594546767
0.495801553593084
0.495994512639401
0.496187471685718
0.496380430732035
0.496573389778352
0.496766348824669
0.496959307870986
0.497152266917302
0.497345225963619
0.497538185009936
0.497731144056253
0.49792410310257
0.498117062148887
0.498310021195204
0.498502980241521
0.498695939287838
0.498888898334154
0.499081857380471
0.499274816426788
0.499467775473105
0.499660734519422
0.499853693565739
0.500046652612056
0.500239611658373
0.500432570704689
0.500625529751006
0.500818488797323
0.50101144784364
0.501204406889957
0.501397365936274
0.501590324982591
0.501783284028908
0.501976243075225
0.502169202121541
0.502362161167858
0.502555120214175
0.502748079260492
0.502941038306809
0.503133997353126
0.503326956399443
0.50351991544576
0.503712874492077
0.503905833538393
0.50409879258471
0.504291751631027
0.504484710677344
0.504677669723661
0.504870628769978
0.505063587816295
0.505256546862612
0.505449505908929
0.505642464955245
0.505835424001562
0.506028383047879
0.506221342094196
0.506414301140513
0.50660726018683
0.506800219233147
0.506993178279464
0.507186137325781
0.507379096372097
0.507572055418414
0.507765014464731
0.507957973511048
0.508150932557365
0.508343891603682
0.508536850649999
0.508729809696316
0.508922768742633
0.509115727788949
0.509308686835266
0.509501645881583
0.5096946049279
0.509887563974217
0.510080523020534
0.510273482066851
0.510466441113168
0.510659400159485
0.510852359205801
0.511045318252118
0.511238277298435
0.511431236344752
0.511624195391069
0.511817154437386
0.512010113483703
0.51220307253002
0.512396031576337
0.512588990622654
0.51278194966897
0.512974908715287
0.513167867761604
0.513360826807921
0.513553785854238
0.513746744900555
0.513939703946872
0.514132662993189
0.514325622039505
0.514518581085822
0.514711540132139
0.514904499178456
0.515097458224773
0.51529041727109
0.515483376317407
0.515676335363724
0.515869294410041
0.516062253456357
0.516255212502674
0.516448171548991
0.516641130595308
0.516834089641625
0.517027048687942
0.517220007734259
0.517412966780576
0.517605925826893
0.517798884873209
0.517991843919526
0.518184802965843
0.51837776201216
0.518570721058477
0.518763680104794
0.518956639151111
0.519149598197428
0.519342557243745
0.519535516290061
0.519728475336378
0.519921434382695
0.520114393429012
0.520307352475329
0.520500311521646
0.520693270567963
0.52088622961428
0.521079188660597
0.521272147706913
0.52146510675323
0.521658065799547
0.521851024845864
0.522043983892181
0.522236942938498
0.522429901984815
0.522622861031132
0.522815820077449
0.523008779123765
0.523201738170082
0.523394697216399
0.523587656262716
0.523780615309033
0.52397357435535
0.524166533401667
0.524359492447984
0.524552451494301
0.524745410540617
0.524938369586934
0.525131328633251
0.525324287679568
0.525517246725885
0.525710205772202
0.525903164818519
0.526096123864836
0.526289082911153
0.526482041957469
0.526675001003786
0.526867960050103
0.52706091909642
0.527253878142737
0.527446837189054
0.527639796235371
0.527832755281688
0.528025714328004
0.528218673374321
0.528411632420638
0.528604591466955
0.528797550513272
0.528990509559589
0.529183468605906
0.529376427652223
0.52956938669854
0.529762345744856
0.529955304791173
0.53014826383749
0.530341222883807
0.530534181930124
0.530727140976441
0.530920100022758
0.531113059069075
0.531306018115392
0.531498977161708
0.531691936208025
0.531884895254342
0.532077854300659
0.532270813346976
0.532463772393293
0.53265673143961
0.532849690485927
0.533042649532244
0.53323560857856
0.533428567624877
0.533621526671194
0.533814485717511
0.534007444763828
0.534200403810145
0.534393362856462
0.534586321902779
0.534779280949096
0.534972239995413
0.535165199041729
0.535358158088046
0.535551117134363
0.53574407618068
0.535937035226997
0.536129994273314
0.536322953319631
0.536515912365948
0.536708871412265
0.536901830458581
0.537094789504898
0.537287748551215
0.537480707597532
0.537673666643849
0.537866625690166
0.538059584736483
0.5382525437828
0.538445502829117
0.538638461875433
0.53883142092175
0.539024379968067
0.539217339014384
0.539410298060701
0.539603257107018
0.539796216153335
0.539989175199652
0.540182134245969
0.540375093292285
0.540568052338602
0.540761011384919
0.540953970431236
0.541146929477553
0.54133988852387
0.541532847570187
0.541725806616504
0.54191876566282
0.542111724709137
0.542304683755454
0.542497642801771
0.542690601848088
0.542883560894405
0.543076519940722
0.543269478987039
0.543462438033356
0.543655397079672
0.543848356125989
0.544041315172306
0.544234274218623
0.54442723326494
0.544620192311257
0.544813151357574
0.545006110403891
0.545199069450208
0.545392028496524
0.545584987542841
0.545777946589158
0.545970905635475
0.546163864681792
0.546356823728109
0.546549782774426
0.546742741820743
0.54693570086706
0.547128659913376
0.547321618959693
0.54751457800601
0.547707537052327
0.547900496098644
0.548093455144961
0.548286414191278
0.548479373237595
0.548672332283912
0.548865291330228
0.549058250376545
0.549251209422862
0.549444168469179
0.549637127515496
0.549830086561813
0.55002304560813
0.550216004654447
0.550408963700764
0.55060192274708
0.550794881793397
0.550987840839714
0.551180799886031
0.551373758932348
0.551566717978665
0.551759677024982
0.551952636071299
0.552145595117616
0.552338554163932
0.552531513210249
0.552724472256566
0.552917431302883
0.5531103903492
0.553303349395517
0.553496308441834
0.553689267488151
0.553882226534468
0.554075185580784
0.554268144627101
0.554461103673418
0.554654062719735
0.554847021766052
0.555039980812369
0.555232939858686
0.555425898905003
0.555618857951319
0.555811816997636
0.556004776043953
0.55619773509027
0.556390694136587
0.556583653182904
0.556776612229221
0.556969571275538
0.557162530321855
0.557355489368172
0.557548448414488
0.557741407460805
0.557934366507122
0.558127325553439
0.558320284599756
0.558513243646073
0.55870620269239
0.558899161738707
0.559092120785024
0.55928507983134
0.559478038877657
0.559670997923974
0.559863956970291
0.560056916016608
0.560249875062925
0.560442834109242
0.560635793155559
0.560828752201876
0.561021711248193
0.561214670294509
0.561407629340826
0.561600588387143
0.56179354743346
0.561986506479777
0.562179465526094
0.562372424572411
0.562565383618728
0.562758342665045
0.562951301711361
0.563144260757678
0.563337219803995
0.563530178850312
0.563723137896629
0.563916096942946
0.564109055989263
0.56430201503558
0.564494974081897
0.564687933128213
0.56488089217453
0.565073851220847
0.565266810267164
0.565459769313481
0.565652728359798
0.565845687406115
0.566038646452432
0.566231605498749
0.566424564545065
0.566617523591382
0.566810482637699
0.567003441684016
0.567196400730333
0.56738935977665
0.567582318822967
0.567775277869284
0.567968236915601
0.568161195961917
0.568354155008234
0.568547114054551
0.568740073100868
0.568933032147185
0.569125991193502
0.569318950239819
0.569511909286136
0.569704868332453
0.569897827378769
0.570090786425086
0.570283745471403
0.57047670451772
0.570669663564037
0.570862622610354
0.571055581656671
0.571248540702988
0.571441499749305
0.571634458795621
0.571827417841938
0.572020376888255
0.572213335934572
0.572406294980889
0.572599254027206
0.572792213073523
0.57298517211984
0.573178131166157
0.573371090212474
0.57356404925879
0.573757008305107
0.573949967351424
0.574142926397741
0.574335885444058
0.574528844490375
0.574721803536692
0.574914762583009
0.575107721629326
0.575300680675642
0.575493639721959
0.575686598768276
0.575879557814593
0.57607251686091
0.576265475907227
0.576458434953544
0.576651393999861
0.576844353046178
0.577037312092494
0.577230271138811
0.577423230185128
0.577616189231445
0.577809148277762
0.578002107324079
0.578195066370396
0.578388025416713
0.57858098446303
0.578773943509347
0.578966902555663
0.57915986160198
0.579352820648297
0.579545779694614
0.579738738740931
0.579931697787248
0.580124656833565
0.580317615879882
0.580510574926199
0.580703533972515
0.580896493018832
0.581089452065149
0.581282411111466
0.581475370157783
0.5816683292041
0.581861288250417
0.582054247296734
0.58224720634305
0.582440165389367
0.582633124435684
0.582826083482001
0.583019042528318
0.583212001574635
0.583404960620952
0.583597919667269
0.583790878713586
0.583983837759903
0.584176796806219
0.584369755852536
0.584562714898853
0.58475567394517
0.584948632991487
0.585141592037804
0.585334551084121
0.585527510130438
0.585720469176755
0.585913428223071
0.586106387269388
0.586299346315705
0.586492305362022
0.586685264408339
0.586878223454656
0.587071182500973
0.58726414154729
0.587457100593607
0.587650059639923
0.58784301868624
0.588035977732557
0.588228936778874
0.588421895825191
0.588614854871508
0.588807813917825
0.589000772964142
0.589193732010459
0.589386691056776
0.589579650103092
0.589772609149409
0.589965568195726
0.590158527242043
0.59035148628836
0.590544445334677
0.590737404380994
0.590930363427311
0.591123322473628
0.591316281519944
0.591509240566261
0.591702199612578
0.591895158658895
0.592088117705212
0.592281076751529
0.592474035797846
0.592666994844163
0.59285995389048
0.593052912936796
0.593245871983113
0.59343883102943
0.593631790075747
0.593824749122064
0.594017708168381
0.594210667214698
0.594403626261015
0.594596585307332
0.594789544353648
0.594982503399965
0.595175462446282
0.595368421492599
0.595561380538916
0.595754339585233
0.59594729863155
0.596140257677867
0.596333216724184
0.5965261757705
0.596719134816817
0.596912093863134
0.597105052909451
0.597298011955768
0.597490971002085
0.597683930048402
0.597876889094719
0.598069848141036
0.598262807187352
0.598455766233669
0.598648725279986
0.598841684326303
0.59903464337262
0.599227602418937
0.599420561465254
0.599613520511571
0.599806479557888
0.599999438604204
0.600192397650521
0.600385356696838
0.600578315743155
0.600771274789472
0.600964233835789
0.601157192882106
0.601350151928423
0.60154311097474
0.601736070021057
0.601929029067373
0.60212198811369
0.602314947160007
0.602507906206324
0.602700865252641
0.602893824298958
0.603086783345275
0.603279742391592
0.603472701437909
0.603665660484225
0.603858619530542
0.604051578576859
0.604244537623176
0.604437496669493
0.60463045571581
0.604823414762127
0.605016373808444
0.605209332854761
0.605402291901077
0.605595250947394
0.605788209993711
0.605981169040028
0.606174128086345
0.606367087132662
0.606560046178979
0.606753005225296
0.606945964271613
0.60713892331793
0.607331882364246
0.607524841410563
0.60771780045688
0.607910759503197
0.608103718549514
0.608296677595831
0.608489636642148
0.608682595688465
0.608875554734781
0.609068513781098
0.609261472827415
0.609454431873732
0.609647390920049
0.609840349966366
0.610033309012683
0.610226268059
0.610419227105317
0.610612186151633
0.61080514519795
0.610998104244267
0.611191063290584
0.611384022336901
0.611576981383218
0.611769940429535
0.611962899475852
0.612155858522169
0.612348817568486
0.612541776614802
0.612734735661119
0.612927694707436
0.613120653753753
0.61331361280007
0.613506571846387
0.613699530892704
0.613892489939021
0.614085448985338
0.614278408031654
0.614471367077971
0.614664326124288
0.614857285170605
0.615050244216922
0.615243203263239
0.615436162309556
0.615629121355873
0.61582208040219
0.616015039448506
0.616207998494823
0.61640095754114
0.616593916587457
0.616786875633774
0.616979834680091
0.617172793726408
0.617365752772725
0.617558711819042
0.617751670865359
0.617944629911675
0.618137588957992
0.618330548004309
0.618523507050626
0.618716466096943
0.61890942514326
0.619102384189577
0.619295343235894
0.619488302282211
0.619681261328527
0.619874220374844
0.620067179421161
0.620260138467478
0.620453097513795
0.620646056560112
0.620839015606429
0.621031974652746
0.621224933699063
0.621417892745379
0.621610851791696
0.621803810838013
0.62199676988433
0.622189728930647
0.622382687976964
0.622575647023281
0.622768606069598
0.622961565115915
0.623154524162231
0.623347483208548
0.623540442254865
0.623733401301182
0.623926360347499
0.624119319393816
0.624312278440133
0.62450523748645
0.624698196532767
0.624891155579083
0.6250841146254
0.625277073671717
0.625470032718034
0.625662991764351
0.625855950810668
0.626048909856985
0.626241868903302
0.626434827949619
0.626627786995935
0.626820746042252
0.627013705088569
0.627206664134886
0.627399623181203
0.62759258222752
0.627785541273837
0.627978500320154
0.628171459366471
0.628364418412787
0.628557377459104
0.628750336505421
0.628943295551738
0.629136254598055
0.629329213644372
0.629522172690689
0.629715131737006
0.629908090783323
0.63010104982964
0.630294008875956
0.630486967922273
0.63067992696859
0.630872886014907
0.631065845061224
0.631258804107541
0.631451763153858
0.631644722200175
0.631837681246492
0.632030640292808
0.632223599339125
0.632416558385442
0.632609517431759
0.632802476478076
0.632995435524393
0.63318839457071
0.633381353617027
0.633574312663344
0.633767271709661
0.633960230755977
0.634153189802294
0.634346148848611
0.634539107894928
0.634732066941245
0.634925025987562
0.635117985033879
0.635310944080196
0.635503903126513
0.635696862172829
0.635889821219146
0.636082780265463
0.63627573931178
0.636468698358097
0.636661657404414
0.636854616450731
0.637047575497048
0.637240534543364
0.637433493589681
0.637626452635998
0.637819411682315
0.638012370728632
0.638205329774949
0.638398288821266
0.638591247867583
0.6387842069139
0.638977165960217
0.639170125006533
0.63936308405285
0.639556043099167
0.639749002145484
0.639941961191801
0.640134920238118
0.640327879284435
0.640520838330752
0.640713797377069
0.640906756423385
0.641099715469702
0.641292674516019
0.641485633562336
0.641678592608653
0.64187155165497
0.642064510701287
0.642257469747604
0.642450428793921
0.642643387840237
0.642836346886554
0.643029305932871
0.643222264979188
0.643415224025505
0.643608183071822
0.643801142118139
0.643994101164456
0.644187060210772
0.644380019257089
0.644572978303406
0.644765937349723
0.64495889639604
0.645151855442357
0.645344814488674
0.645537773534991
0.645730732581308
0.645923691627624
0.646116650673941
0.646309609720258
0.646502568766575
0.646695527812892
0.646888486859209
0.647081445905526
0.647274404951843
0.647467363998159
0.647660323044476
0.647853282090793
0.64804624113711
0.648239200183427
0.648432159229744
0.648625118276061
0.648818077322378
0.649011036368694
0.649203995415011
0.649396954461328
0.649589913507645
0.649782872553962
0.649975831600279
0.650168790646596
0.650361749692913
0.650554708739229
0.650747667785546
0.650940626831863
0.65113358587818
0.651326544924497
0.651519503970814
0.651712463017131
0.651905422063448
0.652098381109764
0.652291340156081
0.652484299202398
0.652677258248715
0.652870217295032
0.653063176341349
0.653256135387666
0.653449094433983
0.653642053480299
0.653835012526616
0.654027971572933
0.65422093061925
0.654413889665567
0.654606848711884
0.654799807758201
0.654992766804518
0.655185725850834
0.655378684897151
0.655571643943468
0.655764602989785
0.655957562036102
0.656150521082419
0.656343480128736
0.656536439175053
0.65672939822137
0.656922357267686
0.657115316314003
0.65730827536032
0.657501234406637
0.657694193452954
0.657887152499271
0.658080111545588
0.658273070591905
0.658466029638221
0.658658988684538
0.658851947730855
0.659044906777172
0.659237865823489
0.659430824869806
0.659623783916123
0.65981674296244
0.660009702008756
0.660202661055073
0.66039562010139
0.660588579147707
0.660781538194024
0.660974497240341
0.661167456286658
0.661360415332975
0.661553374379291
0.661746333425608
0.661939292471925
0.662132251518242
0.662325210564559
0.662518169610876
0.662711128657193
0.66290408770351
0.663097046749827
0.663290005796143
0.66348296484246
0.663675923888777
0.663868882935094
0.664061841981411
0.664254801027728
0.664447760074045
0.664640719120361
0.664833678166678
0.665026637212995
0.665219596259312
0.665412555305629
0.665605514351946
0.665798473398263
0.66599143244458
0.666184391490896
0.666377350537213
0.66657030958353
0.666763268629847
0.666956227676164
0.667149186722481
0.667342145768798
0.667535104815115
0.667728063861432
0.667921022907748
0.668113981954065
0.668306941000382
0.668499900046699
0.668692859093016
0.668885818139333
0.66907877718565
0.669271736231967
0.669464695278283
0.6696576543246
0.669850613370917
0.670043572417234
0.670236531463551
0.670429490509868
0.670622449556185
0.670815408602502
0.671008367648819
0.671201326695135
0.671394285741452
0.671587244787769
0.671780203834086
0.671973162880403
0.67216612192672
0.672359080973037
0.672552040019354
0.67274499906567
0.672937958111987
0.673130917158304
0.673323876204621
0.673516835250938
0.673709794297255
0.673902753343572
0.674095712389889
0.674288671436205
0.674481630482522
0.674674589528839
0.674867548575156
0.675060507621473
0.67525346666779
0.675446425714107
0.675639384760424
0.67583234380674
0.676025302853057
0.676218261899374
0.676411220945691
0.676604179992008
0.676797139038325
0.676990098084642
0.677183057130959
0.677376016177275
0.677568975223592
0.677761934269909
0.677954893316226
0.678147852362543
0.67834081140886
0.678533770455177
0.678726729501494
0.67891968854781
0.679112647594127
0.679305606640444
0.679498565686761
0.679691524733078
0.679884483779395
0.680077442825712
0.680270401872029
0.680463360918345
0.680656319964662
0.680849279010979
0.681042238057296
0.681235197103613
0.68142815614993
0.681621115196247
0.681814074242564
0.682007033288881
0.682199992335197
0.682392951381514
0.682585910427831
0.682778869474148
0.682971828520465
0.683164787566782
0.683357746613099
0.683550705659416
0.683743664705732
0.683936623752049
0.684129582798366
0.684322541844683
0.684515500891
0.684708459937317
0.684901418983634
0.685094378029951
0.685287337076267
0.685480296122584
0.685673255168901
0.685866214215218
0.686059173261535
0.686252132307852
0.686445091354169
0.686638050400486
0.686831009446802
0.687023968493119
0.687216927539436
0.687409886585753
0.68760284563207
0.687795804678387
0.687988763724704
0.688181722771021
0.688374681817338
0.688567640863654
0.688760599909971
0.688953558956288
0.689146518002605
0.689339477048922
0.689532436095239
0.689725395141556
0.689918354187873
0.690111313234189
0.690304272280506
0.690497231326823
0.69069019037314
0.690883149419457
0.691076108465774
0.691269067512091
0.691462026558407
0.691654985604724
0.691847944651041
0.692040903697358
0.692233862743675
0.692426821789992
0.692619780836309
0.692812739882626
0.693005698928943
0.693198657975259
0.693391617021576
0.693584576067893
0.69377753511421
0.693970494160527
0.694163453206844
0.694356412253161
0.694549371299478
0.694742330345794
0.694935289392111
0.695128248438428
0.695321207484745
0.695514166531062
0.695707125577379
0.695900084623696
0.696093043670013
0.696286002716329
0.696478961762646
0.696671920808963
0.69686487985528
0.697057838901597
0.697250797947914
0.697443756994231
0.697636716040548
0.697829675086865
0.698022634133181
0.698215593179498
0.698408552225815
0.698601511272132
0.698794470318449
0.698987429364766
0.699180388411083
0.6993733474574
0.699566306503716
0.699759265550033
0.69995222459635
0.700145183642667
0.700338142688984
0.700531101735301
0.700724060781618
0.700917019827935
0.701109978874251
0.701302937920568
0.701495896966885
0.701688856013202
0.701881815059519
0.702074774105836
0.702267733152153
0.70246069219847
0.702653651244787
0.702846610291103
0.70303956933742
0.703232528383737
0.703425487430054
0.703618446476371
0.703811405522688
0.704004364569005
0.704197323615322
0.704390282661638
0.704583241707955
0.704776200754272
0.704969159800589
0.705162118846906
0.705355077893223
0.70554803693954
0.705740995985856
0.705933955032173
0.70612691407849
0.706319873124807
0.706512832171124
0.706705791217441
0.706898750263758
0.707091709310075
0.707284668356392
0.707477627402708
0.707670586449025
0.707863545495342
0.708056504541659
0.708249463587976
0.708442422634293
0.70863538168061
0.708828340726927
0.709021299773243
0.70921425881956
0.709407217865877
0.709600176912194
0.709793135958511
0.709986095004828
0.710179054051145
0.710372013097462
0.710564972143778
0.710757931190095
0.710950890236412
0.711143849282729
0.711336808329046
0.711529767375363
0.71172272642168
0.711915685467997
0.712108644514313
0.71230160356063
0.712494562606947
0.712687521653264
0.712880480699581
0.713073439745898
0.713266398792215
0.713459357838532
0.713652316884849
0.713845275931165
0.714038234977482
0.714231194023799
0.714424153070116
0.714617112116433
0.71481007116275
0.715003030209067
0.715195989255384
0.7153889483017
0.715581907348017
0.715774866394334
0.715967825440651
0.716160784486968
0.716353743533285
0.716546702579602
0.716739661625919
0.716932620672235
0.717125579718552
0.717318538764869
0.717511497811186
0.717704456857503
0.71789741590382
0.718090374950137
0.718283333996454
0.71847629304277
0.718669252089087
0.718862211135404
0.719055170181721
0.719248129228038
0.719441088274355
0.719634047320672
0.719827006366989
0.720019965413305
0.720212924459622
0.720405883505939
0.720598842552256
0.720791801598573
0.72098476064489
0.721177719691207
0.721370678737524
0.72156363778384
0.721756596830157
0.721949555876474
0.722142514922791
0.722335473969108
0.722528433015425
0.722721392061742
0.722914351108059
0.723107310154375
0.723300269200692
0.723493228247009
0.723686187293326
0.723879146339643
0.72407210538596
0.724265064432277
0.724458023478594
0.724650982524911
0.724843941571227
0.725036900617544
0.725229859663861
0.725422818710178
0.725615777756495
0.725808736802812
0.726001695849129
0.726194654895446
0.726387613941762
0.726580572988079
0.726773532034396
0.726966491080713
0.72715945012703
0.727352409173347
0.727545368219664
0.727738327265981
0.727931286312298
0.728124245358614
0.728317204404931
0.728510163451248
0.728703122497565
0.728896081543882
0.729089040590199
0.729281999636516
0.729474958682833
0.729667917729149
0.729860876775466
0.730053835821783
0.7302467948681
0.730439753914417
0.730632712960734
0.730825672007051
0.731018631053368
0.731211590099684
0.731404549146001
0.731597508192318
0.731790467238635
0.731983426284952
0.732176385331269
0.732369344377586
0.732562303423903
0.732755262470219
0.732948221516536
0.733141180562853
0.73333413960917
0.733527098655487
0.733720057701804
0.733913016748121
0.734105975794438
0.734298934840754
0.734491893887071
0.734684852933388
0.734877811979705
0.735070771026022
0.735263730072339
0.735456689118656
0.735649648164973
0.735842607211289
0.736035566257606
0.736228525303923
0.73642148435024
0.736614443396557
0.736807402442874
0.737000361489191
0.737193320535508
0.737386279581824
0.737579238628141
0.737772197674458
0.737965156720775
0.738158115767092
0.738351074813409
0.738544033859726
0.738736992906043
0.73892995195236
0.739122910998676
0.739315870044993
0.73950882909131
0.739701788137627
0.739894747183944
0.740087706230261
0.740280665276578
0.740473624322895
0.740666583369211
0.740859542415528
0.741052501461845
0.741245460508162
0.741438419554479
0.741631378600796
0.741824337647113
0.74201729669343
0.742210255739746
0.742403214786063
0.74259617383238
0.742789132878697
0.742982091925014
0.743175050971331
0.743368010017648
0.743560969063965
0.743753928110281
0.743946887156598
0.744139846202915
0.744332805249232
0.744525764295549
0.744718723341866
0.744911682388183
0.7451046414345
0.745297600480817
0.745490559527133
0.74568351857345
0.745876477619767
0.746069436666084
0.746262395712401
0.746455354758718
0.746648313805035
0.746841272851351
0.747034231897668
0.747227190943985
0.747420149990302
0.747613109036619
0.747806068082936
0.747999027129253
0.74819198617557
0.748384945221886
0.748577904268203
0.74877086331452
0.748963822360837
0.749156781407154
0.749349740453471
0.749542699499788
0.749735658546105
0.749928617592422
0.750121576638738
0.750314535685055
0.750507494731372
0.750700453777689
0.750893412824006
0.751086371870323
0.75127933091664
0.751472289962957
0.751665249009273
0.75185820805559
0.752051167101907
0.752244126148224
0.752437085194541
0.752630044240858
0.752823003287175
0.753015962333492
0.753208921379809
0.753401880426125
0.753594839472442
0.753787798518759
0.753980757565076
0.754173716611393
0.75436667565771
0.754559634704027
0.754752593750344
0.75494555279666
0.755138511842977
0.755331470889294
0.755524429935611
0.755717388981928
0.755910348028245
0.756103307074562
0.756296266120879
0.756489225167195
0.756682184213512
0.756875143259829
0.757068102306146
0.757261061352463
0.75745402039878
0.757646979445097
0.757839938491414
0.75803289753773
0.758225856584047
0.758418815630364
0.758611774676681
0.758804733722998
0.758997692769315
0.759190651815632
0.759383610861949
0.759576569908265
0.759769528954582
0.759962488000899
0.760155447047216
0.760348406093533
0.76054136513985
0.760734324186167
0.760927283232484
0.7611202422788
0.761313201325117
0.761506160371434
0.761699119417751
0.761892078464068
0.762085037510385
0.762277996556702
0.762470955603019
0.762663914649335
0.762856873695652
0.763049832741969
0.763242791788286
0.763435750834603
0.76362870988092
0.763821668927237
0.764014627973554
0.764207587019871
0.764400546066187
0.764593505112504
0.764786464158821
0.764979423205138
0.765172382251455
0.765365341297772
0.765558300344089
0.765751259390406
0.765944218436722
0.766137177483039
0.766330136529356
0.766523095575673
0.76671605462199
0.766909013668307
0.767101972714624
0.767294931760941
0.767487890807257
0.767680849853574
0.767873808899891
0.768066767946208
0.768259726992525
0.768452686038842
0.768645645085159
0.768838604131476
0.769031563177792
0.769224522224109
0.769417481270426
0.769610440316743
0.76980339936306
0.769996358409377
0.770189317455694
0.770382276502011
0.770575235548328
0.770768194594644
0.770961153640961
0.771154112687278
0.771347071733595
0.771540030779912
0.771732989826229
0.771925948872546
0.772118907918863
0.772311866965179
0.772504826011496
0.772697785057813
0.77289074410413
0.773083703150447
0.773276662196764
0.773469621243081
0.773662580289397
0.773855539335714
0.774048498382031
0.774241457428348
0.774434416474665
0.774627375520982
0.774820334567299
0.775013293613616
0.775206252659933
0.775399211706249
0.775592170752566
0.775785129798883
0.7759780888452
0.776171047891517
0.776364006937834
0.776556965984151
0.776749925030468
0.776942884076784
0.777135843123101
0.777328802169418
0.777521761215735
0.777714720262052
0.777907679308369
0.778100638354686
0.778293597401003
0.77848655644732
0.778679515493636
0.778872474539953
0.77906543358627
0.779258392632587
0.779451351678904
0.779644310725221
0.779837269771538
0.780030228817854
0.780223187864171
0.780416146910488
0.780609105956805
0.780802065003122
0.780995024049439
0.781187983095756
0.781380942142073
0.78157390118839
0.781766860234706
0.781959819281023
0.78215277832734
0.782345737373657
0.782538696419974
0.782731655466291
0.782924614512608
0.783117573558925
0.783310532605241
0.783503491651558
0.783696450697875
0.783889409744192
0.784082368790509
0.784275327836826
0.784468286883143
0.78466124592946
0.784854204975777
0.785047164022093
0.78524012306841
0.785433082114727
0.785626041161044
0.785819000207361
0.786011959253678
0.786204918299995
0.786397877346312
0.786590836392628
0.786783795438945
0.786976754485262
0.787169713531579
0.787362672577896
0.787555631624213
0.78774859067053
0.787941549716846
0.788134508763163
0.78832746780948
0.788520426855797
0.788713385902114
0.788906344948431
0.789099303994748
0.789292263041065
0.789485222087382
0.789678181133698
0.789871140180015
0.790064099226332
0.790257058272649
0.790450017318966
0.790642976365283
0.7908359354116
0.791028894457917
0.791221853504233
0.79141481255055
0.791607771596867
0.791800730643184
0.791993689689501
0.792186648735818
0.792379607782135
0.792572566828452
0.792765525874768
0.792958484921085
0.793151443967402
0.793344403013719
0.793537362060036
0.793730321106353
0.79392328015267
0.794116239198987
0.794309198245303
0.79450215729162
0.794695116337937
0.794888075384254
0.795081034430571
0.795273993476888
0.795466952523205
0.795659911569522
0.795852870615839
0.796045829662155
0.796238788708472
0.796431747754789
0.796624706801106
0.796817665847423
0.79701062489374
0.797203583940057
0.797396542986374
0.79758950203269
0.797782461079007
0.797975420125324
0.798168379171641
0.798361338217958
0.798554297264275
0.798747256310592
0.798940215356909
0.799133174403225
0.799326133449542
0.799519092495859
0.799712051542176
0.799905010588493
0.80009796963481
0.800290928681127
0.800483887727444
0.80067684677376
0.800869805820077
0.801062764866394
0.801255723912711
0.801448682959028
0.801641642005345
0.801834601051662
0.802027560097979
0.802220519144295
0.802413478190612
0.802606437236929
0.802799396283246
0.802992355329563
0.80318531437588
0.803378273422197
0.803571232468514
0.80376419151483
0.803957150561147
0.804150109607464
0.804343068653781
0.804536027700098
0.804728986746415
0.804921945792732
0.805114904839049
0.805307863885365
0.805500822931682
0.805693781977999
0.805886741024316
0.806079700070633
0.80627265911695
0.806465618163267
0.806658577209584
0.806851536255901
0.807044495302217
0.807237454348534
0.807430413394851
0.807623372441168
0.807816331487485
0.808009290533802
0.808202249580119
0.808395208626436
0.808588167672752
0.808781126719069
0.808974085765386
0.809167044811703
0.80936000385802
0.809552962904337
0.809745921950654
0.809938880996971
0.810131840043288
0.810324799089604
0.810517758135921
0.810710717182238
0.810903676228555
0.811096635274872
0.811289594321189
0.811482553367506
0.811675512413822
0.811868471460139
0.812061430506456
0.812254389552773
0.81244734859909
0.812640307645407
0.812833266691724
0.813026225738041
0.813219184784358
0.813412143830674
0.813605102876991
0.813798061923308
0.813991020969625
0.814183980015942
0.814376939062259
0.814569898108576
0.814762857154893
0.814955816201209
0.815148775247526
0.815341734293843
0.81553469334016
0.815727652386477
0.815920611432794
0.816113570479111
0.816306529525427
0.816499488571744
0.816692447618061
0.816885406664378
0.817078365710695
0.817271324757012
0.817464283803329
0.817657242849646
0.817850201895963
0.818043160942279
0.818236119988596
0.818429079034913
0.81862203808123
0.818814997127547
0.819007956173864
0.819200915220181
0.819393874266498
0.819586833312814
0.819779792359131
0.819972751405448
0.820165710451765
0.820358669498082
0.820551628544399
0.820744587590716
0.820937546637033
0.82113050568335
0.821323464729666
0.821516423775983
0.8217093828223
0.821902341868617
0.822095300914934
0.822288259961251
0.822481219007568
0.822674178053885
0.822867137100201
0.823060096146518
0.823253055192835
0.823446014239152
0.823638973285469
0.823831932331786
0.824024891378103
0.82421785042442
0.824410809470736
0.824603768517053
0.82479672756337
0.824989686609687
0.825182645656004
0.825375604702321
0.825568563748638
0.825761522794955
0.825954481841271
0.826147440887588
0.826340399933905
0.826533358980222
0.826726318026539
0.826919277072856
0.827112236119173
0.82730519516549
0.827498154211807
0.827691113258123
0.82788407230444
0.828077031350757
0.828269990397074
0.828462949443391
0.828655908489708
0.828848867536025
0.829041826582341
0.829234785628658
0.829427744674975
0.829620703721292
0.829813662767609
0.830006621813926
0.830199580860243
0.83039253990656
0.830585498952876
0.830778457999193
0.83097141704551
0.831164376091827
0.831357335138144
0.831550294184461
0.831743253230778
0.831936212277095
0.832129171323412
0.832322130369728
0.832515089416045
0.832708048462362
0.832901007508679
0.833093966554996
0.833286925601313
0.83347988464763
0.833672843693947
0.833865802740263
0.83405876178658
0.834251720832897
0.834444679879214
0.834637638925531
0.834830597971848
0.835023557018165
0.835216516064482
0.835409475110799
0.835602434157115
0.835795393203432
0.835988352249749
0.836181311296066
0.836374270342383
0.8365672293887
0.836760188435017
0.836953147481333
0.83714610652765
0.837339065573967
0.837532024620284
0.837724983666601
0.837917942712918
0.838110901759235
0.838303860805552
0.838496819851869
0.838689778898185
0.838882737944502
0.839075696990819
0.839268656037136
0.839461615083453
0.83965457412977
0.839847533176087
0.840040492222404
0.84023345126872
0.840426410315037
0.840619369361354
0.840812328407671
0.841005287453988
0.841198246500305
0.841391205546622
0.841584164592938
0.841777123639255
0.841970082685572
0.842163041731889
0.842356000778206
0.842548959824523
0.84274191887084
0.842934877917157
0.843127836963474
0.84332079600979
0.843513755056107
0.843706714102424
0.843899673148741
0.844092632195058
0.844285591241375
0.844478550287692
0.844671509334009
0.844864468380325
0.845057427426642
0.845250386472959
0.845443345519276
0.845636304565593
0.84582926361191
0.846022222658227
0.846215181704544
0.846408140750861
0.846601099797177
0.846794058843494
0.846987017889811
0.847179976936128
0.847372935982445
0.847565895028762
0.847758854075079
0.847951813121396
0.848144772167712
0.848337731214029
0.848530690260346
0.848723649306663
0.84891660835298
0.849109567399297
0.849302526445614
0.849495485491931
0.849688444538247
0.849881403584564
0.850074362630881
0.850267321677198
0.850460280723515
0.850653239769832
0.850846198816149
0.851039157862466
0.851232116908782
0.851425075955099
0.851618035001416
0.851810994047733
0.85200395309405
0.852196912140367
0.852389871186684
0.852582830233001
0.852775789279318
0.852968748325634
0.853161707371951
0.853354666418268
0.853547625464585
0.853740584510902
0.853933543557219
0.854126502603536
0.854319461649853
0.854512420696169
0.854705379742486
0.854898338788803
0.85509129783512
0.855284256881437
0.855477215927754
0.855670174974071
0.855863134020387
0.856056093066704
0.856249052113021
0.856442011159338
0.856634970205655
0.856827929251972
0.857020888298289
0.857213847344606
0.857406806390923
0.857599765437239
0.857792724483556
0.857985683529873
0.85817864257619
0.858371601622507
0.858564560668824
0.858757519715141
0.858950478761458
0.859143437807774
0.859336396854091
0.859529355900408
0.859722314946725
0.859915273993042
0.860108233039359
0.860301192085676
0.860494151131993
0.86068711017831
0.860880069224626
0.861073028270943
0.86126598731726
0.861458946363577
0.861651905409894
0.861844864456211
0.862037823502528
0.862230782548844
0.862423741595161
0.862616700641478
0.862809659687795
0.863002618734112
0.863195577780429
0.863388536826746
0.863581495873063
0.86377445491938
0.863967413965696
0.864160373012013
0.86435333205833
0.864546291104647
0.864739250150964
0.864932209197281
0.865125168243598
0.865318127289915
0.865511086336231
0.865704045382548
0.865897004428865
0.866089963475182
0.866282922521499
0.866475881567816
0.866668840614133
0.86686179966045
0.867054758706767
0.867247717753083
0.8674406767994
0.867633635845717
0.867826594892034
0.868019553938351
0.868212512984668
0.868405472030985
0.868598431077302
0.868791390123618
0.868984349169935
0.869177308216252
0.869370267262569
0.869563226308886
0.869756185355203
0.86994914440152
0.870142103447836
0.870335062494153
0.87052802154047
0.870720980586787
0.870913939633104
0.871106898679421
0.871299857725738
0.871492816772055
0.871685775818372
0.871878734864688
0.872071693911005
0.872264652957322
0.872457612003639
0.872650571049956
0.872843530096273
0.87303648914259
0.873229448188907
0.873422407235223
0.87361536628154
0.873808325327857
0.874001284374174
0.874194243420491
0.874387202466808
0.874580161513125
0.874773120559442
0.874966079605758
0.875159038652075
0.875351997698392
0.875544956744709
0.875737915791026
0.875930874837343
0.87612383388366
0.876316792929977
0.876509751976293
0.87670271102261
0.876895670068927
0.877088629115244
0.877281588161561
0.877474547207878
0.877667506254195
0.877860465300512
0.878053424346829
0.878246383393145
0.878439342439462
0.878632301485779
0.878825260532096
0.879018219578413
0.87921117862473
0.879404137671047
0.879597096717364
0.87979005576368
0.879983014809997
0.880175973856314
0.880368932902631
0.880561891948948
0.880754850995265
0.880947810041582
0.881140769087899
0.881333728134215
0.881526687180532
0.881719646226849
0.881912605273166
0.882105564319483
0.8822985233658
0.882491482412117
0.882684441458434
0.88287740050475
0.883070359551067
0.883263318597384
0.883456277643701
0.883649236690018
0.883842195736335
0.884035154782652
0.884228113828969
0.884421072875285
0.884614031921602
0.884806990967919
0.884999950014236
0.885192909060553
0.88538586810687
0.885578827153187
0.885771786199504
0.88596474524582
0.886157704292137
0.886350663338454
0.886543622384771
0.886736581431088
0.886929540477405
0.887122499523722
0.887315458570039
0.887508417616355
0.887701376662672
0.887894335708989
0.888087294755306
0.888280253801623
0.88847321284794
0.888666171894257
0.888859130940574
0.889052089986891
0.889245049033207
0.889438008079524
0.889630967125841
0.889823926172158
0.890016885218475
0.890209844264792
0.890402803311109
0.890595762357426
0.890788721403742
0.890981680450059
0.891174639496376
0.891367598542693
0.89156055758901
0.891753516635327
0.891946475681644
0.892139434727961
0.892332393774278
0.892525352820594
0.892718311866911
0.892911270913228
0.893104229959545
0.893297189005862
0.893490148052179
0.893683107098496
0.893876066144812
0.894069025191129
0.894261984237446
0.894454943283763
0.89464790233008
0.894840861376397
0.895033820422714
0.895226779469031
0.895419738515348
0.895612697561664
0.895805656607981
0.895998615654298
0.896191574700615
0.896384533746932
0.896577492793249
0.896770451839566
0.896963410885883
0.897156369932199
0.897349328978516
0.897542288024833
0.89773524707115
0.897928206117467
0.898121165163784
0.898314124210101
0.898507083256417
0.898700042302734
0.898893001349051
0.899085960395368
0.899278919441685
0.899471878488002
0.899664837534319
0.899857796580636
0.900050755626953
0.900243714673269
0.900436673719586
0.900629632765903
0.90082259181222
0.901015550858537
0.901208509904854
0.901401468951171
0.901594427997488
0.901787387043804
0.901980346090121
0.902173305136438
0.902366264182755
0.902559223229072
0.902752182275389
0.902945141321706
0.903138100368023
0.90333105941434
0.903524018460656
0.903716977506973
0.90390993655329
0.904102895599607
0.904295854645924
0.904488813692241
0.904681772738558
0.904874731784875
0.905067690831191
0.905260649877508
0.905453608923825
0.905646567970142
0.905839527016459
0.906032486062776
0.906225445109093
0.90641840415541
0.906611363201726
0.906804322248043
0.90699728129436
0.907190240340677
0.907383199386994
0.907576158433311
0.907769117479628
0.907962076525945
0.908155035572261
0.908347994618578
0.908540953664895
0.908733912711212
0.908926871757529
0.909119830803846
0.909312789850163
0.90950574889648
0.909698707942797
0.909891666989113
0.91008462603543
0.910277585081747
0.910470544128064
0.910663503174381
0.910856462220698
0.911049421267015
0.911242380313331
0.911435339359648
0.911628298405965
0.911821257452282
0.912014216498599
0.912207175544916
0.912400134591233
0.91259309363755
0.912786052683866
0.912979011730183
0.9131719707765
0.913364929822817
0.913557888869134
0.913750847915451
0.913943806961768
0.914136766008085
0.914329725054402
0.914522684100718
0.914715643147035
0.914908602193352
0.915101561239669
0.915294520285986
0.915487479332303
0.91568043837862
0.915873397424937
0.916066356471253
0.91625931551757
0.916452274563887
0.916645233610204
0.916838192656521
0.917031151702838
0.917224110749155
0.917417069795472
0.917610028841789
0.917802987888105
0.917995946934422
0.918188905980739
0.918381865027056
0.918574824073373
0.91876778311969
0.918960742166007
0.919153701212323
0.91934666025864
0.919539619304957
0.919732578351274
0.919925537397591
0.920118496443908
0.920311455490225
0.920504414536542
0.920697373582859
0.920890332629175
0.921083291675492
0.921276250721809
0.921469209768126
0.921662168814443
0.92185512786076
0.922048086907077
0.922241045953394
0.92243400499971
0.922626964046027
0.922819923092344
0.923012882138661
0.923205841184978
0.923398800231295
0.923591759277612
0.923784718323928
0.923977677370245
0.924170636416562
0.924363595462879
0.924556554509196
0.924749513555513
0.92494247260183
0.925135431648147
0.925328390694464
0.92552134974078
0.925714308787097
0.925907267833414
0.926100226879731
0.926293185926048
0.926486144972365
0.926679104018682
0.926872063064999
0.927065022111315
0.927257981157632
0.927450940203949
0.927643899250266
0.927836858296583
0.9280298173429
0.928222776389217
0.928415735435534
0.928608694481851
0.928801653528167
0.928994612574484
0.929187571620801
0.929380530667118
0.929573489713435
0.929766448759752
0.929959407806069
0.930152366852386
0.930345325898702
0.930538284945019
0.930731243991336
0.930924203037653
0.93111716208397
0.931310121130287
0.931503080176604
0.931696039222921
0.931888998269237
0.932081957315554
0.932274916361871
0.932467875408188
0.932660834454505
0.932853793500822
0.933046752547139
0.933239711593456
0.933432670639772
0.933625629686089
0.933818588732406
0.934011547778723
0.93420450682504
0.934397465871357
0.934590424917674
0.934783383963991
0.934976343010308
0.935169302056624
0.935362261102941
0.935555220149258
0.935748179195575
0.935941138241892
0.936134097288209
0.936327056334526
0.936520015380843
0.936712974427159
0.936905933473476
0.937098892519793
0.93729185156611
0.937484810612427
0.937677769658744
0.937870728705061
0.938063687751377
0.938256646797694
0.938449605844011
0.938642564890328
0.938835523936645
0.939028482982962
0.939221442029279
0.939414401075596
0.939607360121913
0.939800319168229
0.939993278214546
0.940186237260863
0.94037919630718
0.940572155353497
0.940765114399814
0.940958073446131
0.941151032492448
0.941343991538764
0.941536950585081
0.941729909631398
0.941922868677715
0.942115827724032
0.942308786770349
0.942501745816666
0.942694704862983
0.942887663909299
0.943080622955616
0.943273582001933
0.94346654104825
0.943659500094567
0.943852459140884
0.944045418187201
0.944238377233518
0.944431336279834
0.944624295326151
0.944817254372468
0.945010213418785
0.945203172465102
0.945396131511419
0.945589090557736
0.945782049604053
0.94597500865037
0.946167967696686
0.946360926743003
0.94655388578932
0.946746844835637
0.946939803881954
0.947132762928271
0.947325721974588
0.947518681020905
0.947711640067221
0.947904599113538
0.948097558159855
0.948290517206172
0.948483476252489
0.948676435298806
0.948869394345123
0.94906235339144
0.949255312437757
0.949448271484073
0.94964123053039
0.949834189576707
0.950027148623024
0.950220107669341
0.950413066715658
0.950606025761975
0.950798984808291
0.950991943854608
0.951184902900925
0.951377861947242
0.951570820993559
0.951763780039876
0.951956739086193
0.95214969813251
0.952342657178826
0.952535616225143
0.95272857527146
0.952921534317777
0.953114493364094
0.953307452410411
0.953500411456728
0.953693370503045
0.953886329549362
0.954079288595678
0.954272247641995
0.954465206688312
0.954658165734629
0.954851124780946
0.955044083827263
0.95523704287358
0.955430001919896
0.955622960966213
0.95581592001253
0.956008879058847
0.956201838105164
0.956394797151481
0.956587756197798
0.956780715244115
0.956973674290432
0.957166633336748
0.957359592383065
0.957552551429382
0.957745510475699
0.957938469522016
0.958131428568333
0.95832438761465
0.958517346660967
0.958710305707283
0.9589032647536
0.959096223799917
0.959289182846234
0.959482141892551
0.959675100938868
0.959868059985185
0.960061019031502
0.960253978077819
0.960446937124135
0.960639896170452
0.960832855216769
0.961025814263086
0.961218773309403
0.96141173235572
0.961604691402037
0.961797650448354
0.96199060949467
0.962183568540987
0.962376527587304
0.962569486633621
0.962762445679938
0.962955404726255
0.963148363772572
0.963341322818889
0.963534281865205
0.963727240911522
0.963920199957839
0.964113159004156
0.964306118050473
0.96449907709679
0.964692036143107
0.964884995189424
0.96507795423574
0.965270913282057
0.965463872328374
0.965656831374691
0.965849790421008
0.966042749467325
0.966235708513642
0.966428667559959
0.966621626606275
0.966814585652592
0.967007544698909
0.967200503745226
0.967393462791543
0.96758642183786
0.967779380884177
0.967972339930494
0.96816529897681
0.968358258023127
0.968551217069444
0.968744176115761
0.968937135162078
0.969130094208395
0.969323053254712
0.969516012301029
0.969708971347345
0.969901930393662
0.970094889439979
0.970287848486296
0.970480807532613
0.97067376657893
0.970866725625247
0.971059684671564
0.971252643717881
0.971445602764197
0.971638561810514
0.971831520856831
0.972024479903148
0.972217438949465
0.972410397995782
0.972603357042099
0.972796316088416
0.972989275134732
0.973182234181049
0.973375193227366
0.973568152273683
0.97376111132
0.973954070366317
0.974147029412634
0.974339988458951
0.974532947505268
0.974725906551584
0.974918865597901
0.975111824644218
0.975304783690535
0.975497742736852
0.975690701783169
0.975883660829486
0.976076619875802
0.976269578922119
0.976462537968436
0.976655497014753
0.97684845606107
0.977041415107387
0.977234374153704
0.977427333200021
0.977620292246338
0.977813251292654
0.978006210338971
0.978199169385288
0.978392128431605
0.978585087477922
0.978778046524239
0.978971005570556
0.979163964616873
0.979356923663189
0.979549882709506
0.979742841755823
0.97993580080214
0.980128759848457
0.980321718894774
0.980514677941091
0.980707636987407
0.980900596033724
0.981093555080041
0.981286514126358
0.981479473172675
0.981672432218992
0.981865391265309
0.982058350311626
0.982251309357943
0.982444268404259
0.982637227450576
0.982830186496893
0.98302314554321
0.983216104589527
0.983409063635844
0.983602022682161
0.983794981728478
0.983987940774794
0.984180899821111
0.984373858867428
0.984566817913745
0.984759776960062
0.984952736006379
0.985145695052696
0.985338654099013
0.98553161314533
0.985724572191646
0.985917531237963
0.98611049028428
0.986303449330597
0.986496408376914
0.986689367423231
0.986882326469548
0.987075285515865
0.987268244562181
0.987461203608498
0.987654162654815
0.987847121701132
0.988040080747449
0.988233039793766
0.988425998840083
0.9886189578864
0.988811916932716
0.989004875979033
0.98919783502535
0.989390794071667
0.989583753117984
0.989776712164301
0.989969671210618
0.990162630256935
0.990355589303251
0.990548548349568
0.990741507395885
0.990934466442202
0.991127425488519
0.991320384534836
0.991513343581153
0.99170630262747
0.991899261673787
0.992092220720103
0.99228517976642
0.992478138812737
0.992671097859054
0.992864056905371
0.993057015951688
0.993249974998005
0.993442934044321
0.993635893090638
0.993828852136955
0.994021811183272
0.994214770229589
0.994407729275906
0.994600688322223
0.99479364736854
0.994986606414856
0.995179565461173
0.99537252450749
0.995565483553807
0.995758442600124
0.995951401646441
0.996144360692758
0.996337319739075
0.996530278785392
0.996723237831708
0.996916196878025
0.997109155924342
0.997302114970659
0.997495074016976
0.997688033063293
0.99788099210961
0.998073951155927
0.998266910202243
0.99845986924856
0.998652828294877
0.998845787341194
0.999038746387511
0.999231705433828
0.999424664480145
0.999617623526462
0.999810582572779
1.0000035416191
