0.00688456882333469
-0.0549409597814104
-0.117630918042249
-0.174095661521917
-0.206024184507361
-0.219357451332544
-0.280408331255243
-0.340941320129746
-0.394976921283659
-0.439176664697506
-0.486799091115273
-0.45771722350144
-0.474317263499827
-0.492240259193887
-0.444451112618337
-0.441677769004261
-0.419939350239394
-0.457201973824932
-0.431792210282437
-0.398147829862668
-0.422809522622809
-0.386446972261526
-0.422863311910789
-0.379186615469107
-0.392532238609655
-0.28486493109113
-0.284649615458323
-0.317210354506131
-0.328233299446829
-0.345446960980545
-0.215057958448906
-0.252593460495428
-0.166360743313466
-0.0432993192854512
0.0118587530095287
0.0104094898135765
0.0926313727538592
0.0684545939270307
0.114813581914666
0.0734400227781506
0.123718711382854
0.144091969903081
0.181470667963707
0.254741317036336
0.261737800220086
0.446183898946168
0.454115623961143
0.442008826356944
0.389875279705903
0.369935730104562
0.407892731897031
0.349233113263589
0.448300398929966
0.403748849478966
0.423044193402953
0.530084720229373
0.481045322834408
0.463250261461045
0.437335287294251
0.381722256354569
0.326437817463566
0.554334419015632
0.609125432183275
0.569673580742413
0.656197264284311
0.64744485424905
0.617960505854735
0.615856695027766
0.557192507147804
0.534825368273919
0.486976778542665
0.479492294920659
0.469832252094987
0.482814755510106
0.423932666865231
0.446178317297279
0.387931312859175
0.334001181576163
0.277611401687899
0.258552649470802
0.324476385963008
0.322719790010484
0.309552988203079
0.255118899614632
0.283763306935949
0.464028509012735
0.402260032197901
0.362593590675128
0.314281266766982
0.333275682500728
0.305613290727059
0.330029181038558
0.347978387465242
0.355527585694885
0.326120173764176
0.274165461861593
0.374036020363102
0.364986391315765
0.323967299056814
0.318666728283721
0.325109224826567
0.369838776010222
0.320556702914869
0.285103186151186
0.27370051866676
0.226419625096029
0.187801707342143
0.166774894989103
0.224703788981063
0.225582943269217
0.175121235277201
0.121949106458891
0.197051472967129
0.140042147326296
0.124996340058606
0.11290550973786
0.106667443805268
0.0772171704724371
0.062805125045764
0.0505791009784229
0.0905165525959042
0.0827940807447414
0.0300020993285557
0.0453528487611203
0.0192949533981155
0.0441378257332143
-0.0119525406046979
0.00612123722277325
-0.0085288226713871
-0.0613938963146872
-0.101534211535672
-0.131979232606797
-0.19469665653725
-0.235314501511967
-0.273944528909531
-0.269967490688897
-0.223282231790344
-0.174409889193821
-0.173577719515801
-0.224471528134339
-0.225832178736802
-0.202057088038387
-0.244157619623191
-0.277069010248448
-0.312470906453337
-0.371042713643252
-0.38488569277605
-0.41456344213554
-0.458154249298369
-0.439737852395904
-0.471826563589524
-0.420132515464916
-0.476342282243898
-0.495637345487744
-0.54703792790456
-0.573100358603467
-0.588478713542408
-0.59038256692188
-0.620328283983543
-0.5984391022641
-0.607650220451628
-0.420226231549968
-0.472810626495026
-0.518907030418363
-0.356854460518385
-0.340130097159951
-0.358551225450013
-0.375984216628366
-0.416919948371138
-0.408786674800565
-0.441189759817499
-0.477337368815251
-0.42563363139981
-0.473405056780845
-0.37843855358074
-0.322490203742994
-0.366033115698992
-0.358469961924554
-0.347968890600974
-0.403412312978253
-0.405048423343469
-0.399209874659174
-0.343675445192872
-0.369985233533303
-0.408450648493044
-0.431477039988392
-0.376776836592084
-0.372113978182037
-0.412276878814991
-0.339592056132142
-0.302316705017676
-0.321589026556946
-0.351519482904804
-0.284483160213792
-0.230418221122893
-0.254374787623147
-0.290985899033014
-0.315579366436863
-0.201734011070252
-0.0460747014399114
-0.0565144213077158
0.0849749659402672
0.0477825532660869
0.126424638752432
0.125729878487672
0.101222496507397
0.231799026498258
0.206085212113331
0.220099700644202
0.194094554085373
0.134824349814302
0.135972145332662
0.131303546784784
0.141830896891593
0.0918640294831068
0.0691999701484978
0.0461764943108651
0.148075381719107
0.116357487203215
0.0581709845481218
-0.00344762972295065
-0.0263869783523063
-0.0867835265846519
-0.11785477800246
-0.164705485691778
-0.0145506416532566
0.0887782976536435
0.133328946326374
0.23290270179832
0.298414625927261
0.334268962689151
0.324299826385964
0.300664995125084
0.269708087995673
0.286974241271965
0.249050321543695
0.383343740959159
0.371642122371945
0.321790492805945
0.261956299931597
0.207374849585459
0.184258671450205
0.125484261126179
0.168769643070958
0.106388042980447
0.106877933708981
0.149368951232535
0.100662621859222
0.045840372867147
0.00383680137896114
-0.055303127058016
-0.0647325323963219
-0.0439814386086734
-0.101350040257483
