0.0009765625
0.00466696530005153
0.00829682657719757
0.0118674438592208
0.0153800823491791
0.0188359758304416
0.0222363275438713
0.0255823110380922
0.028875070993714
0.0321157240224044
0.0353053594416198
0.0384450400258063
0.0415358027348552
0.0445786594205421
0.0475745975116808
0.0505245806786951
0.0534295494782632
0.056290421978692
0.0591080943666533
0.0618834415358661
0.0646173176583307
0.0673105567386578
0.0699639731520421
0.0725783621664139
0.0751545004492578
0.0776931465595961
0.0801950414256163
0.082660908808379
0.0850914557520687
0.0874873730211954
0.0898493355251642
0.0921780027306162
0.0944740190619124
0.0967380142901365
0.0989706039109809
0.101172389511851
0.103343959128526
0.105485887591711
0.107598736863765
0.109683056365949
0.111739383296439
0.113768242939421
0.115770148965534
0.117745603723909
0.119695098526082
0.12161911392201
0.123518119968443
0.125392576489868
0.127242933332271
0.129069630609901
0.130873098945284
0.132653759702655
0.134412025215023
0.13614829900506
0.137862975999987
0.139556442740636
0.141229077584875
0.142881250905545
0.144513325283074
0.146125655692935
0.147718589688088
0.149292467576552
0.15084762259426
0.152384381073321
0.153903062605833
0.155403980203368
0.156887440452257
0.158353743664798
0.159803184026499
0.161236049739477
0.162652623162115
0.16405318094509
0.16543799416387
0.166807328447784
0.168161444105762
0.169500596248842
0.170825034909519
0.172135005158051
0.173430747215786
0.174712496565601
0.175980484059539
0.177234936023707
0.178476074360532
0.179704116648429
0.18091927623896
0.182121762351563
0.183311780165899
0.184489530911895
0.185655211957548
0.186809016894538
0.187951135621729
0.189081754426591
0.190201056064632
0.191309219836851
0.192406421665317
0.193492834166872
0.194568626725051
0.195633965560241
0.196689013798139
0.197733931536544
0.198768875910542
0.199794001156111
0.200809458672198
0.201815397081307
0.202811962288631
0.203799297539779
0.204777543477116
0.205746838194777
0.206707317292366
0.207659113927385
0.208602358866433
0.209537180535195
0.21046370506725
0.211382056351751
0.212292356079977
0.213194723790803
0.21408927691512
0.21497613081921
0.215855398847132
0.216727192362119
0.217591620787025
0.218448791643842
0.219298810592313
0.220141781467659
0.220977806317447
0.221806985437619
0.2226294174077
0.223445199125216
0.224254425839324
0.225057191183693
0.225853587208639
0.226643704412544
0.227427631772569
0.228205456774683
0.228977265443018
0.229743142368581
0.230503170737321
0.23125743235758
0.232006007686937
0.232748975858456
0.233486414706373
0.234218400791199
0.234945009424292
0.235666314691883
0.236382389478585
0.237093305490388
0.237799133277159
0.238499942254653
0.239195800726054
0.239886775903047
0.240572933926445
0.241254339886366
0.241931057841992
0.242603150840889
0.243270680937937
0.243933709213842
0.244592295793263
0.245246499862562
0.245896379687168
0.246541992628587
0.24718339516105
0.247820642887816
0.248453790557132
0.249082892077862
0.249708000534793
0.250329168203623
0.250946446565637
0.251559886322084
0.252169537408256
0.252775449007277
0.253377669563615
0.253976246796309
0.254571227711935
0.255162658617305
0.255750585131902
0.256335052200079
0.256916104102992
0.257493784470308
0.258068136291668
0.258639201927929
0.259207023122168
0.259771641010481
0.260333096132553
0.260891428442031
0.261446677316679
0.261998881568339
0.262548079452695
0.263094308678841
0.263637606418666
0.264178009316048
0.264715553495875
0.265250274572886
0.265782207660338
0.266311387378511
0.266837847863037
0.267361622773084
0.267882745299361
0.268401248171991
0.268917163668212
0.269430523619945
0.26994135942121
0.270449702035404
0.270955582002433
0.271459029445721
0.27196007407907
0.272458745213405
0.272955071763382
0.273449082253874
0.273940804826336
0.274430267245048
0.274917496903244
0.275402520829126
0.275885365691761
0.276366057806875
0.276844623142535
0.277321087324724
0.277795475642822
0.278267813054972
0.278738124193362
0.279206433369393
0.279672764578771
0.28013714150649
0.280599587531733
0.281060125732678
0.281518778891223
0.281975569497619
0.282430519755022
0.282883651583963
0.283334986626735
0.283784546251705
0.284232351557544
0.284678423377382
0.285122782282894
0.285565448588305
0.286006442354329
0.286445783392035
0.28688349126665
0.287319585301282
0.287754084580595
0.288187007954403
0.288618374041208
0.289048201231678
0.289476507692061
0.289903311367534
0.290328629985507
0.290752481058853
0.291174881889096
0.291595849569536
0.292015400988319
0.29243355283146
0.292850321585806
0.293265723541958
0.29367977479713
0.29409249125797
0.294503888643328
0.294913982486977
0.295322788140284
0.295730320774846
0.296136595385068
0.296541626790707
0.296945429639368
0.297348018408961
0.297749407410112
0.298149610788539
0.298548642527384
0.298946516449507
0.299343246219742
0.299738845347114
0.300133327187024
0.300526704943388
0.30091899167075
0.301310200276353
0.301700343522184
0.302089434026974
0.302477484268174
0.302864506583894
0.303250513174813
0.303635516106055
0.304019527309037
0.304402558583282
0.30478462159821
0.30516572789489
0.305545888887774
0.305925115866395
0.306303419997041
0.306680812324401
0.307057303773184
0.307432905149714
0.307807627143495
0.308181480328757
0.308554475165973
0.308926622003349
0.309297931078298
0.309668412518885
0.31003807634525
0.310406932471007
0.310774990704626
0.311142260750784
0.311508752211706
0.311874474588474
0.312239437282325
0.312603649595918
0.312967120734592
0.313329859807596
0.313691875829304
0.314053177720411
0.314413774309105
0.314773674332231
0.315132886436425
0.315491419179242
0.315849281030253
0.31620648037214
0.316563025501764
0.316918924631216
0.317274185888862
0.317628817320357
0.317982826889657
0.31833622248001
0.318689011894925
0.319041202859142
0.319392803019571
0.319743819946227
0.320094261133146
0.320444133999289
0.320793445889433
0.321142204075045
0.321490415755145
0.321838088057161
0.322185228037758
0.322531842683669
0.322877938912504
0.323223523573553
0.323568603448569
0.323913185252548
0.324257275634492
0.324600881178165
0.324944008402829
0.32528666376398
0.325628853654067
0.325970584403198
0.326311862279844
0.326652693491523
0.32699308418548
0.327333040449355
0.327672568311842
0.328011673743337
0.328350362656577
0.328688640907271
0.329026514294717
0.329363988562418
0.329701069398684
0.33003776243722
0.330374073257719
0.330710007386433
0.331045570296743
0.331380767409719
0.331715604094673
0.3320500856697
0.332384217402215
0.332718004509484
0.333051452159139
0.333384565469697
0.333717349511063
0.334049809305026
0.334381949825757
0.334713776000285
0.335045292708982
0.335376504786028
0.335707417019879
0.33603803415372
0.33636836088592
0.336698401870473
0.337028161717439
0.337357644993373
0.337686856221753
0.338015799883398
0.338344480416884
0.338672902218949
0.3390010696449
0.339328987009002
0.339656658584879
0.339984088605891
0.340311281265518
0.340638240717735
0.340964971077381
0.341291476420525
0.341617760784822
0.341943828169871
0.342269682537563
0.342595327812427
0.342920767881968
0.343246006597004
0.343571047771997
0.343895895185376
0.344220552579863
0.344545023662788
0.344869312106401
0.345193421548183
0.34551735559115
0.345841117804152
0.346164711722168
0.346488140846603
0.346811408645572
0.347134518554185
0.347457473974832
0.34778027827745
0.348102934799808
0.348425446847766
0.348747817695547
0.349070050585999
0.349392148730848
0.349714115310961
0.350035953476593
0.350357666347635
0.350679257013864
0.351000728535178
0.351322083941843
0.351643326234721
0.351964458385507
0.352285483336957
0.352606404003114
0.352927223269535
0.353247943993504
0.35356856900426
0.353889101103203
0.354209543064111
0.354529897633347
0.354850167530068
0.355170355446427
0.355490464047774
0.355810495972858
0.35613045383402
0.356450340217388
0.356770157683069
0.357089908765338
0.35740959597282
0.357729221788683
0.358048788670811
0.358368299051989
0.358687755340078
0.359007159918191
0.359326515144866
0.359645823354235
0.359965086856197
0.360284307936579
0.360603488857303
0.360922631856553
0.361241739148926
0.361560812925599
0.361879855354483
0.362198868580375
0.362517854725116
0.362836815887739
0.363155754144616
0.363474671549611
0.363793570134223
0.364112451907729
0.364431318857326
0.364750172948276
0.36506901612404
0.365387850306417
0.365706677395682
0.366025499270716
0.366344317789144
0.366663134787461
0.366981952081165
0.367300771464883
0.3676195947125
0.367938423577283
0.368257259792005
0.368576105069069
0.368894961100625
0.369213829558696
0.36953271209529
0.369851610342525
0.370170525912737
0.370489460398599
0.370808415373235
0.37112739239033
0.371446392984241
0.371765418670113
0.372084470943976
0.372403551282865
0.372722661144919
0.373041801969489
0.373360975177241
0.37368018217026
0.373999424332155
0.374318703028155
0.374638019605211
0.374957375392101
0.375276771699517
0.375596209820174
0.375915691028898
0.376235216582725
0.376554787720996
0.376874405665448
0.37719407162031
0.377513786772393
0.377833552291179
0.378153369328918
0.378473239020708
0.378793162484593
0.379113140821643
0.379433175116046
0.379753266435192
0.38007341582976
0.380393624333801
0.380713892964823
0.381034222723877
0.381354614595632
0.381675069548467
0.381995588534545
0.382316172489896
0.382636822334497
0.382957538972353
0.383278323291571
0.383599176164445
0.383920098447527
0.384241090981709
0.384562154592296
0.384883290089082
0.385204498266429
0.385525779903337
0.385847135763521
0.386168566595485
0.386490073132592
0.38681165609314
0.387133316180433
0.387455054082852
0.387776870473929
0.388098766012413
0.388420741342344
0.388742797093123
0.38906493387958
0.389387152302041
0.389709452946401
0.390031836384192
0.390354303172645
0.390676853854764
0.390999488959389
0.391322209001266
0.391645014481109
0.391967905885671
0.392290883687804
0.39261394834653
0.392937100307101
0.393260340001066
0.393583667846337
0.393907084247248
0.394230589594624
0.394554184265841
0.39487786862489
0.39520164302244
0.395525507795902
0.395849463269487
0.396173509754273
0.396497647548263
0.396821876936449
0.397146198190872
0.397470611570684
0.397795117322206
0.398119715678993
0.398444406861891
0.398769191079098
0.399094068526225
0.399419039386354
0.399744103830099
0.400069262015665
0.400394514088905
0.400719860183385
0.401045300420435
0.401370834909213
0.401696463746762
0.402022187018069
0.402348004796121
0.402673917141966
0.402999924104767
0.403326025721866
0.403652222018835
0.403978513009538
0.404304898696184
0.40463137906939
0.404957954108234
0.405284623780313
0.405611388041799
0.405938246837498
0.406265200100906
0.406592247754264
0.406919389708615
0.407246625863864
0.407573956108827
0.407901380321295
0.408228898368086
0.408556510105102
0.408884215377382
0.409212014019166
0.409539905853942
0.409867890694507
0.41019596834302
0.410524138591061
0.410852401219683
0.41118075599947
0.411509202690591
0.411837741042858
0.412166370795778
0.412495091678611
0.412823903410424
0.413152805700148
0.413481798246631
0.413810880738696
0.414140052855192
0.414469314265055
0.414798664627358
0.415128103591368
0.415457630796605
0.415787245872888
0.416116948440401
0.416446738109739
0.416776614481968
0.41710657714868
0.417436625692046
0.417766759684872
0.418096978690653
0.418427282263632
0.418757669948848
0.4190881412822
0.419418695790492
0.419749332991498
0.420080052394009
0.420410853497891
0.420741735794144
0.421072698764949
0.421403741883729
0.421734864615203
0.42206606641544
0.422397346731914
0.42272870500356
0.423060140660829
0.423391653125743
0.423723241811947
0.424054906124771
0.424386645461278
0.424718459210324
0.42505034675261
0.42538230746074
0.425714340699274
0.426046445824783
0.426378622185907
0.426710869123407
0.42704318597022
0.42737557205152
0.427708026684766
0.42804054917976
0.428373138838705
0.428705794956256
0.429038516819578
0.429371303708401
0.429704154895076
0.430037069644626
0.430370047214808
0.430703086856166
0.431036187812081
0.431369349318837
0.431702570605667
0.432035850894812
0.432369189401578
0.432702585334391
0.433036037894848
0.43336954627778
0.433703109671302
0.434036727256871
0.434370398209339
0.434704121697012
0.435037896881704
0.435371722918794
0.435705598957276
0.436039524139824
0.43637349760284
0.436707518476512
0.43704158588487
0.437375698945842
0.437709856771309
0.438044058467161
0.438378303133353
0.43871258986396
0.439046917747231
0.439381285865649
0.439715693295983
0.440050139109346
0.440384622371249
0.440719142141656
0.441053697475044
0.441388287420452
0.441722911021544
0.442057567316658
0.442392255338866
0.442726974116029
0.443061722670849
0.443396500020932
0.443731305178834
0.444066137152126
0.444400994943443
0.444735877550542
0.445070783966359
0.44540571317906
0.445740664172103
0.446075635924287
0.446410627409811
0.44674563759833
0.447080665455008
0.447415709940575
0.447750770011382
0.448085844619457
0.448420932712558
0.44875603323423
0.449091145123861
0.449426267316737
0.449761398744094
0.450096538333177
0.450431685007293
0.450766837685868
0.4511019952845
0.451437156715012
0.451772320885513
0.452107486700447
0.452442653060652
0.452777818863412
0.453112983002511
0.453448144368291
0.453783301847704
0.454118454324369
0.454453600678622
0.454788739787575
0.455123870525169
0.455458991762225
0.455794102366504
0.456129201202757
0.45646428713278
0.456799359015468
0.457134415706872
0.457469456060246
0.457804478926107
0.458139483152286
0.458474467583984
0.45880943106382
0.459144372431892
0.459479290525824
0.459814184180823
0.460149052229731
0.460483893503079
0.460818706829137
0.461153491033971
0.461488244941494
0.461822967373517
0.462157657149806
0.46249231308813
0.462826934004316
0.4631615187123
0.463496066024181
0.463830574750272
0.464165043699152
0.464499471677717
0.464833857491234
0.46516819994339
0.465502497836347
0.465836749970791
0.466170955145982
0.466505112159809
0.466839219808838
0.467173276888366
0.467507282192467
0.467841234514047
0.468175132644895
0.468508975375728
0.468842761496247
0.469176489795187
0.469510159060361
0.469843768078717
0.470177315636385
0.470510800518725
0.470844221510379
0.471177577395319
0.471510866956896
0.471844088977891
0.472177242240561
0.47251032552669
0.472843337617636
0.473176277294382
0.473509143337582
0.473841934527607
0.474174649644598
0.474507287468513
0.47483984677917
0.475172326356298
0.475504724979587
0.475837041428727
0.476169274483465
0.476501422923644
0.476833485529253
0.477165461080473
0.477497348357723
0.477829146141708
0.47816085321346
0.47849246835439
0.47882399034633
0.479155417971578
0.479486750012946
0.479817985253802
0.480149122478116
0.480480160470505
0.480811098016279
0.481141933901481
0.481472666912935
0.481803295838288
0.482133819466055
0.482464236585662
0.482794545987487
0.483124746462908
0.483454836804341
0.483784815805285
0.484114682260366
0.484444434965376
0.484774072717316
0.485103594314442
0.485432998556299
0.485762284243771
0.486091450179114
0.486420495166005
0.486749418009576
0.487078217516458
0.487406892494824
0.487735441754422
0.488063864106622
0.488392158364453
0.488720323342641
0.489048357857651
0.489376260727725
0.489704030772921
0.490031666815151
0.49035916767822
0.490686532187865
0.491013759171792
0.491340847459715
0.49166779588339
0.491994603276658
0.492321268475476
0.492647790317959
0.492974167644415
0.493300399297378
0.49362648412165
0.493952420964332
0.494278208674863
0.494603846105053
0.494929332109121
0.495254665543726
0.495579845268005
0.495904870143609
0.496229739034731
0.496554450808147
0.496879004333245
0.49720339848206
0.497527632129308
0.497851704152421
0.498175613431573
0.49849935884972
0.498822939292629
0.499146353648911
0.49946960081005
0.499792679670439
0.500115589127409
0.50043832808126
0.500760895435292
0.501083290095836
0.501405510972284
0.501727556977121
0.50204942702595
0.502371120037529
0.502692634933791
0.503013970639884
0.503335126084188
0.503656100198356
0.503976891917332
0.504297500179384
0.504617923926133
0.504938162102575
0.505258213657115
0.505578077541592
0.505897752711301
0.506217238125028
0.506536532745068
0.506855635537259
0.507174545471001
0.507493261519285
0.507811782658717
0.508130107869547
0.508448236135687
0.508766166444741
0.509083897788027
0.509401429160602
0.509718759561285
0.510035887992681
0.510352813461204
0.5106695349771
0.51098605155447
0.511302362211294
0.511618465969449
0.511934361854737
0.5122500488969
0.512565526129649
0.512880792590677
0.513195847321687
0.51351068936841
0.513825317780625
0.514139731612179
0.514453929921008
0.514767911769158
0.515081676222799
0.515395222352254
0.515708549232006
0.516021655940727
0.51633454156129
0.516647205180791
0.516959645890563
0.517271862786199
0.517583854967564
0.517895621538817
0.518207161608423
0.518518474289176
0.518829558698207
0.51914041395701
0.51945103919145
0.519761433531781
0.520071596112665
0.520381526073183
0.520691222556849
0.521000684711631
0.521309911689959
0.521618902648741
0.52192765674938
0.522236173157783
0.522544451044378
0.522852489584127
0.523160287956537
0.523467845345672
0.523775160940171
0.524082233933255
0.524389063522738
0.524695648911046
0.525001989305221
0.525308083916936
0.525613931962505
0.525919532662895
0.526224885243735
0.526529988935327
0.526834842972656
0.527139446595401
0.527443799047945
0.527747899579379
0.528051747443518
0.52835534189891
0.528658682208835
0.528961767641329
0.529264597469176
0.529567170969929
0.52986948742591
0.530171546124221
0.530473346356752
0.530774887420183
0.531076168615999
0.531377189250488
0.531677948634754
0.531978446084721
0.532278680921138
0.532578652469585
0.532878360060482
0.533177803029089
0.533476980715514
0.533775892464719
0.534074537626521
0.534372915555602
0.534671025611506
0.534968867158651
0.535266439566326
0.535563742208699
0.53586077446482
0.536157535718619
0.536454025358919
0.536750242779428
0.537046187378748
0.537341858560378
0.537637255732711
0.537932378309041
0.538227225707563
0.538521797351371
0.538816092668468
0.539110111091758
0.539403852059052
0.539697315013068
0.53999049940143
0.540283404676671
0.54057603029623
0.540868375722457
0.541160440422605
0.541452223868837
0.541743725538223
0.542034944912737
0.542325881479258
0.54261653472957
0.542906904160358
0.543196989273209
0.543486789574608
0.543776304575937
0.544065533793474
0.54435447674839
0.544643132966746
0.54493150197949
0.545219583322458
0.545507376536365
0.545794881166807
0.546082096764253
0.546369022884049
0.546655659086405
0.546942004936398
0.547228060003966
0.547513823863902
0.547799296095853
0.548084476284314
0.548369364018622
0.548653958892953
0.548938260506317
0.549222268462552
0.549505982370317
0.549789401843093
0.55007252649917
0.550355355961644
0.550637889858412
0.550920127822167
0.551202069490388
0.551483714505337
0.551765062514049
0.552046113168331
0.552326866124749
0.552607321044625
0.552887477594029
0.553167335443771
0.553446894269394
0.553726153751166
0.554005113574076
0.554283773427818
0.554562133006793
0.554840192010094
0.5551179501415
0.555395407109468
0.555672562627123
0.555949416412253
0.556225968187294
0.55650221767933
0.556778164620073
0.557053808745866
0.557329149797663
0.557604187521026
0.557878921666114
0.558153351987673
0.558427478245025
0.558701300202062
0.558974817627233
0.559248030293533
0.559520937978495
0.559793540464181
0.560065837537167
0.560337828988538
0.56060951461387
0.560880894213229
0.561151967591152
0.561422734556639
0.561693194923141
0.561963348508553
0.562233195135197
0.562502734629812
0.562771966823546
0.56304089155194
0.563309508654921
0.563577817976784
0.563845819366186
0.564113512676132
0.56438089776396
0.564647974491335
0.564914742724231
0.565181202332921
0.565447353191965
0.565713195180198
0.565978728180715
0.56624395208086
0.566508866772213
0.566773472150577
0.567037768115967
0.567301754572592
0.567565431428848
0.5678287985973
0.568091855994672
0.568354603541832
0.568617041163778
0.568879168789628
0.5691409863526
0.569402493790006
0.569663691043234
0.569924578057733
0.570185154783004
0.57044542117258
0.570705377184019
0.570965022778882
0.571224357922727
0.571483382585088
0.571742096739466
0.572000500363312
0.572258593438012
0.572516375948876
0.57277384788512
0.573031009239851
0.573287860010059
0.573544400196593
0.573800629804155
0.574056548841278
0.574312157320316
0.574567455257429
0.574822442672564
0.575077119589446
0.575331486035557
0.575585542042127
0.575839287644114
0.57609272288019
0.576345847792731
0.576598662427792
0.576851166835101
0.577103361068038
0.577355245183623
0.577606819242499
0.577858083308917
0.578109037450721
0.57835968173933
0.578610016249729
0.578860041060444
0.579109756253535
0.579359161914576
0.579608258132641
0.579857045000287
0.580105522613538
0.580353691071873
0.580601550478206
0.580849100938873
0.581096342563612
0.581343275465555
0.581589899761205
0.581836215570421
0.582082223016408
0.582327922225693
0.582573313328115
0.582818396456806
0.583063171748178
0.583307639341904
0.583551799380901
0.58379565201132
0.584039197382525
0.584282435647077
0.584525366960719
0.584767991482362
0.585010309374065
0.585252320801023
0.585494025931547
0.585735424937051
0.585976517992035
0.586217305274066
0.586457786963767
0.586697963244799
0.586937834303842
0.587177400330583
0.587416661517696
0.587655618060829
0.587894270158588
0.588132618012518
0.588370661827088
0.588608401809677
0.588845838170556
0.589082971122871
0.589319800882628
0.589556327668678
0.589792551702699
0.59002847320918
0.590264092415407
0.590499409551444
0.590734424850119
0.590969138547006
0.591203550880413
0.59143766209136
0.591671472423567
0.591904982123436
0.592138191440039
0.592371100625095
0.59260370993296
0.592836019620608
0.593068029947616
0.593299741176148
0.593531153570939
0.593762267399278
0.593993082930994
0.594223600438437
0.594453820196468
0.594683742482435
0.594913367576163
0.595142695759938
0.595371727318488
0.595600462538969
0.595828901710948
0.596057045126392
0.596284893079644
0.596512445867414
0.596739703788762
0.59696666714508
0.597193336240077
0.597419711379766
0.597645792872445
0.597871581028684
0.598097076161307
0.59832227858538
0.59854718861819
0.598771806579236
0.598996132790208
0.599220167574976
0.599443911259569
0.599667364172168
0.599890526643081
0.600113399004735
0.600335981591659
0.600558274740465
0.600780278789837
0.601001994080516
0.601223420955281
0.601444559758938
0.601665410838302
0.601885974542183
0.602106251221371
0.602326241228621
0.602545944918639
0.602765362648065
0.602984494775459
0.603203341661287
0.603421903667905
0.603640181159546
0.603858174502302
0.604075884064112
0.604293310214747
0.604510453325795
0.604727313770646
0.604943891924477
0.605160188164239
0.605376202868641
0.605591936418138
0.605807389194914
0.606022561582867
0.606237453967598
0.606452066736394
0.606666400278215
0.606880454983679
0.607094231245049
0.607307729456217
0.607520950012692
0.607733893311585
0.607946559751594
0.608158949732991
0.60837106365761
0.608582901928829
0.60879446495156
0.609005753132232
0.609216766878781
0.609427506600631
0.609637972708688
0.609848165615317
0.610058085734337
0.610267733481002
0.61047710927199
0.610686213525388
0.610895046660682
0.611103609098738
0.611311901261793
0.611519923573442
0.611727676458622
0.6119351603436
0.612142375655962
0.612349322824596
0.612556002279682
0.612762414452679
0.61296855977631
0.613174438684551
0.613380051612616
0.613585398996948
0.613790481275203
0.613995298886237
0.614199852270098
0.614404141868007
0.614608168122349
0.614811931476662
0.615015432375621
0.615218671265027
0.615421648591796
0.615624364803946
0.615826820350582
0.616029015681889
0.616230951249116
0.616432627504564
0.616634044901576
0.616835203894523
0.617036104938795
0.617236748490785
0.61743713500788
0.617637264948448
0.617837138771827
0.618036756938314
0.618236119909151
0.618435228146514
0.618634082113506
0.618832682274137
0.619031029093321
0.619229123036859
0.61942696457143
0.619624554164578
0.619821892284706
0.620018979401055
0.620215815983705
0.620412402503553
0.620608739432308
0.620804827242479
0.621000666407364
0.621196257401038
0.621391600698343
0.621586696774879
0.621781546106987
0.621976149171749
0.622170506446966
0.622364618411155
0.622558485543535
0.62275210832402
0.622945487233203
0.62313862275235
0.62333151536339
0.623524165548901
0.623716573792104
0.623908740576849
0.624100666387608
0.624292351709462
0.624483797028096
0.624675002829783
0.624865969601377
0.625056697830303
0.625247188004548
0.625437440612651
0.62562745614369
0.625817235087277
0.626006777933547
0.626196085173146
0.626385157297224
0.626573994797426
0.62676259816588
0.626950967895191
0.627139104478427
0.627327008409115
0.62751468018123
0.627702120289182
0.627889329227813
0.628076307492386
0.62826305557857
0.628449573982442
0.62863586320047
0.628821923729506
0.629007756066777
0.629193360709879
0.629378738156764
0.629563888905736
0.629748813455438
0.629933512304846
0.63011798595326
0.630302234900296
0.630486259645875
0.630670060690218
0.630853638533839
0.631036993677529
0.631220126622357
0.631403037869657
0.631585727921019
0.631768197278284
0.631950446443535
0.632132475919088
0.632314286207484
0.632495877811484
0.632677251234057
0.632858406978375
0.633039345547805
0.633220067445902
0.633400573176396
0.633580863243194
0.633760938150365
0.633940798402133
0.634120444502874
0.634299876957104
0.634479096269475
0.634658102944765
0.634836897487873
0.635015480403811
0.635193852197694
0.63537201337474
0.635549964440254
0.635727705899629
0.635905238258334
0.636082562021908
0.636259677695956
0.636436585786136
0.636613286798159
0.63678978123778
0.636966069610789
0.637142152423006
0.637318030180275
0.637493703388456
0.637669172553421
0.637844438181045
0.6380195007772
0.63819436084775
0.638369018898542
0.638543475435404
0.638717730964133
0.638891785990496
0.639065641020215
0.639239296558971
0.639412753112388
0.639586011186034
0.639759071285412
0.639931933915955
0.64010459958302
0.64027706879188
0.640449342047722
0.640621419855639
0.640793302720625
0.640964991147567
0.641136485641243
0.641307786706314
0.641478894847319
0.641649810568669
0.641820534374643
0.641991066769381
0.642161408256881
0.642331559340987
0.642501520525395
0.642671292313635
0.642840875209077
0.643010269714917
0.643179476334179
0.643348495569703
0.643517327924146
0.643685973899974
0.643854433999456
0.644022708724661
0.644190798577453
0.644358704059486
0.644526425672198
0.644693963916806
0.644861319294303
0.645028492305454
0.645195483450787
0.645362293230592
0.645528922144917
0.64569537069356
0.645861639376067
0.646027728691726
0.646193639139565
0.646359371218345
0.646524925426556
0.646690302262413
0.646855502223854
0.647020525808531
0.64718537351381
0.647350045836763
0.647514543274167
0.647678866322501
0.647843015477935
0.648006991236335
0.648170794093252
0.64833442454392
0.648497883083254
0.648661170205845
0.648824286405954
0.648987232177511
0.649150008014109
0.649312614409003
0.649475051855102
0.649637320844969
0.649799421870816
0.6499613554245
0.650123121997521
0.650284722081013
0.65044615616575
0.650607424742134
0.650768528300193
0.650929467329583
0.651090242319577
0.651250853759066
0.651411302136556
0.651571587940163
0.651731711657608
0.651891673776219
0.652051474782922
0.652211115164242
0.652370595406298
0.652529915994798
0.65268907741504
0.652848080151907
0.653006924689861
0.653165611512946
0.653324141104779
0.653482513948551
0.653640730527022
0.65379879132252
0.653956696816934
0.654114447491718
0.654272043827881
0.654429486305989
0.65458677540616
0.654743911608062
0.654900895390909
0.655057727233461
0.655214407614019
0.655370937010423
0.65552731590005
0.655683544759811
0.655839624066146
0.655995554295027
0.656151335921951
0.656306969421937
0.656462455269529
0.656617793938788
0.656772985903289
0.656928031636126
0.657082931609901
0.657237686296727
0.657392296168224
0.657546761695517
0.657701083349234
0.657855261599501
0.658009296915946
0.658163189767689
0.658316940623348
0.65847054995103
0.658624018218331
0.658777345892337
0.658930533439618
0.659083581326228
0.659236490017702
0.659389259979055
0.659541891674779
0.659694385568842
0.659846742124685
0.659998961805222
0.660151045072835
0.660302992389376
0.660454804216161
0.660606481013974
0.660758023243057
0.660909431363116
0.661060705833316
0.661211847112277
0.661362855658079
0.66151373192825
0.661664476379777
0.661815089469093
0.661965571652081
0.662115923384073
0.662266145119845
0.66241623731362
0.662566200419062
0.662716034889276
0.662865741176807
0.66301531973364
0.663164771011196
0.66331409546033
0.663463293531333
0.663612365673929
0.663761312337271
0.663910133969944
0.664058831019961
0.664207403934762
0.664355853161213
0.664504179145605
0.664652382333653
0.664800463170493
0.664948422100682
0.665096259568197
0.665243976016434
0.665391571888207
0.665539047625744
0.66568640367069
0.665833640464103
0.665980758446454
0.666127758057625
0.666274639736911
0.666421403923015
0.666568051054047
0.666714581567527
0.66686099590038
0.667007294488938
0.667153477768936
0.667299546175513
0.667445500143211
0.667591340105973
0.667737066497143
0.667882679749466
0.668028180295085
0.66817356856554
0.66831884499177
0.66846401000411
0.668609064032289
0.668754007505433
0.66889884085206
0.669043564500083
0.669188178876807
0.669332684408926
0.669477081522528
0.669621370643091
0.66976555219548
0.669909626603951
0.670053594292146
0.670197455683097
0.670341211199221
0.670484861262321
0.670628406293585
0.670771846713587
0.670915182942284
0.671058415399018
0.671201544502512
0.671344570670872
0.671487494321588
0.671630315871527
0.671773035736941
0.671915654333459
0.672058172076092
0.672200589379228
0.672342906656635
0.672485124321459
0.672627242786223
0.672769262462828
0.672911183762552
0.673053007096048
0.673194732873345
0.67333636150385
0.673477893396342
0.673619328958976
0.673760668599282
0.673901912724162
0.674043061739892
0.674184116052124
0.674325076065878
0.674465942185551
0.674606714814908
0.67474739435709
0.674887981214606
0.675028475789338
0.675168878482539
0.675309189694832
0.67544940982621
0.675589539276037
0.675729578443047
0.675869527725342
0.676009387520395
0.676149158225047
0.676288840235508
0.676428433947358
0.676567939755543
0.676707358054381
0.676846689237553
0.676985933698113
0.677125091828478
0.677264164020437
0.677403150665144
0.677542052153119
0.677680868874251
0.677819601217797
0.677958249572377
0.678096814325982
0.678235295865967
0.678373694579053
0.67851201085133
0.678650245068251
0.678788397614637
0.678926468874676
0.67906445923192
0.679202369069289
0.679340198769065
0.679477948712902
0.679615619281813
0.679753210856183
0.679890723815757
0.68002815853965
0.68016551540634
0.680302794793672
0.680439997078856
0.680577122638468
0.680714171848449
0.680851145084105
0.680988042720109
0.681124865130499
0.681261612688679
0.681398285767417
0.681534884738848
0.681671409974473
0.681807861845158
0.681944240721134
0.682080546971999
0.682216780966717
0.682352943073617
0.682489033660395
0.682625053094111
0.682761001741193
0.682896879967434
0.683032688137994
0.6831684266174
0.683304095769543
0.683439695957682
0.683575227544442
0.683710690891817
0.683846086361164
0.683981414313208
0.684116675108044
0.684251869105129
0.684386996663291
0.684522058140725
0.68465705389499
0.684791984283017
0.684926849661102
0.685061650384909
0.685196386809471
0.685331059289187
0.685465668177827
0.685600213828526
0.685734696593791
0.685869116825495
0.686003474874881
0.686137771092559
0.686272005828511
0.686406179432085
0.686540292252002
0.686674344636349
0.686808336932585
0.686942269487538
0.687076142647405
0.687209956757754
0.687343712163525
0.687477409209026
0.687611048237937
0.687744629593307
0.687878153617559
0.688011620652485
0.68814503103925
0.688278385118388
0.688411683229807
0.688544925712786
0.688678112905977
0.688811245147403
0.68894432277446
0.689077346123916
0.689210315531914
0.689343231333968
0.689476093864966
0.689608903459169
0.689741660450211
0.689874365171103
0.690007017954225
0.690139619131335
0.690272169033564
0.690404667991418
0.690537116334778
0.690669514392899
0.690801862494412
0.690934160967323
0.691066410139014
0.691198610336242
0.69133076188514
0.691462865111219
0.691594920339365
0.691726927893839
0.691858888098282
0.691990801275709
0.692122667748514
0.692254487838469
0.692386261866721
0.692517990153796
0.6926496730196
0.692781310783414
0.692912903763898
0.693044452279093
0.693175956646417
0.693307417182666
0.693438834204017
0.693570208026025
0.693701538963625
0.693832827331133
0.693964073442243
0.69409527761003
0.69422644014695
0.694357561364838
0.694488641574911
0.694619681087766
0.694750680213383
0.69488163926112
0.69501255853972
0.695143438357306
0.695274279021381
0.695405080838835
0.695535844115934
0.695666569158333
0.695797256271063
0.695927905758543
0.696058517924573
0.696189093072335
0.696319631504396
0.696450133522706
0.696580599428598
0.696711029522791
0.696841424105385
0.696971783475866
0.697102107933105
0.697232397775355
0.697362653300255
0.697492874804831
0.697623062585491
0.697753216938029
0.697883338157624
0.698013426538843
0.698143482375636
0.698273505961339
0.698403497588674
0.698533457549751
0.698663386136065
0.698793283638496
0.698923150347313
0.69905298655217
0.699182792542108
0.699312568605556
0.699442315030329
0.699572032103631
0.69970172011205
0.699831379341566
0.699961010077542
0.700090612604733
0.700220187207278
0.700349734168708
0.700479253771939
0.700608746299276
0.700738212032413
0.700867651252433
0.700997064239806
0.701126451274391
0.701255812635438
0.701385148601583
0.701514459450852
0.701643745460661
0.701773006907814
0.701902244068506
0.702031457218319
0.702160646632227
0.702289812584591
0.702418955349164
0.702548075199088
0.702677172406894
0.702806247244503
0.702935299983227
0.703064330893768
0.703193340246217
0.703322328310056
0.703451295354157
0.703580241646782
0.703709167455585
0.703838073047607
0.703966958689283
0.704095824646437
0.704224671184283
0.704353498567428
0.704482307059865
0.704611096924984
0.70473986842556
0.704868621823762
0.704997357381149
0.70512607535867
0.705254776016667
0.70538345961487
0.705512126412402
0.705640776667776
0.705769410638896
0.705898028583057
0.706026630756946
0.706155217416639
0.706283788817604
0.7064123452147
0.706540886862176
0.706669414013674
0.706797926922224
0.70692642584025
0.707054911019564
0.70718338271137
0.707311841166264
0.707440286634232
0.70756871936465
0.707697139606284
0.707825547607295
0.707953943615229
0.708082327877027
0.708210700639018
0.708339062146923
0.708467412645853
0.708595752380309
0.708724081594182
0.708852400530756
0.708980709432703
0.709109008542084
0.709237298100352
0.709365578348351
0.709493849526313
0.70962211187386
0.709750365630004
0.709878611033149
0.710006848321085
0.710135077730994
0.710263299499447
0.710391513862403
0.710519721055212
0.710647921312612
0.710776114868731
0.710904301957085
0.71103248281058
0.711160657661509
0.711288826741555
0.711416990281789
0.711545148512669
0.711673301664045
0.711801449965151
0.71192959364461
0.712057732930435
0.712185868050023
0.712313999230162
0.712442126697024
0.712570250676172
0.712698371392553
0.712826489070503
0.712954603933741
0.713082716205378
0.713210826107908
0.713338933863211
0.713467039692555
0.713595143816592
0.713723246455361
0.713851347828286
0.713979448154176
0.714107547651226
0.714235646537015
0.714363745028508
0.714491843342053
0.714619941693384
0.714748040297617
0.714876139369254
0.71500423912218
0.715132339769664
0.715260441524357
0.715388544598295
0.715516649202894
0.715644755548956
0.715772863846663
0.715900974305581
0.716029087134656
0.716157202542217
0.716285320735974
0.716413441923018
0.716541566309823
0.71666969410224
0.716797825505504
0.716925960724228
0.717054099962406
0.717182243423411
0.717310391309997
0.717438543824296
0.717566701167817
0.717694863541452
0.717823031145468
0.717951204179512
0.718079382842606
0.718207567333152
0.71833575784893
0.718463954587094
0.718592157744177
0.718720367516087
0.71884858409811
0.718976807684904
0.719105038470507
0.71923327664833
0.719361522411157
0.71948977595115
0.719618037459843
0.719746307128144
0.719874585146337
0.720002871704075
0.720131166990388
0.720259471193676
0.720387784501713
0.720516107101644
0.720644439179985
0.720772780922625
0.720901132514823
0.721029494141209
0.721157865985782
0.721286248231912
0.721414641062339
0.721543044659171
0.721671459203886
0.72179988487733
0.721928321859718
0.72205677033063
0.722185230469018
0.722313702453196
0.722442186460848
0.722570682669025
0.722699191254141
0.722827712391978
0.722956246257681
0.723084793025762
0.723213352870098
0.723341925963926
0.723470512479852
0.72359911258984
0.723727726465223
0.72385635427669
0.723984996194297
0.72411365238746
0.724242323024956
0.724371008274924
0.724499708304862
0.72462842328163
0.724757153371446
0.724885898739889
0.725014659551895
0.725143435971761
0.72527222816314
0.725401036289043
0.72552986051184
0.725658700993256
0.725787557894373
0.725916431375629
0.726045321596818
0.726174228717089
0.726303152894946
0.726432094288247
0.726561053054203
0.726690029349382
0.7268190233297
0.726948035150429
0.727077064966194
0.727206112930968
0.727335179198079
0.727464263920204
0.72759336724937
0.727722489336957
0.727851630333691
0.727980790389649
0.728109969654257
0.728239168276288
0.728368386403863
0.728497624184452
0.72862688176487
0.72875615929128
0.728885456909189
0.729014774763452
0.729144112998267
0.729273471757178
0.729402851183073
0.729532251418184
0.729661672604085
0.729791114881695
0.729920578391273
0.730050063272421
0.730179569664084
0.730309097704546
0.730438647531432
0.730568219281707
0.730697813091677
0.730827429096986
0.730957067432616
0.731086728232889
0.731216411631464
0.731346117761338
0.731475846754842
0.731605598743648
0.731735373858761
0.731865172230521
0.731994993988606
0.732124839262025
0.732254708179124
0.732384600867581
0.732514517454407
0.732644458065948
0.73277442282788
0.73290441186521
0.733034425302279
0.733164463262758
0.733294525869647
0.733424613245277
0.733554725511308
0.73368486278873
0.73381502519786
0.733945212858345
0.734075425889158
0.734205664408599
0.734335928534297
0.734466218383203
0.734596534071599
0.734726875715088
0.734857243428599
0.734987637326387
0.735118057522029
0.735248504128426
0.735378977257803
0.735509477021706
0.735640003531003
0.735770556895885
0.735901137225864
0.736031744629772
0.73616237921576
0.736293041091302
0.736423730363189
0.736554447137531
0.736685191519758
0.736815963614616
0.73694676352617
0.737077591357801
0.737208447212207
0.737339331191403
0.737470243396719
0.7376011839288
0.737732152887607
0.737863150372414
0.737994176481811
0.7381252313137
0.738256314965295
0.738387427533125
0.738518569113031
0.738649739800165
0.73878093968899
0.738912168873281
0.739043427446123
0.73917471549991
0.739306033126349
0.739437380416453
0.739568757460546
0.739700164348258
0.739831601168529
0.739963068009605
0.740094564959042
0.740226092103701
0.740357649529748
0.740489237322657
0.740620855567206
0.740752504347481
0.740884183746869
0.741015893848064
0.741147634733062
0.741279406483165
0.741411209178976
0.741543042900403
0.741674907726653
0.741806803736238
0.741938731006971
0.742070689615966
0.742202679639637
0.7423347011537
0.74246675423317
0.742598838952363
0.742730955384893
0.742863103603674
0.742995283680919
0.743127495688138
0.74325973969614
0.743392015775031
0.743524323994214
0.743656664422392
0.743789037127559
0.743921442177011
0.744053879637336
0.74418634957442
0.744318852053441
0.744451387138876
0.744583954894495
0.74471655538336
0.744849188667831
0.744981854809559
0.745114553869488
0.745247285907857
0.745380050984197
0.74551284915733
0.745645680485373
0.745778545025732
0.745911442835106
0.746044373969486
0.746177338484152
0.746310336433676
0.74644336787192
0.746576432852038
0.746709531426471
0.746842663646952
0.746975829564502
0.747109029229431
0.74724226269134
0.747375529999117
0.747508831200937
0.747642166344266
0.747775535475857
0.747908938641751
0.748042375887275
0.748175847257044
0.748309352794962
0.748442892544217
0.748576466547285
0.748710074845929
0.748843717481197
0.748977394493424
0.749111105922231
0.749244851806523
0.749378632184494
0.749512447093619
0.749646296570662
0.749780180651669
0.749914099371973
0.75004805276619
0.750182040868223
0.750316063711257
0.750450121327763
0.750584213749494
0.750718341007489
0.75085250313207
0.750986700152844
0.751120932098699
0.751255198997809
0.751389500877631
0.751523837764905
0.751658209685654
0.751792616665184
0.751927058728085
0.752061535898229
0.752196048198772
0.752330595652152
0.752465178280091
0.752599796103593
0.752734449142943
0.752869137417712
0.753003860946751
0.753138619748196
0.753273413839462
0.753408243237251
0.753543107957544
0.753678008015606
0.753812943425985
0.753947914202511
0.754082920358296
0.754217961905735
0.754353038856507
0.754488151221571
0.75462329901117
0.754758482234831
0.754893700901362
0.755028955018854
0.755164244594682
0.755299569635502
0.755434930147255
0.755570326135164
0.755705757603736
0.75584122455676
0.755976726997309
0.756112264927741
0.756247838349695
0.756383447264095
0.756519091671149
0.756654771570348
0.756790486960469
0.756926237839571
0.757062024205
0.757197846053383
0.757333703380635
0.757469596181955
0.757605524451826
0.757741488184017
0.757877487371584
0.758013522006865
0.758149592081487
0.758285697586363
0.758421838511691
0.758558014846955
0.758694226580928
0.758830473701668
0.758966756196522
0.759103074052124
0.759239427254393
0.759375815788541
0.759512239639065
0.759648698789751
0.759785193223675
0.759921722923202
0.760058287869986
0.76019488804497
0.76033152342839
0.760468193999769
0.760604899737925
0.760741640620963
0.760878416626282
0.761015227730572
0.761152073909816
0.76128895513929
0.761425871393562
0.761562822646493
0.761699808871241
0.761836830040253
0.761973886125276
0.76211097709735
0.762248102926808
0.762385263583284
0.762522459035705
0.762659689252295
0.762796954200576
0.762934253847369
0.763071588158792
0.763208957100262
0.763346360636495
0.763483798731507
0.763621271348616
0.763758778450437
0.763896319998891
0.764033895955197
0.764171506279879
0.764309150932763
0.764446829872979
0.764584543058961
0.764722290448447
0.764860071998481
0.764997887665413
0.7651357374049
0.765273621171905
0.7654115389207
0.765549490604864
0.765687476177286
0.765825495590165
0.765963548795009
0.766101635742638
0.766239756383184
0.76637791066609
0.766516098540114
0.766654319953326
0.766792574853112
0.766930863186171
0.76706918489852
0.767207539935493
0.767345928241738
0.767484349761224
0.76762280443724
0.767761292212391
0.767899813028606
0.768038366827132
0.768176953548542
0.768315573132727
0.768454225518905
0.768592910645619
0.768731628450734
0.768870378871444
0.769009161844269
0.769147977305057
0.769286825188985
0.769425705430559
0.769564617963615
0.769703562721321
0.769842539636179
0.769981548640021
0.770120589664015
0.770259662638664
0.770398767493807
0.770537904158618
0.770677072561613
0.770816272630642
0.770955504292898
0.771094767474914
0.771234062102565
0.771373388101068
0.771512745394985
0.771652133908222
0.771791553564031
0.771931004285011
0.772070485993109
0.772209998609621
0.772349542055193
0.772489116249822
0.772628721112858
0.772768356563003
0.772908022518314
0.773047718896205
0.773187445613445
0.773327202586162
0.77346698972984
0.773606806959327
0.77374665418883
0.773886531331919
0.774026438301528
0.774166375009954
0.774306341368864
0.774446337289286
0.774586362681623
0.774726417455643
0.774866501520486
0.775006614784666
0.775146757156067
0.775286928541951
0.775427128848954
0.775567357983088
0.775707615849747
0.775847902353701
0.775988217399104
0.776128560889491
0.776268932727779
0.776409332816273
0.776549761056664
0.776690217350029
0.776830701596834
0.776971213696938
0.777111753549589
0.777252321053431
0.777392916106499
0.777533538606227
0.777674188449446
0.777814865532385
0.777955569750673
0.778096300999343
0.778237059172828
0.778377844164969
0.77851865586901
0.778659494177604
0.778800358982814
0.778941250176113
0.779082167648385
0.779223111289929
0.779364080990458
0.779505076639104
0.779646098124414
0.779787145334357
0.779928218156323
0.780069316477124
0.780210440182998
0.780351589159608
0.780492763292045
0.780633962464829
0.780775186561912
0.780916435466677
0.781057709061942
0.781199007229962
0.781340329852427
0.781481676810467
0.781623047984655
0.781764443255003
0.78190586250097
0.78204730560146
0.782188772434823
0.78233026287886
0.782471776810824
0.782613314107418
0.782754874644802
0.782896458298591
0.783038064943857
0.783179694455134
0.783321346706416
0.783463021571161
0.783604718922293
0.7837464386322
0.783888180572741
0.784029944615247
0.784171730630517
0.784313538488829
0.784455368059933
0.78459721921306
0.784739091816919
0.784880985739701
0.785022900849081
0.785164837012219
0.785306794095763
0.785448771965849
0.785590770488104
0.78573278952765
0.785874828949103
0.786016888616575
0.786158968393677
0.786301068143522
0.786443187728726
0.786585327011407
0.786727485853193
0.786869664115219
0.787011861658131
0.787154078342087
0.787296314026761
0.787438568571343
0.787580841834541
0.787723133674587
0.787865443949231
0.788007772515751
0.788150119230952
0.788292483951167
0.78843486653226
0.788577266829629
0.788719684698207
0.788862119992463
0.789004572566407
0.789147042273591
0.789289528967109
0.789432032499601
0.789574552723256
0.789717089489814
0.789859642650563
0.79000221205635
0.790144797557577
0.790287399004204
0.790430016245751
0.790572649131305
0.790715297509513
0.790857961228594
0.791000640136334
0.791143334080092
0.791286042906801
0.79142876646297
0.791571504594687
0.79171425714762
0.791857023967021
0.791999804897727
0.792142599784162
0.792285408470342
0.792428230799872
0.792571066615954
0.792713915761385
0.792856778078561
0.792999653409482
0.793142541595748
0.793285442478568
0.793428355898756
0.79357128169674
0.793714219712559
0.793857169785867
0.794000131755937
0.79414310546166
0.794286090741552
0.794429087433752
0.794572095376025
0.794715114405768
0.794858144360008
0.795001185075408
0.795144236388265
0.795287298134517
0.795430370149743
0.795573452269166
0.795716544327655
0.795859646159727
0.796002757599552
0.796145878480952
0.796289008637405
0.796432147902049
0.796575296107681
0.796718453086763
0.796861618671421
0.797004792693451
0.79714797498432
0.797291165375167
0.797434363696807
0.797577569779734
0.797720783454121
0.797864004549827
0.798007232896395
0.798150468323056
0.798293710658733
0.798436959732042
0.798580215371293
0.798723477404497
0.798866745659365
0.79901001996331
0.799153300143454
0.799296586026625
0.799439877439362
0.799583174207919
0.799726476158267
0.799869783116094
0.800013094906808
0.800156411355546
0.800299732287166
0.800443057526258
0.800586386897144
0.800729720223879
0.800873057330255
0.801016398039805
0.801159742175801
0.801303089561263
0.801446440018957
0.801589793371398
0.801733149440855
0.801876508049351
0.802019869018668
0.802163232170348
0.802306597325695
0.80244996430578
0.802593332931442
0.802736703023291
0.802880074401709
0.803023446886858
0.803166820298676
0.803310194456882
0.803453569180982
0.803596944290267
0.803740319603817
0.803883694940507
0.804027070119005
0.804170444957775
0.804313819275085
0.804457192889002
0.804600565617402
0.804743937277968
0.804887307688193
0.805030676665386
0.805174044026669
0.805317409588985
0.805460773169101
0.805604134583604
0.805747493648911
0.805890850181269
0.806034203996756
0.806177554911285
0.80632090274061
0.806464247300322
0.806607588405858
0.8067509258725
0.806894259515379
0.807037589149477
0.807180914589631
0.807324235650536
0.807467552146743
0.807610863892669
0.807754170702595
0.807897472390669
0.808040768770911
0.808184059657214
0.808327344863346
0.808470624202954
0.808613897489568
0.8087571645366
0.80890042515735
0.809043679165009
0.809186926372657
0.809330166593273
0.809473399639731
0.809616625324808
0.809759843461181
0.809903053861436
0.810046256338066
0.810189450703478
0.81033263676999
0.81047581434984
0.810618983255183
0.810762143298098
0.810905294290589
0.811048436044587
0.811191568371957
0.811334691084492
0.811477803993926
0.811620906911929
0.811763999650113
0.811907082020036
0.812050153833201
0.812193214901061
0.812336265035023
0.812479304046448
0.812622331746656
0.812765347946925
0.8129083524585
0.81305134509259
0.813194325660373
0.813337293973
0.813480249841593
0.813623193077256
0.813766123491067
0.813909040894092
0.814051945097378
0.814194835911963
0.814337713148872
0.814480576619126
0.814623426133743
0.814766261503735
0.814909082540122
0.815051889053922
0.815194680856163
0.815337457757883
0.81548021957013
0.81562296610397
0.815765697170482
0.81590841258077
0.816051112145958
0.816193795677198
0.816336462985668
0.816479113882579
0.816621748179174
0.816764365686733
0.816906966216577
0.817049549580065
0.817192115588604
0.817334664053646
0.817477194786694
0.817619707599301
0.817762202303078
0.817904678709692
0.818047136630871
0.818189575878406
0.818331996264153
0.818474397600037
0.818616779698053
0.818759142370272
0.818901485428837
0.819043808685974
0.819186111953988
0.819328395045269
0.819470657772292
0.819612899947624
0.819755121383922
0.819897321893939
0.820039501290522
0.820181659386622
0.820323795995288
0.820465910929678
0.820608004003053
0.820750075028789
0.82089212382037
0.821034150191397
0.82117615395559
0.821318134926788
0.821460092918953
0.821602027746171
0.82174393922266
0.821885827162763
0.822027691380961
0.822169531691868
0.822311347910236
0.822453139850958
0.822594907329072
0.822736650159758
0.822878368158347
0.823020061140319
0.823161728921309
0.823303371317107
0.823444988143659
0.823586579217074
0.823728144353624
0.823869683369746
0.824011196082045
0.824152682307295
0.824294141862447
0.824435574564623
0.824576980231126
0.824718358679437
0.824859709727221
0.825001033192328
0.825142328892796
0.825283596646852
0.825424836272915
0.8255660475896
0.825707230415719
0.825848384570283
0.825989509872506
0.826130606141804
0.826271673197802
0.826412710860334
0.826553718949444
0.826694697285391
0.826835645688649
0.826976563979911
0.827117451980092
0.827258309510328
0.827399136391981
0.827539932446641
0.827680697496129
0.827821431362498
0.827962133868034
0.828102804835261
0.828243444086942
0.828384051446083
0.828524626735931
0.828665169779981
0.828805680401976
0.828946158425908
0.829086603676024
0.829227015976824
0.829367395153065
0.829507741029766
0.829648053432204
0.829788332185923
0.82992857711673
0.830068788050703
0.830208964814188
0.830349107233804
0.830489215136446
0.830629288349285
0.830769326699769
0.83090933001563
0.831049298124882
0.831189230855824
0.831329128037043
0.831468989497414
0.831608815066105
0.831748604572579
0.831888357846592
0.832028074718199
0.832167755017755
0.832307398575919
0.832447005223649
0.832586574792214
0.832726107113188
0.832865602018458
0.83300505934022
0.833144478910985
0.833283860563582
0.833423204131156
0.833562509447173
0.83370177634542
0.833841004660011
0.833980194225382
0.834119344876299
0.834258456447858
0.834397528775486
0.834536561694945
0.83467555504233
0.834814508654078
0.834953422366959
0.835092296018091
0.83523112944493
0.83536992248528
0.835508674977291
0.835647386759461
0.835786057670639
0.835924687550028
0.836063276237182
0.836201823572013
0.836340329394792
0.836478793546147
0.836617215867068
0.83675559619891
0.836893934383392
0.837032230262597
0.837170483678981
0.837308694475367
0.83744686249495
0.837584987581301
0.837723069578363
0.837861108330459
0.837999103682288
0.838137055478932
0.838274963565853
0.838412827788898
0.838550647994298
0.838688424028671
0.838826155739026
0.83896384297276
0.839101485577663
0.839239083401916
0.839376636294098
0.839514144103184
0.839651606678546
0.839789023869957
0.839926395527589
0.84006372150202
0.840201001644231
0.840338235805609
0.840475423837946
0.840612565593448
0.840749660924726
0.840886709684806
0.841023711727128
0.841160666905544
0.841297575074324
0.841434436088156
0.841571249802146
0.841708016071821
0.841844734753131
0.841981405702447
0.842118028776566
0.842254603832713
0.842391130728537
0.842527609322119
0.842664039471968
0.842800421037026
0.842936753876666
0.843073037850698
0.843209272819365
0.843345458643347
0.843481595183764
0.843617682302174
0.843753719860576
0.84388970772141
0.844025645747559
0.844161533802353
0.844297371749565
0.844433159453415
0.844568896778573
0.844704583590155
0.844840219753729
0.844975805135317
0.845111339601389
0.845246823018872
0.845382255255148
0.845517636178054
0.845652965655884
0.845788243557391
0.845923469751789
0.84605864410875
0.846193766498409
0.846328836791363
0.846463854858674
0.846598820571867
0.846733733802934
0.846868594424333
0.847003402308993
0.847138157330307
0.847272859362142
0.847407508278833
0.847542103955188
0.847676646266488
0.847811135088489
0.847945570297418
0.848079951769981
0.84821427938336
0.848348553015213
0.848482772543677
0.848616937847368
0.848751048805384
0.848885105297301
0.84901910720318
0.849153054403561
0.849286946779471
0.84942078421242
0.849554566584401
0.849688293777897
0.849821965675874
0.849955582161788
0.850089143119583
0.85022264843369
0.850356097989033
0.850489491671024
0.850622829365566
0.850756110959056
0.850889336338384
0.85102250539093
0.851155618004571
0.851288674067678
0.851421673469118
0.851554616098253
0.851687501844941
0.85182033059954
0.851953102252903
0.852085816696384
0.852218473821835
0.852351073521608
0.852483615688555
0.852616100216029
0.852748526997885
0.852880895928479
0.853013206902671
0.853145459815822
0.8532776545638
0.853409791042974
0.853541869150218
0.853673888782912
0.853805849838941
0.853937752216697
0.854069595815078
0.854201380533487
0.854333106271838
0.85446477293055
0.854596380410551
0.854727928613278
0.854859417440675
0.854990846795199
0.855122216579815
0.855253526697995
0.855384777053727
0.855515967551506
0.85564709809634
0.855778168593746
0.855909178949756
0.856040129070911
0.856171018864268
0.856301848237392
0.856432617098364
0.856563325355778
0.856693972918741
0.856824559696872
0.856955085600307
0.857085550539694
0.857215954426195
0.857346297171487
0.857476578687762
0.857606798887728
0.857736957684605
0.857867054992131
0.857997090724557
0.858127064796651
0.858256977123697
0.858386827621494
0.858516616206355
0.858646342795112
0.858776007305111
0.858905609654216
0.859035149760804
0.85916462754377
0.859294042922527
0.859423395817001
0.859552686147637
0.859681913835394
0.859811078801749
0.859940180968695
0.860069220258741
0.860198196594913
0.860327109900752
0.860455960100316
0.860584747118179
0.860713470879432
0.860842131309682
0.860970728335049
0.861099261882174
0.861227731878209
0.861356138250825
0.861484480928206
0.861612759839054
0.861740974912585
0.86186912607853
0.861997213267134
0.862125236409161
0.862253195435884
0.862381090279096
0.862508920871099
0.862636687144713
0.862764389033272
0.86289202647062
0.863019599391118
0.863147107729639
0.863274551421569
0.863401930402807
0.863529244609764
0.863656493979364
0.863783678449041
0.863910797956743
0.864037852440927
0.864164841840564
0.864291766095133
0.864418625144625
0.86454541892954
0.864672147390887
0.864798810470186
0.864925408109466
0.865051940251264
0.865178406838624
0.8653048078151
0.865431143124752
0.865557412712147
0.86568361652236
0.865809754500971
0.865935826594065
0.866061832748235
0.866187772910576
0.86631364702869
0.86643945505068
0.866565196925154
0.866690872601225
0.866816482028505
0.86694202515711
0.867067501937657
0.867192912321264
0.867318256259551
0.867443533704634
0.867568744609133
0.867693888926164
0.867818966609342
0.86794397761278
0.868068921891088
0.868193799399372
0.868318610093234
0.868443353928774
0.868568030862583
0.868692640851748
0.868817183853849
0.868941659826961
0.869066068729649
0.86919041052097
0.869314685160472
0.869438892608194
0.869563032824664
0.869687105770901
0.869811111408408
0.869935049699181
0.870058920605699
0.870182724090928
0.870306460118321
0.870430128651814
0.870553729655828
0.870677263095268
0.87080072893552
0.870924127142454
0.871047457682418
0.871170720522243
0.87129391562924
0.871417042971195
0.871540102516376
0.871663094233527
0.871786018091868
0.871908874061093
0.872031662111375
0.872154382213358
0.872277034338159
0.872399618457368
0.872522134543046
0.872644582567726
0.87276696250441
0.872889274326569
0.87301151800814
0.873133693523531
0.873255800847613
0.873377839955725
0.873499810823668
0.873621713427708
0.873743547744574
0.873865313751455
0.873987011426004
0.874108640746331
0.874230201691006
0.874351694239058
0.874473118369971
0.874594474063687
0.874715761300603
0.874836980061569
0.874958130327889
0.875079212081321
0.875200225304071
0.875321169978797
0.875442046088607
0.875562853617057
0.875683592548149
0.875804262866333
0.875924864556503
0.876045397603997
0.876165861994598
0.87628625771453
0.876406584750458
0.876526843089487
0.876647032719162
0.876767153627464
0.876887205802814
0.877007189234066
0.877127103910509
0.877246949821868
0.877366726958298
0.877486435310386
0.877606074869151
0.877725645626039
0.877845147572926
0.877964580702113
0.87808394500633
0.878203240478729
0.878322467112886
0.878441624902801
0.878560713842895
0.878679733928007
0.878798685153399
0.878917567514747
0.879036381008146
0.879155125630106
0.879273801377552
0.879392408247821
0.879510946238663
0.879629415348239
0.879747815575118
0.87986614691828
0.87998440937711
0.880102602951402
0.88022072764135
0.880338783447556
0.880456770371023
0.880574688413154
0.880692537575754
0.880810317861026
0.880928029271569
0.88104567181038
0.88116324548085
0.881280750286765
0.8813981862323
0.881515553322027
0.881632851560902
0.881750080954273
0.881867241507875
0.881984333227829
0.882101356120639
0.882218310193195
0.882335195452769
0.882452011907012
0.882568759563956
0.882685438432011
0.882802048519965
0.882918589836979
0.883035062392592
0.883151466196714
0.883267801259627
0.883384067591982
0.883500265204802
0.883616394109476
0.883732454317759
0.883848445841771
0.883964368693998
0.884080222887286
0.884196008434843
0.884311725350235
0.884427373647388
0.884542953340586
0.884658464444465
0.884773906974018
0.884889280944591
0.885004586371878
0.885119823271928
0.885234991661133
0.885350091556238
0.885465122974329
0.88558008593284
0.885694980449546
0.885809806542564
0.885924564230352
0.886039253531705
0.886153874465758
0.886268427051981
0.886382911310176
0.886497327260483
0.886611674923369
0.886725954319635
0.886840165470408
0.886954308397145
0.887068383121627
0.887182389665961
0.887296328052575
0.887410198304221
0.88752400044397
0.887637734495212
0.887751400481655
0.887864998427322
0.887978528356549
0.888091990293989
0.888205384264602
0.888318710293661
0.888431968406747
0.888545158629746
0.888658280988853
0.888771335510564
0.888884322221679
0.888997241149299
0.889110092320826
0.889222875763957
0.889335591506689
0.889448239577311
0.889560820004409
0.88967333281686
0.88978577804383
0.889898155714775
0.890010465859441
0.890122708507858
0.89023488369034
0.890346991437486
0.890459031780176
0.89057100474957
0.890682910377106
0.890794748694501
0.890906519733746
0.891018223527106
0.891129860107119
0.891241429506595
0.891352931758612
0.891464366896516
0.891575734953921
0.891687035964703
0.891798269963006
0.891909436983231
0.892020537060042
0.892131570228361
0.892242536523367
0.892353435980497
0.892464268635437
0.892575034524131
0.892685733682772
0.8927963661478
0.892906931955908
0.89301743114403
0.893127863749349
0.89323822980929
0.893348529361518
0.893458762443941
0.893568929094703
0.893679029352187
0.893789063255011
0.893899030842025
0.894008932152315
0.894118767225195
0.894228536100209
0.894338238817128
0.894447875415951
0.894557445936899
0.894666950420419
0.894776388907175
0.894885761438056
0.894995068054166
0.895104308796825
0.89521348370757
0.895322592828151
0.89543163620053
0.895540613866879
0.895649525869579
0.895758372251217
0.895867153054588
0.895975868322689
0.89608451809872
0.896193102426082
0.896301621348375
0.896410074909397
0.896518463153143
0.8966267861238
0.896735043865749
0.896843236423564
0.896951363842007
0.897059426166028
0.897167423440765
0.897275355711539
0.897383223023856
0.897491025423403
0.897598762956048
0.897706435667836
0.89781404360499
0.897921586813909
0.898029065341165
0.898136479233502
0.898243828537834
0.898351113301247
0.898458333570991
0.898565489394484
0.898672580819306
0.898779607893203
0.898886570664078
0.898993469179997
0.899100303489182
0.899207073640011
0.899313779681018
0.899420421660888
0.89952699962846
0.89963351363272
0.899739963722805
0.899846349947997
0.899952672357722
0.900058931001553
0.900165125929201
0.900271257190519
0.900377324835498
0.900483328914268
0.900589269477092
0.900695146574368
0.900800960256626
0.900906710574525
0.901012397578857
0.901118021320538
0.90122358185061
0.901329079220241
0.90143451348072
0.901539884683459
0.901645192879987
0.901750438121952
0.901855620461118
0.901960739949365
0.902065796638683
0.902170790581177
0.902275721829059
0.90238059043465
0.902485396450379
0.902590139928778
0.902694820922484
0.902799439484235
0.90290399566687
0.903008489523325
0.903112921106634
0.903217290469928
0.90332159766643
0.903425842749456
0.903530025772412
0.903634146788793
0.903738205852182
0.903842203016248
0.903946138334745
0.904050011861509
0.904153823650455
0.904257573755581
0.904361262230961
0.904464889130747
0.904568454509162
0.904671958420507
0.904775400919151
0.904878782059535
0.904982101896167
0.905085360483623
0.905188557876544
0.905291694129633
0.905394769297658
0.905497783435445
0.90560073659788
0.905703628839907
0.905806460216523
0.905909230782783
0.906011940593792
0.906114589704706
0.906217178170731
0.906319706047122
0.906422173389179
0.906524580252246
0.906626926691711
0.906729212763005
0.906831438521595
0.906933604022992
0.907035709322738
0.907137754476415
0.907239739539636
0.907341664568047
0.907443529617324
0.907545334743173
0.907647080001326
0.907748765447543
0.907850391137606
0.907951957127321
0.908053463472516
0.908154910229036
0.908256297452746
0.908357625199529
0.908458893525279
0.908560102485906
0.908661252137332
0.908762342535489
0.908863373736316
0.908964345795762
0.909065258769779
0.909166112714326
0.909266907685362
0.909367643738848
0.909468320930744
0.909568939317009
0.909669498953597
0.909769999896458
0.909870442201535
0.909970825924762
0.910071151122064
0.910171417849355
0.910271626162535
0.91037177611749
0.910471867770091
0.910571901176191
0.910671876391624
0.910771793472203
0.910871652473719
0.91097145345194
0.91107119646261
0.911170881561444
0.911270508804131
0.911370078246329
0.911469589943665
0.911569043951734
0.911668440326097
0.911767779122278
0.911867060395765
0.911966284202007
0.912065450596412
0.912164559634348
0.912263611371138
0.912362605862062
0.912461543162351
0.912560423327192
0.91265924641172
0.91275801247102
0.912856721560125
0.912955373734014
0.913053969047611
0.913152507555783
0.91325098931334
0.913349414375031
0.913447782795544
0.913546094629505
0.913644349931475
0.91374254875595
0.913840691157359
0.913938777190063
0.914036806908351
0.914134780366442
0.914232697618482
0.914330558718542
0.914428363720618
0.914526112678628
0.914623805646411
0.914721442677725
0.914819023826248
0.914916549145575
0.915014018689213
0.915111432510586
0.915208790663031
0.915306093199792
0.915403340174026
0.915500531638798
0.915597667647078
0.915694748251742
0.91579177350557
0.915888743461242
0.915985658171344
0.916082517688356
0.916179322064659
0.91627607135253
0.91637276560414
0.916469404871556
0.916565989206736
0.916662518661528
0.916758993287671
0.91685541313679
0.9169517782604
0.917048088709898
0.917144344536567
0.917240545791569
0.917336692525952
0.91743278479064
0.917528822636436
0.91762480611402
0.917720735273946
0.917816610166646
0.917912430842419
0.918008197351439
0.918103909743749
0.91819956806926
0.918295172377751
0.918390722718865
0.91848621914211
0.918581661696857
0.91867705043234
0.91877238539765
0.918867666641739
0.918962894213416
0.919058068161346
0.919153188534048
0.919248255379896
0.919343268747114
0.919438228683778
0.919533135237812
0.91962798845699
0.919722788388929
0.919817535081095
0.919912228580796
0.920006868935182
0.920101456191245
0.920195990395818
0.920290471595569
0.920384899837008
0.920479275166477
0.920573597630154
0.920667867274049
0.920762084144007
0.9208562482857
0.920950359744632
0.921044418566132
0.921138424795358
0.921232378477293
0.921326279656743
0.921420128378338
0.921513924686529
0.921607668625586
0.9217013602396
0.921794999572478
0.921888586667942
0.921982121569533
0.922075604320601
0.922169034964313
0.922262413543643
0.922355740101377
0.92244901468011
0.922542237322243
0.922635408069984
0.922728526965345
0.922821594050143
0.922914609365995
0.923007572954322
0.923100484856342
0.923193345113073
0.923286153765331
0.923378910853725
0.923471616418664
0.923564270500345
0.92365687313876
0.923749424373694
0.923841924244719
0.923934372791196
0.924026770052275
0.924119116066891
0.924211410873766
0.924303654511402
0.924395847018088
0.924487988431891
0.924580078790661
0.924672118132025
0.924764106493388
0.924856043911934
0.92494793042462
0.925039766068178
0.925131550879114
0.925223284893704
0.925314968147997
0.92540660067781
0.925498182518729
0.925589713706109
0.925681194275067
0.92577262426049
0.925864003697025
0.925955332619084
0.926046611060839
0.926137839056222
0.926229016638928
0.926320143842405
0.926411220699863
0.926502247244263
0.926593223508325
0.926684149524519
0.926775025325071
0.926865850941958
0.926956626406903
0.927047351751384
0.927138027006623
0.927228652203593
0.927319227373008
0.927409752545331
0.927500227750767
0.927590653019264
0.927681028380511
0.927771353863939
0.927861629498718
0.927951855313756
0.928042031337698
0.928132157598927
0.928222234125558
0.928312260945445
0.928402238086171
0.928492165575054
0.928582043439141
0.928671871705211
0.92876165039977
0.928851379549054
0.928941059179025
0.929030689315371
0.929120269983505
0.929209801208566
0.929299283015413
0.929388715428628
0.929478098472516
0.929567432171099
0.92965671654812
0.929745951627041
0.929835137431038
0.929924273983005
0.930013361305553
0.930102399421004
0.930191388351394
0.930280328118474
0.930369218743704
0.930458060248255
0.930546852653006
0.930635595978547
0.930724290245176
0.930812935472894
0.930901531681413
0.930990078890146
0.931078577118211
0.931167026384429
0.931255426707326
0.931343778105125
0.931432080595751
0.931520334196831
0.931608538925688
0.931696694799343
0.931784801834515
0.931872860047618
0.931960869454763
0.932048830071753
0.932136741914088
0.932224604996956
0.932312419335241
0.932400184943516
0.932487901836045
0.932575570026781
0.932663189529365
0.932750760357128
0.932838282523086
0.932925756039941
0.933013180920082
0.933100557175581
0.933187884818195
0.933275163859364
0.933362394310209
0.933449576181534
0.933536709483824
0.933623794227242
0.933710830421631
0.933797818076515
0.933884757201093
0.933971647804241
0.934058489894514
0.93414528348014
0.934232028569022
0.93431872516874
0.934405373286544
0.934491972929358
0.934578524103781
0.934665026816078
0.93475148107219
0.934837886877724
0.93492424423796
0.935010553157844
0.935096813641991
0.935183025694685
0.935269189319875
0.935355304521176
0.93544137130187
0.935527389664903
0.935613359612887
0.935699281148095
0.935785154272466
0.935870978987599
0.935956755294756
0.936042483194862
0.9361281626885
0.936213793775916
0.936299376457013
0.936384910731355
0.936470396598165
0.936555834056322
0.936641223104364
0.936726563740486
0.936811855962538
0.936897099768029
0.93698229515412
0.937067442117629
0.937152540655027
0.937237590762442
0.937322592435652
0.93740754567009
0.93749245046084
0.93757730680264
0.937662114689878
0.937746874116596
0.937831585076482
0.937916247562879
0.938000861568777
0.938085427086818
0.938169944109289
0.938254412628131
0.938338832634929
0.938423204120919
0.938507527076981
0.938591801493646
0.93867602736109
0.938760204669136
0.938844333407251
0.938928413564551
0.939012445129795
0.93909642809139
0.939180362437384
0.939264248155471
0.939348085232992
0.939431873656928
0.939515613413905
0.939599304490193
0.939682946871705
0.939766540543996
0.939850085492264
0.93993358170135
0.940017029155735
0.940100427839545
0.940183777736545
0.940267078830143
0.940350331103388
0.940433534538968
0.940516689119216
0.940599794826101
0.940682851641236
0.940765859545873
0.940848818520904
0.940931728546862
0.941014589603919
0.941097401671886
0.941180164730217
0.941262878758002
0.941345543733971
0.941428159636496
0.941510726443584
0.941593244132887
0.94167571268169
0.941758132066921
0.941840502265146
0.941922823252569
0.942005095005035
0.942087317498028
0.942169490706667
0.942251614605714
0.94233368916957
0.942415714372272
0.942497690187499
0.942579616588566
0.94266149354843
0.942743321039686
0.942825099034567
0.942906827504948
0.94298850642234
0.943070135757895
0.943151715482406
0.943233245566303
0.943314725979657
0.94339615669218
0.943477537673221
0.943558868891772
0.943640150316465
0.94372138191557
0.943802563657001
0.943883695508311
0.943964777436694
0.944045809408985
0.944126791391662
0.944207723350843
0.944288605252289
0.944369437061403
0.94445021874323
0.944530950262459
0.944611631583418
0.944692262670084
0.944772843486074
0.944853373994649
0.944933854158715
0.945014283940821
0.945094663303164
0.945174992207584
0.945255270615565
0.94533549848824
0.945415675786387
0.94549580247043
0.94557587850044
0.945655903836138
0.94573587843689
0.945815802261711
0.945895675269266
0.945975497417868
0.94605526866548
0.946134988969714
0.946214658287836
0.946294276576759
0.946373843793051
0.94645335989293
0.946532824832268
0.946612238566589
0.946691601051072
0.94677091224055
0.946850172089509
0.946929380552094
0.947008537582103
0.947087643132992
0.947166697157874
0.947245699609522
0.947324650440363
0.947403549602487
0.947482397047643
0.947561192727239
0.947639936592347
0.947718628593699
0.947797268681689
0.947875856806375
0.94795439291748
0.948032876964392
0.948111308896162
0.948189688661509
0.948268016208821
0.948346291486149
0.948424514441217
0.948502685021417
0.948580803173811
0.948658868845132
0.948736881981785
0.948814842529849
0.948892750435075
0.948970605642889
0.949048408098393
0.949126157746365
0.94920385453126
0.949281498397212
0.949359089288032
0.949436627147214
0.94951411191793
0.949591543543037
0.949668921965072
0.949746247126259
0.949823518968503
0.949900737433399
0.949977902462226
0.950055013995953
0.950132071975238
0.950209076340427
0.950286027031559
0.950362923988366
0.950439767150272
0.950516556456395
0.950593291845551
0.950669973256251
0.950746600626705
0.95082317389482
0.950899692998205
0.950976157874171
0.951052568459731
0.951128924691602
0.951205226506204
0.951281473839667
0.951357666627827
0.951433804806227
0.951509888310123
0.95158591707448
0.951661891033977
0.951737810123008
0.95181367427568
0.951889483425818
0.951965237506965
0.952040936452383
0.952116580195054
0.952192168667683
0.952267701802699
0.952343179532254
0.95241860178823
0.952493968502232
0.952569279605597
0.952644535029393
0.952719734704418
0.952794878561206
0.952869966530024
0.952944998540877
0.953019974523507
0.953094894407397
0.95316975812177
0.953244565595591
0.953319316757573
0.95339401153617
0.953468649859586
0.953543231655775
0.95361775685244
0.953692225377036
0.953766637156773
0.953840992118617
0.95391529018929
0.953989531295274
0.95406371536281
0.954137842317904
0.954211912086324
0.954285924593605
0.954359879765047
0.954433777525723
0.954507617800474
0.954581400513915
0.954655125590436
0.954728792954203
0.95480240252916
0.954875954239031
0.954949448007322
0.955022883757322
0.955096261412108
0.955169580894542
0.955242842127276
0.955316045032754
0.955389189533211
0.955462275550679
0.955535303006988
0.955608271823764
0.955681181922436
0.955754033224235
0.955826825650198
0.955899559121167
0.955972233557794
0.956044848880543
0.956117405009687
0.956189901865319
0.956262339367347
0.956334717435495
0.956407035989313
0.956479294948172
0.956551494231267
0.956623633757623
0.956695713446094
0.956767733215364
0.956839692983953
0.956911592670216
0.956983432192345
0.957055211468376
0.957126930416183
0.957198588953489
0.95727018699786
0.957341724466716
0.957413201277323
0.957484617346806
0.957555972592142
0.957627266930169
0.957698500277583
0.957769672550945
0.95784078366668
0.957911833541082
0.957982822090313
0.958053749230409
0.958124614877278
0.958195418946707
0.958266161354361
0.958336842015789
0.95840746084642
0.958478017761574
0.958548512676457
0.958618945506167
0.958689316165695
0.95875962456993
0.958829870633659
0.958900054271569
0.958970175398253
0.959040233928206
0.959110229775837
0.959180162855462
0.959250033081313
0.959319840367537
0.9593895846282
0.959459265777289
0.959528883728717
0.959598438396321
0.959667929693868
0.959737357535056
0.959806721833519
0.959876022502827
0.959945259456489
0.960014432607955
0.960083541870624
0.960152587157839
0.960221568382892
0.960290485459033
0.960359338299462
0.96042812681734
0.960496850925789
0.960565510537893
0.960634105566705
0.960702635925244
0.960771101526503
0.960839502283448
0.960907838109025
0.960976108916158
0.961044314617752
0.961112455126703
0.96118053035589
0.961248540218188
0.961316484626461
0.961384363493575
0.961452176732392
0.961519924255779
0.961587605976606
0.961655221807755
0.961722771662115
0.961790255452592
0.961857673092107
0.961925024493603
0.961992309570043
0.962059528234417
0.962126680399744
0.962193765979074
0.962260784885491
0.962327737032116
0.962394622332111
0.962461440698682
0.962528192045078
0.962594876284601
0.962661493330602
0.962728043096489
0.962794525495726
0.962860940441841
0.962927287848424
0.962993567629131
0.963059779697691
0.963125923967903
0.963192000353645
0.963258008768871
0.96332394912762
0.963389821344015
0.963455625332265
0.963521361006675
0.963587028281641
0.963652627071657
0.963718157291317
0.96378361885532
0.963849011678471
0.963914335675684
0.963979590761986
0.964044776852522
0.964109893862553
0.964174941707464
0.964239920302765
0.964304829564092
0.964369669407217
0.964434439748043
0.964499140502612
0.964563771587107
0.964628332917854
0.964692824411328
0.964757245984153
0.964821597553106
0.964885879035121
0.964950090347293
0.965014231406878
0.9650783021313
0.965142302438151
0.965206232245196
0.965270091470374
0.965333880031806
0.965397597847792
0.965461244836818
0.965524820917559
0.965588326008882
0.965651760029847
0.965715122899713
0.965778414537939
0.965841634864191
0.965904783798339
0.965967861260467
0.96603086717087
0.966093801450062
0.966156664018777
0.966219454797973
0.966282173708833
0.966344820672771
0.966407395611436
0.96646989844671
0.966532329100717
0.966594687495822
0.96665697355464
0.966719187200029
0.966781328355106
0.966843396943238
0.966905392888056
0.966967316113448
0.967029166543572
0.967090944102852
0.967152648715984
0.96721428030794
0.967275838803969
0.967337324129602
0.967398736210654
0.96746007497323
0.967521340343724
0.967582532248824
0.967643650615518
0.967704695371091
0.967765666443135
0.967826563759549
0.967887387248539
0.967948136838628
0.968008812458656
0.968069414037779
0.96812994150548
0.968190394791567
0.968250773826177
0.968311078539779
0.968371308863181
0.968431464727526
0.968491546064303
0.968551552805342
0.968611484882827
0.968671342229288
0.968731124777615
0.968790832461052
0.968850465213207
0.968910022968051
0.968969505659923
0.969028913223532
0.969088245593962
0.969147502706672
0.969206684497504
0.969265790902679
0.969324821858809
0.969383777302892
0.96944265717232
0.96950146140488
0.969560189938758
0.969618842712542
0.969677419665225
0.969735920736207
0.969794345865301
0.969852694992732
0.969910968059143
0.969969165005598
0.970027285773584
0.970085330305014
0.97014329854223
0.970201190428008
0.970259005905557
0.970316744918526
0.970374407411007
0.970431993327533
0.970489502613087
0.970546935213102
0.970604291073464
0.970661570140516
0.970718772361059
0.970775897682358
0.970832946052143
0.970889917418612
0.970946811730433
0.97100362893675
0.971060368987182
0.97111703183183
0.971173617421277
0.97123012570659
0.971286556639327
0.971342910171537
0.971399186255761
0.97145538484504
0.971511505892913
0.971567549353423
0.971623515181118
0.971679403331055
0.971735213758801
0.971790946420438
0.971846601272564
0.971902178272298
0.97195767737728
0.972013098545675
0.972068441736177
0.972123706908009
0.972178894020929
0.972234003035228
0.972289033911738
0.972343986611832
0.972398861097427
0.972453657330986
0.97250837527552
0.972563014894595
0.972617576152329
0.972672059013398
0.972726463443038
0.972780789407046
0.972835036871786
0.972889205804186
0.972943296171747
0.972997307942541
0.973051241085216
0.973105095568997
0.973158871363688
0.973212568439676
0.973266186767934
0.973319726320021
0.973373187068086
0.973426568984871
0.973479872043712
0.973533096218542
0.973586241483893
0.9736393078149
0.973692295187301
0.973745203577441
0.973798032962273
0.973850783319362
0.973903454626886
0.973956046863639
0.974008560009031
0.974060994043096
0.974113348946487
0.974165624700482
0.974217821286987
0.974269938688537
0.974321976888298
0.974373935870068
0.974425815618281
0.974477616118011
0.974529337354969
0.974580979315507
0.974632541986625
0.974684025355965
0.974735429411819
0.974786754143128
0.974837999539486
0.974889165591139
0.974940252288993
0.974991259624607
0.975042187590204
0.975093036178667
0.975143805383542
0.975194495199043
0.97524510562005
0.975295636642112
0.975346088261451
0.97539646047496
0.975446753280208
0.975496966675441
0.975547100659583
0.975597155232238
0.975647130393692
0.975697026144916
0.975746842487565
0.975796579423982
0.975846236957198
0.975895815090934
0.975945313829604
0.975994733178317
0.976044073142874
0.976093333729776
0.976142514946221
0.976191616800106
0.976240639300033
0.976289582455303
0.976338446275923
0.976387230772608
0.976435935956777
0.976484561840562
0.976533108436801
0.976581575759047
0.976629963821564
0.976678272639333
0.976726502228048
0.976774652604123
0.976822723784687
0.976870715787593
0.976918628631411
0.976966462335437
0.977014216919687
0.977061892404905
0.977109488812559
0.977157006164845
0.977204444484687
0.977251803795739
0.977299084122384
0.97734628548974
0.977393407923653
0.977440451450708
0.977487416098221
0.977534301894247
0.977581108867576
0.977627837047735
0.977674486464994
0.977721057150359
0.977767549135579
0.977813962453143
0.977860297136285
0.97790655321898
0.977952730735951
0.977998829722662
0.978044850215327
0.978090792250904
0.9781366558671
0.978182441102371
0.978228147995922
0.978273776587707
0.978319326918432
0.978364799029554
0.978410192963282
0.978455508762577
0.978500746471155
0.978545906133486
0.978590987794792
0.978635991501054
0.978680917299007
0.978725765236141
0.978770535360705
0.978815227721705
0.978859842368904
0.978904379352826
0.97894883872475
0.978993220536717
0.979037524841527
0.97908175169274
0.979125901144678
0.979169973252422
0.979213968071816
0.979257885659463
0.979301726072731
0.979345489369748
0.979389175609407
0.979432784851362
0.979476317156029
0.979519772584591
0.979563151198991
0.979606453061938
0.979649678236903
0.979692826788123
0.979735898780598
0.979778894280094
0.979821813353139
0.979864656067027
0.979907422489818
0.979950112690335
0.979992726738166
0.980035264703664
0.980077726657948
0.980120112672901
0.980162422821171
0.98020465717617
0.980246815812076
0.980288898803832
0.980330906227145
0.980372838158486
0.980414694675093
0.980456475854965
0.980498181776868
0.980539812520332
0.980581368165648
0.980622848793875
0.980664254486832
0.980705585327105
0.980746841398039
0.980788022783745
0.980829129569095
0.980870161839726
0.980911119682035
0.98095200318318
0.980992812431084
0.981033547514428
0.981074208522654
0.981114795545969
0.981155308675334
0.981195748002475
0.981236113619875
0.981276405620777
0.981316624099181
0.981356769149848
0.981396840868295
0.981436839350798
0.981476764694389
0.981516616996855
0.981556396356743
0.981596102873352
0.981635736646738
0.98167529777771
0.981714786367834
0.981754202519427
0.98179354633556
0.981832817920055
0.981872017377489
0.981911144813188
0.98195020033323
0.981989184044441
0.9820280960544
0.982066936471434
0.982105705404615
0.982144402963768
0.982183029259463
0.982221584403014
0.982260068506486
0.982298481682686
0.982336824045165
0.98237509570822
0.98241329678689
0.982451427396959
0.982489487654948
0.982527477678125
0.982565397584495
0.982603247492803
0.982641027522535
0.982678737793914
0.9827163784279
0.982753949546192
0.982791451271225
0.982828883726168
0.982866247034925
0.982903541322137
0.982940766713174
0.982977923334142
0.983015011311877
0.983052030773948
0.983088981848651
0.983125864665014
0.983162679352795
0.983199426042478
0.983236104865274
0.983272715953122
0.983309259438686
0.983345735455356
0.983382144137244
0.983418485619189
0.983454760036749
0.983490967526206
0.983527108224563
0.983563182269544
0.983599189799591
0.983635130953867
0.983671005872251
0.983706814695341
0.98374255756445
0.98377823462161
0.983813846009564
0.983849391871773
0.98388487235241
0.98392028759636
0.983955637749222
0.983990922957305
0.984026143367631
0.984061299127928
0.984096390386638
0.984131417292908
0.984166379996595
0.984201278648261
0.984236113399176
0.984270884401316
0.984305591807362
0.984340235770699
0.984374816445416
0.984409333986304
0.984443788548859
0.984478180289276
0.984512509364454
0.984546775931991
0.984580980150184
0.984615122178033
0.984649202175233
0.984683220302178
0.984717176719963
0.984751071590375
0.984784905075903
0.984818677339727
0.984852388545726
0.984886038858473
0.984919628443236
0.984953157465976
0.984986626093349
0.985020034492704
0.985053382832081
0.985086671280216
0.985119900006533
0.98515306918115
0.985186178974876
0.985219229559212
0.985252221106346
0.98528515378916
0.985318027781224
0.985350843256799
0.985383600390834
0.985416299358969
0.985448940337531
0.985481523503538
0.985514049034696
0.985546517109398
0.985578927906728
0.985611281606456
0.985643578389042
0.985675818435633
0.985708001928065
0.985740129048862
0.985772199981235
0.985804214909085
0.985836174017
0.985868077490257
0.985899925514822
0.985931718277349
0.98596345596518
0.985995138766347
0.986026766869573
0.986058340464266
0.98608985974053
0.986121324889152
0.986152736101617
0.986184093570095
0.98621539748745
0.986246648047237
0.986277845443705
0.986308989871793
0.986340081527136
0.98637112060606
0.986402107305589
0.986433041823439
0.986463924358024
0.986494755108453
0.986525534274534
0.986556262056773
0.986586938656373
0.98661756427524
0.986648139115979
0.986678663381896
0.986709137277002
0.986739561006009
0.986769934774338
0.986800258788112
0.986830533254163
0.986860758380032
0.98689093437397
0.986921061444936
0.986951139802605
0.986981169657363
0.987011151220314
0.987041084703276
0.987070970318787
0.987100808280105
0.987130598801207
0.987160342096796
0.9871900383823
0.987219687873871
0.987249290788391
0.987278847343474
0.987308357757465
0.987337822249442
0.987367241039223
0.987396614347362
0.987425942395153
0.987455225404637
0.987484463598597
0.987513657200564
0.987542806434821
0.987571911526401
0.987600972701094
0.987629990185448
0.98765896420677
0.987687894993131
0.987716782773367
0.987745627777085
0.987774430234662
0.98780319037725
0.987831908436778
0.987860584645958
0.987889219238285
0.98791781244804
0.987946364510298
0.987974875660925
0.988003346136587
0.988031776174751
0.988060166013686
0.988088515892474
0.988116826051008
0.988145096729994
0.988173328170964
0.988201520616269
0.988229674309093
0.98825778949345
0.988285866414191
0.988313905317009
0.988341906448443
0.988369870055883
0.988397796387572
0.988425685692615
0.98845353822098
0.988481354223506
0.988509133951904
0.988536877658768
0.988564585597574
0.98859225802269
0.988619895189378
0.988647497353803
0.988675064773034
0.988702597705054
0.988730096408763
0.988757561143988
0.988784992171482
0.988812389752936
0.988839754150984
0.988867085629208
0.988894384452144
0.988921650885292
0.988948885195119
0.988976087649067
0.98900325851556
0.989030398064012
0.989057506564834
0.989084584289437
0.989111631510246
0.989138648500704
0.98916563553528
0.989192592889475
0.989219520839834
0.98924641966395
0.989273289640476
0.989300131049129
0.989326944170702
0.98935372928707
0.989380486681201
0.989407216637164
0.989433919440137
0.989460595376416
0.989487244733426
0.989513867799731
0.989540464865041
0.989567036220222
0.989593582157307
0.989620102969508
0.989646598951222
0.989673070398045
0.989699517606778
0.989725940875444
0.989752340503294
0.98977871679082
0.989805070039765
0.989831400553136
0.989857708635215
0.989883994591569
0.989910258729065
0.98993650135588
0.989962722781513
0.989988923316798
0.990015103273918
0.990041262966417
0.990067402709211
0.990093522818605
0.990119623612304
0.990145705409426
0.990171768530518
0.990197813297569
0.990223840034024
0.9902498490648
0.990275840716297
0.99030181531642
0.990327773194585
0.990353714681741
0.990379640110385
0.990405549814574
0.990431444129946
0.990457323393732
0.990483187944777
0.99050903812355
0.990534874272171
0.990560696734419
0.990586505855753
0.990612301983334
0.990638085466034
0.990663856654464
0.990689615900987
0.990715363559736
0.990741099986638
0.99076682553943
0.990792540577681
0.990818245462806
0.990843940558097
0.990869626228734
0.990895302841811
0.990920970766354
0.990946630373348
0.990972282035751
0.990997926128524
0.991023563028649
0.991049193115151
0.991074816769127
0.991100434373762
0.991126046314359
0.991151652978359
0.991177254755368
0.991202852037183
0.991228445217814
0.99125403469351
0.99127962086279
0.991305204126462
0.991330784887656
0.99135636355185
0.991381940526892
0.991407516223037
0.99143309105297
0.991458665431835
0.991484239777264
0.991509814509411
0.991535390050976
0.99156096682724
0.991586545266095
0.991612125798074
0.991637708856384
0.99166329487694
0.991688884298396
0.991714477562176
0.991740075112515
0.991765677396485
0.991791284864038
0.991816897968034
0.99184251716428
0.991868142911571
0.991893775671718
0.991919415909592
0.991945064093161
0.991970720693527
0.991996386184966
0.992022061044971
0.992047745754285
0.992073440796949
0.992099146660341
0.992124863835219
0.992150592815761
0.992176334099613
0.992202088187929
0.992227855585419
0.992253636800393
0.992279432344808
0.992305242734312
0.992331068488295
0.992356910129938
0.992382768186258
0.99240864318816
0.992434535670487
0.992460446172074
0.992486375235794
0.992512323408618
0.992538291241663
0.99256427929025
0.992590288113955
0.992616318276672
0.992642370346662
0.992668444896617
0.992694542503717
0.992720663749687
0.99274680922086
0.99277297950824
0.99279917520756
0.992825396919348
0.992851645248994
0.992877920806808
0.992904224208094
0.992930556073213
0.992956917027653
0.992983307702096
0.993009728732494
0.993036180760134
0.993062664431716
0.993089180399423
0.993115729320998
0.993142311859822
0.993168928684988
0.99319558047138
0.993222267899756
0.993248991656826
0.993275752435335
0.993302550934148
0.993329387858334
0.993356263919251
0.993383179834638
0.9934101363287
0.993437134132199
0.993464173982548
0.993491256623903
0.99351838280726
0.993545553290548
0.993572768838729
0.993600030223898
0.993627338225385
0.993654693629855
0.993682097231414
0.993709549831717
0.993737052240073
0.993764605273557
0.99379220975712
0.993819866523703
0.993847576414352
0.993875340278335
0.993903158973261
0.993931033365201
0.993958964328812
0.993986952747459
0.994014999513345
0.99404310552764
0.994071271700609
0.994099498951749
0.994127788209924
0.994156140413501
0.994184556510493
0.994213037458699
0.994241584225852
0.994270197789763
0.994298879138473
0.994327629270406
0.994356449194521
0.994385339930474
0.994414302508776
0.994443337970954
0.994472447369723
0.994501631769146
0.994530892244814
0.994560229884015
0.994589645785916
0.994619141061738
0.994648716834945
0.994678374241426
0.994708114429692
0.994737938561061
0.994767847809863
0.994797843363633
0.99482792642332
0.994858098203492
0.994888359932547
0.99491871285293
0.994949158221346
0.994979697308989
0.995010331401764
0.995041061800518
0.995071889821275
0.995102816795476
0.995133844070217
0.995164973008501
0.995196204989488
0.99522754140875
0.995258983678535
0.995290533228027
0.995322191503621
0.995353959969196
0.995385840106396
0.995417833414914
0.995449941412785
0.995482165636676
0.995514507642196
0.995546969004194
0.995579551317078
0.995612256195126
0.99564508527282
0.995678040205163
0.995711122668029
0.995744334358495
0.995777676995193
0.995811152318666
0.99584476209173
0.995878508099843
0.995912392151476
0.995946416078504
0.995980581736589
0.996014891005579
0.996049345789915
0.996083948019042
0.996118699647829
0.996153602656999
0.996188659053563
0.996223870871269
0.996259240171052
0.996294769041498
0.996330459599315
0.996366313989815
0.9964023343874
0.996438522996065
0.996474882049905
0.996511413813636
0.996548120583121
0.996585004685912
0.9966220684818
0.996659314363375
0.996696744756599
0.996734362121387
0.996772168952206
0.996810167778681
0.996848361166209
0.996886751716598
0.996925342068706
0.996964134899098
0.997003132922719
0.997042338893574
0.997081755605431
0.997121385892527
0.997161232630295
0.99720129873611
0.997241587170038
0.997282100935615
0.997322843080626
0.997363816697916
0.997405024926207
0.997446470950932
0.997488158005098
0.997530089370148
0.997572268376859
0.997614698406246
0.997657382890493
0.9977003253139
0.997743529213847
0.997786998181786
0.997830735864246
0.997874745963864
0.99791903224044
0.997963598512002
0.998008448655913
0.998053586609985
0.998099016373625
0.998144742009003
0.998190767642248
0.998237097464664
0.998283735733982
0.998330686775625
0.998377954984015
0.9984255448239
0.998473460831712
0.998521707616953
0.998570289863616
0.998619212331632
0.998668479858352
0.998718097360062
0.998768069833528
0.998818402357579
0.998869100094725
0.998920168292808
0.998971612286695
0.9990234375
