0.0009765625
0.00179509291972619
0.00261043272114011
0.0034225989616515
0.00423160859224638
0.00503747845823708
0.00584022530000792
0.00663986575375408
0.00743641635221507
0.00822989352540236
0.00902031360132153
0.00980769280668871
0.0105920472676415
0.0113733930104445
0.0121517459621889
0.0129271219514877
0.0136995367091642
0.0144690058689364
0.0152355449680952
0.0159991694481779
0.0167598946556367
0.0175177358425011
0.0182727081670365
0.0190248266943965
0.0197741063972708
0.0205205621565287
0.0212642087618563
0.02200506091239
0.0227431332173446
0.0234784401966366
0.0242109962815027
0.0249408158151142
0.0256679130531857
0.0263923021645796
0.0271139972319066
0.0278330122521205
0.0285493611371093
0.0292630577142813
0.0299741157271471
0.0306825488358972
0.0313883706179746
0.0320915945686439
0.0327922341015554
0.0334903025493054
0.0341858131639919
0.034878779117766
0.0355692135033801
0.0362571293347303
0.0369425395473962
0.0376254569991758
0.0383058944706166
0.038983864665543
0.0396593802115787
0.0403324536606665
0.0410030974895833
0.0416713241004516
0.0423371458212469
0.0430005749063015
0.043661623536804
0.0443203038212964
0.0449766277961657
0.0456306074261331
0.0462822546047391
0.0469315811548246
0.0475785988290094
0.0482233193101657
0.0488657542118896
0.049505915078968
0.0501438133878423
0.0507794605470689
0.0514128678977757
0.0520440467141162
0.0526730082037189
0.0532997635081345
0.0539243237032792
0.0545466997998746
0.0551669027438851
0.0557849434169509
0.056400832636819
0.0570145811577698
0.0576261996710418
0.058235698805252
0.0588430891268142
0.0594483811403533
0.060051585289117
0.0606527119553849
0.0612517714608734
0.061848774067139
0.0624437299759775
0.0630366493298211
0.0636275422121319
0.0642164186477925
0.0648032886034952
0.0653881619881259
0.0659710486531473
0.0665519583929782
0.0671309009453701
0.0677078859917815
0.0682829231577492
0.0688560220132567
0.0694271920731002
0.0699964427972518
0.0705637835912202
0.0711292238064084
0.0716927727404692
0.0722544396376578
0.0728142336891822
0.0733721640335508
0.0739282397569171
0.0744824698934232
0.0750348634255387
0.0755854292843996
0.0761341763501426
0.0766811134522382
0.0772262493698211
0.0777695928320183
0.0783111525182744
0.0788509370586751
0.079388955034268
0.0799252149773814
0.0804597253719402
0.0809924946537805
0.081523531210961
0.0820528433840725
0.0825804394665458
0.0831063277049557
0.0836305162993249
0.0841530134034245
0.0846738271250722
0.0851929655264292
0.0857104366242944
0.0862262483903963
0.0867404087516837
0.0872529255906131
0.0877638067454352
0.0882730600104788
0.0887806931364324
0.0892867138306244
0.0897911297573009
0.0902939485379018
0.0907951777513346
0.0912948249342466
0.0917928975812948
0.0922894031454144
0.0927843490380847
0.0932777426295937
0.0937695912493009
0.0942599021858972
0.0947486826876647
0.0952359399627328
0.0957216811793339
0.0962059134660568
0.0966886439120978
0.0971698795675111
0.0976496274434565
0.0981278945124456
0.0986046877085868
0.0990800139278278
0.099553880028197
0.100026292830042
0.10049725911627
0.100966785632579
0.101434879087698
0.101901546153617
0.102366793465817
0.1028306276235
0.103293055189821
0.103754082692108
0.10421371662209
0.104671963436124
0.105128829555407
0.105584321366207
0.106038445220072
0.106491207434055
0.106942614290925
0.107392672039381
0.107841386894266
0.108288765036778
0.10873481261468
0.109179535742506
0.109622940501771
0.110065032941172
0.110505819076797
0.110945304892322
0.111383496339218
0.111820399336946
0.112256019773155
0.112690363503884
0.113123436353752
0.113555244116156
0.113985792553461
0.114415087397194
0.114843134348234
0.115269939076997
0.11569550722363
0.116119844398193
0.116542956180846
0.116964848122029
0.117385525742652
0.117804994534268
0.118223259959259
0.118640327451013
0.1190562024141
0.119470890224449
0.119884396229527
0.120296725748507
0.120707884072445
0.12111787646445
0.121526708159856
0.121934384366387
0.122340910264332
0.122746291006706
0.123150531719419
0.123553637501439
0.123955613424958
0.124356464535552
0.124756195852344
0.125154812368163
0.125552319049706
0.125948720837693
0.126344022647024
0.12673822936694
0.127131345861172
0.127523376968097
0.127914327500893
0.128304202247688
0.128693005971713
0.129080743411451
0.129467419280785
0.129853038269147
0.130237605041664
0.130621124239306
0.131003600479027
0.131385038353914
0.131765442433324
0.132144817263033
0.13252316736537
0.132900497239361
0.133276811360869
0.133652114182729
0.134026410134889
0.134399703624544
0.13477199903627
0.135143300732165
0.135513613051974
0.135882940313229
0.136251286811377
0.136618656819913
0.136985054590509
0.137350484353144
0.137714950316232
0.138078456666751
0.138441007570367
0.138802607171564
0.139163259593765
0.139522968939457
0.13988173929032
0.14023957470734
0.14059647923094
0.140952456881096
0.141307511657457
0.141661647539467
0.142014868486484
0.142367178437893
0.142718581313231
0.143069081012295
0.143418681415264
0.143767386382811
0.144115199756215
0.144462125357482
0.144808166989447
0.145153328435895
0.145497613461666
0.14584102581277
0.146183569216494
0.14652524738151
0.146866063997987
0.147206022737695
0.147545127254113
0.147883381182537
0.148220788140181
0.148557351726289
0.148893075522231
0.149227963091613
0.149562017980373
0.149895243716893
0.150227643812089
0.150559221759521
0.150889981035489
0.151219925099131
0.151549057392525
0.151877381340788
0.152204900352169
0.152531617818149
0.152857537113539
0.153182661596572
0.153506994608999
0.153830539476186
0.154153299507205
0.154475277994929
0.154796478216125
0.155116903431542
0.155436556886009
0.155755441808521
0.156073561412332
0.156390918895042
0.156707517438688
0.157023360209835
0.157338450359658
0.157652791024035
0.157966385323633
0.158279236363989
0.158591347235606
0.158902721014026
0.159213360759927
0.159523269519198
0.159832450323026
0.16014090618798
0.160448640116092
0.160755655094941
0.161061954097733
0.161367540083381
0.161672415996588
0.161976584767926
0.162280049313915
0.162582812537104
0.162884877326146
0.16318624655588
0.163486923087404
0.163786909768158
0.164086209431994
0.164384824899257
0.164682758976858
0.164980014458352
0.165276594124008
0.165572500740888
0.165867737062918
0.16616230583096
0.16645620977289
0.166749451603664
0.167042034025395
0.167333959727421
0.167625231386377
0.167915851666269
0.168205823218537
0.168495148682131
0.168783830683579
0.169071871837051
0.169359274744434
0.169646041995398
0.169932176167461
0.170217679826057
0.170502555524606
0.170786805804576
0.171070433195551
0.171353440215297
0.171635829369825
0.171917603153458
0.172198764048894
0.17247931452727
0.172759257048225
0.173038594059964
0.173317327999321
0.17359546129182
0.173872996351737
0.174149935582163
0.174426281375065
0.174702036111344
0.174977202160898
0.175251781882685
0.175525777624773
0.175799191724412
0.176072026508082
0.176344284291558
0.176615967379965
0.17688707806784
0.177157618639184
0.177427591367523
0.177696998515964
0.177965842337249
0.178234125073818
0.178501848957855
0.178769016211352
0.179035629046159
0.179301689664041
0.179567200256733
0.179832163005992
0.180096580083651
0.180360453651674
0.18062378586221
0.180886578857642
0.181148834770644
0.181410555724227
0.1816717438318
0.181932401197213
0.182192529914812
0.182452132069489
0.182711209736736
0.18296976498269
0.183227799864185
0.183485316428804
0.183742316714925
0.183998802751774
0.184254776559468
0.184510240149071
0.184765195522636
0.185019644673255
0.185273589585108
0.18552703223351
0.185779974584955
0.186032418597167
0.186284366219145
0.186535819391209
0.186786780045043
0.187037250103748
0.187287231481881
0.187536726085502
0.18778573581222
0.188034262551237
0.18828230818339
0.1885298745812
0.188776963608912
0.18902357712254
0.189269716969909
0.1895153849907
0.189760583016491
0.190005312870801
0.190249576369133
0.190493375319012
0.190736711520031
0.190979586763892
0.191222002834444
0.191463961507729
0.191705464552018
0.191946513727857
0.192187110788101
0.192427257477958
0.19266695553503
0.192906206689349
0.19314501266342
0.193383375172255
0.193621295923419
0.193858776617064
0.194095818945967
0.194332424595572
0.194568595244025
0.194804332562211
0.195039638213796
0.195274513855259
0.195508961135935
0.195742981698046
0.19597657717674
0.196209749200131
0.196442499389329
0.196674829358482
0.196906740714807
0.197138235058629
0.197369313983415
0.197599979075811
0.197830231915673
0.198060074076106
0.198289507123497
0.19851853261755
0.198747152111319
0.198975367151243
0.199203179277181
0.199430590022442
0.199657600913823
0.199884213471638
0.200110429209755
0.200336249635627
0.200561676250324
0.200786710548565
0.201011354018754
0.201235608143009
0.201459474397194
0.201682954250951
0.201906049167733
0.202128760604835
0.202351090013422
0.202573038838567
0.202794608519272
0.203015800488509
0.203236616173244
0.203457056994467
0.203677124367229
0.203896819700662
0.204116144398018
0.204335099856692
0.204553687468256
0.204771908618487
0.204989764687392
0.205207257049245
0.20542438707261
0.205641156120369
0.205857565549756
0.20607361671238
0.206289310954254
0.206504649615827
0.206719634032008
0.206934265532192
0.207148545440294
0.207362475074771
0.20757605574865
0.207789288769557
0.208002175439743
0.208214717056108
0.208426914910235
0.208638770288406
0.208850284471639
0.209061458735707
0.209272294351164
0.209482792583378
0.209692954692546
0.209902781933731
0.210112275556878
0.210321436806845
0.210530266923424
0.210738767141372
0.210946938690428
0.211154782795345
0.211362300675911
0.211569493546972
0.211776362618461
0.211982909095418
0.212189134178015
0.212395039061583
0.21260062493663
0.21280589298887
0.213010844399244
0.213215480343944
0.213419801994436
0.213623810517483
0.213827507075168
0.214030892824918
0.214233968919526
0.214436736507173
0.21463919673145
0.214841350731383
0.215043199641453
0.215244744591619
0.21544598670734
0.215646927109595
0.21584756691491
0.216047907235372
0.216247949178657
0.216447693848049
0.216647142342461
0.216846295756456
0.217045155180268
0.217243721699826
0.217441996396769
0.217639980348473
0.217837674628068
0.218035080304457
0.21823219844234
0.218429030102234
0.21862557634049
0.218821838209315
0.219017816756793
0.219213513026904
0.219408928059541
0.219604062890535
0.219798918551669
0.219993496070701
0.220187796471383
0.220381820773479
0.220575569992783
0.220769045141141
0.220962247226467
0.221155177252766
0.221347836220145
0.221540225124841
0.221732344959233
0.22192419671186
0.222115781367444
0.222307099906906
0.222498153307381
0.222688942542242
0.222879468581111
0.223069732389883
0.223259734930739
0.223449477162167
0.223638960038978
0.223828184512321
0.224017151529707
0.224205862035019
0.224394316968531
0.22458251726693
0.224770463863325
0.224958157687271
0.225145599664781
0.225332790718344
0.225519731766943
0.225706423726069
0.22589286750774
0.226079064020516
0.226265014169515
0.226450718856428
0.226636178979539
0.226821395433737
0.227006369110534
0.227191100898078
0.227375591681174
0.227559842341294
0.227743853756595
0.227927626801938
0.228111162348895
0.228294461265771
0.228477524417619
0.228660352666252
0.228842946870258
0.229025307885019
0.229207436562723
0.229389333752378
0.229571000299829
0.229752437047771
0.229933644835765
0.23011462450025
0.230295376874562
0.230475902788942
0.230656203070556
0.230836278543507
0.231016130028848
0.231195758344599
0.231375164305756
0.231554348724311
0.231733312409261
0.231912056166625
0.232090580799456
0.232268887107853
0.232446975888979
0.232624847937072
0.232802504043455
0.232979944996557
0.233157171581918
0.23333418458221
0.233510984777243
0.233687572943983
0.233863949856562
0.234040116286295
0.234216073001687
0.234391820768449
0.234567360349514
0.234742692505042
0.234917817992438
0.235092737566366
0.235267451978756
0.235441961978819
0.235616268313061
0.235790371725293
0.235964272956644
0.236137972745574
0.236311471827884
0.23648477093673
0.236657870802633
0.236830772153492
0.237003475714599
0.237175982208643
0.237348292355729
0.237520406873387
0.237692326476583
0.237864051877731
0.238035583786704
0.238206922910847
0.238378069954986
0.238549025621443
0.238719790610042
0.238890365618125
0.239060751340559
0.23923094846975
0.239400957695655
0.239570779705789
0.239740415185238
0.239909864816671
0.240079129280348
0.240248209254134
0.240417105413506
0.240585818431569
0.240754348979058
0.240922697724358
0.241090865333509
0.241258852470216
0.241426659795862
0.241594287969518
0.24176173764795
0.241929009485634
0.242096104134762
0.242263022245254
0.242429764464769
0.242596331438712
0.242762723810248
0.242928942220307
0.243094987307597
0.243260859708616
0.243426560057655
0.243592088986814
0.243757447126008
0.243922635102979
0.244087653543304
0.244252503070403
0.244417184305554
0.244581697867896
0.24474604437444
0.244910224440083
0.24507423867761
0.245238087697709
0.245401772108977
0.24556529251793
0.245728649529012
0.245891843744605
0.246054875765037
0.246217746188589
0.246380455611508
0.246543004628013
0.246705393830306
0.246867623808576
0.247029695151014
0.247191608443817
0.247353364271201
0.247514963215402
0.247676405856693
0.247837692773389
0.247998824541854
0.24815980173651
0.248320624929848
0.248481294692434
0.248641811592917
0.248802176198038
0.248962389072639
0.249122450779669
0.249282361880194
0.249442122933406
0.249601734496627
0.249761197125321
0.2499205113731
0.250079677791733
0.250238696931152
0.250397569339463
0.250556295562951
0.250714876146087
0.250873311631542
0.251031602560184
0.251189749471097
0.25134775290158
0.25150561338716
0.251663331461596
0.251820907656889
0.251978342503287
0.252135636529297
0.252292790261685
0.252449804225491
0.25260667894403
0.252763414938905
0.25292001273001
0.253076472835539
0.253232795771991
0.253388982054182
0.253545032195247
0.253700946706649
0.253856726098188
0.254012370878004
0.254167881552587
0.254323258626784
0.254478502603802
0.25463361398522
0.254788593270994
0.254943440959463
0.255098157547354
0.255252743529794
0.255407199400313
0.255561525650848
0.255715722771758
0.255869791251821
0.256023731578247
0.256177544236682
0.256331229711217
0.25648478848439
0.256638221037196
0.256791527849093
0.256944709398005
0.257097766160335
0.257250698610966
0.257403507223266
0.257556192469101
0.257708754818835
0.257861194741339
0.258013512703995
0.258165709172707
0.258317784611899
0.258469739484531
0.258621574252096
0.258773289374631
0.258924885310723
0.259076362517513
0.259227721450702
0.259378962564558
0.259530086311923
0.259681093144216
0.25983198351144
0.259982757862188
0.26013341664365
0.260283960301616
0.260434389280484
0.260584704023265
0.260734904971586
0.260884992565703
0.261034967244496
0.261184829445485
0.261334579604829
0.261484218157331
0.26163374553645
0.2617831621743
0.261932468501658
0.262081664947968
0.262230751941349
0.262379729908598
0.262528599275198
0.262677360465319
0.262826013901826
0.262974560006286
0.263122999198969
0.263271331898858
0.263419558523649
0.263567679489759
0.263715695212334
0.263863606105247
0.264011412581109
0.264159115051273
0.264306713925837
0.26445420961365
0.264601602522319
0.264748893058208
0.264896081626453
0.265043168630956
0.265190154474397
0.265337039558237
0.265483824282721
0.265630509046888
0.265777094248567
0.265923580284392
0.266069967549799
0.266216256439032
0.266362447345154
0.266508540660043
0.266654536774402
0.266800436077761
0.266946238958485
0.267091945803774
0.267237556999671
0.267383072931066
0.2675284939817
0.267673820534169
0.26781905296993
0.267964191669302
0.268109237011477
0.268254189374517
0.268399049135363
0.26854381666984
0.268688492352656
0.268833076557413
0.268977569656606
0.269121972021633
0.269266284022791
0.269410506029288
0.269554638409245
0.269698681529698
0.269842635756604
0.269986501454846
0.270130278988234
0.270273968719514
0.270417571010367
0.270561086221417
0.270704514712233
0.270847856841333
0.27099111296619
0.271134283443235
0.271277368627859
0.271420368874419
0.271563284536243
0.271706115965632
0.271848863513864
0.271991527531199
0.272134108366884
0.272276606369152
0.272419021885232
0.272561355261347
0.272703606842725
0.272845776973596
0.272987865997197
0.273129874255781
0.273271802090614
0.273413649841982
0.273555417849196
0.273697106450593
0.273838715983541
0.273980246784442
0.274121699188736
0.274263073530907
0.274404370144481
0.274545589362035
0.274686731515199
0.274827796934658
0.274968785950157
0.275109698890504
0.275250536083574
0.275391297856313
0.275531984534738
0.275672596443948
0.275813133908117
0.275953597250508
0.276093986793468
0.276234302858437
0.276374545765949
0.276514715835634
0.276654813386226
0.276794838735561
0.276934792200582
0.277074674097347
0.277214484741024
0.277354224445901
0.277493893525386
0.277633492292011
0.277773021057437
0.277912480132453
0.278051869826984
0.278191190450091
0.278330442309974
0.278469625713979
0.278608740968596
0.278747788379466
0.278886768251382
0.279025680888294
0.279164526593309
0.279303305668698
0.279442018415895
0.279580665135504
0.279719246127299
0.279857761690228
0.279996212122418
0.280134597721173
0.280272918782983
0.280411175603523
0.280549368477656
0.280687497699439
0.280825563562123
0.280963566358156
0.281101506379188
0.281239383916072
0.281377199258867
0.281514952696841
0.281652644518477
0.28179027501147
0.281927844462733
0.282065353158402
0.282202801383834
0.282340189423612
0.282477517561551
0.282614786080694
0.282751995263321
0.282889145390948
0.283026236744331
0.283163269603469
0.283300244247606
0.283437160955235
0.283574020004097
0.28371082167119
0.283847566232764
0.283984253964331
0.284120885140662
0.284257460035792
0.284393978923024
0.284530442074928
0.284666849763347
0.284803202259397
0.284939499833472
0.285075742755243
0.285211931293664
0.285348065716975
0.285484146292699
0.285620173287652
0.285756146967938
0.285892067598958
0.286027935445409
0.286163750771286
0.286299513839886
0.28643522491381
0.286570884254966
0.286706492124571
0.28684204878315
0.286977554490544
0.287113009505911
0.287248414087726
0.287383768493782
0.287519072981199
0.287654327806421
0.287789533225217
0.287924689492689
0.288059796863269
0.288194855590726
0.288329865928163
0.288464828128022
0.288599742442089
0.28873460912149
0.288869428416699
0.289004200577538
0.289138925853176
0.289273604492139
0.289408236742303
0.289542822850903
0.289677363064534
0.289811857629148
0.289946306790065
0.290080710791967
0.290215069878904
0.290349384294297
0.290483654280936
0.290617880080987
0.290752061935992
0.290886200086869
0.291020294773918
0.291154346236819
0.291288354714637
0.291422320445826
0.291556243668223
0.291690124619059
0.291823963534956
0.29195776065193
0.292091516205394
0.29222523043016
0.292358903560437
0.29249253582984
0.292626127471385
0.292759678717497
0.292893189800007
0.293026660950157
0.2931600923986
0.293293484375403
0.293426837110051
0.293560150831443
0.293693425767901
0.293826662147166
0.293959860196402
0.294093020142201
0.29422614221058
0.294359226626985
0.294492273616292
0.294625283402812
0.294758256210289
0.294891192261901
0.295024091780268
0.295156954987448
0.295289782104939
0.295422573353685
0.295555328954073
0.29568804912594
0.295820734088567
0.295953384060691
0.296085999260495
0.296218579905622
0.296351126213166
0.296483638399682
0.29661611668118
0.296748561273135
0.296880972390481
0.297013350247618
0.297145695058413
0.297278007036197
0.297410286393774
0.297542533343416
0.297674748096868
0.297806930865351
0.29793908185956
0.298071201289667
0.298203289365325
0.298335346295667
0.298467372289306
0.298599367554341
0.298731332298357
0.298863266728424
0.298995171051103
0.299127045472441
0.299258890197983
0.299390705432761
0.299522491381305
0.299654248247643
0.299785976235296
0.299917675547289
0.300049346386145
0.300180988953892
0.30031260345206
0.300444190081684
0.300575749043309
0.300707280536985
0.300838784762274
0.300970261918249
0.301101712203495
0.301233135816112
0.301364532953716
0.301495903813439
0.301627248591934
0.301758567485372
0.301889860689446
0.302021128399372
0.302152370809891
0.302283588115268
0.302414780509298
0.302545948185301
0.30267709133613
0.302808210154167
0.30293930483133
0.303070375559066
0.303201422528361
0.303332445929738
0.303463445953256
0.303594422788515
0.303725376624656
0.30385630765036
0.303987216053853
0.304118102022907
0.304248965744837
0.304379807406508
0.304510627194333
0.304641425294274
0.304772201891846
0.304902957172115
0.305033691319701
0.30516440451878
0.305295096953083
0.3054257688059
0.30555642026008
0.305687051498031
0.305817662701722
0.305948254052686
0.30607882573202
0.306209377920384
0.306339910798005
0.30647042454468
0.306600919339772
0.306731395362213
0.30686185279051
0.306992291802738
0.307122712576548
0.307253115289166
0.307383500117392
0.307513867237603
0.307644216825757
0.307774549057388
0.307904864107612
0.308035162151126
0.308165443362211
0.30829570791473
0.308425955982133
0.308556187737455
0.308686403353317
0.308816603001932
0.308946786855098
0.309076955084208
0.309207107860244
0.30933724535378
0.309467367734987
0.309597475173629
0.309727567839066
0.309857645900254
0.309987709525751
0.310117758883711
0.310247794141888
0.31037781546764
0.310507823027926
0.310637816989308
0.310767797517952
0.310897764779632
0.311027718939726
0.311157660163222
0.311287588614714
0.311417504458407
0.311547407858117
0.311677298977272
0.311807177978911
0.311937045025687
0.31206690027987
0.312196743903342
0.312326576057604
0.312456396903775
0.312586206602591
0.312716005314407
0.312845793199202
0.312975570416573
0.31310533712574
0.313235093485547
0.313364839654464
0.313494575790583
0.313624302051624
0.313754018594934
0.313883725577488
0.31401342315589
0.314143111486374
0.314272790724804
0.314402461026677
0.314532122547122
0.314661775440902
0.314791419862414
0.314921055965689
0.315050683904398
0.315180303831845
0.315309915900975
0.315439520264369
0.315569117074251
0.315698706482484
0.315828288640572
0.315957863699662
0.316087431810543
0.316216993123651
0.316346547789065
0.316476095956508
0.316605637775353
0.316735173394619
0.316864702962972
0.316994226628729
0.317123744539855
0.317253256843969
0.317382763688337
0.317512265219882
0.317641761585177
0.317771252930449
0.317900739401583
0.318030221144115
0.318159698303241
0.318289171023814
0.318418639450341
0.318548103726993
0.318677563997597
0.318807020405642
0.318936473094277
0.319065922206313
0.319195367884225
0.31932481027015
0.319454249505888
0.319583685732906
0.319713119092337
0.319842549724978
0.319971977771294
0.320101403371418
0.320230826665154
0.32036024779197
0.320489666891009
0.320619084101082
0.320748499560672
0.320877913407936
0.3210073257807
0.321136736816468
0.321266146652416
0.321395555425394
0.321524963271931
0.321654370328229
0.321783776730169
0.32191318261331
0.322042588112888
0.32217199336382
0.322301398500701
0.322430803657808
0.322560208969099
0.322689614568213
0.322819020588473
0.322948427162883
0.323077834424133
0.323207242504596
0.323336651536331
0.323466061651084
0.323595472980284
0.323724885655051
0.32385429980619
0.323983715564196
0.324113133059252
0.324242552421231
0.324371973779697
0.324501397263903
0.324630823002796
0.324760251125014
0.324889681758886
0.325019115032438
0.325148551073387
0.325277990009146
0.325407431966823
0.325536877073222
0.325666325454841
0.32579577723788
0.325925232548231
0.326054691511488
0.326184154252942
0.326313620897584
0.326443091570105
0.326572566394897
0.32670204549605
0.32683152899736
0.326961017022323
0.327090509694136
0.327220007135704
0.327349509469631
0.327479016818228
0.327608529303511
0.327738047047201
0.327867570170725
0.327997098795217
0.328126633041518
0.328256173030177
0.32838571888145
0.328515270715304
0.328644828651414
0.328774392809165
0.328903963307652
0.329033540265681
0.32916312380177
0.32929271403415
0.329422311080761
0.32955191505926
0.329681526087014
0.329811144281106
0.329940769758334
0.33007040263521
0.330200043027961
0.33032969105253
0.330459346824578
0.330589010459483
0.330718682072337
0.330848361777955
0.330978049690866
0.331107745925322
0.33123745059529
0.331367163814461
0.331496885696244
0.331626616353769
0.331756355899889
0.331886104447175
0.332015862107925
0.332145628994156
0.332275405217611
0.332405190889754
0.332534986121774
0.332664791024586
0.332794605708828
0.332924430284864
0.333054264862785
0.333184109552406
0.333313964463271
0.33344382970465
0.333573705385542
0.333703591614671
0.333833488500493
0.333963396151191
0.334093314674677
0.334223244178596
0.334353184770318
0.334483136556948
0.334613099645319
0.334743074141999
0.334873060153284
0.335003057785205
0.335133067143524
0.335263088333737
0.335393121461074
0.335523166630498
0.335653223946707
0.335783293514132
0.335913375436941
0.336043469819037
0.336173576764058
0.336303696375381
0.336433828756116
0.336563974009112
0.336694132236956
0.336824303541972
0.336954488026222
0.337084685791506
0.337214896939365
0.337345121571077
0.337475359787663
0.337605611689879
0.337735877378227
0.337866156952945
0.337996450514016
0.338126758161163
0.338257079993849
0.338387416111282
0.338517766612413
0.338648131595932
0.338778511160277
0.338908905403627
0.339039314423905
0.339169738318779
0.339300177185663
0.339430631121713
0.339561100223834
0.339691584588673
0.339822084312626
0.339952599491833
0.340083130222184
0.340213676599312
0.340344238718601
0.340474816675181
0.34060541056393
0.340736020479475
0.34086664651619
0.340997288768201
0.341127947329381
0.341258622293353
0.34138931375349
0.341520021802917
0.341650746534507
0.341781488040886
0.341912246414429
0.342043021747265
0.342173814131273
0.342304623658085
0.342435450419085
0.34256629450541
0.34269715600795
0.342828035017348
0.342958931624001
0.34308984591806
0.34322077798943
0.34335172792777
0.343482695822495
0.343613681762773
0.34374468583753
0.343875708135446
0.344006748744958
0.344137807754256
0.344268885251292
0.344399981323769
0.344531096059151
0.344662229544658
0.344793381867268
0.344924553113715
0.345055743370494
0.345186952723856
0.345318181259811
0.34544942906413
0.345580696222341
0.345711982819733
0.345843288941351
0.345974614672006
0.346105960096264
0.346237325298454
0.346368710362666
0.346500115372748
0.346631540412313
0.346762985564734
0.346894450913145
0.347025936540443
0.347157442529286
0.347288968962096
0.347420515921056
0.347552083488114
0.347683671744979
0.347815280773126
0.34794691065379
0.348078561467974
0.348210233296443
0.348341926219726
0.348473640318117
0.348605375671675
0.348737132360225
0.348868910463355
0.349000710060421
0.349132531230543
0.349264374052608
0.349396238605268
0.349528124966943
0.349660033215818
0.349791963429846
0.349923915686747
0.350055890064008
0.350187886638882
0.350319905488393
0.35045194668933
0.350584010318252
0.350716096451484
0.350848205165123
0.350980336535032
0.351112490636844
0.35124466754596
0.351376867337552
0.351509090086562
0.351641335867699
0.351773604755444
0.351905896824049
0.352038212147533
0.35217055079969
0.352302912854081
0.352435298384041
0.352567707462673
0.352700140162853
0.35283259655723
0.352965076718222
0.353097580718021
0.353230108628589
0.353362660521662
0.353495236468748
0.353627836541128
0.353760460809856
0.353893109345756
0.354025782219431
0.354158479501251
0.354291201261365
0.354423947569692
0.354556718495926
0.354689514109536
0.354822334479765
0.354955179675629
0.355088049765921
0.355220944819205
0.355353864903825
0.355486810087896
0.355619780439311
0.355752776025735
0.355885796914613
0.356018843173163
0.356151914868379
0.356285012067032
0.356418134835669
0.356551283240614
0.356684457347966
0.356817657223602
0.356950882933177
0.357084134542119
0.357217412115639
0.35735071571872
0.357484045416126
0.357617401272397
0.357750783351853
0.357884191718588
0.358017626436479
0.358151087569177
0.358284575180114
0.358418089332501
0.358551630089325
0.358685197513354
0.358818791667136
0.358952412612995
0.359086060413037
0.359219735129146
0.359353436822988
0.359487165556005
0.359620921389422
0.359754704384242
0.35988851460125
0.36002235210101
0.360156216943866
0.360290109189946
0.360424028899153
0.360557976131176
0.360691950945483
0.360825953401323
0.360959983557726
0.361094041473503
0.36122812720725
0.361362240817339
0.361496382361929
0.361630551898957
0.361764749486145
0.361898975180996
0.362033229040794
0.362167511122608
0.362301821483287
0.362436160179465
0.362570527267556
0.36270492280376
0.362839346844058
0.362973799444216
0.36310828065978
0.363242790546083
0.363377329158239
0.363511896551147
0.36364649277949
0.363781117897734
0.363915771960129
0.364050455020709
0.364185167133293
0.364319908351484
0.36445467872867
0.364589478318022
0.364724307172497
0.364859165344837
0.364994052887568
0.365128969853001
0.365263916293233
0.365398892260146
0.365533897805407
0.365668932980468
0.365803997836567
0.365939092424729
0.366074216795763
0.366209371000265
0.366344555088615
0.366479769110983
0.36661501311732
0.366750287157369
0.366885591280654
0.367020925536489
0.367156289973975
0.367291684641996
0.367427109589227
0.367562564864128
0.367698050514945
0.367833566589713
0.367969113136254
0.368104690202177
0.368240297834876
0.368375936081538
0.368511604989132
0.368647304604417
0.368783034973942
0.36891879614404
0.369054588160835
0.369190411070237
0.369326264917945
0.369462149749448
0.36959806561002
0.369734012544725
0.369869990598418
0.370005999815738
0.370142040241117
0.370278111918773
0.370414214892715
0.370550349206738
0.370686514904431
0.370822712029167
0.370958940624111
0.371095200732218
0.371231492396231
0.371367815658682
0.371504170561895
0.371640557147981
0.371776975458844
0.371913425536175
0.372049907421456
0.37218642115596
0.372322966780748
0.372459544336673
0.372596153864379
0.372732795404298
0.372869468996655
0.373006174681463
0.373142912498528
0.373279682487446
0.373416484687603
0.373553319138177
0.373690185878137
0.373827084946241
0.373964016381042
0.37410098022088
0.37423797650389
0.374375005267995
0.374512066550913
0.374649160390151
0.374786286823009
0.374923445886577
0.375060637617739
0.37519786205317
0.375335119229336
0.375472409182496
0.375609731948701
0.375747087563795
0.375884476063412
0.376021897482981
0.376159351857721
0.376296839222646
0.37643435961256
0.376571913062061
0.376709499605541
0.376847119277182
0.376984772110961
0.377122458140647
0.377260177399802
0.377397929921782
0.377535715739736
0.377673534886604
0.377811387395123
0.377949273297821
0.37808719262702
0.378225145414835
0.378363131693175
0.378501151493745
0.378639204848039
0.378777291787349
0.37891541234276
0.379053566545148
0.379191754425188
0.379329976013346
0.379468231339881
0.379606520434851
0.379744843328103
0.379883200049282
0.380021590627826
0.380160015092968
0.380298473473735
0.380436965798951
0.380575492097231
0.380714052396987
0.380852646726427
0.380991275113553
0.38112993758616
0.381268634171841
0.381407364897984
0.38154612979177
0.381684928880177
0.381823762189979
0.381962629747745
0.382101531579838
0.382240467712418
0.382379438171441
0.382518442982658
0.382657482171617
0.382796555763661
0.382935663783927
0.383074806257352
0.383213983208667
0.383353194662399
0.383492440642872
0.383631721174206
0.383771036280316
0.383910385984916
0.384049770311515
0.384189189283419
0.384328642923731
0.384468131255349
0.384607654300971
0.384747212083088
0.384886804623992
0.385026431945768
0.385166094070301
0.385305791019273
0.385445522814161
0.385585289476242
0.385725091026588
0.38586492748607
0.386004798875356
0.386144705214911
0.386284646525
0.386424622825682
0.386564634136816
0.38670468047806
0.386844761868867
0.386984878328491
0.387125029875981
0.387265216530186
0.387405438309754
0.387545695233129
0.387685987318554
0.387826314584073
0.387966677047524
0.388107074726548
0.388247507638581
0.38838797580086
0.388528479230421
0.388669017944095
0.388809591958518
0.388950201290119
0.389090845955131
0.389231525969582
0.389372241349302
0.38951299210992
0.389653778266863
0.389794599835357
0.38993545683043
0.390076349266908
0.390217277159417
0.390358240522381
0.390499239370026
0.390640273716378
0.39078134357526
0.390922448960298
0.391063589884917
0.391204766362342
0.391345978405597
0.39148722602751
0.391628509240705
0.391769828057609
0.391911182490449
0.392052572551253
0.392193998251847
0.392335459603861
0.392476956618725
0.392618489307668
0.392760057681723
0.392901661751721
0.393043301528297
0.393184977021884
0.393326688242719
0.393468435200838
0.393610217906081
0.393752036368087
0.393893890596298
0.394035780599957
0.394177706388109
0.394319667969601
0.394461665353082
0.394603698547001
0.394745767559612
0.394887872398969
0.395030013072928
0.395172189589149
0.395314401955093
0.395456650178024
0.395598934265008
0.395741254222914
0.395883610058413
0.39602600177798
0.396168429387891
0.396310892894226
0.396453392302869
0.396595927619504
0.396738498849621
0.396881105998512
0.397023749071272
0.397166428072801
0.397309143007801
0.397451893880777
0.39759468069604
0.397737503457701
0.397880362169679
0.398023256835694
0.398166187459271
0.398309154043738
0.398452156592229
0.398595195107681
0.398738269592835
0.398881380050238
0.399024526482239
0.399167708890994
0.399310927278461
0.399454181646406
0.399597471996397
0.399740798329808
0.399884160647819
0.400027558951413
0.40017099324138
0.400314463518314
0.400457969782615
0.400601512034488
0.400745090273944
0.4008887045008
0.401032354714677
0.401176040915005
0.401319763101015
0.401463521271749
0.401607315426052
0.401751145562577
0.401895011679781
0.40203891377593
0.402182851849094
0.402326825897151
0.402470835917786
0.40261488190849
0.402758963866561
0.402903081789103
0.403047235673028
0.403191425515056
0.403335651311712
0.40347991305933
0.403624210754051
0.403768544391824
0.403912913968404
0.404057319479355
0.404201760920049
0.404346238285666
0.404490751571192
0.404635300771423
0.404779885880964
0.404924506894226
0.40506916380543
0.405213856608604
0.405358585297587
0.405503349866024
0.405648150307372
0.405792986614894
0.405937858781662
0.406082766800561
0.406227710664281
0.406372690365322
0.406517705895996
0.406662757248422
0.40680784441453
0.406952967386059
0.407098126154558
0.407243320711387
0.407388551047715
0.407533817154521
0.407679119022596
0.407824456642539
0.407969830004762
0.408115239099485
0.408260683916742
0.408406164446375
0.408551680678038
0.408697232601197
0.408842820205128
0.408988443478919
0.40913410241147
0.40927979699149
0.409425527207502
0.409571293047842
0.409717094500654
0.409862931553897
0.410008804195342
0.41015471241257
0.410300656192978
0.410446635523772
0.410592650391973
0.410738700784414
0.41088478668774
0.41103090808841
0.411177064972695
0.411323257326682
0.411469485136268
0.411615748387165
0.411762047064899
0.411908381154809
0.412054750642048
0.412201155511582
0.412347595748194
0.412494071336479
0.412640582260845
0.412787128505518
0.412933710054537
0.413080326891754
0.413226979000838
0.413373666365272
0.413520388968356
0.413667146793203
0.413813939822742
0.413960768039717
0.41410763142669
0.414254529966036
0.414401463639948
0.414548432430433
0.414695436319316
0.414842475288237
0.414989549318654
0.415136658391841
0.415283802488887
0.4154309815907
0.415578195678004
0.415725444731342
0.415872728731071
0.416020047657368
0.416167401490226
0.416314790209458
0.416462213794692
0.416609672225376
0.416757165480774
0.416904693539972
0.417052256381871
0.417199853985192
0.417347486328475
0.417495153390077
0.417642855148176
0.417790591580768
0.41793836266567
0.418086168380516
0.418234008702761
0.418381883609681
0.418529793078368
0.418677737085739
0.418825715608527
0.418973728623288
0.419121776106398
0.419269858034051
0.419417974382267
0.419566125126882
0.419714310243556
0.419862529707769
0.420010783494824
0.420159071579842
0.420307393937771
0.420455750543376
0.420604141371247
0.420752566395796
0.420901025591255
0.421049518931682
0.421198046390956
0.421346607942777
0.421495203560672
0.421643833217988
0.421792496887897
0.421941194543394
0.422089926157297
0.422238691702248
0.422387491150715
0.422536324474989
0.422685191647183
0.422834092639238
0.422983027422917
0.423131995969811
0.423280998251333
0.423430034238723
0.423579103903045
0.423728207215189
0.423877344145872
0.424026514665635
0.424175718744846
0.4243249563537
0.424474227462216
0.424623532040243
0.424772870057453
0.424922241483348
0.425071646287256
0.425221084438332
0.425370555905559
0.425520060657747
0.425669598663534
0.425819169891387
0.4259687743096
0.426118411886296
0.426268082589427
0.426417786386772
0.42656752324594
0.42671729313437
0.42686709601933
0.427016931867916
0.427166800647054
0.427316702323503
0.427466636863847
0.427616604234505
0.427766604401723
0.427916637331579
0.428066702989982
0.428216801342672
0.428366932355219
0.428517095993027
0.428667292221328
0.42881752100519
0.428967782309508
0.429118076099014
0.42926840233827
0.42941876099167
0.429569152023442
0.429719575397646
0.429870031078177
0.430020519028761
0.430171039212959
0.430321591594165
0.430472176135609
0.430622792800351
0.430773441551291
0.430924122351158
0.43107483516252
0.431225579947777
0.431376356669167
0.431527165288761
0.431678005768467
0.431828878070028
0.431979782155023
0.432130717984869
0.432281685520817
0.432432684723956
0.432583715555213
0.432734777975348
0.432885871944964
0.433036997424497
0.433188154374223
0.433339342754254
0.433490562524543
0.43364181364488
0.433793096074891
0.433944409774046
0.43409575470165
0.434247130816849
0.434398538078627
0.43454997644581
0.434701445877063
0.434852946330889
0.435004477765634
0.435156040139484
0.435307633410466
0.435459257536447
0.435610912475136
0.435762598184083
0.435914314620681
0.436066061742163
0.436217839505606
0.436369647867929
0.436521486785893
0.436673356216101
0.436825256115002
0.436977186438885
0.437129147143886
0.437281138185981
0.437433159520994
0.43758521110459
0.43773729289228
0.43788940483942
0.43804154690121
0.438193719032697
0.43834592118877
0.438498153324168
0.438650415393473
0.438802707351115
0.438955029151368
0.439107380748355
0.439259762096045
0.439412173148254
0.439564613858646
0.439717084180732
0.439869584067872
0.440022113473272
0.440174672349988
0.440327260650925
0.440479878328836
0.440632525336323
0.440785201625838
0.440937907149683
0.441090641860008
0.441243405708815
0.441396198647957
0.441549020629134
0.441701871603901
0.441854751523662
0.442007660339673
0.442160598003042
0.442313564464728
0.442466559675543
0.442619583586152
0.44277263614707
0.442925717308668
0.443078827021168
0.443231965234648
0.443385131899038
0.443538326964122
0.443691550379538
0.443844802094781
0.443998082059196
0.444151390221989
0.444304726532217
0.444458090938793
0.444611483390489
0.444764903835929
0.444918352223597
0.445071828501832
0.445225332618828
0.445378864522641
0.44553242416118
0.445686011482215
0.445839626433371
0.445993268962134
0.446146939015847
0.446300636541714
0.446454361486794
0.44660811379801
0.446761893422142
0.446915700305831
0.447069534395577
0.447223395637743
0.44737728397855
0.447531199364083
0.447685141740285
0.447839111052964
0.447993107247788
0.448147130270288
0.448301180065857
0.448455256579751
0.448609359757089
0.448763489542854
0.448917645881892
0.449071828718914
0.449226037998493
0.449380273665069
0.449534535662946
0.449688823936293
0.449843138429143
0.449997479085398
0.450151845848823
0.450306238663051
0.450460657471581
0.450615102217778
0.450769572844876
0.450924069295976
0.451078591514045
0.451233139441921
0.451387713022307
0.451542312197779
0.451696936910777
0.451851587103614
0.452006262718471
0.4521609636974
0.452315689982322
0.452470441515028
0.452625218237182
0.452780020090318
0.45293484701584
0.453089698955025
0.453244575849024
0.453399477638856
0.453554404265415
0.45370935566947
0.45386433179166
0.454019332572498
0.454174357952372
0.454329407871545
0.454484482270151
0.454639581088204
0.454794704265588
0.454949851742065
0.455105023457274
0.455260219350727
0.455415439361814
0.455570683429802
0.455725951493836
0.455881243492935
0.456036559365999
0.456191899051804
0.456347262489005
0.456502649616137
0.456658060371611
0.456813494693719
0.456968952520634
0.457124433790406
0.457279938440966
0.457435466410128
0.457591017635585
0.45774659205491
0.45790218960556
0.458057810224872
0.458213453850067
0.458369120418246
0.458524809866396
0.458680522131386
0.458836257149966
0.458992014858773
0.459147795194328
0.459303598093035
0.459459423491183
0.459615271324948
0.45977114153039
0.459927034043454
0.460082948799974
0.460238885735668
0.460394844786143
0.46055082588689
0.460706828973291
0.460862853980614
0.461018900844015
0.461174969498541
0.461331059879125
0.461487171920591
0.461643305557651
0.461799460724909
0.461955637356858
0.462111835387882
0.462268054752255
0.462424295384145
0.462580557217608
0.462736840186594
0.462893144224947
0.4630494692664
0.463205815244582
0.463362182093014
0.463518569745112
0.463674978134184
0.463831407193434
0.463987856855962
0.464144327054759
0.464300817722717
0.464457328792619
0.464613860197147
0.464770411868879
0.46492698374029
0.465083575743751
0.465240187811534
0.465396819875804
0.465553471868629
0.465710143721973
0.465866835367699
0.466023546737573
0.466180277763255
0.46633702837631
0.466493798508202
0.466650588090294
0.466807397053854
0.466964225330047
0.467121072849945
0.467277939544518
0.467434825344641
0.467591730181092
0.467748653984551
0.467905596685603
0.468062558214738
0.468219538502347
0.468376537478731
0.468533555074092
0.468690591218539
0.468847645842087
0.469004718874659
0.469161810246082
0.469318919886092
0.469476047724331
0.469633193690351
0.469790357713609
0.469947539723475
0.470104739649223
0.47026195742004
0.470419192965022
0.470576446213174
0.470733717093412
0.470891005534564
0.471048311465366
0.47120563481447
0.471362975510437
0.47152033348174
0.471677708656767
0.471835100963818
0.471992510331106
0.472149936686758
0.472307379958816
0.472464840075237
0.47262231696389
0.472779810552564
0.472937320768961
0.473094847540698
0.473252390795311
0.473409950460252
0.473567526462891
0.473725118730515
0.473882727190328
0.474040351769454
0.474197992394937
0.474355648993737
0.474513321492736
0.474671009818736
0.474828713898457
0.474986433658544
0.47514416902556
0.47530191992599
0.475459686286241
0.475617468032644
0.47577526509145
0.475933077388837
0.476090904850902
0.476248747403669
0.476406604973085
0.476564477485023
0.47672236486528
0.476880267039579
0.477038183933569
0.477196115472824
0.477354061582846
0.477512022189064
0.477669997216835
0.477827986591443
0.4779859902381
0.478144008081947
0.478302040048056
0.478460086061424
0.478618146046983
0.478776219929592
0.478934307634041
0.479092409085053
0.479250524207281
0.479408652925309
0.479566795163655
0.47972495084677
0.479883119899035
0.480041302244768
0.48019949780822
0.480357706513575
0.480515928284953
0.480674163046409
0.480832410721932
0.480990671235449
0.481148944510822
0.481307230471851
0.481465529042272
0.481623840145758
0.481782163705922
0.481940499646314
0.482098847890423
0.482257208361677
0.482415580983443
0.482573965679031
0.482732362371687
0.482890770984601
0.483049191440903
0.483207623663665
0.483366067575901
0.483524523100567
0.483682990160563
0.483841468678731
0.483999958577858
0.484158459780674
0.484316972209854
0.484475495788018
0.484634030437731
0.484792576081504
0.484951132641794
0.485109700041006
0.48526827820149
0.485426867045544
0.485585466495415
0.485744076473297
0.485902696901332
0.486061327701614
0.486219968796184
0.486378620107033
0.486537281556104
0.486695953065289
0.486854634556432
0.487013325951329
0.487172027171728
0.487330738139328
0.487489458775782
0.487648189002697
0.487806928741632
0.487965677914102
0.488124436441574
0.488283204245474
0.488441981247179
0.488600767368024
0.488759562529301
0.488918366652257
0.489077179658096
0.489236001467981
0.489394832003033
0.489553671184329
0.489712518932907
0.489871375169763
0.490030239815854
0.490189112792096
0.490347994019365
0.490506883418499
0.490665780910296
0.490824686415518
0.490983599854887
0.491142521149088
0.49130145021877
0.491460386984545
0.491619331366988
0.491778283286639
0.491937242664003
0.49209620941955
0.492255183473716
0.492414164746902
0.492573153159475
0.492732148631772
0.492891151084093
0.493050160436708
0.493209176609857
0.493368199523744
0.493527229098546
0.493686265254408
0.493845307911445
0.494004356989741
0.494163412409354
0.494322474090309
0.494481541952606
0.494640615916214
0.494799695901079
0.494958781827115
0.495117873614211
0.495276971182231
0.495436074451012
0.495595183340367
0.495754297770081
0.495913417659917
0.496072542929614
0.496231673498886
0.496390809287425
0.496549950214898
0.496709096200953
0.496868247165214
0.497027403027282
0.497186563706741
0.497345729123151
0.497504899196053
0.497664073844969
0.497823252989399
0.497982436548826
0.498141624442716
0.498300816590514
0.498460012911649
0.498619213325534
0.498778417751561
0.498937626109111
0.499096838317546
0.499256054296213
0.499415273964444
0.499574497241558
0.499733724046856
0.499892954299631
0.500052187919158
0.5002114248247
0.50037066493551
0.500529908170827
0.500689154449878
0.500848403691881
0.501007655816042
0.501166910741557
0.501326168387612
0.501485428673385
0.501644691518042
0.501803956840744
0.501963224560642
0.50212249459688
0.502281766868595
0.502441041294916
0.502600317794969
0.502759596287869
0.502918876692731
0.503078158928662
0.503237442914763
0.503396728570135
0.503556015813873
0.503715304565068
0.50387459474281
0.504033886266185
0.504193179054279
0.504352473026174
0.504511768100953
0.504671064197698
0.504830361235491
0.504989659133413
0.505148957810546
0.505308257185975
0.505467557178784
0.505626857708061
0.505786158692896
0.50594546005238
0.50610476170561
0.506264063571686
0.506423365569711
0.506582667618793
0.506741969638046
0.50690127154659
0.507060573263548
0.507219874708053
0.507379175799242
0.50753847645626
0.507697776598261
0.507857076144405
0.508016375013863
0.508175673125813
0.508334970399442
0.50849426675395
0.508653562108544
0.508812856382442
0.508972149494876
0.509131441365087
0.509290731912328
0.509450021055866
0.50960930871498
0.509768594808962
0.509927879257119
0.510087161978771
0.510246442893253
0.510405721919916
0.510564998978124
0.51072427398726
0.510883546866722
0.511042817535925
0.5112020859143
0.511361351921297
0.511520615476385
0.51167987649905
0.511839134908798
0.511998390625153
0.51215764356766
0.512316893655884
0.512476140809412
0.512635384947849
0.512794625990825
0.51295386385799
0.513113098469018
0.513272329743604
0.513431557601468
0.513590781962352
0.513750002746024
0.513909219872276
0.514068433260924
0.514227642831812
0.514386848504808
0.514546050199805
0.514705247836727
0.514864441335521
0.515023630616164
0.515182815598661
0.515341996203044
0.515501172349375
0.515660343957746
0.515819510948278
0.515978673241122
0.51613783075646
0.516296983414505
0.516456131135503
0.516615273839728
0.516774411447492
0.516933543879135
0.517092671055032
0.517251792895592
0.517410909321259
0.517570020252508
0.517729125609854
0.517888225313843
0.518047319285059
0.518206407444121
0.518365489711687
0.518524566008449
0.51868363625514
0.518842700372527
0.519001758281418
0.51916080990266
0.519319855157138
0.519478893965777
0.519637926249542
0.519796951929439
0.519955970926514
0.520114983161856
0.520273988556595
0.520432987031901
0.520591978508991
0.520750962909121
0.520909940153593
0.521068910163751
0.521227872860986
0.521386828166731
0.521545776002466
0.521704716289715
0.52186364895005
0.522022573905088
0.522181491076492
0.522340400385975
0.522499301755296
0.522658195106261
0.522817080360728
0.5229759574406
0.523134826267833
0.523293686764429
0.523452538852443
0.523611382453981
0.523770217491197
0.5239290438863
0.524087861561549
0.524246670439255
0.524405470441783
0.524564261491551
0.524723043511028
0.524881816422741
0.525040580149269
0.525199334613246
0.525358079737362
0.525516815444361
0.525675541657046
0.525834258298273
0.525992965290958
0.526151662558071
0.526310350022644
0.526469027607762
0.526627695236574
0.526786352832283
0.526945000318155
0.527103637617514
0.527262264653744
0.527420881350291
0.52757948763066
0.52773808341842
0.527896668637199
0.52805524321069
0.528213807062647
0.528372360116886
0.528530902297289
0.528689433527801
0.528847953732431
0.529006462835252
0.529164960760403
0.529323447432088
0.529481922774578
0.529640386712209
0.529798839169384
0.529957280070574
0.530115709340316
0.530274126903217
0.530432532683951
0.53059092660726
0.530749308597957
0.530907678580923
0.531066036481109
0.531224382223539
0.531382715733304
0.531541036935568
0.531699345755567
0.531857642118608
0.53201592595007
0.532174197175407
0.532332455720144
0.53249070150988
0.532648934470288
0.532807154527116
0.532965361606185
0.533123555633394
0.533281736534715
0.533439904236197
0.533598058663965
0.533756199744222
0.533914327403246
0.534072441567393
0.534230542163099
0.534388629116875
0.534546702355315
0.534704761805087
0.534862807392942
0.53502083904571
0.535178856690301
0.535336860253706
0.535494849662996
0.535652824845326
0.53581078572793
0.535968732238125
0.536126664303311
0.536284581850972
0.536442484808674
0.536600373104066
0.536758246664883
0.536916105418943
0.53707394929415
0.537231778218494
0.537389592120048
0.537547390926973
0.537705174567517
0.537862942970014
0.538020696062884
0.538178433774636
0.538336156033868
0.538493862769264
0.538651553909598
0.538809229383734
0.538966889120623
0.539124533049309
0.539282161098923
0.539439773198689
0.539597369277922
0.539754949266027
0.539912513092501
0.540070060686934
0.540227591979009
0.540385106898499
0.540542605375275
0.540700087339296
0.54085755272062
0.541015001449396
0.541172433455871
0.541329848670382
0.541487247023368
0.541644628445359
0.541801992866982
0.541959340218963
0.542116670432122
0.542273983437379
0.54243127916575
0.54258855754835
0.54274581851639
0.542903062001184
0.543060287934142
0.543217496246775
0.543374686870693
0.543531859737607
0.543689014779327
0.543846151927768
0.544003271114941
0.544160372272963
0.544317455334051
0.544474520230525
0.544631566894808
0.544788595259425
0.544945605257006
0.545102596820285
0.545259569882099
0.545416524375389
0.545573460233204
0.545730377388696
0.545887275775121
0.546044155325846
0.546201015974339
0.546357857654179
0.546514680299049
0.546671483842741
0.546828268219155
0.546985033362298
0.547141779206286
0.547298505685344
0.547455212733806
0.547611900286116
0.547768568276827
0.547925216640603
0.548081845312218
0.548238454226558
0.548395043318618
0.548551612523507
0.548708161776445
0.548864691012765
0.54902120016791
0.54917768917744
0.549334157977025
0.54949060650245
0.549647034689615
0.549803442474532
0.54995982979333
0.550116196582252
0.550272542777656
0.550428868316015
0.550585173133921
0.55074145716808
0.550897720355314
0.551053962632565
0.551210183936889
0.551366384205463
0.551522563375579
0.55167872138465
0.551834858170205
0.551990973669895
0.552147067821489
0.552303140562874
0.552459191832061
0.552615221567177
0.552771229706472
0.552927216188319
0.553083180951207
0.553239123933752
0.553395045074688
0.553550944312875
0.553706821587293
0.553862676837046
0.55401851000136
0.554174321019587
0.554330109831201
0.5544858763758
0.55464162059311
0.554797342422977
0.554953041805375
0.555108718680403
0.555264372988288
0.555420004669379
0.555575613664154
0.555731199913218
0.555886763357302
0.556042303937266
0.556197821594096
0.556353316268907
0.556508787902943
0.556664236437575
0.556819661814304
0.556975063974761
0.557130442860705
0.557285798414026
0.557441130576745
0.557596439291012
0.557751724499108
0.557906986143446
0.55806222416657
0.558217438511156
0.558372629120012
0.558527795936079
0.558682938902428
0.558838057962268
0.558993153058936
0.559148224135906
0.559303271136784
0.559458294005312
0.559613292685365
0.559768267120953
0.559923217256221
0.560078143035452
0.56023304440306
0.560387921303598
0.560542773681756
0.560697601482358
0.560852404650367
0.561007183130882
0.561161936869139
0.561316665810514
0.561471369900518
0.561626049084803
0.561780703309157
0.561935332519511
0.56208993666193
0.562244515682623
0.562399069527935
0.562553598144354
0.562708101478507
0.562862579477162
0.563017032087228
0.563171459255754
0.563325860929932
0.563480237057095
0.563634587584718
0.56378891246042
0.563943211631958
0.564097485047238
0.564251732654306
0.564405954401349
0.564560150236703
0.564714320108844
0.564868463966393
0.565022581758118
0.565176673432929
0.565330738939881
0.565484778228176
0.565638791247161
0.56579277794633
0.56594673827532
0.566100672183919
0.566254579622057
0.566408460539814
0.566562314887417
0.566716142615239
0.566869943673803
0.567023718013778
0.567177465585983
0.567331186341383
0.567484880231096
0.567638547206385
0.567792187218665
0.567945800219499
0.568099386160601
0.568252944993835
0.568406476671214
0.568559981144905
0.568713458367223
0.568866908290634
0.569020330867758
0.569173726051364
0.569327093794375
0.569480434049864
0.56963374677106
0.569787031911342
0.569940289424241
0.570093519263444
0.57024672138279
0.570399895736273
0.570553042278039
0.570706160962389
0.570859251743779
0.571012314576821
0.571165349416278
0.571318356217072
0.571471334934279
0.571624285523132
0.571777207939017
0.571930102137478
0.572082968074217
0.572235805705091
0.572388614986113
0.572541395873455
0.572694148323446
0.572846872292571
0.572999567737476
0.573152234614963
0.573304872881992
0.573457482495684
0.573610063413315
0.573762615592324
0.573915138990307
0.57406763356502
0.57422009927438
0.574372536076462
0.574524943929502
0.574677322791898
0.574829672622206
0.574981993379145
0.575134285021595
0.575286547508597
0.575438780799352
0.575590984853226
0.575743159629745
0.575895305088598
0.576047421189636
0.576199507892873
0.576351565158487
0.576503592946817
0.576655591218368
0.576807559933806
0.576959499053964
0.577111408539835
0.57726328835258
0.577415138453524
0.577566958804154
0.577718749366126
0.577870510101257
0.578022240971532
0.578173941939102
0.578325612966282
0.578477254015554
0.578628865049567
0.578780446031135
0.578931996923239
0.579083517689028
0.579235008291817
0.579386468695088
0.579537898862493
0.579689298757848
0.579840668345139
0.579992007588522
0.580143316452317
0.580294594901016
0.580445842899279
0.580597060411934
0.580748247403979
0.580899403840582
0.581050529687079
0.581201624908976
0.581352689471951
0.58150372334185
0.58165472648469
0.581805698866659
0.581956640454115
0.582107551213589
0.58225843111178
0.582409280115561
0.582560098191976
0.58271088530824
0.582861641431739
0.583012366530035
0.583163060570858
0.583313723522114
0.583464355351878
0.583614956028403
0.58376552552011
0.583916063795596
0.584066570823632
0.584217046573161
0.5843674910133
0.584517904113342
0.584668285842753
0.584818636171172
0.584968955068415
0.585119242504471
0.585269498449506
0.58541972287386
0.585569915748047
0.585720077042759
0.585870206728863
0.586020304777401
0.586170371159591
0.586320405846828
0.586470408810685
0.586620380022908
0.586770319455423
0.586920227080332
0.587070102869913
0.587219946796623
0.587369758833096
0.587519538952142
0.587669287126752
0.587819003330093
0.58796868753551
0.588118339716527
0.588267959846848
0.588417547900352
0.588567103851101
0.588716627673334
0.588866119341469
0.589015578830104
0.589165006114016
0.589314401168163
0.589463763967682
0.589613094487889
0.589762392704283
0.589911658592541
0.590060892128521
0.590210093288264
0.590359262047988
0.590508398384095
0.590657502273167
0.590806573691968
0.590955612617443
0.591104619026719
0.591253592897106
0.591402534206093
0.591551442931354
0.591700319050744
0.591849162542302
0.591997973384247
0.592146751554983
0.592295497033097
0.592444209797357
0.592592889826718
0.592741537100314
0.592890151597466
0.593038733297677
0.593187282180634
0.59333579822621
0.593484281414459
0.593632731725622
0.593781149140123
0.593929533638571
0.594077885201761
0.594226203810671
0.594374489446465
0.594522742090493
0.594670961724288
0.594819148329572
0.59496730188825
0.595115422382414
0.595263509794341
0.595411564106495
0.595559585301526
0.595707573362271
0.595855528271753
0.59600345001318
0.59615133856995
0.596299193925646
0.596447016064039
0.596594804969086
0.596742560624933
0.596890283015912
0.597037972126544
0.597185627941537
0.597333250445786
0.597480839624377
0.597628395462581
0.59777591794586
0.597923407059862
0.598070862790425
0.598218285123577
0.598365674045532
0.598513029542696
0.598660351601661
0.598807640209211
0.598954895352318
0.599102117018144
0.599249305194041
0.599396459867549
0.599543581026401
0.599690668658518
0.599837722752012
0.599984743295184
0.600131730276526
0.600278683684723
0.600425603508647
0.600572489737362
0.600719342360125
0.600866161366383
0.601012946745772
0.601159698488122
0.601306416583453
0.601453101021978
0.6015997517941
0.601746368890416
0.601892952301712
0.602039502018968
0.602186018033357
0.602332500336243
0.602478948919182
0.602625363773923
0.602771744892408
0.602918092266772
0.603064405889343
0.60321068575264
0.603356931849379
0.603503144172465
0.603649322715
0.603795467470277
0.603941578431783
0.6040876555932
0.604233698948404
0.604379708491462
0.604525684216638
0.60467162611839
0.604817534191369
0.604963408430422
0.605109248830587
0.605255055387102
0.605400828095396
0.605546566951093
0.605692271950014
0.605837943088173
0.60598358036178
0.606129183767241
0.606274753301157
0.606420288960324
0.606565790741733
0.606711258642574
0.606856692660228
0.607002092792276
0.607147459036494
0.607292791390852
0.60743808985352
0.607583354422861
0.607728585097437
0.607873781876004
0.608018944757518
0.608164073741129
0.608309168826186
0.608454230012232
0.608599257299011
0.608744250686462
0.60888921017472
0.609034135764121
0.609179027455197
0.609323885248675
0.609468709145484
0.609613499146748
0.609758255253789
0.609902977468129
0.610047665791488
0.61019232022578
0.610336940773123
0.610481527435831
0.610626080216415
0.610770599117588
0.610915084142259
0.611059535293536
0.611203952574728
0.611348335989342
0.611492685541082
0.611637001233854
0.611781283071763
0.611925531059113
0.612069745200407
0.612213925500347
0.612358071963837
0.612502184595979
0.612646263402076
0.612790308387629
0.612934319558342
0.613078296920117
0.613222240479057
0.613366150241466
0.613510026213847
0.613653868402905
0.613797676815544
0.613941451458871
0.614085192340193
0.614228899467016
0.61437257284705
0.614516212488204
0.61465981839859
0.614803390586519
0.614946929060505
0.615090433829263
0.615233904901711
0.615377342286966
0.615520745994349
0.615664116033382
0.615807452413788
0.615950755145495
0.616094024238629
0.616237259703522
0.616380461550705
0.616523629790915
0.616666764435088
0.616809865494365
0.616952932980088
0.617095966903804
0.61723896727726
0.617381934112407
0.617524867421401
0.617667767216598
0.617810633510559
0.617953466316048
0.618096265646032
0.618239031513683
0.618381763932373
0.618524462915681
0.618667128477389
0.618809760631483
0.61895235939215
0.619094924773785
0.619237456790986
0.619379955458552
0.619522420791491
0.619664852805013
0.619807251514531
0.619949616935664
0.620091949084237
0.620234247976278
0.620376513628019
0.620518746055898
0.620660945276559
0.620803111306848
0.620945244163818
0.621087343864729
0.621229410427042
0.621371443868427
0.621513444206758
0.621655411460114
0.62179734564678
0.621939246785248
0.622081114894214
0.622222949992581
0.622364752099457
0.622506521234156
0.6226482574162
0.622789960665316
0.622931631001435
0.623073268444699
0.623214873015452
0.623356444734248
0.623497983621845
0.62363948969921
0.623780962987515
0.62392240350814
0.62406381128267
0.624205186332901
0.624346528680831
0.62448783834867
0.624629115358833
0.624770359733941
0.624911571496826
0.625052750670524
0.625193897278281
0.625335011343551
0.625476092889993
0.625617141941477
0.625758158522079
0.625899142656084
0.626040094367986
0.626181013682484
0.626321900624489
0.626462755219118
0.626603577491698
0.626744367467764
0.62688512517306
0.627025850633537
0.627166543875358
0.627307204924891
0.627447833808717
0.627588430553623
0.627728995186608
0.627869527734876
0.628010028225846
0.628150496687142
0.628290933146599
0.628431337632261
0.628571710172384
0.62871205079543
0.628852359530075
0.628992636405201
0.629132881449904
0.629273094693486
0.629413276165463
0.629553425895559
0.629693543913708
0.629833630250057
0.629973684934962
0.630113707998988
0.630253699472915
0.630393659387729
0.63053358777463
0.630673484665029
0.630813350090546
0.630953184083015
0.631092986674479
0.631232757897193
0.631372497783625
0.631512206366451
0.631651883678563
0.631791529753061
0.631931144623259
0.632070728322682
0.632210280885068
0.632349802344366
0.632489292734738
0.632628752090557
0.63276818044641
0.632907577837096
0.633046944297625
0.633186279863222
0.633325584569323
0.633464858451579
0.633604101545851
0.633743313888214
0.633882495514958
0.634021646462584
0.634160766767807
0.634299856467556
0.634438915598973
0.634577944199413
0.634716942306447
0.634855909957855
0.634994847191637
0.635133754046002
0.635272630559376
0.635411476770397
0.63555029271792
0.635689078441013
0.635827833978956
0.635966559371248
0.6361052546576
0.636243919877939
0.636382555072404
0.636521160281353
0.636659735545357
0.636798280905202
0.63693679640189
0.637075282076638
0.637213737970877
0.637352164126258
0.637490560584642
0.637628927388111
0.637767264578958
0.637905572199696
0.638043850293053
0.638182098901971
0.63832031806961
0.638458507839349
0.638596668254778
0.638734799359709
0.638872901198167
0.639010973814395
0.639149017252853
0.63928703155822
0.639425016775388
0.639562972949471
0.639700900125796
0.63983879834991
0.639976667667577
0.64011450812478
0.640252319767717
0.640390102642807
0.640527856796685
0.640665582276205
0.640803279128439
0.640940947400678
0.641078587140431
0.641216198395424
0.641353781213606
0.64149133564314
0.641628861732412
0.641766359530024
0.6419038290848
0.64204127044578
0.642178683662227
0.642316068783622
0.642453425859664
0.642590754940274
0.642728056075593
0.642865329315981
0.643002574712019
0.643139792314508
0.643276982174468
0.643414144343142
0.643551278871993
0.643688385812703
0.643825465217177
0.64396251713754
0.644099541626139
0.644236538735541
0.644373508518537
0.644510451028136
0.644647366317571
0.644784254440297
0.644921115449989
0.645057949400547
0.645194756346091
0.645331536340964
0.645468289439731
0.645605015697181
0.645741715168324
0.645878387908394
0.646015033972848
0.646151653417366
0.646288246297852
0.646424812670431
0.646561352591455
0.646697866117497
0.646834353305355
0.646970814212052
0.647107248894834
0.64724365741117
0.647380039818757
0.647516396175512
0.647652726539581
0.647789030969332
0.64792530952336
0.648061562260484
0.648197789239748
0.648333990520423
0.648470166162004
0.648606316224213
0.648742440766997
0.64887853985053
0.649014613535211
0.649150661881667
0.64928668495075
0.649422682803539
0.649558655501341
0.64969460310569
0.649830525678344
0.649966423281294
0.650102295976752
0.650238143827163
0.650373966895197
0.650509765243753
0.650645538935958
0.650781288035166
0.650917012604962
0.651052712709158
0.651188388411794
0.651324039777142
0.6514596668697
0.651595269754196
0.65173084849559
0.651866403159067
0.652001933810047
0.652137440514176
0.652272923337333
0.652408382345625
0.652543817605391
0.6526792291832
0.652814617145853
0.65294998156038
0.653085322494045
0.653220640014341
0.653355934188995
0.653491205085963
0.653626452773435
0.653761677319832
0.653896878793809
0.654032057264251
0.654167212800279
0.654302345471245
0.654437455346733
0.654572542496562
0.654707606990785
0.654842648899687
0.654977668293788
0.655112665243841
0.655247639820836
0.655382592095994
0.655517522140773
0.655652430026865
0.655787315826197
0.655922179610931
0.656057021453467
0.656191841426437
0.656326639602712
0.656461416055397
0.656596170857834
0.656730904083602
0.656865615806516
0.657000306100629
0.657134975040231
0.657269622699848
0.657404249154245
0.657538854478424
0.657673438747627
0.65780800203733
0.657942544423253
0.65807706598135
0.658211566787817
0.658346046919087
0.658480506451835
0.658614945462972
0.658749364029652
0.658883762229268
0.659018140139452
0.65915249783808
0.659286835403264
0.659421152913361
0.659555450446968
0.659689728082922
0.659823985900304
0.659958223978436
0.660092442396881
0.660226641235446
0.66036082057418
0.660494980493376
0.660629121073568
0.660763242395536
0.660897344540302
0.661031427589132
0.661165491623537
0.661299536725271
0.661433562976334
0.661567570458972
0.661701559255673
0.661835529449173
0.661969481122452
0.662103414358739
0.662237329241505
0.662371225854471
0.662505104281602
0.662638964607114
0.662772806915465
0.662906631291366
0.663040437819771
0.663174226585886
0.663307997675164
0.663441751173305
0.663575487166261
0.663709205740231
0.663842906981664
0.66397659097726
0.664110257813967
0.664243907578986
0.664377540359766
0.664511156244009
0.664644755319667
0.664778337674944
0.664911903398296
0.665045452578431
0.66517898530431
0.665312501665145
0.665446001750403
0.665579485649803
0.665712953453319
0.665846405251178
0.66597984113386
0.666113261192103
0.666246665516896
0.666380054199486
0.666513427331375
0.666646785004319
0.666780127310332
0.666913454341685
0.667046766190903
0.667180062950771
0.66731334471433
0.667446611574878
0.667579863625974
0.667713100961432
0.667846323675326
0.667979531861991
0.668112725616018
0.668245905032261
0.668379070205831
0.668512221232102
0.668645358206707
0.668778481225541
0.668911590384761
0.669044685780785
0.669177767510293
0.669310835670228
0.669443890357795
0.669576931670464
0.669709959705967
0.6698429745623
0.669975976337724
0.670108965130765
0.670241941040212
0.670374904165123
0.670507854604817
0.670640792458883
0.670773717827176
0.670906630809816
0.671039531507192
0.671172420019959
0.671305296449042
0.671438160895633
0.671571013461193
0.671703854247454
0.671836683356413
0.671969500890343
0.672102306951782
0.672235101643543
0.672367885068706
0.672500657330627
0.67263341853293
0.672766168779513
0.672898908174548
0.673031636822478
0.673164354828021
0.673297062296168
0.673429759332185
0.673562446041613
0.673695122530268
0.673827788904241
0.673960445269901
0.67409309173389
0.674225728403131
0.674358355384822
0.674490972786439
0.674623580715737
0.674756179280748
0.674888768589786
0.675021348751442
0.675153919874588
0.675286482068376
0.675419035442239
0.675551580105892
0.675684116169331
0.675816643742834
0.675949162936963
0.676081673862563
0.67621417663076
0.676346671352968
0.676479158140883
0.676611637106487
0.676744108362046
0.676876572020114
0.67700902819353
0.677141476995422
0.677273918539202
0.677406352938573
0.677538780307525
0.677671200760337
0.677803614411577
0.677936021376104
0.678068421769065
0.678200815705902
0.678333203302344
0.678465584674414
0.678597959938427
0.678730329210991
0.678862692609007
0.678995050249671
0.679127402250472
0.679259748729194
0.679392089803917
0.679524425593018
0.679656756215169
0.679789081789339
0.679921402434795
0.680053718271103
0.680186029418126
0.680318335996027
0.68045063812527
0.680582935926616
0.68071522952113
0.680847519030177
0.680979804575424
0.68111208627884
0.681244364262699
0.681376638649577
0.681508909562354
0.681641177124215
0.68177344145865
0.681905702689457
0.682037960940738
0.682170216336903
0.68230246900267
0.682434719063063
0.682566966643419
0.682699211869381
0.682831454866902
0.682963695762249
0.683095934681995
0.683228171753029
0.683360407102552
0.683492640858075
0.683624873147426
0.683757104098745
0.683889333840488
0.684021562501427
0.684153790210648
0.684286017097556
0.684418243291873
0.684550468923637
0.684682694123207
0.68481491902126
0.684947143748794
0.685079368437126
0.685211593217895
0.685343818223063
0.685476043584913
0.685608269436051
0.685740495909409
0.685872723138241
0.686004951256128
0.686137180396975
0.686269410695016
0.68640164228481
0.686533875301245
0.686666109879537
0.686798346155233
0.686930584264207
0.687062824342667
0.687195066527149
0.687327310954523
0.687459557761993
0.687591807087094
0.687724059067695
0.687856313842004
0.687988571548559
0.688120832326238
0.688253096314256
0.688385363652164
0.688517634479853
0.688649908937553
0.688782187165834
0.688914469305606
0.689046755498121
0.689179045884975
0.689311340608104
0.68944363980979
0.689575943632658
0.68970825221968
0.689840565714173
0.689972884259802
0.690105208000577
0.690237537080859
0.690369871645357
0.690502211839132
0.690634557807592
0.6907669096965
0.69089926765197
0.69103163182047
0.69116400234882
0.691296379384197
0.691428763074133
0.691561153566515
0.69169355100959
0.691825955551961
0.691958367342591
0.692090786530801
0.692223213266275
0.692355647699058
0.692488089979556
0.692620540258538
0.692752998687139
0.692885465416858
0.693017940599559
0.693150424387472
0.693282916933197
0.6934154183897
0.693547928910317
0.693680448648755
0.693812977759091
0.693945516395774
0.694078064713626
0.694210622867842
0.694343191013993
0.694475769308024
0.694608357906257
0.694740956965393
0.694873566642508
0.69500618709506
0.695138818480885
0.695271460958202
0.695404114685611
0.695536779822095
0.695669456527021
0.695802144960141
0.695934845281592
0.696067557651898
0.696200282231973
0.696333019183116
0.696465768667019
0.696598530845762
0.696731305881818
0.696864093938053
0.696996895177725
0.69712970976449
0.697262537862395
0.697395379635888
0.697528235249812
0.697661104869409
0.697793988660321
0.697926886788592
0.698059799420665
0.698192726723389
0.698325668864015
0.698458626010199
0.698591598330003
0.698724585991896
0.698857589164755
0.698990608017867
0.699123642720929
0.699256693444048
0.699389760357744
0.699522843632952
0.699655943441019
0.699789059953709
0.699922193343203
0.700055343782099
0.700188511443416
0.700321696500589
0.700454899127479
0.700588119498366
0.700721357787955
0.700854614171375
0.70098788882418
0.701121181922354
0.701254493642304
0.701387824160872
0.701521173655326
0.701654542303367
0.701787930283129
0.701921337773181
0.702054764952523
0.702188212000596
0.702321679097277
0.70245516642288
0.702588674158161
0.702722202484316
0.702855751582983
0.702989321636246
0.70312291282663
0.70325652533711
0.703390159351105
0.703523815052484
0.703657492625567
0.703791192255121
0.703924914126371
0.704058658424991
0.704192425337112
0.70432621504932
0.704460027748659
0.704593863622633
0.704727722859203
0.704861605646795
0.704995512174296
0.705129442631054
0.705263397206888
0.70539737609208
0.70553137947738
0.705665407554008
0.705799460513656
0.705933538548486
0.706067641851133
0.70620177061471
0.706335925032802
0.706470105299475
0.706604311609272
0.706738544157216
0.706872803138814
0.707007088750053
0.707141401187407
0.707275740647834
0.707410107328781
0.707544501428184
0.707678923144467
0.707813372676549
0.707947850223838
0.70808235598624
0.708216890164156
0.708351452958484
0.708486044570622
0.708620665202467
0.708755315056421
0.708889994335385
0.70902470324277
0.70915944198249
0.709294210758967
0.709429009777136
0.709563839242438
0.709698699360832
0.709833590338787
0.709968512383291
0.710103465701846
0.710238450502476
0.710373466993723
0.710508515384652
0.710643595884854
0.71077870870444
0.710913854054054
0.711049032144863
0.711184243188568
0.711319487397399
0.711454764984121
0.711590076162034
0.711725421144975
0.711860800147316
0.711996213383974
0.712131661070404
0.712267143422606
0.712402660657124
0.71253821299105
0.712673800642022
0.712809423828233
0.712945082768422
0.713080777681885
0.713216508788473
0.713352276308593
0.713488080463212
0.713623921473858
0.713759799562619
0.713895714952149
0.714031667865668
0.714167658526963
0.714303687160391
0.714439753990879
0.714575859243929
0.714712003145617
0.714848185922597
0.714984407802099
0.715120669011935
0.7152569697805
0.715393310336774
0.715529690910319
0.71566611173129
0.715802573030428
0.715939075039068
0.716075617989139
0.716212202113163
0.716348827644261
0.716485494816156
0.716622203863168
0.716758955020222
0.716895748522851
0.717032584607191
0.71716946350999
0.717306385468607
0.717443350721014
0.717580359505797
0.717717412062161
0.717854508629931
0.717991649449551
0.718128834762089
0.718266064809241
0.718403339833326
0.718540660077298
0.718678025784738
0.718815437199864
0.718952894567527
0.719090398133218
0.719227948143069
0.719365544843852
0.719503188482984
0.719640879308529
0.7197786175692
0.71991640351436
0.720054237394026
0.72019211945887
0.72033004996022
0.720468029150066
0.720606057281058
0.720744134606512
0.720882261380408
0.721020437857395
0.721158664292796
0.721296940942603
0.721435268063486
0.721573645912792
0.721712074748548
0.721850554829462
0.721989086414929
0.72212766976503
0.722266305140535
0.722404992802906
0.722543733014299
0.722682526037566
0.722821372136258
0.722960271574628
0.723099224617633
0.723238231530933
0.7233772925809
0.723516408034615
0.723655578159874
0.723794803225186
0.723934083499782
0.72407341925361
0.724212810757345
0.724352258282385
0.724491762100858
0.724631322485622
0.724770939710268
0.724910614049125
0.72505034577726
0.725190135170478
0.725329982505332
0.725469888059119
0.725609852109885
0.72574987493643
0.725889956818304
0.726030098035817
0.726170298870039
0.726310559602799
0.726450880516694
0.726591261895088
0.726731704022114
0.726872207182679
0.727012771662466
0.727153397747936
0.727294085726333
0.727434835885682
0.727575648514797
0.727716523903282
0.727857462341533
0.72799846412074
0.728139529532894
0.728280658870784
0.728421852428004
0.728563110498957
0.728704433378852
0.728845821363714
0.72898727475038
0.729128793836509
0.72927037892058
0.729412030301894
0.729553748280584
0.729695533157609
0.729837385234764
0.72997930481468
0.730121292200826
0.730263347697514
0.730405471609903
0.730547664243999
0.730689925906659
0.730832256905597
0.730974657549384
0.73111712814745
0.731259669010093
0.731402280448474
0.731544962774628
0.731687716301461
0.731830541342759
0.731973438213185
0.732116407228286
0.732259448704498
0.732402562959143
0.732545750310439
0.7326890110775
0.732832345580339
0.732975754139871
0.733119237077921
0.73326279471722
0.733406427381413
0.733550135395064
0.733693919083653
0.733837778773586
0.733981714792195
0.734125727467743
0.734269817129425
0.734413984107374
0.734558228732664
0.734702551337313
0.734846952254286
0.734991431817501
0.735135990361829
0.7352806282231
0.735425345738106
0.735570143244605
0.735715021081323
0.735859979587961
0.736005019105194
0.73615013997468
0.736295342539059
0.736440627141959
0.736585994127998
0.736731443842793
0.736876976632957
0.737022592846105
0.737168292830861
0.737314076936857
0.737459945514741
0.737605898916178
0.737751937493855
0.737898061601485
0.738044271593811
0.738190567826608
0.73833695065669
0.738483420441913
0.738629977541178
0.738776622314434
0.738923355122686
0.739070176327996
0.739217086293486
0.739364085383345
0.739511173962832
0.73965835239828
0.7398056210571
0.739952980307784
0.740100430519912
0.740247972064155
0.740395605312276
0.740543330637141
0.740691148412716
0.740839059014077
0.74098706281741
0.741135160200019
0.741283351540327
0.741431637217883
0.741580017613364
0.741728493108583
0.741877064086489
0.742025730931174
0.742174494027877
0.742323353762991
0.74247231052406
0.742621364699794
0.742770516680063
0.74291976685591
0.743069115619552
0.743218563364384
0.743368110484984
0.743517757377119
0.743667504437749
0.743817352065031
0.743967300658325
0.744117350618196
0.744267502346422
0.744417756245999
0.744568112721143
0.744718572177295
0.74486913502113
0.745019801660555
0.745170572504722
0.745321447964025
0.745472428450112
0.745623514375885
0.745774706155505
0.745926004204403
0.746077408939278
0.746228920778103
0.746380540140136
0.746532267445919
0.746684103117285
0.746836047577363
0.746988101250586
0.74714026456269
0.747292537940726
0.747444921813061
0.747597416609385
0.747750022760715
0.747902740699403
0.748055570859138
0.748208513674954
0.748361569583233
0.748514739021714
0.748668022429495
0.748821420247039
0.748974932916182
0.749128560880137
0.749282304583498
0.749436164472248
0.749590140993764
0.749744234596821
0.749898445731602
0.750052774849697
0.750207222404116
0.75036178884929
0.750516474641076
0.750671280236769
0.7508262060951
0.750981252676249
0.751136420441844
0.751291709854975
0.751447121380191
0.751602655483514
0.751758312632438
0.751914093295943
0.752069997944493
0.752226027050047
0.752382181086064
0.75253846052751
0.752694865850861
0.752851397534114
0.753008056056791
0.753164841899941
0.753321755546156
0.753478797479567
0.753635968185858
0.75379326815227
0.753950697867605
0.754108257822235
0.75426594850811
0.75442377041876
0.754581724049305
0.754739809896461
0.754898028458548
0.755056380235491
0.755214865728836
0.755373485441747
0.75553223987902
0.755691129547087
0.75585015495402
0.756009316609545
0.756168615025043
0.756328050713557
0.756487624189803
0.756647335970173
0.756807186572746
0.75696717651729
0.757127306325274
0.757287576519871
0.75744798762597
0.757608540170177
0.757769234680829
0.757930071687997
0.758091051723492
0.758252175320877
0.758413443015473
0.758574855344362
0.758736412846402
0.758898116062227
0.75905996553426
0.759221961806719
0.759384105425623
0.7595463969388
0.759708836895898
0.759871425848389
0.760034164349578
0.760197052954612
0.760360092220485
0.760523282706049
0.76068662497202
0.760850119580987
0.761013767097419
0.761177568087673
0.761341523120004
0.761505632764572
0.761669897593448
0.761834318180627
0.761998895102031
0.76216362893552
0.762328520260901
0.762493569659935
0.762658777716347
0.76282414501583
0.762989672146062
0.763155359696704
0.763321208259416
0.763487218427866
0.763653390797732
0.763819725966719
0.76398622453456
0.764152887103031
0.764319714275956
0.764486706659218
0.764653864860768
0.764821189490631
0.76498868116092
0.765156340485838
0.765324168081696
0.765492164566915
0.765660330562039
0.765828666689741
0.765997173574837
0.766165851844291
0.766334702127225
0.766503725054933
0.766672921260884
0.766842291380735
0.767011836052341
0.767181555915763
0.76735145161328
0.767521523789394
0.767691773090847
0.767862200166624
0.768032805667967
0.768203590248382
0.768374554563653
0.768545699271847
0.76871702503333
0.76888853251077
0.769060222369155
0.769232095275797
0.769404151900345
0.769576392914795
0.7697488189935
0.769921430813182
0.77009422905294
0.770267214394262
0.770440387521038
0.770613749119564
0.77078729987856
0.770961040489176
0.771134971645006
0.771309094042097
0.771483408378959
0.771657915356578
0.771832615678429
0.77200751005048
0.77218259918121
0.772357883781619
0.772533364565237
0.772709042248136
0.772884917548942
0.773060991188849
0.773237263891625
0.773413736383628
0.773590409393814
0.773767283653755
0.773944359897643
0.774121638862307
0.774299121287222
0.774476807914526
0.774654699489023
0.774832796758204
0.775011100472255
0.77518961138407
0.77536833024926
0.775547257826173
0.775726394875897
0.775905742162281
0.776085300451942
0.776265070514279
0.776445053121486
0.776625249048564
0.776805659073337
0.776986283976459
0.777167124541432
0.777348181554617
0.777529455805246
0.777710948085437
0.777892659190208
0.778074589917486
0.778256741068125
0.778439113445916
0.778621707857604
0.778804525112897
0.778987566024484
0.779170831408046
0.77935432208227
0.779538038868865
0.779721982592572
0.779906154081181
0.780090554165545
0.780275183679592
0.780460043460343
0.78064513434792
0.780830457185568
0.781016012819663
0.78120180209973
0.781387825878457
0.781574085011707
0.781760580358539
0.781947312781215
0.78213428314522
0.782321492319277
0.782508941175359
0.782696630588707
0.782884561437842
0.783072734604584
0.783261150974066
0.783449811434748
0.783638716878434
0.783827868200286
0.784017266298844
0.784206912076035
0.784396806437196
0.784586950291083
0.784777344549894
0.784967990129279
0.785158887948361
0.785350038929747
0.785541443999551
0.785733104087405
0.785925020126479
0.786117193053493
0.78630962380874
0.7865023133361
0.786695262583054
0.786888472500706
0.787081944043796
0.78727567817072
0.787469675843546
0.78766393802803
0.787858465693639
0.788053259813561
0.788248321364726
0.788443651327827
0.788639250687333
0.788835120431507
0.789031261552431
0.789227675046012
0.789424361912014
0.789621323154064
0.78981855977968
0.790016072800283
0.79021386323122
0.790411932091778
0.790610280405209
0.790808909198744
0.791007819503613
0.791207012355066
0.791406488792392
0.791606249858934
0.791806296602116
0.792006630073456
0.792207251328588
0.792408161427283
0.792609361433468
0.792810852415245
0.793012635444911
0.793214711598982
0.793417081958208
0.793619747607597
0.793822709636433
0.794025969138301
0.794229527211103
0.794433384957079
0.794637543482834
0.794842003899352
0.795046767322022
0.795251834870654
0.795457207669509
0.795662886847313
0.79586887353728
0.796075168877138
0.796281774009145
0.796488690080119
0.796695918241449
0.79690345964913
0.797111315463775
0.797319486850642
0.797527974979659
0.797736781025442
0.797945906167321
0.798155351589362
0.798365118480391
0.798575208034016
0.798785621448652
0.798996359927543
0.799207424678788
0.799418816915361
0.799630537855141
0.79984258872093
0.800054970740479
0.800267685146517
0.800480733176767
0.800694116073979
0.800907835085951
0.801121891465551
0.801336286470748
0.801551021364635
0.801766097415452
0.801981515896613
0.802197278086735
0.802413385269658
0.802629838734475
0.802846639775555
0.803063789692574
0.803281289790537
0.803499141379806
0.803717345776126
0.803935904300653
0.804154818279981
0.804374089046169
0.804593717936766
0.804813706294843
0.805034055469015
0.805254766813474
0.805475841688014
0.80569728145806
0.805919087494695
0.80614126117469
0.806363803880531
0.80658671700045
0.806810001928453
0.807033660064346
0.807257692813769
0.807482101588222
0.807706887805096
0.807932052887702
0.808157598265302
0.808383525373138
0.808609835652462
0.808836530550568
0.809063611520821
0.809291080022688
0.809518937521769
0.809747185489829
0.809975825404828
0.810204858750954
0.810434287018653
0.810664111704661
0.810894334312037
0.811124956350194
0.811355979334935
0.811587404788478
0.811819234239496
0.812051469223149
0.812284111281111
0.812517161961613
0.812750622819466
0.812984495416104
0.813218781319613
0.813453482104764
0.813688599353052
0.813924134652726
0.814160089598826
0.814396465793218
0.814633264844627
0.814870488368675
0.815108137987916
0.81534621533187
0.815584722037058
0.815823659747045
0.816063030112466
0.816302834791071
0.816543075447759
0.816783753754614
0.817024871390942
0.81726643004331
0.817508431405585
0.817750877178967
0.817993769072031
0.818237108800764
0.818480898088604
0.81872513866648
0.818969832272846
0.819214980653727
0.819460585562754
0.819706648761205
0.819953172018043
0.820200157109962
0.820447605821418
0.82069551994468
0.820943901279861
0.821192751634968
0.821442072825937
0.821691866676677
0.821942135019111
0.822192879693221
0.822444102547086
0.822695805436926
0.822947990227148
0.823200658790385
0.82345381300754
0.823707454767833
0.823961585968839
0.824216208516539
0.824471324325358
0.824726935318215
0.824983043426563
0.825239650590438
0.825496758758503
0.825754369888094
0.826012485945264
0.826271108904835
0.826530240750435
0.826789883474556
0.827050039078593
0.827310709572893
0.827571896976805
0.827833603318726
0.828095830636152
0.828358580975721
0.828621856393268
0.82888565895387
0.829149990731896
0.82941485381106
0.829680250284467
0.829946182254664
0.830212651833694
0.830479661143142
0.83074721231419
0.831015307487667
0.831283948814101
0.831553138453771
0.831822878576761
0.83209317136301
0.832364019002367
0.832635423694646
0.832907387649675
0.833179913087356
0.833453002237715
0.833726657340958
0.834000880647527
0.834275674418154
0.83455104092392
0.834826982446307
0.835103501277255
0.835380599719222
0.835658280085238
0.835936544698965
0.836215395894752
0.836494836017696
0.836774867423698
0.837055492479524
0.837336713562864
0.837618533062389
0.837900953377817
0.838183976919966
0.83846760611082
0.838751843383588
0.839036691182766
0.839322151964199
0.839608228195144
0.839894922354329
0.840182236932023
0.840470174430092
0.840758737362066
0.841047928253207
0.841337749640565
0.841628204073052
0.841919294111501
0.842211022328735
0.842503391309632
0.842796403651193
0.843090061962608
0.843384368865322
0.843679326993107
0.843974938992127
0.844271207521005
0.8445681352509
0.844865724865566
0.845163979061431
0.845462900547662
0.845762492046241
0.846062756292028
0.846363696032842
0.846665314029528
0.846967613056031
0.84727059589947
0.847574265360209
0.847878624251934
0.848183675401728
0.848489421650141
0.848795865851273
0.849103010872841
0.849410859596266
0.849719414916739
0.850028679743309
0.850338656998951
0.850649349620651
0.850960760559485
0.851272892780692
0.851585749263762
0.851899333002512
0.852213647005166
0.852528694294438
0.852844477907616
0.853161000896642
0.853478266328194
0.853796277283771
0.854115036859778
0.85443454816761
0.854754814333735
0.855075838499783
0.855397623822629
0.855720173474481
0.856043490642971
0.856367578531236
0.856692440358011
0.857018079357717
0.857344498780551
0.857671701892574
0.857999691975806
0.858328472328312
0.858658046264298
0.858988417114202
0.859319588224787
0.859651562959234
0.859984344697238
0.860317936835102
0.860652342785832
0.860987565979232
0.861323609862006
0.861660477897847
0.861998173567545
0.862336700369075
0.862676061817704
0.863016261446088
0.863357302804374
0.863699189460298
0.864041924999291
0.864385513024577
0.864729957157281
0.865075261036529
0.865421428319556
0.865768462681806
0.866116367817044
0.866465147437457
0.866814805273768
0.867165345075335
0.867516770610269
0.867869085665535
0.868222294047069
0.868576399579885
0.868931406108188
0.869287317495484
0.869644137624696
0.870001870398277
0.870360519738323
0.870720089586689
0.871080583905106
0.871442006675298
0.871804361899096
0.87216765359856
0.872531885816099
0.872897062614586
0.873263188077482
0.873630266308958
0.873998301434016
0.874367297598612
0.87473725896978
0.875108189735757
0.875480094106109
0.875852976311857
0.876226840605602
0.876601691261658
0.876977532576175
0.877354368867274
0.877732204475174
0.878111043762325
0.878490891113541
0.878871750936131
0.879253627660036
0.879636525737962
0.880020449645515
0.880405403881342
0.880791392967264
0.881178421448417
0.881566493893391
0.881955614894374
0.882345789067284
0.882737021051925
0.883129315512117
0.883522677135851
0.883917110635426
0.8843126207476
0.884709212233739
0.88510688987996
0.885505658497282
0.885905522921779
0.886306488014728
0.886708558662764
0.887111739778031
0.887516036298336
0.887921453187309
0.888327995434552
0.888735668055804
0.889144476093094
0.889554424614905
0.889965518716331
0.89037776351924
0.89079116417244
0.891205725851837
0.891621453760605
0.892038353129351
0.892456429216283
0.892875687307376
0.893296132716545
0.893717770785812
0.894140606885483
0.894564646414317
0.894989894799702
0.895416357497831
0.895844039993878
0.896272947802176
0.896703086466395
0.897134461559726
0.89756707868506
0.898000943475172
0.898436061592901
0.898872438731343
0.899310080614034
0.899748992995133
0.900189181659621
0.900630652423485
0.90107341113391
0.901517463669475
0.901962815940347
0.902409473888475
0.902857443487791
0.903306730744401
0.903757341696796
0.904209282416044
0.904662559005998
0.905117177603497
0.905573144378576
0.906030465534667
0.906489147308813
0.906949195971875
0.907410617828744
0.907873419218554
0.908337606514897
0.908803186126037
0.90927016449513
0.90973854810044
0.910208343455562
0.910679557109642
0.911152195647602
0.911626265690365
0.912101773895079
0.912578726955349
0.913057131601464
0.913536994600632
0.914018322757207
0.91450112291293
0.914985401947162
0.915471166777124
0.915958424358133
0.916447181683847
0.916937445786509
0.917429223737188
0.917922522646027
0.918417349662492
0.918913711975623
0.919411616814283
0.919911071447415
0.920412083184294
0.920914659374786
0.921418807409607
0.921924534720585
0.92243184878092
0.92294075710545
0.923451267250918
0.92396338681624
0.924477123442776
0.9249924848146
0.925509478658776
0.926028112745635
0.92654839488905
0.92707033294672
0.927593934820447
0.928119208456426
0.928646161845528
0.929174803023586
0.92970514007169
0.930237181116477
0.930770934330425
0.931306407932149
0.931843610186703
0.932382549405876
0.932923233948499
0.93346567222075
0.934009872676459
0.934555843817417
0.935103594193693
0.935653132403942
0.936204467095726
0.936757606965829
0.937312560760582
0.937869337276182
0.93842794535902
0.93898839390601
0.939550691864916
0.94011484823469
0.9406808720658
0.941248772460574
0.941818558573537
0.942390239611756
0.942963824835181
0.943539323556995
0.944116745143968
0.9446960990168
0.945277394650486
0.945860641574668
0.946445849374
0.947033027688505
0.947622186213945
0.94821333470219
0.948806482961589
0.949401640857338
0.949998818311866
0.950598025305207
0.951199271875387
0.951802568118805
0.952407924190623
0.953015350305158
0.953624856736273
0.954236453817774
0.954850151943811
0.955465961569277
0.95608389321022
0.956703957444243
0.95732616491092
0.957950526312211
0.958577052412878
0.959205754040905
0.959836642087922
0.960469727509635
0.961105021326251
0.961742534622913
0.96238227855014
0.963024264324261
0.963668503227864
0.964315006610234
0.964963785887812
0.965614852544643
0.966268218132831
0.966923894273003
0.967581892654769
0.96824222503719
0.968904903249248
0.969569939190319
0.970237344830651
0.970907132211845
0.971579313447341
0.9722539007229
0.972930906297105
0.973610342501848
0.974292221742835
0.974976556500086
0.975663359328443
0.976352642858079
0.977044419795016
0.977738702921639
0.978435505097221
0.979134839258449
0.979836718419954
0.980541155674843
0.981248164195243
0.981957757232837
0.982669948119415
0.98338475026742
0.984102177170509
0.984822242404109
0.985544959625977
0.986270342576772
0.986998405080629
0.987729161045728
0.98846262446488
0.989198809416112
0.989937730063255
0.99067940065654
0.991423835533192
0.99217104911804
0.992921055924122
0.993673870553296
0.994429507696856
0.995187982136162
0.995949308743258
0.996713502481507
0.997480578406229
0.998250551665341
0.9990234375
