4.10117394891295
4.08517603662788
4.06926368932443
4.05343637293017
4.03769355714175
4.02203471539548
4.00645932483836
3.99096686629912
3.97555682425975
3.96022868682711
3.94498194570483
3.92981609616542
3.91473063702265
3.89972507060418
3.88479890272434
3.8699516426572
3.85518280310986
3.84049190019596
3.82587845340941
3.81134198559829
3.7968820229391
3.78249809491109
3.76818973427086
3.75395647702718
3.739797862416
3.72571343287568
3.71170273402248
3.69776531462608
3.68390072658553
3.67010852490524
3.65638826767127
3.6427395160277
3.62916183415333
3.61565478923847
3.60221795146201
3.58885089396857
3.57555319284593
3.56232442710266
3.54916417864584
3.53607203225903
3.52304757558042
3.51009039908116
3.49720009604386
3.48437626254124
3.47161849741498
3.45892640225484
3.44629958137772
3.43373764180716
3.42124019325279
3.40880684809008
3.39643722134025
3.38413093065022
3.3718875962729
3.35970684104753
3.34758829038022
3.33553157222461
3.32353631706271
3.31160215788596
3.29972873017638
3.2879156718878
3.2761626234274
3.26446922763734
3.25283512977647
3.24125997750228
3.22974342085293
3.21828511222952
3.20688470637839
3.19554186037361
3.18425623359967
3.17302748773421
3.16185528673098
3.15073929680284
3.13967918640503
3.12867462621844
3.11772528913312
3.10683085023184
3.09599098677385
3.08520537817874
3.07447370601042
3.06379565396127
3.05317090783636
3.04259915553786
3.03208008704952
3.0216133944213
3.01119877175414
3.00083591518482
2.99052452287098
2.98026429497619
2.97005493365523
2.95989614303944
2.94978762922217
2.93972910024438
2.92972026608035
2.91976083862351
2.90985053167233
2.89998906091641
2.89017614392261
2.88041150012131
2.87069485079283
2.86102591905385
2.85140442984404
2.84183010991276
2.83230268780586
2.82282189385258
2.81338746015257
2.803999120563
2.7946566106858
2.78535966785495
2.77610803112393
2.7669014412532
2.75773964069788
2.74862237359539
2.73954938575334
2.73052042463739
2.72153523935928
2.71259358066489
2.70369520092251
2.69483985411105
2.68602729580847
2.67725728318024
2.66852957496785
2.65984393147756
2.65120011456906
2.64259788764434
2.63403701563657
2.62551726499914
2.61703840369476
2.60860020118457
2.60020242841746
2.5918448578194
2.58352726328288
2.57524942015636
2.56701110523394
2.55881209674499
2.55065217434392
2.54253111909998
2.53444871348722
2.52640474137446
2.51839898801536
2.51043124003855
2.50250128543788
2.49460891356271
2.48675391510827
2.47893608210612
2.47115520791469
2.46341108720984
2.45570351597556
2.44803229149469
2.44039721233974
2.43279807836378
2.42523469069141
2.41770685170972
2.41021436505946
2.40275703562615
2.39533466953135
2.38794707412391
2.38059405797138
2.37327543085141
2.36599100374327
2.35874058881938
2.35152399943697
2.34434105012976
2.33719155659969
2.3300753357088
2.32299220547102
2.3159419850442
2.30892449472207
2.30193955592629
2.29498699119863
2.2880666241931
2.28117827966822
2.27432178347935
2.26749696257099
2.26070364496926
2.25394165977435
2.24721083715309
2.24051100833146
2.23384200558736
2.22720366224321
2.22059581265877
2.21401829222392
2.20747093735156
2.20095358547053
2.19446607501857
2.18800824543533
2.18157993715552
2.17518099160199
2.16881125117894
2.16247055926514
2.15615876020723
2.14987569931309
2.14362122284517
2.13739517801397
2.13119741297153
2.12502777680495
2.11888611952999
2.11277229208469
2.10668614632309
2.1006275350089
2.09459631180934
2.08859233128892
2.08261544890331
2.07666552099329
2.07074240477869
2.06484595835239
2.05897604067437
2.05313251156583
2.0473152317033
2.04152406261285
2.03575886666428
2.03001950706544
2.02430584785649
2.01861775390427
2.01295509089675
2.00731772533738
2.00170552453962
1.99611835662145
1.99055609049996
1.98501859588588
1.97950574327829
1.97401740395927
1.96855344998863
1.96311375419864
1.95769819018889
1.95230663232105
1.9469389557138
1.94159503623772
1.93627475051025
1.93097797589065
1.92570459047505
1.92045447309153
1.91522750329515
1.91002356136314
1.90484252829004
1.89968428578293
1.89454871625664
1.88943570282902
1.88434512931631
1.87927688022838
1.87423084076421
1.86920689680721
1.86420493492074
1.85922484234354
1.85426650698527
1.84932981742199
1.84441466289185
1.83952093329058
1.83464851916719
1.82979731171964
1.82496720279053
1.82015808486284
1.81536985105569
1.81060239512012
1.80585561143496
1.80112939500265
1.79642364144514
1.79173824699979
1.78707310851535
1.78242812344789
1.77780318985685
1.77319820640103
1.76861307233469
1.76404768750361
1.75950195234122
1.75497576786475
1.75046903567139
1.74598165793454
1.74151353739995
1.73706457738204
1.73263468176019
1.72822375497501
1.7238317020247
1.71945842846139
1.71510384038756
1.71076784445245
1.70645034784845
1.70215125830763
1.69787048409821
1.69360793402104
1.68936351740619
1.68513714410948
1.68092872450911
1.67673816950221
1.67256539050154
1.66841029943211
1.6642728087279
1.66015283132855
1.65605028067608
1.65196507071166
1.6478971158724
1.64384633108814
1.63981263177825
1.63579593384854
1.63179615368806
1.62781320816602
1.62384701462873
1.61989749089648
1.61596455526055
1.61204812648014
1.60814812377942
1.60426446684448
1.60039707582047
1.59654587130858
1.59271077436314
1.58889170648875
1.58508858963738
1.58130134620553
1.57752989903138
1.57377417139198
1.57003408700046
1.56630957000325
1.56260054497729
1.55890693692736
1.5552286712833
1.55156567389735
1.54791787104144
1.54428518940455
1.54066755609004
1.53706489861306
1.53347714489792
1.52990422327549
1.52634606248067
1.5228025916498
1.51927374031814
1.51575943841734
1.51225961627296
1.50877420460197
1.50530313451031
1.5018463374904
1.49840374541873
1.49497529055348
1.49156090553205
1.48816052336874
1.48477407745236
1.48140150154388
1.47804272977412
1.47469769664138
1.47136633700921
1.46804858610408
1.46474437951312
1.46145365318187
1.45817634341205
1.45491238685932
1.45166172053108
1.4484242817843
1.4452000083233
1.44198883819765
1.43879070979994
1.43560556186372
1.43243333346135
1.42927396400191
1.42612739322909
1.42299356121915
1.4198724083788
1.41676387544324
1.41366790347405
1.4105844338572
1.40751340830107
1.40445476883442
1.40140845780441
1.39837441787469
1.39535259202339
1.39234292354121
1.3893453560295
1.38635983339832
1.38338629986457
1.38042469995011
1.37747497847985
1.37453708057994
1.37161095167586
1.36869653749064
1.36579378404304
1.36290263764566
1.36002304490326
1.35715495271088
1.3542983082521
1.35145305899729
1.34861915270183
1.3457965374044
1.34298516142526
1.34018497336447
1.33739592210027
1.33461795678735
1.33185102685515
1.32909508200623
1.32635007221459
1.32361594772401
1.32089265904644
1.31818015696037
1.3154783925092
1.31278731699966
1.31010688200017
1.30743703933932
1.30477774110427
1.30212893963916
1.29949058754362
1.29686263767117
1.29424504312774
1.29163775727009
1.28904073370438
1.28645392628458
1.28387728911106
1.28131077652907
1.27875434312725
1.27620794373623
1.27367153342711
1.27114506751007
1.26862850153293
1.26612179127969
1.26362489276916
1.26113776225355
1.25866035621704
1.25619263137446
1.25373454466984
1.25128605327509
1.24884711458864
1.24641768623407
1.24399772605878
1.24158719213266
1.23918604274679
1.23679423641206
1.23441173185795
1.23203848803116
1.22967446409436
1.22731961942492
1.22497391361359
1.2226373064633
1.22030975798786
1.2179912284107
1.2156816781637
1.21338106788589
1.21108935842227
1.20880651082255
1.20653248634002
1.20426724643026
1.20201075275002
1.19976296715599
1.19752385170367
1.19529336864616
1.19307148043301
1.19085814970908
1.18865333931339
1.18645701227799
1.18426913182679
1.1820896613745
1.17991856452545
1.17775580507253
1.17560134699606
1.17345515446272
1.17131719182443
1.16918742361729
1.1670658145605
1.16495232955532
1.16284693368396
1.16074959220857
1.15866027057016
1.15657893438761
1.15450554945658
1.15244008174851
1.15038249740961
1.14833276275984
1.14629084429189
1.1442567086702
1.14223032272995
1.14021165347607
1.13820066808229
1.13619733389014
1.13420161840797
1.13221348931002
1.13023291443542
1.1282598617873
1.12629429953179
1.12433619599712
1.12238551967265
1.12044223920799
1.11850632341204
1.11657774125209
1.11465646185292
1.11274245449589
1.11083568861804
1.10893613381121
1.10704375982111
1.10515853654652
1.10328043403835
1.10140942249878
1.09954547228043
1.09768855388545
1.09583863796473
1.093995695317
1.092159696888
1.09033061376966
1.08850841719926
1.08669307855859
1.08488456937316
1.08308286131135
1.08128792618361
1.07949973594168
1.07771826267774
1.07594347862367
1.0741753561502
1.07241386776619
1.07065898611778
1.06891068398768
1.06716893429435
1.06543371009124
1.06370498456608
1.06198273104003
1.06026692296703
1.05855753393298
1.05685453765501
1.05515790798078
1.05346761888769
1.05178364448222
1.05010595899912
1.04843453680077
1.04676935237642
1.04511038034148
1.04345759543684
1.04181097252815
1.0401704866051
1.03853611278078
1.03690782629094
1.03528560249333
1.03366941686702
1.03205924501172
1.03045506264709
1.0288568456121
1.02726456986435
1.02567821147942
1.0240977466502
1.02252315168623
1.02095440301311
1.01939147717176
1.01783435081788
1.01628300072124
1.01473740376507
1.01319753694547
1.01166337737072
1.0101349022607
1.00861208894628
1.00709491486866
1.00558335757883
1.0040773947369
1.00257700411153
1.00108216357934
0.999592851124278
0.99810904483708
0.996630722914639
0.99515786365944
0.993690445478981
0.992228446885193
0.990771846493863
0.989320623024071
0.987874755297621
0.986434222238478
0.984999002872206
0.983569076325416
0.982144421825214
0.980725018698648
0.979310846372161
0.977901884371053
0.97649811231894
0.975099509937218
0.973706057044526
0.97231773355622
0.970934519483848
0.969556394934626
0.968183340110912
0.966815335309696
0.965452360922082
0.964094397432781
0.962741425419599
0.961393425552932
0.960050378595269
0.95871226540069
0.95737906691437
0.956050764172085
0.954727338299728
0.953408770512816
0.952095042116007
0.950786134502622
0.949482029154162
0.94818270763984
0.946888151616101
0.945598342826153
0.944313263099506
0.943032894351503
0.94175721858286
0.940486217879204
0.939219874410623
0.937958170431211
0.936701088278612
0.935448610373581
0.934200719219532
0.932957397402098
0.931718627588691
0.930484392528062
0.929254675049874
0.928029458064262
0.926808724561403
0.925592457611095
0.924380640362329
0.923173256042866
0.92197028795882
0.920771719494238
0.919577534110687
0.918387715346843
0.917202246818079
0.916021112216056
0.914844295308324
0.913671779937915
0.912503550022942
0.911339589556204
0.910179882604788
0.909024413309678
0.907873165885362
0.906726124619445
0.90558327387226
0.904444598076487
0.90331008173677
0.902179709429336
0.901053465801619
0.899931335571886
0.898813303528858
0.897699354531347
0.896589473507882
0.895483645456347
0.894381855443609
0.893284088605163
0.892190330144767
0.891100565334088
0.890014779512343
0.888932958085944
0.88785508652815
0.886781150378714
0.885711135243534
0.884645026794312
0.883582810768205
0.882524472967487
0.881469999259204
0.880419375574841
0.879372587909986
0.878329622323991
0.877290464939646
0.876255101942841
0.875223519582246
0.874195704168983
0.873171642076293
0.872151319739222
0.871134723654301
0.870121840379218
0.869112656532511
0.868107158793245
0.867105333900701
0.866107168654068
0.865112649912126
0.864121764592941
0.863134499673561
0.862150842189709
0.861170779235478
0.860194297963032
0.859221385582307
0.858252029360713
0.857286216622837
0.856323934750145
0.855365171180698
0.854409913408852
0.853458148984975
0.852509865515153
0.851565050660911
0.850623692138922
0.849685777720727
0.848751295232453
0.847820232554534
0.846892577621433
0.845968318421363
0.845047442996014
0.844129939440278
0.843215795901981
0.842305000581607
0.841397541732032
0.840493407658256
0.839592586717139
0.838695067317133
0.837800837918022
0.836909887030659
0.836022203216708
0.835137775088382
0.834256591308189
0.833378640588675
0.832503911692172
0.83163239343054
0.830764074664922
0.82989894430549
0.829036991311197
0.828178204689532
0.82732257349627
0.826470086835233
0.825620733858042
0.824774503763878
0.823931385799241
0.823091369257711
0.822254443479712
0.82142059785227
0.820589821808785
0.819762104828794
0.818937436437738
0.81811580620673
0.81729720375233
0.81648161873631
0.815669040865431
0.814859459891216
0.814052865609723
0.813249247861325
0.812448596530485
0.811650901545534
0.810856152878456
0.810064340544664
0.809275454602784
0.808489485154441
0.807706422344039
0.806926256358554
0.806148977427315
0.805374575821796
0.804603041855403
0.803834365883266
0.803068538302034
0.802305549549661
0.801545390105206
0.800788050488628
0.800033521260578
0.799281793022201
0.798532856414932
0.797786702120297
0.797043320859716
0.796302703394297
0.795564840524649
0.794829723090679
0.794097341971401
0.79336768808474
0.792640752387339
0.79191652587437
0.79119499957934
0.790476164573904
0.789760011967674
0.789046532908033
0.78833571857995
0.787627560205789
0.78692204904513
0.786219176394583
0.785518933587608
0.784821311994326
0.784126303021348
0.78343389811159
0.782744088744095
0.782056866433855
0.781372222731634
0.780690149223796
0.780010637532125
0.779333679313653
0.778659266260489
0.777987390099643
0.777318042592861
0.776651215536446
0.775986900761096
0.775325090131735
0.774665775547341
0.774008948940782
0.773354602278653
0.772702727561108
0.772053316821695
0.771406362127196
0.770761855577462
0.770119789305256
0.769480155476089
0.768842946288058
0.768208153971694
0.767575770789798
0.766945789037288
0.766318201041041
0.765692999159737
0.765070175783704
0.764449723334769
0.763831634266097
0.763215901062046
0.762602516238013
0.761991472340283
0.761382761945878
0.760776377662411
0.760172312127938
0.759570558010808
0.758971108009516
0.75837395485256
0.757779091298295
0.75718651013479
0.756596204179679
0.756008166280025
0.755422389312174
0.754838866181614
0.754257589822838
0.753678553199197
0.75310174930277
0.752527171154217
0.751954811802649
0.751384664325484
0.750816721828316
0.750250977444778
0.749687424336407
0.749126055692509
0.748566864730028
0.74800984469341
0.747454988854476
0.746902290512283
0.746351742993003
0.745803339649786
0.745257073862632
0.744712939038265
0.744170928610002
0.743631036037628
0.74309325480727
0.742557578431266
0.742024000448046
0.741492514422004
0.740963113943375
0.740435792628112
0.739910544117762
0.739387362079345
0.73886624020523
0.73834717221302
0.737830151845426
0.73731517287015
0.736802229079766
0.7362913142916
0.735782422347616
0.735275547114295
0.734770682482519
0.734267822367458
0.73376696070845
0.733268091468893
0.732771208636122
0.732276306221304
0.731783378259318
0.731292418808649
0.730803421951271
0.730316381792537
0.729831292461071
0.729348148108654
0.728866942910117
0.728387671063232
0.727910326788602
0.727434904329553
0.726961397952029
0.726489801944484
0.726020110617772
0.725552318305051
0.725086419361665
0.72462240816505
0.724160279114623
0.723700026631684
0.723241645159308
0.722785129162245
0.722330473126818
0.72187767156082
0.721426718993414
0.720977609975033
0.72053033907728
0.720084900892827
0.719641290035317
0.719199501139265
0.718759528859962
0.718321367873376
0.717885012876052
0.717450458585021
0.717017699737702
0.716586731091805
0.716157547425236
0.715730143536003
0.715304514242124
0.714880654381531
0.714458558811975
0.714038222410938
0.713619640075536
0.713202806722433
0.712787717287741
0.712374366726939
0.711962750014775
0.711552862145181
0.711144698131178
0.710738253004794
0.710333521816967
0.709930499637467
0.709529181554798
0.709129562676117
0.708731638127146
0.708335403052083
0.70794085261352
0.707547981992353
0.707156786387701
0.706767261016819
0.706379401115013
0.705993201935557
0.70560865874961
0.705225766846133
0.704844521531805
0.704464918130941
0.704086951985411
0.703710618454558
0.703335912915118
0.702962830761135
0.702591367403888
0.702221518271805
0.701853278810385
0.701486644482122
0.70112161076642
0.700758173159523
0.700396327174428
0.700036068340815
0.699677392204965
0.699320294329687
0.698964770294237
0.698610815694246
0.698258426141641
0.697907597264574
0.697558324707342
0.697210604130316
0.696864431209864
0.696519801638283
0.696176711123716
0.695835155390087
0.695495130177024
0.695156631239789
0.694819654349203
0.694484195291578
0.694150249868641
0.693817813897469
0.693486883210411
0.693157453655024
0.692829521093999
0.692503081405094
0.692178130481061
0.691854664229583
0.691532678573197
0.691212169449234
0.690893132809746
0.69057556462144
0.690259460865608
0.689944817538064
0.689631630649076
0.689319896223297
0.689009610299702
0.688700768931522
0.688393368186175
0.688087404145206
0.687782872904217
0.687479770572809
0.68717809327451
0.686877837146718
0.686578998340631
0.68628157302119
0.685985557367012
0.685690947570328
0.685397739836921
0.685105930386066
0.684815515450462
0.684526491276178
0.684238854122586
0.683952600262305
0.683667725981134
0.683384227577998
0.683102101364885
0.682821343666786
0.682541950821636
0.682263919180254
0.681987245106287
0.681711924976147
0.681437955178955
0.681165332116484
0.680894052203098
0.680624111865697
0.68035550754366
0.680088235688786
0.679822292765236
0.679557675249483
0.679294379630248
0.679032402408448
0.678771740097141
0.678512389221468
0.678254346318601
0.677997607937683
0.677742170639779
0.67748803099782
0.677235185596545
0.676983631032452
0.676733363913742
0.676484380860266
0.676236678503472
0.675990253486351
0.675745102463388
0.675501222100504
0.675258609075008
0.675017260075543
0.674777171802037
0.674538340965648
0.674300764288715
0.674064438504705
0.673829360358167
0.673595526604676
0.673362934010785
0.673131579353977
0.67290145942261
0.672672571015872
0.672444910943733
0.672218476026889
0.671993263096719
0.671769268995235
0.671546490575033
0.671324924699245
0.671104568241491
0.670885418085831
0.670667471126717
0.670450724268948
0.670235174427621
0.670020818528082
0.669807653505884
0.669595676306738
0.669384883886466
0.669175273210957
0.668966841256119
0.668759585007834
0.668553501461915
0.668348587624057
0.668144840509795
0.667942257144457
0.667740834563122
0.667540569810571
0.667341459941249
0.667143502019217
0.666946693118108
0.666751030321086
0.6665565107208
0.666363131419342
0.666170889528205
0.665979782168237
0.665789806469604
0.66560095957174
0.665413238623312
0.665226640782174
0.665041163215325
0.66485680309887
0.664673557617975
0.664491423966831
0.664310399348605
0.664130480975408
0.663951666068246
0.663773951856988
0.663597335580317
0.663421814485695
0.663247385829324
0.6630740468761
0.662901794899583
0.662730627181947
0.662560541013948
0.662391533694882
0.662223602532549
0.662056744843208
0.661890957951546
0.661726239190634
0.661562585901891
0.661399995435047
0.661238465148103
0.661077992407293
0.66091857458705
0.660760209069964
0.660602893246748
0.6604466245162
0.660291400285166
0.660137217968503
0.659984074989042
0.659831968777555
0.659680896772714
0.659530856421057
0.659381845176953
0.659233860502565
0.659086899867815
0.658940960750348
0.658796040635499
0.658652137016253
0.658509247393214
0.658367369274572
0.658226500176061
0.658086637620932
0.657947779139916
0.657809922271187
0.657673064560333
0.657537203560319
0.657402336831452
0.657268461941351
0.657135576464912
0.657003677984274
0.656872764088785
0.656742832374972
0.656613880446507
0.65648590591417
0.656358906395825
0.65623287951638
0.656107822907756
0.655983734208861
0.655860611065548
0.655738451130591
0.655617252063651
0.655497011531243
0.655377727206706
0.655259396770171
0.655142017908532
0.655025588315409
0.654910105691125
0.654795567742669
0.654681972183671
0.654569316734363
0.65445759912156
0.654346817078618
0.654236968345414
0.654128050668308
0.65402006180012
0.653912999500094
0.653806861533873
0.65370164567347
0.653597349697231
0.653493971389818
0.653391508542169
0.653289958951474
0.653189320421148
0.653089590760796
0.652990767786193
0.652892849319247
0.652795833187976
0.652699717226479
0.652604499274906
0.652510177179432
0.652416748792229
0.652324211971437
0.652232564581137
0.652141804491325
0.65205192957788
0.651962937722545
0.651874826812892
0.651787594742297
0.651701239409916
0.651615758720656
0.651531150585148
0.651447412919722
0.651364543646378
0.651282540692763
0.651201401992143
0.651121125483375
0.651041709110886
0.650963150824641
0.650885448580124
0.650808600338306
0.650732604065623
0.650657457733951
0.650583159320577
0.650509706808178
0.650437098184795
0.650365331443806
0.650294404583902
0.650224315609062
0.650155062528532
0.650086643356793
0.650019056113544
0.649952298823674
0.649886369517236
0.649821266229427
0.649756987000563
0.649693529876051
0.649630892906371
0.649569074147048
0.64950807165863
0.649447883506665
0.649388507761676
0.64932994249914
0.64927218579946
0.649215235747949
0.649159090434801
0.64910374795507
0.649049206408649
0.648995463900243
0.648942518539351
0.648890368440241
0.648839011721926
0.648788446508147
0.648738670927344
0.648689683112639
0.648641481201811
0.648594063337275
0.648547427666062
0.648501572339791
0.648456495514657
0.6484121953514
0.648368670015289
0.648325917676099
0.648283936508089
0.648242724689983
0.648202280404945
0.648162601840561
0.648123687188819
0.648085534646085
0.648048142413082
0.648011508694872
0.647975631700836
0.647940509644649
0.647906140744263
0.647872523221886
0.647839655303962
0.647807535221149
0.647776161208301
0.647745531504447
0.647715644352771
0.647686498000594
0.64765809069935
0.64763042070457
0.647603486275862
0.64757728567689
0.647551817175355
0.647527079042977
0.647503069555475
0.647479786992545
0.647457229637846
0.647435395778977
0.64741428370746
0.647393891718719
0.647374218112066
0.647355261190675
0.64733701926157
0.647319490635603
0.647302673627436
0.647286566555523
0.647271167742094
0.647256475513129
0.647242488198351
0.647229204131197
0.647216621648809
0.647204739092011
0.64719355480529
0.647183067136783
0.647173274438257
0.647164175065089
0.647155767376251
0.647148049734294
0.647141020505326
0.647134678059
0.647129020768491
0.647124047010484
0.647119755165154
0.647116143616148
0.647113210750574
0.647110954958975
0.647109374635319
0.64710846817698
0.647108233984721
0.647108670462679
0.647109776018345
0.647111549062552
0.647113988009455
0.647117091276516
0.647120857284489
0.647125284457401
0.647130371222537
0.647136116010426
0.647142517254821
0.647149573392689
0.647157282864187
0.647165644112653
0.647174655584588
0.64718431572964
0.647194623000588
0.647205575853328
0.647217172746856
0.647229412143252
0.647242292507669
0.647255812308311
0.647269970016425
0.647284764106279
0.647300193055151
0.647316255343314
0.647332949454021
0.647350273873486
0.647368227090876
0.647386807598289
0.647406013890746
0.647425844466172
0.647446297825384
0.647467372472073
0.647489066912792
0.647511379656944
0.647534309216763
0.647557854107301
0.647582012846416
0.647606783954756
0.647632165955744
0.647658157375568
0.647684756743162
0.647711962590194
0.647739773451054
0.647768187862839
0.647797204365337
0.647826821501017
0.647857037815012
0.647887851855109
0.647919262171734
0.647951267317934
0.647983865849373
0.648017056324309
0.648050837303589
0.648085207350629
0.648120165031406
0.64815570891444
0.648191837570786
0.648228549574018
0.648265843500215
0.648303717927953
0.648342171438287
0.648381202614739
0.648420810043289
0.648460992312358
0.648501748012799
0.64854307573788
0.648584974083276
0.648627441647055
0.648670477029665
0.64871407883392
0.648758245664994
0.648802976130399
0.648848268839982
0.648894122405909
0.648940535442651
0.648987506566977
0.649035034397935
0.649083117556849
0.649131754667298
0.649180944355112
0.649230685248353
0.64928097597731
0.649331815174484
0.649383201474574
0.649435133514473
0.649487609933246
0.64954062937213
0.649594190474511
0.649648291885922
0.649702932254029
0.649758110228615
0.649813824461576
0.649870073606904
0.649926856320681
0.649984171261063
0.650042017088273
0.650100392464586
0.650159296054323
0.650218726523836
0.650278682541499
0.650339162777696
0.650400165904813
0.650461690597225
0.650523735531285
0.650586299385314
0.650649380839591
0.650712978576344
0.650777091279736
0.650841717635857
0.650906856332712
0.650972506060212
0.651038665510166
0.651105333376265
0.651172508354076
0.651240189141032
0.65130837443642
0.651377062941371
0.651446253358853
0.651515944393657
0.651586134752389
0.651656823143462
0.651728008277082
0.651799688865243
0.651871863621712
0.651944531262024
0.652017690503471
0.65209134006509
0.652165478667656
0.652240105033673
0.652315217887363
0.652390815954656
0.652466897963183
0.652543462642263
0.652620508722899
0.652698034937763
0.652776040021192
0.652854522709174
0.652933481739342
0.653012915850966
0.653092823784939
0.653173204283774
0.653254056091589
0.653335377954106
0.653417168618632
0.653499426834059
0.65358215135085
0.653665340921034
0.653748994298194
0.653833110237459
0.653917687495496
0.654002724830504
0.654088221002199
0.654174174771813
0.65426058490208
0.654347450157228
0.654434769302976
0.654522541106518
0.65461076433652
0.65469943776311
0.654788560157871
0.654878130293829
0.654968146945451
0.65505860888863
0.655149514900683
0.655240863760339
0.655332654247733
0.655424885144396
0.655517555233252
0.655610663298602
0.655704208126123
0.655798188502858
0.655892603217209
0.655987451058927
0.656082730819105
0.656178441290173
0.656274581265887
0.656371149541324
0.656468144912873
0.656565566178227
0.656663412136378
0.656761681587605
0.656860373333472
0.656959486176819
0.65705901892175
0.657158970373633
0.657259339339089
0.657360124625982
0.657461325043418
0.657562939401733
0.65766496651249
0.657767405188467
0.657870254243653
0.657973512493241
0.65807717875362
0.65818125184237
0.658285730578252
0.658390613781204
0.658495900272332
0.658601588873904
0.658707678409346
0.658814167703229
0.658921055581269
0.659028340870316
0.65913602239835
0.659244098994471
0.659352569488897
0.659461432712953
0.659570687499068
0.659680332680766
0.659790367092664
0.659900789570457
0.660011598950922
0.660122794071904
0.660234373772313
0.660346336892117
0.660458682272337
0.660571408755038
0.660684515183326
0.66079800040134
0.660911863254247
0.661026102588234
0.661140717250506
0.661255706089274
0.661371067953754
0.661486801694161
0.661602906161698
0.661719380208557
0.661836222687909
0.661953432453899
0.662071008361639
0.662188949267205
0.662307254027631
0.662425921500901
0.662544950545943
0.662664340022628
0.662784088791759
0.662904195715071
0.663024659655219
0.663145479475777
0.663266654041232
0.663388182216979
0.663510062869313
0.663632294865425
0.663754877073398
0.663877808362202
0.664001087601684
0.664124713662569
0.664248685416452
0.664373001735791
0.664497661493904
0.664622663564966
0.664748006823998
0.664873690146868
0.664999712410283
0.665126072491783
0.665252769269739
0.665379801623346
0.665507168432618
0.665634868578385
0.665762900942287
0.665891264406766
0.666019957855069
0.666148980171236
0.666278330240096
0.666408006947269
0.666538009179151
0.666668335822919
0.666798985766521
0.666929957898671
0.667061251108849
0.66719286428729
0.667324796324986
0.667457046113678
0.667589612545851
0.667722494514731
0.667855690914282
0.667989200639198
0.668123022584902
0.668257155647539
0.668391598723975
0.668526350711789
0.668661410509271
0.668796777015419
0.668932449129932
0.669068425753207
0.669204705786336
0.669341288131099
0.669478171689966
0.669615355366083
0.66975283806328
0.669890618686057
0.670028696139584
0.670167069329701
0.670305737162906
0.670444698546356
0.670583952387865
0.670723497595895
0.670863333079557
0.671003457748604
0.671143870513428
0.671284570285059
0.671425555975157
0.67156682649601
0.671708380760533
0.671850217682261
0.671992336175347
0.672134735154558
0.672277413535272
0.672420370233473
0.672563604165749
0.672707114249291
0.672850899401882
0.672994958541902
0.673139290588321
0.673283894460693
0.673428769079159
0.673573913364438
0.673719326237826
0.673865006621193
0.67401095343698
0.674157165608195
0.67430364205841
0.674450381711758
0.674597383492929
0.674744646327171
0.674892169140279
0.675039950858602
0.675187990409031
0.675336286719
0.675484838716485
0.675633645329998
0.675782705488583
0.675932018121818
0.676081582159808
0.676231396533184
0.676381460173097
0.676531772011222
0.676682330979748
0.67683313601138
0.676984186039334
0.677135479997335
0.677287016819614
0.677438795440906
0.677590814796447
0.677743073821972
0.677895571453711
0.678048306628388
0.678201278283218
0.678354485355903
0.678507926784633
0.678661601508079
0.678815508465396
0.678969646596215
0.679124014840645
0.679278612139267
0.679433437433136
0.679588489663774
0.679743767773172
0.679899270703785
0.680054997398528
0.680210946800781
0.680367117854379
0.680523509503613
0.680680120693229
0.680836950368424
0.680993997474844
0.681151260958584
0.681308739766184
0.681466432844626
0.681624339141335
0.681782457604175
0.681940787181447
0.682099326821889
0.682258075474671
0.682417032089396
0.682576195616095
0.682735565005229
0.682895139207685
0.683054917174773
0.683214897858227
0.683375080210201
0.683535463183269
0.683696045730422
0.683856826805066
0.684017805361022
0.684178980352524
0.684340350734214
0.684501915461146
0.68466367348878
0.684825623772984
0.684987765270028
0.685150096936586
0.685312617729734
0.685475326606947
0.685638222526099
0.685801304445463
0.685964571323703
0.686128022119882
0.686291655793454
0.686455471304264
0.686619467612548
0.686783643678932
0.686947998464427
0.687112530930433
0.687277240038734
0.687442124751498
0.687607184031275
0.687772416840999
0.687937822143982
0.688103398903916
0.688269146084872
0.688435062651297
0.688601147568013
0.68876739980022
0.688933818313489
0.689100402073765
0.689267150047365
0.689434061200978
0.68960113450166
0.689768368916839
0.689935763414309
0.690103316962232
0.690271028529138
0.690438897083919
0.690606921595834
0.690775101034507
0.690943434369922
0.691111920572426
0.691280558612731
0.691449347461904
0.691618286091378
0.69178737347294
0.69195660857874
0.692125990381285
0.692295517853437
0.692465189968417
0.692635005699802
0.692804964021526
0.692975063907874
0.69314530433349
0.69331568427337
0.693486202702862
0.693656858597671
0.693827650933851
0.69399857868781
0.694169640836307
0.694340836356453
0.694512164225709
0.694683623421887
0.69485521292315
0.69502693170801
0.695198778755329
0.695370753044317
0.695542853554536
0.695715079265894
0.695887429158648
0.696059902213405
0.696232497411119
0.696405213733092
0.696578050160973
0.69675100567676
0.696924079262798
0.69709726990178
0.697270576576746
0.697443998271082
0.697617533968523
0.697791182653151
0.697964943309395
0.69813881492203
0.69831279647618
0.698486886957316
0.698661085351255
0.698835390644163
0.699009801822552
0.699184317873283
0.699358937783564
0.69953366054095
0.699708485133348
0.699883410549007
0.700058435776531
0.700233559804867
0.700408781623315
0.700584100221521
0.700759514589484
0.700935023717549
0.701110626596414
0.701286322217125
0.701462109571081
0.701637987650031
0.701813955446074
0.701990011951663
0.702166156159602
0.702342387063048
0.702518703655512
0.702695104930857
0.702871589883301
0.703048157507416
0.703224806798129
0.703401536750724
0.703578346360839
0.70375523462447
0.703932200537971
0.704109243098051
0.704286361301781
0.704463554146589
0.704640820630262
0.704818159750951
0.704995570507163
0.705173051897771
0.705350602922009
0.705528222579473
0.705705909870125
0.705883663794291
0.706061483352661
0.706239367546294
0.706417315376615
0.706595325845415
0.706773397954857
0.706951530707471
0.707129723106158
0.707307974154192
0.707486282855217
0.707664648213252
0.70784306923269
0.708021544918297
0.708200074275217
0.708378656308971
0.708557290025458
0.708735974430955
0.708914708532119
0.70909349133599
0.709272321849989
0.709451199081918
0.709630122039968
0.709809089732712
0.70998810116911
0.710167155358511
0.710346251310652
0.710525388035659
0.710704564544051
0.710883779846738
0.711063032955025
0.71124232288061
0.711421648635589
0.711601009232454
0.711780403684095
0.711959831003804
0.712139290205272
0.712318780302594
0.712498300310268
0.712677849243197
0.712857426116691
0.713037029946468
0.713216659748655
0.713396314539789
0.713575993336821
0.713755695157113
0.713935419018443
0.714115163939006
0.714294928937415
0.714474713032701
0.714654515244317
0.714834334592138
0.715014170096463
0.715194020778016
0.715373885657949
0.715553763757841
0.715733654099703
0.715913555705977
0.716093467599538
0.716273388803696
0.716453318342198
0.716633255239228
0.716813198519413
0.716993147207819
0.717173100329956
0.717353056911778
0.717533015979689
0.717712976560537
0.717892937681623
0.7180728983707
0.718252857655974
0.718432814566107
0.718612768130218
0.718792717377884
0.718972661339146
0.719152599044504
0.719332529524927
0.719512451811846
0.719692364937164
0.719872267933252
0.720052159832954
0.720232039669589
0.72041190647695
0.72059175928931
0.720771597141421
0.720951419068516
0.721131224106314
0.721311011291017
0.721490779659318
0.721670528248398
0.72185025609593
0.722029962240082
0.722209645719515
0.722389305573393
0.722568940841375
0.722748550563626
0.722928133780813
0.723107689534111
0.723287216865203
0.723466714816281
0.723646182430052
0.723825618749738
0.724005022819077
0.724184393682327
0.724363730384266
0.724543031970199
0.724722297485954
0.724901525977888
0.725080716492889
0.725259868078377
0.725438979782307
0.725618050653172
0.725797079740004
0.725976066092376
0.726155008760406
0.726333906794759
0.726512759246647
0.726691565167834
0.726870323610638
0.727049033627933
0.727227694273149
0.727406304600279
0.727584863663877
0.727763370519064
0.727941824221529
0.728120223827529
0.728298568393895
0.728476856978034
0.728655088637929
0.728833262432145
0.729011377419826
0.729189432660705
0.7293674272151
0.729545360143919
0.729723230508664
0.729901037371432
0.730078779794915
0.730256456842409
0.730434067577809
0.730611611065619
0.730789086370947
0.730966492559515
0.731143828697655
0.731321093852318
0.73149828709107
0.7316754074821
0.73185245409422
0.732029425996868
0.732206322260112
0.732383141954649
0.732559884151813
0.732736547923573
0.73291313234254
0.733089636481964
0.733266059415743
0.733442400218422
0.733618657965195
0.73379483173191
0.733970920595073
0.734146923631847
0.734322839920055
0.734498668538187
0.7346744085654
0.734850059081519
0.735025619167043
0.735201087903147
0.735376464371683
0.735551747655184
0.73572693683687
0.735902031000644
0.736077029231102
0.73625193061353
0.736426734233911
0.736601439178926
0.736776044535958
0.736950549393092
0.737124952839123
0.737299253963554
0.737473451856601
0.737647545609197
0.737821534312993
0.737995417060362
0.738169192944401
0.738342861058936
0.738516420498522
0.738689870358449
0.738863209734744
0.739036437724171
0.739209553424239
0.739382555933203
0.739555444350065
0.739728217774579
0.739900875307254
0.740073416049357
0.740245839102915
0.740418143570721
0.740590328556332
0.740762393164077
0.740934336499057
0.741106157667149
0.741277855775011
0.741449429930082
0.741620879240586
0.741792202815537
0.741963399764739
0.742134469198792
0.742305410229093
0.742476221967842
0.742646903528042
0.742817454023501
0.742987872568843
0.7431581582795
0.743328310271725
0.74349832766259
0.743668209569988
0.743837955112641
0.7440075634101
0.744177033582749
0.744346364751808
0.744515556039335
0.744684606568232
0.744853515462246
0.745022281845974
0.745190904844864
0.74535938358522
0.745527717194204
0.745695904799841
0.74586394553102
0.746031838517501
0.746199582889912
0.746367177779758
0.746534622319424
0.746701915642175
0.746869056882159
0.747036045174415
0.747202879654873
0.747369559460357
0.747536083728589
0.747702451598195
0.747868662208702
0.748034714700548
0.748200608215081
0.748366341894564
0.74853191488218
0.74869732632203
0.748862575359143
0.749027661139476
0.749192582809914
0.749357339518282
0.749521930413341
0.749686354644792
0.749850611363284
0.750014699720413
0.750178618868728
0.750342367961732
0.750505946153887
0.750669352600618
0.750832586458314
0.750995646884335
0.751158533037011
0.751321244075649
0.751483779160535
0.751646137452938
0.751808318115113
0.751970320310304
0.752132143202748
0.752293785957679
0.75245524774133
0.752616527720938
0.752777625064746
0.752938538942007
0.753099268522989
0.753259812978977
0.753420171482275
0.753580343206212
0.753740327325145
0.753900123014462
0.754059729450584
0.754219145810971
0.754378371274126
0.754537405019595
0.754696246227972
0.754854894080905
0.755013347761096
0.755171606452306
0.755329669339359
0.755487535608146
0.755645204445625
0.755802675039828
0.755959946579864
0.756117018255923
0.756273889259276
0.756430558782283
0.756587026018394
0.756743290162154
0.756899350409203
0.757055205956285
0.757210856001247
0.757366299743046
0.757521536381749
0.757676565118539
0.757831385155719
0.757985995696712
0.758140395946069
0.758294585109469
0.758448562393726
0.758602327006789
0.758755878157748
0.758909215056835
0.759062336915431
0.759215242946069
0.759367932362432
0.759520404379366
0.759672658212874
0.759824693080128
0.759976508199466
0.7601281027904
0.760279476073615
0.760430627270977
0.760581555605537
0.760732260301527
0.760882740584375
0.761032995680699
0.761183024818315
0.761332827226239
0.761482402134692
0.761631748775104
0.761780866380113
0.761929754183576
0.762078411420566
0.762226837327379
0.762375031141536
0.762522992101789
0.76267071944812
0.76281821242175
0.762965470265138
0.763112492221989
0.763259277537253
0.763405825457132
0.76355213522908
0.763698206101813
0.763844037325303
0.763989628150793
0.764134977830789
0.764280085619073
0.764424950770701
0.764569572542009
0.764713950190614
0.764858082975423
0.76500197015663
0.765145610995722
0.765289004755486
0.765432150700009
0.765575048094679
0.765717696206197
0.76586009430257
0.766002241653124
0.766144137528502
0.766285781200669
0.766427171942916
0.766568309029863
0.766709191737462
0.766849819343002
0.766990191125112
0.767130306363764
0.767270164340278
0.767409764337322
0.767549105638921
0.767688187530456
0.767827009298668
0.767965570231666
0.768103869618924
0.768241906751289
0.768379680920984
0.76851719142161
0.76865443754815
0.768791418596973
0.768928133865838
0.769064582653897
0.769200764261698
0.76933667799119
0.769472323145724
0.769607699030058
0.769742804950362
0.769877640214219
0.77001220413063
0.770146496010018
0.770280515164227
0.770414260906534
0.770547732551644
0.770680929415699
0.770813850816278
0.770946496072403
0.771078864504543
0.771210955434612
0.771342768185981
0.771474302083474
0.771605556453376
0.771736530623434
0.771867223922863
0.771997635682345
0.772127765234038
0.772257611911576
0.772387175050074
0.772516453986129
0.772645448057826
0.77277415660474
0.772902578967942
0.77303071449
0.77315856251498
0.773286122388456
0.773413393457508
0.773540375070728
0.773667066578221
0.773793467331613
0.773919576684049
0.774045393990199
0.774170918606262
0.774296149889969
0.774421087200586
0.774545729898916
0.774670077347306
0.774794128909647
0.774917883951379
0.775041341839492
0.775164501942535
0.775287363630614
0.775409926275395
0.775532189250114
0.775654151929571
0.77577581369014
0.775897173909774
0.776018231967998
0.776138987245924
0.776259439126248
0.776379586993256
0.776499430232823
0.776618968232424
0.776738200381129
0.77685712606961
0.776975744690148
0.777094055636628
0.77721205830455
0.777329752091029
0.777447136394796
0.777564210616207
0.77768097415724
0.777797426421504
0.777913566814238
0.778029394742315
0.778144909614247
0.778260110840188
0.778374997831934
0.778489570002932
0.778603826768277
0.77871776754472
0.778831391750669
0.77894469880619
0.779057688133016
0.779170359154546
0.779282711295849
0.779394743983666
0.779506456646415
0.779617848714196
0.779728919618788
0.779839668793659
0.779950095673964
0.780060199696551
0.780169980299962
0.780279436924441
0.78038856901193
0.780497376006076
0.780605857352236
0.780714012497475
0.780821840890575
0.780929341982033
0.781036515224066
0.781143360070616
0.781249875977349
0.781356062401661
0.781461918802682
0.781567444641276
0.781672639380045
0.781777502483333
0.781882033417229
0.781986231649569
0.782090096649939
0.782193627889679
0.782296824841887
0.782399686981419
0.782502213784892
0.78260440473069
0.782706259298967
0.782807776971646
0.782908957232425
0.783009799566779
0.783110303461963
0.783210468407017
0.783310293892765
0.783409779411819
0.783508924458587
0.783607728529267
0.783706191121857
0.783804311736155
0.783902089873763
0.783999525038088
0.784096616734347
0.784193364469569
0.784289767752596
0.78438582609409
0.784481539006531
0.784576906004225
0.784671926603301
0.78476660032172
0.78486092667927
0.784954905197579
0.785048535400107
0.785141816812158
0.785234748960874
0.785327331375248
0.785419563586117
0.78551144512617
0.785602975529949
0.785694154333853
0.785784981076141
0.785875455296931
0.785965576538207
0.786055344343821
0.786144758259491
0.786233817832812
0.78632252261325
0.78641087215215
0.786498866002739
0.786586503720125
0.7866737848613
0.786760708985148
0.78684727565244
0.786933484425841
0.787019334869913
0.787104826551117
0.787189959037812
0.787274731900262
0.787359144710638
0.787443197043017
0.78752688847339
0.787610218579659
0.787693186941644
0.787775793141081
0.787858036761629
0.787939917388871
0.788021434610313
0.788102588015392
0.788183377195474
0.78826380174386
0.788343861255785
0.788423555328423
0.788502883560888
0.788581845554236
0.78866044091147
0.788738669237539
0.788816530139341
0.788894023225731
0.788971148107511
0.789047904397448
0.789124291710261
0.789200309662636
0.78927595787322
0.789351235962625
0.789426143553436
0.789500680270202
0.789574845739451
0.789648639589683
0.789722061451376
0.789795110956987
0.789867787740956
0.789940091439705
0.790012021691644
0.790083578137171
0.790154760418674
0.790225568180534
0.790296001069125
0.790366058732822
0.790435740821995
0.790505046989017
0.790573976888265
0.790642530176119
0.790710706510969
0.790778505553213
0.79084592696526
0.790912970411535
0.790979635558476
0.79104592207454
0.791111829630204
0.791177357897966
0.791242506552348
0.791307275269897
0.791371663729188
0.791435671610826
0.791499298597448
0.791562544373723
0.791625408626355
0.791687891044088
0.791749991317703
0.791811709140023
0.791873044205912
0.791933996212282
0.791994564858089
0.792054749844338
0.792114550874087
0.792173967652442
0.792232999886567
0.792291647285677
0.79234990956105
0.792407786426019
0.792465277595981
0.792522382788392
0.792579101722778
0.792635434120727
0.792691379705896
0.792746938204013
0.792802109342876
0.792856892852356
0.792911288464399
0.79296529591303
0.793018914934347
0.793072145266531
0.793124986649844
0.79317743882663
0.793229501541318
0.793281174540424
0.793332457572548
0.793383350388384
0.793433852740714
0.793483964384412
0.793533685076447
0.793583014575882
0.793631952643878
0.793680499043694
0.793728653540688
0.79377641590232
0.793823785898152
0.79387076329985
0.793917347881186
0.793963539418038
0.794009337688395
0.794054742472351
0.794099753552116
0.794144370712008
0.794188593738462
0.794232422420027
0.794275856547367
0.794318895913266
0.794361540312626
0.794403789542469
0.794445643401938
0.794487101692301
0.794528164216947
0.794568830781394
0.794609101193282
0.794648975262383
0.794688452800595
0.794727533621948
0.794766217542602
0.79480450438085
0.794842393957118
0.794879886093967
0.794916980616095
0.794953677350334
0.794989976125656
0.795025876773174
0.795061379126136
0.795096483019937
0.795131188292109
0.795165494782331
0.795199402332425
0.795232910786358
0.795266019990244
0.795298729792343
0.795331040043064
0.795362950594966
0.795394461302756
0.795425572023294
0.795456282615591
0.795486592940811
0.795516502862271
0.795546012245445
0.795575120957959
0.795603828869598
0.795632135852303
0.795660041780171
0.795687546529463
0.795714649978594
0.795741352008142
0.795767652500846
0.795793551341607
0.795819048417486
0.795844143617711
0.795868836833672
0.795893127958923
0.795917016889186
0.795940503522346
0.795963587758456
0.795986269499738
0.796008548650579
0.796030425117537
0.796051898809337
0.796072969636877
0.796093637513222
0.79611390235361
0.79613376407545
0.796153222598323
0.796172277843982
0.796190929736354
0.796209178201539
0.796227023167812
0.796244464565622
0.796261502327592
0.796278136388522
0.796294366685386
0.796310193157336
0.796325615745702
0.796340634393987
0.796355249047874
0.796369459655225
0.796383266166077
0.796396668532649
0.796409666709337
0.796422260652715
0.796434450321539
0.796446235676743
0.796457616681441
0.79646859330093
0.796479165502683
0.796489333256358
0.796499096533791
0.796508455309
0.796517409558186
0.796525959259728
0.796534104394192
0.79654184494432
0.79654918089504
0.796556112233461
0.796562638948873
0.79656876103275
0.796574478478748
0.796579791282705
0.796584699442641
0.796589202958761
0.79659330183345
0.796596996071277
0.796600285678992
0.79660317066553
0.796605651042006
0.79660772682172
0.796609398020153
0.796610664654968
0.796611526746012
0.796611984315314
0.796612037387082
0.796611685987711
0.796610930145774
0.796609769892027
0.796608205259407
0.796606236283035
0.79660386300021
0.796601085450413
0.796597903675307
0.796594317718733
0.796590327626716
0.796585933447457
0.79658113523134
0.796575933030927
0.79657032690096
0.796564316898358
0.796557903082222
0.796551085513828
0.796543864256631
0.796536239376265
0.796528210940539
0.796519779019439
0.79651094368513
0.79650170501195
0.796492063076413
0.79648201795721
0.796471569735204
0.796460718493434
0.796449464317113
0.796437807293625
0.796425747512528
0.796413285065553
0.796400420046602
0.796387152551747
0.796373482679232
0.79635941052947
0.796344936205044
0.796330059810704
0.796314781453371
0.796299101242132
0.79628301928824
0.796266535705115
0.796249650608343
0.796232364115675
0.796214676347025
0.79619658742447
0.796178097472252
0.796159206616773
0.796139914986598
0.79612022271245
0.796100129927214
0.796079636765932
0.796058743365807
0.796037449866196
0.796015756408614
0.795993663136732
0.795971170196375
0.795948277735523
0.795924985904307
0.795901294855012
0.795877204742074
0.795852715722078
0.795827827953761
0.795802541598005
0.795776856817843
0.795750773778451
0.795724292647154
0.795697413593419
0.795670136788858
0.795642462407224
0.795614390624414
0.795585921618462
0.795557055569545
0.795527792659975
0.795498133074203
0.795468076998816
0.795437624622537
0.79540677613622
0.795375531732854
0.79534389160756
0.795311855957587
0.795279424982316
0.795246598883254
0.795213377864036
0.795179762130423
0.795145751890298
0.795111347353671
0.79507654873267
0.795041356241547
0.795005770096671
0.794969790516531
0.794933417721732
0.794896651934993
0.794859493381149
0.794821942287149
0.794783998882051
0.794745663397023
0.794706936065344
0.794667817122399
0.794628306805679
0.79458840535478
0.7945481130114
0.79450743001934
0.7944663566245
0.794424893074881
0.79438303962058
0.794340796513787
0.794298164008791
0.794255142361972
0.794211731831801
0.794167932678838
0.794123745165732
0.79407916955722
0.794034206120121
0.793988855123341
0.793943116837865
0.793896991536761
0.793850479495172
0.793803580990323
0.793756296301509
0.793708625710103
0.793660569499548
0.793612127955358
0.793563301365116
0.793514090018472
0.79346449420714
0.793414514224899
0.793364150367589
0.793313402933112
0.793262272221426
0.793210758534547
0.793158862176544
0.793106583453542
0.793053922673715
0.793000880147285
0.792947456186527
0.792893651105755
0.792839465221332
0.792784898851659
0.792729952317181
0.79267462594038
0.792618920045771
0.792562834959908
0.792506371011376
0.792449528530788
0.792392307850791
0.792334709306053
0.792276733233272
0.792218379971163
0.792159649860467
0.792100543243941
0.79204106046636
0.791981201874511
0.791920967817199
0.791860358645234
0.791799374711439
0.79173801637064
0.791676283979671
0.791614177897365
0.791551698484557
0.791488846104082
0.791425621120767
0.791362023901436
0.791298054814905
0.791233714231977
0.791169002525446
0.791103920070087
0.791038467242664
0.790972644421916
0.790906451988564
0.790839890325306
0.790772959816813
0.790705660849728
0.790637993812665
0.790569959096205
0.790501557092893
0.79043278819724
0.790363652805715
0.790294151316748
0.790224284130724
0.79015405164998
0.790083454278808
0.790012492423447
0.789941166492084
0.78986947689485
0.789797424043817
0.789725008353
0.789652230238348
0.789579090117747
0.789505588411015
0.789431725539901
0.78935750192808
0.789282918001154
0.789207974186647
0.789132670914004
0.789057008614589
0.788980987721679
0.788904608670466
0.788827871898052
0.788750777843446
0.788673326947566
0.788595519653229
0.788517356405154
0.788438837649959
0.788359963836157
0.788280735414153
0.788201152836243
0.78812121655661
0.788040927031324
0.787960284718335
0.787879290077475
0.787797943570453
0.787716245660853
0.787634196814129
0.787551797497608
0.78746904818048
0.787385949333804
0.787302501430494
0.78721870494533
0.787134560354943
0.78705006813782
0.786965228774298
0.786880042746562
0.786794510538643
0.786708632636414
0.786622409527589
0.786535841701718
0.786448929650185
0.786361673866209
0.786274074844833
0.786186133082931
0.786097849079197
0.786009223334148
0.785920256350116
0.78583094863125
0.785741300683513
0.785651313014672
0.785560986134307
0.785470320553797
0.785379316786323
0.785287975346865
0.785196296752198
0.785104281520889
0.785011930173295
0.784919243231557
0.784826221219604
0.784732864663142
0.784639174089657
0.78454515002841
0.784450793010432
0.784356103568524
0.784261082237256
0.784165729552957
0.78407004605372
0.783974032279391
0.783877688771575
0.783781016073627
0.783684014730647
0.783586685289486
0.783489028298734
0.783391044308721
0.783292733871514
0.783194097540913
0.783095135872448
0.782995849423379
0.782896238752687
0.782796304421075
0.782696046990968
0.7825954670265
0.782494565093524
0.782393341759596
0.782291797593982
0.782189933167651
0.782087749053269
0.781985245825201
0.781882424059506
0.781779284333932
0.781675827227917
0.781572053322581
0.781467963200726
0.781363557446832
0.781258836647057
0.781153801389225
0.781048452262834
0.780942789859046
0.780836814770684
0.780730527592233
0.780623928919831
0.780517019351272
0.780409799485998
0.780302269925097
0.780194431271303
0.780086284128988
0.779977829104161
0.779869066804467
0.779759997839179
0.779650622819199
0.779540942357052
0.779430957066885
0.779320667564463
0.779210074467165
0.77909917839398
0.778987979965506
0.778876479803948
0.778764678533108
0.77865257677839
0.778540175166791
0.778427474326901
0.778314474888897
0.778201177484542
0.778087582747181
0.777973691311738
0.77785950381471
0.77774502089417
0.777630243189755
0.777515171342671
0.777399805995684
0.777284147793121
0.777168197380863
0.777051955406341
0.776935422518539
0.776818599367984
0.776701486606745
0.776584084888431
0.776466394868186
0.776348417202685
0.776230152550134
0.776111601570262
0.775992764924322
0.775873643275085
0.775754237286836
0.775634547625375
0.775514574958007
0.775394319953545
0.775273783282302
0.775152965616091
0.77503186762822
0.774910489993486
0.774788833388178
0.774666898490068
0.77454468597841
0.774422196533934
0.774299430838848
0.77417638957683
0.774053073433025
0.773929483094044
0.773805619247957
0.773681482584294
0.773557073794037
0.773432393569621
0.773307442604926
0.773182221595278
0.773056731237443
0.772930972229623
0.772804945271454
0.772678651064004
0.772552090309765
0.772425263712655
0.772298171978009
0.772170815812581
0.772043195924537
0.771915313023453
0.771787167820309
0.771658761027491
0.771530093358781
0.771401165529359
0.771271978255795
0.771142532256051
0.771012828249472
0.770882866956784
0.770752649100094
0.770622175402883
0.770491446590002
0.770360463387671
0.770229226523476
0.770097736726362
0.769965994726631
0.769834001255942
0.769701757047302
0.769569262835067
0.769436519354935
0.769303527343945
0.769170287540473
0.769036800684227
0.768903067516246
0.768769088778895
0.768634865215862
0.768500397572153
0.76836568659409
0.76823073302931
0.768095537626756
0.767960101136676
0.767824424310622
0.767688507901443
0.767552352663284
0.767415959351579
0.767279328723053
0.767142461535713
0.767005358548848
0.766868020523025
0.766730448220083
0.766592642403133
0.766454603836552
0.766316333285983
0.766177831518325
0.766039099301737
0.765900137405629
0.76576094660066
0.765621527658738
0.765481881353011
0.765342008457866
0.765201909748927
0.765061586003049
0.764921037998317
0.764780266514039
0.764639272330747
0.764498056230188
0.764356618995328
0.76421496141034
0.764073084260608
0.763930988332717
0.763788674414457
0.763646143294811
0.763503395763959
0.763360432613268
0.763217254635297
0.763073862623783
0.762930257373646
0.762786439680982
0.76264241034306
0.762498170158317
0.762353719926359
0.762209060447952
0.762064192525023
0.761919116960653
0.761773834559077
0.761628346125677
0.761482652466982
0.761336754390663
0.761190652705526
0.761044348221517
0.760897841749711
0.760751134102311
0.760604226092644
0.76045711853516
0.760309812245426
0.760162308040124
0.760014606737046
0.759866709155092
0.759718616114265
0.759570328435672
0.759421846941513
0.759273172455084
0.759124305800772
0.75897524780405
0.758825999291474
0.758676561090683
0.758526934030389
0.758377118940381
0.758227116651515
0.758076927995716
0.757926553805971
0.757775994916326
0.757625252161886
0.757474326378808
0.757323218404296
0.757171929076605
0.757020459235031
0.756868809719907
0.756716981372606
0.756564975035533
0.756412791552122
0.756260431766832
0.756107896525148
0.75595518667357
0.75580230305962
0.755649246531827
0.755496017939733
0.755342618133886
0.755189047965835
0.755035308288131
0.75488139995432
0.75472732381894
0.75457308073752
0.754418671566575
0.754264097163602
0.754109358387081
0.753954456096463
0.753799391152178
0.753644164415621
0.753488776749158
0.753333229016115
0.753177522080778
0.753021656808394
0.752865634065158
0.75270945471822
0.752553119635674
0.75239662968656
0.752239985740856
0.752083188669481
0.751926239344285
0.751769138638051
0.751611887424488
0.751454486578231
0.751296936974837
0.751139239490778
0.750981395003444
0.750823404391136
0.750665268533064
0.750506988309341
0.750348564600986
0.750189998289915
0.750031290258939
0.749872441391764
0.749713452572984
0.749554324688081
0.74939505862342
0.749235655266245
0.749076115504679
0.748916440227717
0.748756630325227
0.748596686687945
0.748436610207468
0.74827640177626
0.74811606228764
0.747955592635783
0.747794993715719
0.747634266423323
0.74747341165532
0.747312430309277
0.747151323283602
0.746990091477538
0.746828735791166
0.746667257125394
0.746505656381961
0.746343934463431
0.746182092273188
0.746020130715438
0.745858050695202
0.745695853118313
0.745533538891417
0.745371108921965
0.745208564118213
0.745045905389219
0.744883133644839
0.744720249795724
0.744557254753319
0.744394149429858
0.744230934738361
0.744067611592633
0.743904180907259
0.743740643597604
0.743577000579806
0.743413252770778
0.743249401088198
0.743085446450517
0.742921389776944
0.742757231987452
0.742592974002772
0.742428616744391
0.742264161134546
0.742099608096226
0.741934958553165
0.741770213429845
0.741605373651484
0.741440440144043
0.741275413834218
0.741110295649435
0.740945086517855
0.740779787368364
0.740614399130572
0.740448922734814
0.740283359112143
0.740117709194328
0.739951973913854
0.739786154203916
0.739620250998418
0.73945426523197
0.739288197839886
0.739122049758181
0.738955821923568
0.738789515273455
0.738623130745942
0.738456669279822
0.738290131814575
0.738123519290364
0.737956832648037
0.737790072829121
0.737623240775821
0.737456337431015
0.737289363738257
0.737122320641768
0.736955209086437
0.736788030017818
0.736620784382127
0.736453473126241
0.736286097197694
0.736118657544673
0.73595115511602
0.735783590861226
0.735615965730429
0.735448280674413
0.735280536644605
0.735112734593071
0.734944875472517
0.734776960236282
0.734608989838341
0.734440965233297
0.734272887376384
0.73410475722346
0.733936575731009
0.733768343856135
0.73360006255656
0.733431732790627
0.733263355517289
0.733094931696115
0.732926462287281
0.732757948251574
0.732589390550383
0.732420790145704
0.732252148000131
0.732083465076859
0.731914742339679
0.731745980752977
0.73157718128173
0.731408344891507
0.731239472548464
0.731070565219344
0.730901623871472
0.730732649472757
0.730563642991684
0.730394605397321
0.730225537659306
0.730056440747853
0.729887315633748
0.729718163288344
0.729548984683563
0.729379780791891
0.729210552586379
0.729041301040638
0.728872027128838
0.728702731825706
0.728533416106526
0.728364080947133
0.728194727323916
0.728025356213811
0.727855968594304
0.727686565443425
0.727517147739748
0.727347716462389
0.727178272591006
0.727008817105793
0.726839350987481
0.726669875217335
0.726500390777155
0.726330898649269
0.726161399816537
0.725991895262345
0.725822385970605
0.725652872925752
0.725483357112746
0.725313839517065
0.725144321124706
0.724974802922184
0.724805285896529
0.724635771035287
0.724466259326511
0.724296751758771
0.72412724932114
0.723957753003203
0.723788263795048
0.723618782687268
0.723449310670958
0.723279848737714
0.723110397879634
0.722940959089311
0.722771533359834
0.722602121684791
0.722432725058258
0.722263344474808
0.722093980929502
0.721924635417891
0.721755308936012
0.721586002480391
0.721416717048036
0.721247453636441
0.721078213243582
0.720908996867914
0.720739805508371
0.720570640164369
0.720401501835798
0.720232391523023
0.720063310226884
0.719894258948695
0.71972523869024
0.719556250453776
0.719387295242026
0.719218374058183
0.719049487905908
0.718880637789325
0.718711824713025
0.71854304968206
0.718374313701947
0.718205617778662
0.718036962918641
0.717868350128781
0.717699780416436
0.717531254789416
0.717362774255986
0.71719433982487
0.717025952505241
0.716857613306727
0.716689323239407
0.716521083313813
0.716352894540924
0.71618475793217
0.716016674499428
0.715848645255022
0.715680671211723
0.715512753382749
0.715344892781758
0.715177090422857
0.715009347320592
0.714841664489952
0.71467404294637
0.714506483705716
0.714338987784302
0.714171556198877
0.714004189966631
0.71383689010519
0.713669657632617
0.713502493567412
0.71333539892851
0.713168374735281
0.71300142200753
0.712834541765494
0.712667735029847
0.712501002821691
0.712334346162563
0.712167766074431
0.712001263579693
0.711834839701178
0.711668495462146
0.711502231886285
0.711336049997713
0.711169950820977
0.71100393538105
0.710838004703336
0.710672159813664
0.710506401738292
0.710340731503902
0.710175150137606
0.710009658666938
0.709844258119861
0.709678949524763
0.709513733910456
0.709348612306177
0.709183585741589
0.709018655246778
0.708853821852257
0.708689086588959
0.708524450488246
0.708359914581899
0.708195479902127
0.708031147481559
0.707866918353251
0.707702793550679
0.707538774107746
0.707374861058775
0.707211055438516
0.707047358282139
0.70688377062524
0.706720293503837
0.706556927954372
0.70639367501371
0.706230535719143
0.706067511108381
0.705904602219563
0.70574181009125
0.705579135762428
0.705416580272507
0.705254144661321
0.705091829969131
0.704929637236621
0.704767567504903
0.704605621815512
0.70444380121041
0.704282106731986
0.704120539423055
0.703959100326861
0.703797790487072
0.703636610947786
0.703475562753529
0.703314646949256
0.70315386458035
0.702993216692626
0.702832704332326
0.702672328546125
0.702512090381129
0.702351990884874
0.70219203110533
0.7020322120909
0.70187253489042
0.701713000553159
0.701553610128822
0.701394364667551
0.701235265219921
0.701076312836946
0.700917508570078
0.700758853471206
0.700600348592659
0.700441994987205
0.700283793708054
0.700125745808857
0.699967852343708
0.699810114367143
0.699652532934144
0.699495109100137
0.699337843920994
0.699180738453035
0.699023793753027
0.698867010878187
0.698710390886181
0.698553934835127
0.698397643783594
0.698241518790607
0.698085560915641
0.69792977121863
0.697774150759964
0.697618700600488
0.697463421801511
0.697308315424797
0.697153382532574
0.696998624187534
0.696844041452829
0.69668963539208
0.696535407069372
0.69638135754926
0.696227487896766
0.696073799177385
0.695920292457081
0.695766968802293
0.695613829279937
0.695460874957401
0.695308106902555
0.695155526183746
0.695003133869801
0.694850931030032
0.694698918734233
0.694547098052684
0.694395470056154
0.694244035815898
0.694092796403664
0.69394175289169
0.69379090635271
0.693640257859951
0.693489808487141
0.693339559308504
0.693189511398766
0.693039665833157
0.69289002368741
0.692740586037765
0.69259135396097
0.692442328534285
0.692293510835481
0.692144901942842
0.691996502935171
0.691848314891786
0.691700338892528
0.691552576017759
0.691405027348365
0.691257693965759
0.691110576951883
0.690963677389208
0.690816996360739
0.690670534950017
0.690524294241119
0.690378275318662
0.690232479267804
0.690086907174247
0.689941560124241
0.689796439204584
0.689651545502624
0.689506880106262
0.689362444103958
0.689218238584728
0.689074264638148
0.688930523354357
0.688787015824064
0.68864374313854
0.688500706389631
0.688357906669755
0.688215345071906
0.688073022689657
0.687930940617161
0.687789099949156
0.687647501780966
0.687506147208504
0.687365037328277
0.687224173237384
0.687083556033523
0.686943186814993
0.686803066680695
0.686663196730137
0.686523578063436
0.686384211781319
0.686245098985132
0.686106240776835
0.68596763825901
0.685829292534864
0.68569120470823
0.68555337588357
0.685415807165982
0.685278499661197
0.685141454475587
0.685004672716167
0.684868155490596
0.684731903907184
0.684595919074892
0.684460202103336
0.684324754102793
0.6841895761842
0.684054669459159
0.683920035039944
0.683785674039499
0.683651587571444
0.683517776750078
0.683384242690383
0.683250986508027
0.683118009319369
0.68298531224146
0.682852896392048
0.682720762889581
0.682588912853213
0.682457347402804
0.682326067658927
0.68219507474287
0.682064369776638
0.681933953882963
0.681803828185299
0.681673993807834
0.681544451875489
0.681415203513923
0.681286249849538
0.681157592009481
0.681029231121651
0.680901168314698
0.680773404718034
0.680645941461831
0.680518779677027
0.680391920495332
0.680265365049229
0.680139114471981
0.680013169897632
0.679887532461017
0.679762203297758
0.679637183544275
0.67951247433779
0.679388076816324
0.679263992118713
0.679140221384602
0.679016765754455
0.678893626369558
0.678770804372024
0.678648300904796
0.678526117111654
0.678404254137217
0.678282713126949
0.678161495227165
0.678040601585033
0.677920033348578
0.677799791666693
0.677679877689135
0.677560292566537
0.677441037450407
0.67732211349314
0.677203521848014
0.677085263669203
0.676967340111777
0.676849752331709
0.676732501485878
0.676615588732078
0.676499015229018
0.676382782136332
0.67626689061458
0.676151341825255
0.67603613693079
0.675921277094558
0.675806763480883
0.675692597255043
0.675578779583274
0.675465311632776
0.67535219457172
0.675239429569252
0.675127017795499
0.675014960421572
0.674903258619577
0.674791913562614
0.674680926424787
0.67457029838121
0.674460030608007
0.674350124282325
0.674240580582335
0.674131400687239
0.674022585777275
0.673914137033726
0.673806055638919
0.67369834277624
0.673590999630132
0.673484027386104
0.673377427230739
0.673271200351695
0.673165347937717
0.673059871178638
0.672954771265386
0.672850049389995
0.672745706745604
0.672641744526467
0.67253816392796
0.672434966146583
0.672332152379974
0.672229723826906
0.672127681687301
0.672026027162231
0.671924761453929
0.67182388576579
0.671723401302384
0.671623309269458
0.671523610873942
0.67142430732396
0.671325399828832
0.671226889599084
0.671128777846452
0.67103106578389
0.67093375462558
0.670836845586931
0.670740339884592
0.67064423873646
0.670548543361681
0.670453254980661
0.670358374815073
0.670263904087862
0.670169844023254
0.670076195846763
0.669982960785196
0.669890140066663
0.669797734920581
0.669705746577684
0.669614176270031
0.669523025231009
0.669432294695344
0.669341985899108
0.669252100079725
0.66916263847598
0.669073602328024
0.668984992877386
0.668896811366975
0.668809059041094
0.668721737145439
0.668634846927117
0.668548389634646
0.668462366517965
0.668376778828443
0.668291627818886
0.668206914743543
0.668122640858119
0.668038807419777
0.667955415687148
0.667872466920344
0.667789962380956
0.667707903332073
0.667626291038282
0.667545126765681
0.667464411781883
0.667384147356029
0.667304334758794
0.667224975262394
0.667146070140597
0.66706762066873
0.666989628123686
0.666912093783937
0.666835018929539
0.666758404842139
0.666682252804989
0.66660656410295
0.666531340022504
0.666456581851758
0.666382290880459
0.666308468399998
0.666235115703423
0.666162234085442
0.66608982484244
0.666017889272478
0.665946428675314
0.6658754443524
0.665804937606901
0.665734909743698
0.6656653620694
0.665596295892351
0.665527712522643
0.665459613272124
0.665391999454402
0.665324872384864
0.665258233380677
0.665192083760805
0.66512642484601
0.66506125795887
0.664996584423782
0.664932405566978
0.664868722716528
0.664805537202354
0.664742850356242
0.664680663511844
0.664618978004698
0.664557795172228
0.664497116353762
0.664436942890537
0.664377276125713
0.664318117404381
0.66425946807357
0.664201329482266
0.664143702981411
0.664086589923925
0.664029991664708
0.663973909560651
0.663918344970653
0.663863299255624
0.6638087737785
0.663754769904252
0.663701288999897
0.663648332434509
0.66359590157923
0.663543997807279
0.663492622493965
0.663441777016697
0.663391462754996
0.663341681090504
0.663292433406998
0.663243721090396
0.663195545528774
0.663147908112376
0.66310081023362
0.663054253287117
0.663008238669676
0.66296276778032
0.662917842020295
0.662873462793082
0.662829631504408
0.662786349562259
0.662743618376891
0.662701439360842
0.662659813928942
0.662618743498327
0.662578229488452
0.662538273321097
0.662498876420388
0.6624600402128
0.662421766127175
0.662384055594733
0.662346910049082
0.662310330926232
0.662274319664609
0.662238877705064
0.662204006490886
0.662169707467818
0.662135982084063
0.662102831790304
0.662070258039713
0.66203826228796
0.662006845993233
0.661976010616248
0.661945757620257
0.661916088471069
0.661887004637058
0.661858507589177
0.661830598800969
0.661803279748586
0.661776551910796
0.661750416768999
0.661724875807242
0.661699930512227
0.661675582373331
0.661651832882614
0.661628683534837
0.661606135827472
0.661584191260717
0.66156285133751
0.661542117563544
0.661521991447277
0.661502474499951
0.661483568235601
0.661465274171073
0.661447593826036
0.661430528722995
0.661414080387309
0.661398250347201
0.661383040133777
0.661368451281034
0.661354485325881
0.66134114380815
0.661328428270611
0.661316340258986
0.661304881321966
0.661294053011224
0.661283856881429
0.661274294490263
0.661265367398436
0.661257077169698
0.661249425370856
0.661242413571791
0.66123604334547
0.661230316267963
0.661225233918459
0.661220797879278
0.661217009735892
0.661213871076935
0.661211383494222
0.661209548582764
0.661208367940782
0.661207843169726
0.661207975874289
0.661208767662421
0.66121022014535
0.661212334937592
0.661215113656973
0.661218557924641
0.661222669365085
0.661227449606148
0.661232900279047
0.661239023018388
0.661245819462184
0.661253291251866
0.661261440032309
0.661270267451841
0.661279775162262
0.661289964818862
0.66130083808044
0.661312396609316
0.661324642071349
0.661337576135961
0.661351200476144
0.661365516768486
0.661380526693183
0.661396231934059
0.661412634178585
0.661429735117891
0.66144753644679
0.661466039863793
0.661485247071127
0.661505159774752
0.661525779684381
0.661547108513497
0.661569147979373
0.661591899803086
0.66161536570954
0.661639547427481
0.661664446689518
0.661690065232141
0.661716404795737
0.661743467124614
0.661771253967014
0.661799767075136
0.661829008205154
0.661858979117234
0.661889681575556
0.661921117348333
0.661953288207827
0.661986195930373
0.662019842296395
0.662054229090427
0.662089358101132
0.662125231121323
0.662161849947982
0.662199216382278
0.66223733222959
0.662276199299528
0.662315819405946
0.662356194366972
0.662397326005022
0.66243921614682
0.662481866623423
0.662525279270237
0.662569455927042
0.662614398438009
0.662660108651721
0.662706588421198
0.662753839603913
0.662801864061817
0.662850663661357
0.662900240273499
0.662950595773751
0.66300173204218
0.663053650963439
0.663106354426783
0.663159844326097
0.663214122559911
0.663269191031427
0.663325051648541
0.663381706323862
0.663439156974735
0.663497405523266
0.663556453896341
0.663616304025651
0.663676957847713
0.663738417303894
0.663800684340433
0.663863760908464
0.663927648964038
0.663992350468149
0.664057867386754
0.664124201690798
0.664191355356237
0.664259330364061
0.66432812870032
0.664397752356142
0.664468203327764
0.664539483616552
0.664611595229025
0.664684540176878
0.66475832047701
0.664832938151545
0.664908395227857
0.664984693738598
0.665061835721715
0.665139823220484
0.665218658283527
0.66529834296484
0.665378879323822
0.665460269425292
0.665542515339521
0.665625619142254
0.665709582914738
0.665794408743745
0.665880098721599
0.665966654946201
0.666054079521057
0.666142374555302
0.666231542163726
0.666321584466802
0.666412503590711
0.66650430166737
0.666596980834456
0.666690543235436
0.666784991019589
0.66688032634204
0.666976551363781
0.6670736682517
0.66717167917861
0.667270586323275
0.667370391870437
0.667471098010843
0.667572706941278
0.667675220864584
0.667778641989699
0.667882972531673
0.667988214711707
0.668094370757174
0.668201442901653
0.668309433384954
0.668418344453147
0.668528178358592
0.668638937359969
0.668750623722305
0.668863239717004
0.668976787621877
0.669091269721172
0.6692066883056
0.669323045672371
0.669440344125218
0.669558585974431
0.669677773536886
0.669797909136073
0.669918995102132
0.670041033771876
0.670164027488829
0.670287978603253
0.670412889472178
0.670538762459438
0.670665599935696
0.67079340427848
0.670922177872214
0.671051923108245
0.671182642384883
0.671314338107427
0.671447012688196
0.671580668546567
0.671715308109003
0.671850933809087
0.671987548087554
0.672125153392324
0.672263752178537
0.672403346908581
0.672543940052132
0.672685534086181
0.672828131495072
0.672971734770534
0.673116346411716
0.673261968925217
0.673408604825125
0.673556256633051
0.67370492687816
0.673854618097206
0.674005332834572
0.674157073642297
0.674309843080119
0.674463643715504
0.674618478123685
0.674774348887695
0.674931258598405
0.675089209854559
0.675248205262809
0.675408247437754
0.675569339001971
0.675731482586057
0.675894680828665
0.676058936376536
0.676224251884542
0.676390630015719
0.676558073441307
0.676726584840785
0.676896166901911
0.677066822320758
0.677238553801753
0.677411364057716
0.677585255809895
0.677760231788009
0.677936294730283
0.67811344738349
0.678291692502985
0.678471032852752
0.678651471205435
0.678833010342384
0.679015653053691
0.679199402138231
0.679384260403703
0.67957023066667
0.679757315752597
0.679945518495895
0.68013484173996
0.680325288337215
0.68051686114915
0.680709563046365
0.680903396908609
0.681098365624824
0.681294472093187
0.681491719221151
0.681690109925488
0.681889647132331
0.682090333777216
0.682292172805129
0.682495167170542
0.682699319837464
0.682904633779477
0.683111111979788
0.683318757431266
0.683527573136488
0.683737562107784
0.683948727367283
0.684161071946955
0.684374598888656
0.684589311244176
0.684805212075281
0.68502230445376
0.685240591461472
0.685460076190389
0.685680761742644
0.685902651230578
0.686125747776785
0.686350054514161
0.686575574585947
0.686802311145782
0.687030267357744
0.687259446396402
0.687489851446865
0.687721485704825
0.687954352376609
0.688188454679228
0.688423795840423
0.688660379098716
0.688898207703461
0.689137284914887
0.689377614004156
0.689619198253407
0.689862040955808
0.690106145415606
0.69035151494818
0.690598152880087
0.690846062549119
0.69109524730435
0.691345710506187
0.691597455526427
0.691850485748303
0.692104804566542
0.69236041538741
0.692617321628775
0.692875526720148
0.693135034102749
0.693395847229549
0.693657969565332
0.693921404586745
0.694186155782353
0.694452226652693
0.694719620710332
0.694988341479917
0.695258392498234
0.695529777314263
0.695802499489232
0.696076562596675
0.696351970222487
0.696628725964983
0.696906833434953
0.697186296255716
0.697467118063186
0.69774930250592
0.698032853245182
0.698317773955001
0.698604068322227
0.69889174004659
0.699180792840762
0.699471230430413
0.699763056554272
0.700056274964188
0.700350889425188
0.70064690371554
0.70094432162681
0.701243146963927
0.701543383545244
0.701845035202595
0.702148105781364
0.702452599140541
0.702758519152788
0.703065869704502
0.703374654695874
0.70368487804096
0.703996543667735
0.704309655518166
0.704624217548272
0.704940233728188
0.705257708042232
0.705576644488969
0.705897047081277
0.706218919846413
0.70654226682608
0.706867092076492
0.70719339966844
0.707521193687364
0.707850478233413
0.708181257421521
0.708513535381469
0.708847316257955
0.709182604210666
0.709519403414341
0.709857718058847
0.710197552349244
0.710538910505859
0.710881796764352
0.71122621537579
0.711572170606719
0.711919666739232
0.712268708071044
0.712619298915562
0.712971443601959
0.713325146475248
0.713680411896352
0.714037244242179
0.714395647905698
0.71475562729601
0.715117186838426
0.715480330974539
0.715845064162302
0.716211390876102
0.716579315606838
0.716948842861995
0.717319977165724
0.717692723058915
0.718067085099279
0.718443067861426
0.718820675936938
0.719199913934455
0.719580786479749
0.719963298215807
0.720347453802907
0.720733257918702
0.721120715258301
0.721509830534347
0.721900608477101
0.722293053834523
0.722687171372354
0.723082965874202
0.72348044214162
0.723879604994193
0.724280459269623
0.724683009823809
0.725087261530936
0.72549321928356
0.72590088799269
0.72631027258788
0.726721378017308
0.727134209247871
0.727548771265268
0.727965069074086
0.728383107697893
0.728802892179326
0.729224427580174
0.729647718981476
0.730072771483607
0.730499590206368
0.730928180289077
0.731358546890663
0.731790695189756
0.732224630384778
0.732660357694037
0.733097882355822
0.733537209628496
0.733978344790586
0.734421293140883
0.734866059998537
0.735312650703148
0.735761070614865
0.736211325114484
0.736663419603544
0.737117359504421
0.737573150260433
0.738030797335932
0.738490306216406
0.738951682408581
0.739414931440514
0.739880058861701
0.740347070243174
0.740815971177604
0.741286767279401
0.74175946418482
0.742234067552061
0.742710583061376
0.743189016415168
0.743669373338101
0.744151659577203
0.74463588090197
0.745122043104476
0.745610151999477
0.74610021342452
0.746592233240049
0.747086217329517
0.74758217159949
0.748080101979761
0.748580014423458
0.749081914907156
0.749585809430987
0.750091704018751
0.750599604718034
0.751109517600311
0.75162144876107
0.75213540431992
0.752651390420706
0.753169413231627
0.753689478945352
0.754211593779132
0.754735763974922
0.755261995799497
0.755790295544569
0.756320669526909
0.756853124088465
0.757387665596479
0.757924300443613
0.758463035048069
0.759003875853709
0.759546829330178
0.760091901973031
0.760639100303851
0.761188430870379
0.761739900246635
0.76229351503305
0.762849281856583
0.763407207370859
0.763967298256286
0.764529561220195
0.765094002996958
0.765660630348127
0.766229450062558
0.766800468956547
0.767373693873958
0.767949131686359
0.768526789293154
0.769106673621713
0.769688791627516
0.770273150294279
0.770859756634096
0.77144861768757
0.77203974052396
0.772633132241309
0.77322879996659
0.773826750855841
0.77442699209431
0.775029530896593
0.775634374506775
0.776241530198578
0.776851005275499
0.777462807070955
0.778076942948431
0.778693420301623
0.779312246554584
0.779933429161874
0.780556975608707
0.781182893411098
0.781811190116014
0.782441873301524
0.783074950576952
0.783710429583027
0.784348317992034
0.784988623507974
0.78563135386671
0.78627651683613
0.786924120216299
0.787574171839613
0.788226679570966
0.788881651307898
0.789539094980762
0.790199018552881
0.790861430020709
0.791526337413994
0.792193748795941
0.792863672263374
0.793536115946904
0.794211088011089
0.794888596654608
0.79556865011042
0.796251256645938
0.796936424563196
0.79762416219902
0.798314477925195
0.799007380148644
0.799702877311593
0.80040097789175
0.801101690402477
0.801805023392967
0.802510985448419
0.803219585190218
0.803930831276109
0.80464473240038
0.805361297294041
0.806080534725007
0.806802453498277
0.80752706245612
0.808254370478259
0.808984386482053
0.809717119422688
0.810452578293361
0.811190772125472
0.811931709988807
0.812675400991734
0.813421854281392
0.814171079043883
0.814923084504468
0.81567787992776
0.816435474617915
0.817195877918839
0.817959099214375
0.81872514792851
0.819494033525568
0.820265765510418
0.821040353428668
0.821817806866877
0.822598135452752
0.823381348855358
0.824167456785322
0.824956468995041
0.825748395278893
0.826543245473443
0.827341029457659
0.82814175715312
0.828945438524231
0.829752083578439
0.830561702366446
0.831374304982429
0.832189901564257
0.833008502293707
0.833830117396692
0.834654757143476
0.8354824318489
0.836313151872607
0.837146927619265
0.837983769538796
0.838823688126604
0.839666693923801
0.840512797517443
0.841362009540758
0.84221434067338
0.843069801641583
0.843928403218519
0.844790156224451
0.845655071526996
0.846523160041361
0.847394432730587
0.848268900605789
0.849146574726399
0.850027466200416
0.850911586184648
0.851798945884959
0.852689556556523
0.853583429504072
0.854480576082144
0.855381007695346
0.8562847357986
0.857191771897403
0.858102127548084
0.859015814358065
0.85993284398612
0.860853228142635
0.861776978589877
0.862704107142254
0.863634625666584
0.864568546082364
0.865505880362035
0.866446640531258
0.867390838669187
0.868338486908739
0.869289597436871
0.870244182494861
0.871202254378581
0.872163825438782
0.873128908081375
0.874097514767713
0.875069658014877
0.876045350395966
0.87702460454038
0.878007433134113
0.878993848920045
0.879983864698236
0.880977493326221
0.881974747719302
0.882975640850854
0.883980185752621
0.884988395515019
0.886000283287437
0.887015862278547
0.888035145756609
0.889058147049776
0.890084879546413
0.891115356695401
0.892149592006457
0.893187599050447
0.894229391459704
0.895274982928349
0.896324387212614
0.897377618131159
0.898434689565405
0.899495615459856
0.900560409822429
0.901629086724786
0.902701660302665
0.903778144756219
0.904858554350344
0.905942903415028
0.907031206345683
0.908123477603493
0.909219731715755
0.910319983276228
0.911424246945478
0.912532537451234
0.913644869588735
0.914761258221088
0.915881718279623
0.917006264764253
0.918134912743832
0.919267677356522
0.920404573810155
0.921545617382602
0.92269082342214
0.923840207347824
0.924993784649864
0.926151570889995
0.927313581701861
0.92847983279139
0.929650339937178
0.930825118990877
0.932004185877578
0.933187556596199
0.934375247219881
0.93556727389638
0.936763652848461
0.937964400374297
0.939169532847872
0.940379066719384
0.941593018515646
0.942811404840497
0.944034242375216
0.945261547878926
0.946493338189016
0.947729630221557
0.94897044097172
0.950215787514199
0.95146568700364
0.952720156675061
0.953979213844292
0.955242875908394
0.956511160346109
0.957784084718286
0.95906166666833
0.960343923922637
0.961630874291045
0.962922535667281
0.964218926029411
0.965520063440294
0.966825966048039
0.96813665208646
0.969452139875545
0.970772447821914
0.972097594419289
0.973427598248964
0.974762477980276
0.976102252371083
0.97744694026824
0.978796560608086
0.980151132416918
0.981510674811488
0.98287520699949
0.984244748280047
0.985619318044219
0.98699893577549
0.988383621050278
0.989773393538434
0.991168273003755
0.992568279304492
0.993973432393867
0.995383752320586
0.996799259229362
0.998219973361439
0.999645915055116
1.00107710474628
1.00251356296894
1.00395531035576
1.00540236763858
1.00685475564902
1.00831249531895
1.00977560768108
1.0112441138695
1.01271803512027
1.01419739277193
1.01568220826607
1.01717250314794
1.01866829906699
1.02016961777741
1.02167648113877
1.02318891111656
1.02470692978279
1.02623055931657
1.02775982200469
1.02929474024224
1.03083533653319
1.032381633491
1.03393365383922
1.03549142041208
1.03705495615517
1.03862428412596
1.04019942749451
1.04178040954404
1.04336725367155
1.04495998338852
1.04655862232147
1.04816319421264
1.04977372292062
1.051390232421
1.05301274680703
1.05464129029026
1.05627588720123
1.05791656199008
1.05956333922728
1.06121624360424
1.06287529993406
1.06454053315213
1.06621196831686
1.06788963061039
1.06957354533923
1.07126373793498
1.07296023395504
1.0746630590833
1.07637223913089
1.07808780003684
1.07980976786882
1.08153816882388
1.08327302922917
1.08501437554264
1.08676223435386
1.08851663238465
1.09027759648991
1.09204515365837
1.09381933101328
1.09560015581323
1.09738765545291
1.09918185746385
1.10098278951523
1.10279047941462
1.1046049551088
1.10642624468456
1.10825437636943
1.11008937853256
1.11193127968547
1.11378010848286
1.11563589372348
1.11749866435088
1.11936844945427
1.12124527826937
1.12312918017919
1.12502018471493
1.12691832155679
1.12882362053482
1.13073611162981
1.13265582497412
1.13458279085254
1.13651703970322
1.13845860211848
1.14040750884573
1.14236379078837
1.14432747900664
1.1462986047186
1.14827719930094
1.15026329428996
1.15225692138249
1.15425811243677
1.15626689947341
1.15828331467634
1.1603073903937
1.16233915913886
1.16437865359132
1.16642590659768
1.16848095117263
1.17054382049989
1.17261454793322
1.1746931669974
1.17677971138918
1.17887421497835
1.18097671180868
1.18308723609897
1.18520582224405
1.1873325048158
1.1894673185642
1.19161029841835
1.19376147948753
1.19592089706222
1.19808858661519
1.20026458380255
1.20244892446483
1.20464164462804
1.20684278050478
1.20905236849528
1.21127044518859
1.21349704736359
1.21573221199017
1.21797597623032
1.22022837743926
1.22248945316657
1.22475924115737
1.22703777935342
1.22932510589431
1.2316212591186
1.23392627756501
1.23624019997362
1.238563065287
1.24089491265147
1.24323578141824
1.2455857111447
1.24794474159555
1.25031291274409
1.25269026477344
1.25507683807777
1.25747267326357
1.25987781115089
1.26229229277463
1.2647161593858
1.26714945245279
1.26959221366272
1.27204448492266
1.27450630836102
1.27697772632881
1.27945878140099
1.28194951637782
1.28444997428618
1.28696019838094
1.2894802321463
1.29201011929719
1.29454990378065
1.29709962977719
1.29965934170221
1.30222908420743
1.30480890218225
1.30739884075524
1.30999894529553
1.31260926141427
1.31522983496611
1.31786071205063
1.32050193901383
1.32315356244962
1.32581562920131
1.32848818636311
1.33117128128164
1.33386496155748
1.33656927504668
1.33928426986233
1.34200999437607
1.34474649721971
1.34749382728677
1.35025203373409
1.3530211659834
1.35580127372297
1.35859240690917
1.36139461576817
1.36420795079752
1.36703246276785
1.36986820272447
1.37271522198914
1.37557357216164
1.37844330512158
1.38132447303003
1.38421712833126
1.38712132375448
1.39003711231559
1.39296454731891
1.39590368235897
1.39885457132227
1.4018172683891
1.40479182803529
1.40777830503409
1.41077675445795
1.41378723168037
1.41680979237776
1.41984449253132
1.42289138842886
1.42595053666677
1.42902199415185
1.43210581810329
1.43520206605453
1.43831079585527
1.44143206567338
1.44456593399688
1.44771245963593
1.45087170172484
1.45404371972402
1.45722857342207
1.46042632293779
1.46363702872223
1.46686075156075
1.4700975525751
1.47334749322554
1.4766106353129
1.47988704098074
1.48317677271748
1.48647989335854
1.48979646608852
1.49312655444335
1.49647022231254
1.49982753394134
1.50319855393299
1.50658334725098
1.50998197922125
1.51339451553454
1.5168210222486
1.52026156579056
1.52371621295921
1.52718503092736
1.53066808724416
1.53416544983751
1.53767718701644
1.54120336747345
1.54474406028704
1.54829933492403
1.55186926124209
1.55545390949217
1.55905335032103
1.56266765477369
1.56629689429597
1.56994114073706
1.57360046635204
1.57727494380446
1.58096464616894
1.5846696469338
1.58839002000364
1.59212583970204
1.59587718077419
1.59964411838959
1.60342672814474
1.60722508606589
1.61103926861176
1.61486935267629
1.61871541559145
1.62257753513001
1.6264557895084
1.63035025738949
1.6342610178855
1.63818815056086
1.64213173543512
1.64609185298585
1.65006858415159
1.65406201033481
1.65807221340493
1.66209927570124
1.66614328003602
1.67020430969752
1.67428244845304
1.67837778055205
1.68249039072927
1.68662036420781
1.69076778670234
1.69493274442227
1.6991153240749
1.70331561286873
1.70753369851663
1.71176966923915
1.7160236137678
1.72029562134838
1.72458578174431
1.72889418523999
1.73322092264418
1.73756608529346
1.7419297650556
1.74631205433307
1.75071304606652
1.75513283373827
1.75957151137586
1.76402917355561
1.76850591540622
1.77300183261237
1.77751702141835
1.78205157863175
1.78660560162713
1.79117918834977
1.79577243731936
1.80038544763384
1.80501831897313
1.80967115160304
1.81434404637903
1.81903710475016
1.823750428763
1.82848412106552
1.83323828491111
1.83801302416253
1.84280844329599
1.84762464740515
1.85246174220525
1.85731983403718
1.86219902987165
1.86709943731338
1.87202116460526
1.87696432063261
1.88192901492747
1.88691535767285
1.89192345970707
1.89695343252815
1.90200538829817
1.9070794398477
1.91217570068028
1.91729428497687
1.92243530760039
1.92759888410029
1.93278513071712
1.93799416438714
1.94322610274702
1.94848106413846
1.95375916761301
1.95906053293672
1.96438528059503
1.96973353179754
1.9751054084829
1.9805010333237
1.98592052973142
1.99136402186138
1.9968316346178
2.00232349365877
2.0078397254014
2.01338045702694
2.0189458164859
2.02453593250326
2.03015093458374
2.03579095301705
2.04145611888319
2.04714656405784
2.05286242121774
2.05860382384612
2.06437090623816
2.07016380350654
2.07598265158699
2.08182758724385
2.08769874807577
2.09359627252135
2.09952029986485
2.10547097024202
2.11144842464586
2.11745280493249
2.12348425382704
2.1295429149296
2.13562893272121
2.14174245256989
2.1478836207367
2.1540525843819
2.16024949157106
2.16647449128133
2.1727277334077
2.17900936876925
2.18531954911559
2.19165842713318
2.19802615645185
2.20442289165128
2.21084878826752
2.21730400279964
2.22378869271635
2.23030301646269
2.23684713346683
2.24342120414682
2.25002538991744
2.25665985319718
2.2633247574151
2.27002026701793
2.27674654747704
2.28350376529567
2.29029208801599
2.29711168422642
2.30396272356883
2.31084537674597
2.31775981552876
2.32470621276383
2.33168474238097
2.3386955794007
2.34573889994194
2.35281488122962
2.35992370160247
2.36706554052081
2.37424057857437
2.38144899749026
2.38869098014093
2.39596671055219
2.40327637391135
2.41062015657535
2.41799824607901
2.4254108311433
2.43285810168372
2.4403402488187
2.44785746487809
2.45540994341171
2.46299787919797
2.47062146825253
2.47828090783708
2.48597639646814
2.49370813392595
2.50147632126342
2.50928116081513
2.5171228562065
2.52500161236285
2.53291763551873
2.54087113322715
2.54886231436901
2.55689138916253
2.56495856917279
2.57306406732132
2.58120809789576
2.58939087655964
2.5976126203622
2.60587354774826
2.61417387856826
2.62251383408827
2.63089363700013
2.6393135114317
2.64777368295712
2.65627437860721
2.66481582687992
2.67339825775089
2.68202190268403
2.69068699464226
2.69939376809832
2.70814245904559
2.71693330500911
2.72576654505657
2.73464241980952
2.7435611714545
2.75252304375446
2.76152828206006
2.77057713332121
2.77966984609867
2.78880667057569
2.79798785856977
2.80721366354455
2.81648434062178
2.82580014659327
2.83516133993317
2.84456818081009
2.85402093109954
2.86351985439628
2.87306521602689
2.88265728306243
2.89229632433113
2.90198261043126
2.91171641374404
2.92149800844672
2.93132767052568
2.94120567778972
2.95113230988342
2.96110784830056
2.97113257639775
2.98120677940804
2.9913307444548
3.00150476056554
3.01172911868598
3.02200411169415
3.0323300344146
3.04270718363283
3.05313585810969
3.06361635859599
3.07414898784721
3.0847340506383
3.09537185377866
3.10606270612716
3.11680691860734
3.12760480422273
3.13845667807226
3.1493628573658
3.1603236614399
3.17133941177355
3.1824104320041
3.19353704794339
3.20471958759388
3.21595838116502
3.22725376108968
3.23860606204078
3.25001562094798
3.26148277701457
3.27300787173447
3.28459124890935
3.29623325466594
3.30793423747345
3.31969454816111
3.33151453993589
3.34339456840036
3.3553349915707
3.36733616989481
3.37939846627063
3.39152224606459
3.40370787713019
3.41595572982676
3.42826617703837
3.44063959419286
3.45307635928109
3.46557685287629
3.4781414581536
3.49077056090978
3.50346454958303
3.51622381527306
3.52904875176121
3.54193975553088
3.55489722578798
3.56792156448167
3.58101317632521
3.59417246881697
3.60739985226166
3.62069573979173
3.63406054738888
3.64749469390587
3.6609986010884
3.67457269359721
3.68821739903038
3.70193314794581
3.71572037388388
3.72957951339029
3.74351100603911
3.75751529445598
3.77159282434161
3.78574404449532
3.79996940683891
3.81426936644067
3.82864438153959
3.84309491356979
3.85762142718515
3.87222439028414
