-1.62571412785084e-05
0.000181336789773001
0.000378930720824566
0.000576524651876076
0.000774118582927585
0.00097171251397915
0.00116930644503066
0.00136690037608217
0.00156449430713368
0.00176208823818524
0.00195968216923675
0.00215727610028826
0.00235487003133983
0.00255246396239134
0.00275005789344285
0.00294765182449436
0.00314524575554592
0.00334283968659743
0.00354043361764894
0.00373802754870051
0.00393562147975202
0.00413321541080353
0.00433080934185504
0.0045284032729066
0.00472599720395811
0.00492359113500962
0.00512118506606118
0.00531877899711269
0.0055163729281642
0.00571396685921571
0.00591156079026728
0.00610915472131879
0.0063067486523703
0.00650434258342186
0.00670193651447337
0.00689953044552488
0.00709712437657639
0.00729471830762796
0.00749231223867947
0.00768990616973098
0.00788750010078254
0.00808509403183405
0.00828268796288556
0.00848028189393707
0.00867787582498863
0.00887546975604014
0.00907306368709165
0.00927065761814322
0.00946825154919473
0.00966584548024624
0.00986343941129775
0.0100610333423493
0.0102586272734008
0.0104562212044523
0.0106538151355039
0.0108514090665554
0.0110490029976069
0.0112465969286584
0.01144419085971
0.0116417847907615
0.011839378721813
0.0120369726528646
0.0122345665839161
0.0124321605149676
0.0126297544460191
0.0128273483770707
0.0130249423081222
0.0132225362391737
0.0134201301702253
0.0136177241012768
0.0138153180323283
0.0140129119633798
0.0142105058944313
0.0144080998254829
0.0146056937565344
0.0148032876875859
0.0150008816186374
0.015198475549689
0.0153960694807405
0.015593663411792
0.0157912573428435
0.015988851273895
0.0161864452049466
0.0163840391359981
0.0165816330670496
0.0167792269981011
0.0169768209291527
0.0171744148602042
0.0173720087912557
0.0175696027223073
0.0177671966533588
0.0179647905844103
0.0181623845154618
0.0183599784465134
0.0185575723775649
0.0187551663086164
0.018952760239668
0.0191503541707195
0.019347948101771
0.0195455420328225
0.0197431359638741
0.0199407298949256
0.0201383238259771
0.0203359177570286
0.0205335116880802
0.0207311056191317
0.0209286995501832
0.0211262934812347
0.0213238874122862
0.0215214813433378
0.0217190752743893
0.0219166692054408
0.0221142631364923
0.0223118570675438
0.0225094509985954
0.0227070449296469
0.0229046388606984
0.02310223279175
0.0232998267228015
0.023497420653853
0.0236950145849045
0.0238926085159561
0.0240902024470076
0.0242877963780591
0.0244853903091107
0.0246829842401622
0.0248805781712137
0.0250781721022652
0.0252757660333168
0.0254733599643683
0.0256709538954198
0.0258685478264714
0.0260661417575229
0.0262637356885744
0.0264613296196259
0.0266589235506774
0.026856517481729
0.0270541114127805
0.027251705343832
0.0274492992748835
0.0276468932059351
0.0278444871369866
0.0280420810680381
0.0282396749990896
0.0284372689301411
0.0286348628611927
0.0288324567922442
0.0290300507232957
0.0292276446543472
0.0294252385853988
0.0296228325164503
0.0298204264475018
0.0300180203785534
0.0302156143096049
0.0304132082406564
0.0306108021717079
0.0308083961027595
0.031005990033811
0.0312035839648625
0.0314011778959141
0.0315987718269656
0.0317963657580171
0.0319939596890686
0.0321915536201202
0.0323891475511717
0.0325867414822232
0.0327843354132747
0.0329819293443263
0.0331795232753778
0.0333771172064293
0.0335747111374808
0.0337723050685323
0.0339698989995839
0.0341674929306354
0.0343650868616869
0.0345626807927384
0.03476027472379
0.0349578686548415
0.035155462585893
0.0353530565169445
0.0355506504479961
0.0357482443790476
0.0359458383100991
0.0361434322411506
0.0363410261722022
0.0365386201032537
0.0367362140343052
0.0369338079653568
0.0371314018964083
0.0373289958274598
0.0375265897585113
0.0377241836895629
0.0379217776206144
0.0381193715516659
0.0383169654827175
0.038514559413769
0.0387121533448205
0.038909747275872
0.0391073412069236
0.0393049351379751
0.0395025290690266
0.0397001230000781
0.0398977169311296
0.0400953108621812
0.0402929047932327
0.0404904987242842
0.0406880926553357
0.0408856865863872
0.0410832805174388
0.0412808744484903
0.0414784683795418
0.0416760623105933
0.0418736562416449
0.0420712501726964
0.0422688441037479
0.0424664380347995
0.042664031965851
0.0428616258969025
0.043059219827954
0.0432568137590056
0.0434544076900571
0.0436520016211086
0.0438495955521602
0.0440471894832117
0.0442447834142632
0.0444423773453147
0.0446399712763663
0.0448375652074178
0.0450351591384693
0.0452327530695208
0.0454303470005724
0.0456279409316239
0.0458255348626754
0.0460231287937269
0.0462207227247785
0.04641831665583
0.0466159105868815
0.046813504517933
0.0470110984489845
0.0472086923800361
0.0474062863110876
0.0476038802421391
0.0478014741731906
0.0479990681042422
0.0481966620352937
0.0483942559663452
0.0485918498973967
0.0487894438284483
0.0489870377594998
0.0491846316905513
0.0493822256216029
0.0495798195526544
0.0497774134837059
0.0499750074147574
0.050172601345809
0.0503701952768605
0.050567789207912
0.0507653831389636
0.0509629770700151
0.0511605710010666
0.0513581649321181
0.0515557588631697
0.0517533527942212
0.0519509467252727
0.0521485406563242
0.0523461345873757
0.0525437285184273
0.0527413224494788
0.0529389163805303
0.0531365103115818
0.0533341042426334
0.0535316981736849
0.0537292921047364
0.0539268860357879
0.0541244799668394
0.054322073897891
0.0545196678289425
0.054717261759994
0.0549148556910456
0.0551124496220971
0.0553100435531486
0.0555076374842001
0.0557052314152517
0.0559028253463032
0.0561004192773547
0.0562980132084063
0.0564956071394578
0.0566932010705093
0.0568907950015608
0.0570883889326124
0.0572859828636639
0.0574835767947154
0.057681170725767
0.0578787646568185
0.05807635858787
0.0582739525189215
0.058471546449973
0.0586691403810246
0.0588667343120761
0.0590643282431276
0.0592619221741791
0.0594595161052306
0.0596571100362822
0.0598547039673337
0.0600522978983852
0.0602498918294367
0.0604474857604883
0.0606450796915398
0.0608426736225913
0.0610402675536428
0.0612378614846944
0.0614354554157459
0.0616330493467974
0.061830643277849
0.0620282372089005
0.062225831139952
0.0624234250710035
0.0626210190020551
0.0628186129331066
0.0630162068641581
0.0632138007952097
0.0634113947262612
0.0636089886573127
0.0638065825883642
0.0640041765194158
0.0642017704504673
0.0643993643815188
0.0645969583125703
0.0647945522436219
0.0649921461746734
0.0651897401057249
0.0653873340367764
0.0655849279678279
0.0657825218988795
0.065980115829931
0.0661777097609825
0.066375303692034
0.0665728976230855
0.0667704915541371
0.0669680854851886
0.0671656794162401
0.0673632733472917
0.0675608672783432
0.0677584612093947
0.0679560551404462
0.0681536490714978
0.0683512430025493
0.0685488369336008
0.0687464308646524
0.0689440247957039
0.0691416187267554
0.0693392126578069
0.0695368065888585
0.06973440051991
0.0699319944509615
0.0701295883820131
0.0703271823130646
0.0705247762441161
0.0707223701751676
0.0709199641062191
0.0711175580372707
0.0713151519683222
0.0715127458993737
0.0717103398304252
0.0719079337614767
0.0721055276925283
0.0723031216235798
0.0725007155546313
0.0726983094856828
0.0728959034167344
0.0730934973477859
0.0732910912788374
0.0734886852098889
0.0736862791409405
0.073883873071992
0.0740814670030435
0.0742790609340951
0.0744766548651466
0.0746742487961981
0.0748718427272496
0.0750694366583012
0.0752670305893527
0.0754646245204042
0.0756622184514558
0.0758598123825073
0.0760574063135588
0.0762550002446103
0.0764525941756619
0.0766501881067134
0.0768477820377649
0.0770453759688164
0.077242969899868
0.0774405638309195
0.077638157761971
0.0778357516930225
0.078033345624074
0.0782309395551256
0.0784285334861771
0.0786261274172286
0.0788237213482801
0.0790213152793316
0.0792189092103832
0.0794165031414347
0.0796140970724862
0.0798116910035378
0.0800092849345893
0.0802068788656408
0.0804044727966923
0.0806020667277439
0.0807996606587954
0.0809972545898469
0.0811948485208985
0.08139244245195
0.0815900363830015
0.081787630314053
0.0819852242451046
0.0821828181761561
0.0823804121072076
0.0825780060382592
0.0827755999693107
0.0829731939003622
0.0831707878314137
0.0833683817624652
0.0835659756935168
0.0837635696245683
0.0839611635556198
0.0841587574866713
0.0843563514177229
0.0845539453487744
0.0847515392798259
0.0849491332108774
0.0851467271419289
0.0853443210729805
0.085541915004032
0.0857395089350835
0.085937102866135
0.0861346967971866
0.0863322907282381
0.0865298846592896
0.0867274785903412
0.0869250725213927
0.0871226664524442
0.0873202603834957
0.0875178543145473
0.0877154482455988
0.0879130421766503
0.0881106361077019
0.0883082300387534
0.0885058239698049
0.0887034179008564
0.088901011831908
0.0890986057629595
0.089296199694011
0.0894937936250625
0.0896913875561141
0.0898889814871656
0.0900865754182171
0.0902841693492686
0.0904817632803201
0.0906793572113717
0.0908769511424232
0.0910745450734747
0.0912721390045262
0.0914697329355778
0.0916673268666293
0.0918649207976808
0.0920625147287323
0.0922601086597839
0.0924577025908354
0.0926552965218869
0.0928528904529384
0.09305048438399
0.0932480783150415
0.093445672246093
0.0936432661771446
0.0938408601081961
0.0940384540392476
0.0942360479702991
0.0944336419013507
0.0946312358324022
0.0948288297634537
0.0950264236945053
0.0952240176255568
0.0954216115566083
0.0956192054876598
0.0958167994187114
0.0960143933497629
0.0962119872808144
0.0964095812118659
0.0966071751429174
0.096804769073969
0.0970023630050205
0.097199956936072
0.0973975508671235
0.097595144798175
0.0977927387292266
0.0979903326602781
0.0981879265913296
0.0983855205223811
0.0985831144534327
0.0987807083844842
0.0989783023155357
0.0991758962465873
0.0993734901776388
0.0995710841086903
0.0997686780397418
0.0999662719707934
0.100163865901845
0.100361459832896
0.100559053763948
0.100756647694999
0.100954241626051
0.101151835557102
0.101349429488154
0.101547023419206
0.101744617350257
0.101942211281309
0.10213980521236
0.102337399143412
0.102534993074463
0.102732587005515
0.102930180936566
0.103127774867618
0.103325368798669
0.103522962729721
0.103720556660772
0.103918150591824
0.104115744522875
0.104313338453927
0.104510932384978
0.10470852631603
0.104906120247082
0.105103714178133
0.105301308109185
0.105498902040236
0.105696495971288
0.105894089902339
0.106091683833391
0.106289277764442
0.106486871695494
0.106684465626545
0.106882059557597
0.107079653488648
0.1072772474197
0.107474841350751
0.107672435281803
0.107870029212854
0.108067623143906
0.108265217074957
0.108462811006009
0.10866040493706
0.108857998868112
0.109055592799164
0.109253186730215
0.109450780661267
0.109648374592318
0.10984596852337
0.110043562454421
0.110241156385473
0.110438750316524
0.110636344247576
0.110833938178627
0.111031532109679
0.11122912604073
0.111426719971782
0.111624313902833
0.111821907833885
0.112019501764936
0.112217095695988
0.112414689627039
0.112612283558091
0.112809877489143
0.113007471420194
0.113205065351246
0.113402659282297
0.113600253213349
0.1137978471444
0.113995441075452
0.114193035006503
0.114390628937555
0.114588222868606
0.114785816799658
0.114983410730709
0.115181004661761
0.115378598592812
0.115576192523864
0.115773786454915
0.115971380385967
0.116168974317018
0.11636656824807
0.116564162179122
0.116761756110173
0.116959350041225
0.117156943972276
0.117354537903328
0.117552131834379
0.117749725765431
0.117947319696482
0.118144913627534
0.118342507558585
0.118540101489637
0.118737695420688
0.11893528935174
0.119132883282791
0.119330477213843
0.119528071144894
0.119725665075946
0.119923259006997
0.120120852938049
0.1203184468691
0.120516040800152
0.120713634731204
0.120911228662255
0.121108822593307
0.121306416524358
0.12150401045541
0.121701604386461
0.121899198317513
0.122096792248564
0.122294386179616
0.122491980110667
0.122689574041719
0.12288716797277
0.123084761903822
0.123282355834873
0.123479949765925
0.123677543696976
0.123875137628028
0.124072731559079
0.124270325490131
0.124467919421183
0.124665513352234
0.124863107283286
0.125060701214337
0.125258295145389
0.12545588907644
0.125653483007492
0.125851076938543
0.126048670869595
0.126246264800646
0.126443858731698
0.126641452662749
0.126839046593801
0.127036640524852
0.127234234455904
0.127431828386955
0.127629422318007
0.127827016249058
0.12802461018011
0.128222204111162
0.128419798042213
0.128617391973265
0.128814985904316
0.129012579835368
0.129210173766419
0.129407767697471
0.129605361628522
0.129802955559574
0.130000549490625
0.130198143421677
0.130395737352728
0.13059333128378
0.130790925214831
0.130988519145883
0.131186113076934
0.131383707007986
0.131581300939037
0.131778894870089
0.13197648880114
0.132174082732192
0.132371676663244
0.132569270594295
0.132766864525347
0.132964458456398
0.13316205238745
0.133359646318501
0.133557240249553
0.133754834180604
0.133952428111656
0.134150022042707
0.134347615973759
0.13454520990481
0.134742803835862
0.134940397766913
0.135137991697965
0.135335585629016
0.135533179560068
0.135730773491119
0.135928367422171
0.136125961353223
0.136323555284274
0.136521149215326
0.136718743146377
0.136916337077429
0.13711393100848
0.137311524939532
0.137509118870583
0.137706712801635
0.137904306732686
0.138101900663738
0.138299494594789
0.138497088525841
0.138694682456892
0.138892276387944
0.139089870318995
0.139287464250047
0.139485058181098
0.13968265211215
0.139880246043201
0.140077839974253
0.140275433905305
0.140473027836356
0.140670621767408
0.140868215698459
0.141065809629511
0.141263403560562
0.141460997491614
0.141658591422665
0.141856185353717
0.142053779284768
0.14225137321582
0.142448967146871
0.142646561077923
0.142844155008974
0.143041748940026
0.143239342871077
0.143436936802129
0.14363453073318
0.143832124664232
0.144029718595284
0.144227312526335
0.144424906457387
0.144622500388438
0.14482009431949
0.145017688250541
0.145215282181593
0.145412876112644
0.145610470043696
0.145808063974747
0.146005657905799
0.14620325183685
0.146400845767902
0.146598439698953
0.146796033630005
0.146993627561056
0.147191221492108
0.147388815423159
0.147586409354211
0.147784003285263
0.147981597216314
0.148179191147366
0.148376785078417
0.148574379009469
0.14877197294052
0.148969566871572
0.149167160802623
0.149364754733675
0.149562348664726
0.149759942595778
0.149957536526829
0.150155130457881
0.150352724388932
0.150550318319984
0.150747912251035
0.150945506182087
0.151143100113138
0.15134069404419
0.151538287975241
0.151735881906293
0.151933475837345
0.152131069768396
0.152328663699448
0.152526257630499
0.152723851561551
0.152921445492602
0.153119039423654
0.153316633354705
0.153514227285757
0.153711821216808
0.15390941514786
0.154107009078911
0.154304603009963
0.154502196941014
0.154699790872066
0.154897384803117
0.155094978734169
0.155292572665221
0.155490166596272
0.155687760527324
0.155885354458375
0.156082948389427
0.156280542320478
0.15647813625153
0.156675730182581
0.156873324113633
0.157070918044684
0.157268511975736
0.157466105906787
0.157663699837839
0.15786129376889
0.158058887699942
0.158256481630993
0.158454075562045
0.158651669493096
0.158849263424148
0.159046857355199
0.159244451286251
0.159442045217303
0.159639639148354
0.159837233079406
0.160034827010457
0.160232420941509
0.16043001487256
0.160627608803612
0.160825202734663
0.161022796665715
0.161220390596766
0.161417984527818
0.161615578458869
0.161813172389921
0.162010766320972
0.162208360252024
0.162405954183075
0.162603548114127
0.162801142045178
0.16299873597623
0.163196329907282
0.163393923838333
0.163591517769385
0.163789111700436
0.163986705631488
0.164184299562539
0.164381893493591
0.164579487424642
0.164777081355694
0.164974675286745
0.165172269217797
0.165369863148848
0.1655674570799
0.165765051010951
0.165962644942003
0.166160238873054
0.166357832804106
0.166555426735157
0.166753020666209
0.166950614597261
0.167148208528312
0.167345802459364
0.167543396390415
0.167740990321467
0.167938584252518
0.16813617818357
0.168333772114621
0.168531366045673
0.168728959976724
0.168926553907776
0.169124147838827
0.169321741769879
0.16951933570093
0.169716929631982
0.169914523563033
0.170112117494085
0.170309711425136
0.170507305356188
0.170704899287239
0.170902493218291
0.171100087149343
0.171297681080394
0.171495275011446
0.171692868942497
0.171890462873549
0.1720880568046
0.172285650735652
0.172483244666703
0.172680838597755
0.172878432528806
0.173076026459858
0.173273620390909
0.173471214321961
0.173668808253012
0.173866402184064
0.174063996115115
0.174261590046167
0.174459183977218
0.17465677790827
0.174854371839322
0.175051965770373
0.175249559701425
0.175447153632476
0.175644747563528
0.175842341494579
0.176039935425631
0.176237529356682
0.176435123287734
0.176632717218785
0.176830311149837
0.177027905080888
0.17722549901194
0.177423092942991
0.177620686874043
0.177818280805094
0.178015874736146
0.178213468667197
0.178411062598249
0.1786086565293
0.178806250460352
0.179003844391404
0.179201438322455
0.179399032253507
0.179596626184558
0.17979422011561
0.179991814046661
0.180189407977713
0.180387001908764
0.180584595839816
0.180782189770867
0.180979783701919
0.18117737763297
0.181374971564022
0.181572565495073
0.181770159426125
0.181967753357176
0.182165347288228
0.182362941219279
0.182560535150331
0.182758129081383
0.182955723012434
0.183153316943486
0.183350910874537
0.183548504805589
0.18374609873664
0.183943692667692
0.184141286598743
0.184338880529795
0.184536474460846
0.184734068391898
0.184931662322949
0.185129256254001
0.185326850185052
0.185524444116104
0.185722038047155
0.185919631978207
0.186117225909258
0.18631481984031
0.186512413771362
0.186710007702413
0.186907601633465
0.187105195564516
0.187302789495568
0.187500383426619
0.187697977357671
0.187895571288722
0.188093165219774
0.188290759150825
0.188488353081877
0.188685947012928
0.18888354094398
0.189081134875031
0.189278728806083
0.189476322737134
0.189673916668186
0.189871510599237
0.190069104530289
0.19026669846134
0.190464292392392
0.190661886323444
0.190859480254495
0.191057074185547
0.191254668116598
0.19145226204765
0.191649855978701
0.191847449909753
0.192045043840804
0.192242637771856
0.192440231702907
0.192637825633959
0.19283541956501
0.193033013496062
0.193230607427113
0.193428201358165
0.193625795289216
0.193823389220268
0.194020983151319
0.194218577082371
0.194416171013423
0.194613764944474
0.194811358875526
0.195008952806577
0.195206546737629
0.19540414066868
0.195601734599732
0.195799328530783
0.195996922461835
0.196194516392886
0.196392110323938
0.196589704254989
0.196787298186041
0.196984892117092
0.197182486048144
0.197380079979195
0.197577673910247
0.197775267841298
0.19797286177235
0.198170455703402
0.198368049634453
0.198565643565505
0.198763237496556
0.198960831427608
0.199158425358659
0.199356019289711
0.199553613220762
0.199751207151814
0.199948801082865
0.200146395013917
0.200343988944968
0.20054158287602
0.200739176807071
0.200936770738123
0.201134364669174
0.201331958600226
0.201529552531277
0.201727146462329
0.20192474039338
0.202122334324432
0.202319928255484
0.202517522186535
0.202715116117587
0.202912710048638
0.20311030397969
0.203307897910741
0.203505491841793
0.203703085772844
0.203900679703896
0.204098273634947
0.204295867565999
0.20449346149705
0.204691055428102
0.204888649359153
0.205086243290205
0.205283837221256
0.205481431152308
0.20567902508336
0.205876619014411
0.206074212945463
0.206271806876514
0.206469400807566
0.206666994738617
0.206864588669669
0.20706218260072
0.207259776531772
0.207457370462823
0.207654964393875
0.207852558324926
0.208050152255978
0.208247746187029
0.208445340118081
0.208642934049132
0.208840527980184
0.209038121911235
0.209235715842287
0.209433309773338
0.20963090370439
0.209828497635442
0.210026091566493
0.210223685497545
0.210421279428596
0.210618873359648
0.210816467290699
0.211014061221751
0.211211655152802
0.211409249083854
0.211606843014905
0.211804436945957
0.212002030877008
0.21219962480806
0.212397218739111
0.212594812670163
0.212792406601214
0.212990000532266
0.213187594463317
0.213385188394369
0.21358278232542
0.213780376256472
0.213977970187524
0.214175564118575
0.214373158049627
0.214570751980678
0.21476834591173
0.214965939842781
0.215163533773833
0.215361127704884
0.215558721635936
0.215756315566987
0.215953909498039
0.21615150342909
0.216349097360142
0.216546691291193
0.216744285222245
0.216941879153296
0.217139473084348
0.217337067015399
0.217534660946451
0.217732254877503
0.217929848808554
0.218127442739606
0.218325036670657
0.218522630601709
0.21872022453276
0.218917818463812
0.219115412394863
0.219313006325915
0.219510600256966
0.219708194188018
0.219905788119069
0.220103382050121
0.220300975981172
0.220498569912224
0.220696163843275
0.220893757774327
0.221091351705378
0.22128894563643
0.221486539567481
0.221684133498533
0.221881727429585
0.222079321360636
0.222276915291688
0.222474509222739
0.222672103153791
0.222869697084842
0.223067291015894
0.223264884946945
0.223462478877997
0.223660072809048
0.2238576667401
0.224055260671151
0.224252854602203
0.224450448533254
0.224648042464306
0.224845636395357
0.225043230326409
0.225240824257461
0.225438418188512
0.225636012119564
0.225833606050615
0.226031199981667
0.226228793912718
0.22642638784377
0.226623981774821
0.226821575705873
0.227019169636924
0.227216763567976
0.227414357499027
0.227611951430079
0.22780954536113
0.228007139292182
0.228204733223233
0.228402327154285
0.228599921085336
0.228797515016388
0.228995108947439
0.229192702878491
0.229390296809543
0.229587890740594
0.229785484671646
0.229983078602697
0.230180672533749
0.2303782664648
0.230575860395852
0.230773454326903
0.230971048257955
0.231168642189006
0.231366236120058
0.231563830051109
0.231761423982161
0.231959017913212
0.232156611844264
0.232354205775315
0.232551799706367
0.232749393637418
0.23294698756847
0.233144581499521
0.233342175430573
0.233539769361625
0.233737363292676
0.233934957223728
0.234132551154779
0.234330145085831
0.234527739016882
0.234725332947934
0.234922926878985
0.235120520810037
0.235318114741088
0.23551570867214
0.235713302603191
0.235910896534243
0.236108490465294
0.236306084396346
0.236503678327397
0.236701272258449
0.236898866189501
0.237096460120552
0.237294054051604
0.237491647982655
0.237689241913707
0.237886835844758
0.23808442977581
0.238282023706861
0.238479617637913
0.238677211568964
0.238874805500016
0.239072399431067
0.239269993362119
0.23946758729317
0.239665181224222
0.239862775155273
0.240060369086325
0.240257963017376
0.240455556948428
0.240653150879479
0.240850744810531
0.241048338741583
0.241245932672634
0.241443526603686
0.241641120534737
0.241838714465789
0.24203630839684
0.242233902327892
0.242431496258943
0.242629090189995
0.242826684121046
0.243024278052098
0.243221871983149
0.243419465914201
0.243617059845252
0.243814653776304
0.244012247707355
0.244209841638407
0.244407435569458
0.24460502950051
0.244802623431562
0.245000217362613
0.245197811293665
0.245395405224716
0.245592999155768
0.245790593086819
0.245988187017871
0.246185780948922
0.246383374879974
0.246580968811025
0.246778562742077
0.246976156673128
0.24717375060418
0.247371344535232
0.247568938466283
0.247766532397335
0.247964126328386
0.248161720259438
0.248359314190489
0.248556908121541
0.248754502052592
0.248952095983644
0.249149689914695
0.249347283845747
0.249544877776799
0.24974247170785
0.249940065638902
0.250137659569953
0.250335253501005
0.250532847432056
0.250730441363108
0.250928035294159
0.251125629225211
0.251323223156263
0.251520817087314
0.251718411018366
0.251916004949417
0.252113598880469
0.25231119281152
0.252508786742572
0.252706380673623
0.252903974604675
0.253101568535727
0.253299162466778
0.25349675639783
0.253694350328881
0.253891944259933
0.254089538190984
0.254287132122036
0.254484726053087
0.254682319984139
0.25487991391519
0.255077507846242
0.255275101777294
0.255472695708345
0.255670289639397
0.255867883570448
0.2560654775015
0.256263071432551
0.256460665363603
0.256658259294654
0.256855853225706
0.257053447156758
0.257251041087809
0.257448635018861
0.257646228949912
0.257843822880964
0.258041416812015
0.258239010743067
0.258436604674118
0.25863419860517
0.258831792536222
0.259029386467273
0.259226980398325
0.259424574329376
0.259622168260428
0.259819762191479
0.260017356122531
0.260214950053582
0.260412543984634
0.260610137915686
0.260807731846737
0.261005325777789
0.26120291970884
0.261400513639892
0.261598107570943
0.261795701501995
0.261993295433046
0.262190889364098
0.26238848329515
0.262586077226201
0.262783671157253
0.262981265088304
0.263178859019356
0.263376452950407
0.263574046881459
0.26377164081251
0.263969234743562
0.264166828674613
0.264364422605665
0.264562016536717
0.264759610467768
0.26495720439882
0.265154798329871
0.265352392260923
0.265549986191974
0.265747580123026
0.265945174054077
0.266142767985129
0.266340361916181
0.266537955847232
0.266735549778284
0.266933143709335
0.267130737640387
0.267328331571438
0.26752592550249
0.267723519433541
0.267921113364593
0.268118707295645
0.268316301226696
0.268513895157748
0.268711489088799
0.268909083019851
0.269106676950902
0.269304270881954
0.269501864813005
0.269699458744057
0.269897052675109
0.27009464660616
0.270292240537212
0.270489834468263
0.270687428399315
0.270885022330366
0.271082616261418
0.271280210192469
0.271477804123521
0.271675398054573
0.271872991985624
0.272070585916676
0.272268179847727
0.272465773778779
0.27266336770983
0.272860961640882
0.273058555571933
0.273256149502985
0.273453743434037
0.273651337365088
0.27384893129614
0.274046525227191
0.274244119158243
0.274441713089294
0.274639307020346
0.274836900951397
0.275034494882449
0.2752320888135
0.275429682744552
0.275627276675604
0.275824870606655
0.276022464537707
0.276220058468758
0.27641765239981
0.276615246330861
0.276812840261913
0.277010434192964
0.277208028124016
0.277405622055068
0.277603215986119
0.277800809917171
0.277998403848222
0.278195997779274
0.278393591710325
0.278591185641377
0.278788779572428
0.27898637350348
0.279183967434531
0.279381561365583
0.279579155296635
0.279776749227686
0.279974343158738
0.280171937089789
0.280369531020841
0.280567124951892
0.280764718882944
0.280962312813995
0.281159906745047
0.281357500676099
0.28155509460715
0.281752688538202
0.281950282469253
0.282147876400305
0.282345470331356
0.282543064262408
0.282740658193459
0.282938252124511
0.283135846055563
0.283333439986614
0.283531033917666
0.283728627848717
0.283926221779769
0.28412381571082
0.284321409641872
0.284519003572923
0.284716597503975
0.284914191435027
0.285111785366078
0.28530937929713
0.285506973228181
0.285704567159233
0.285902161090284
0.286099755021336
0.286297348952387
0.286494942883439
0.286692536814491
0.286890130745542
0.287087724676594
0.287285318607645
0.287482912538697
0.287680506469748
0.2878781004008
0.288075694331851
0.288273288262903
0.288470882193955
0.288668476125006
0.288866070056058
0.289063663987109
0.289261257918161
0.289458851849212
0.289656445780264
0.289854039711315
0.290051633642367
0.290249227573418
0.29044682150447
0.290644415435522
0.290842009366573
0.291039603297625
0.291237197228676
0.291434791159728
0.291632385090779
0.291829979021831
0.292027572952882
0.292225166883934
0.292422760814986
0.292620354746037
0.292817948677089
0.29301554260814
0.293213136539192
0.293410730470243
0.293608324401295
0.293805918332346
0.294003512263398
0.29420110619445
0.294398700125501
0.294596294056553
0.294793887987604
0.294991481918656
0.295189075849707
0.295386669780759
0.29558426371181
0.295781857642862
0.295979451573913
0.296177045504965
0.296374639436017
0.296572233367068
0.29676982729812
0.296967421229171
0.297165015160223
0.297362609091274
0.297560203022326
0.297757796953377
0.297955390884429
0.298152984815481
0.298350578746532
0.298548172677584
0.298745766608635
0.298943360539687
0.299140954470738
0.29933854840179
0.299536142332841
0.299733736263893
0.299931330194945
0.300128924125996
0.300326518057048
0.300524111988099
0.300721705919151
0.300919299850202
0.301116893781254
0.301314487712305
0.301512081643357
0.301709675574409
0.30190726950546
0.302104863436512
0.302302457367563
0.302500051298615
0.302697645229666
0.302895239160718
0.303092833091769
0.303290427022821
0.303488020953873
0.303685614884924
0.303883208815976
0.304080802747027
0.304278396678079
0.30447599060913
0.304673584540182
0.304871178471233
0.305068772402285
0.305266366333336
0.305463960264388
0.30566155419544
0.305859148126491
0.306056742057543
0.306254335988594
0.306451929919646
0.306649523850697
0.306847117781749
0.3070447117128
0.307242305643852
0.307439899574904
0.307637493505955
0.307835087437007
0.308032681368058
0.30823027529911
0.308427869230161
0.308625463161213
0.308823057092264
0.309020651023316
0.309218244954368
0.309415838885419
0.309613432816471
0.309811026747522
0.310008620678574
0.310206214609625
0.310403808540677
0.310601402471728
0.31079899640278
0.310996590333832
0.311194184264883
0.311391778195935
0.311589372126986
0.311786966058038
0.311984559989089
0.312182153920141
0.312379747851192
0.312577341782244
0.312774935713296
0.312972529644347
0.313170123575399
0.31336771750645
0.313565311437502
0.313762905368553
0.313960499299605
0.314158093230656
0.314355687161708
0.314553281092759
0.314750875023811
0.314948468954863
0.315146062885914
0.315343656816966
0.315541250748017
0.315738844679069
0.31593643861012
0.316134032541172
0.316331626472223
0.316529220403275
0.316726814334327
0.316924408265378
0.31712200219643
0.317319596127481
0.317517190058533
0.317714783989584
0.317912377920636
0.318109971851687
0.318307565782739
0.318505159713791
0.318702753644842
0.318900347575894
0.319097941506945
0.319295535437997
0.319493129369048
0.3196907233001
0.319888317231151
0.320085911162203
0.320283505093254
0.320481099024306
0.320678692955358
0.320876286886409
0.321073880817461
0.321271474748512
0.321469068679564
0.321666662610615
0.321864256541667
0.322061850472718
0.32225944440377
0.322457038334822
0.322654632265873
0.322852226196925
0.323049820127976
0.323247414059028
0.323445007990079
0.323642601921131
0.323840195852182
0.324037789783234
0.324235383714286
0.324432977645337
0.324630571576389
0.32482816550744
0.325025759438492
0.325223353369543
0.325420947300595
0.325618541231646
0.325816135162698
0.326013729093749
0.326211323024801
0.326408916955853
0.326606510886904
0.326804104817956
0.327001698749007
0.327199292680059
0.32739688661111
0.327594480542162
0.327792074473213
0.327989668404265
0.328187262335317
0.328384856266368
0.32858245019742
0.328780044128471
0.328977638059523
0.329175231990574
0.329372825921626
0.329570419852677
0.329768013783729
0.329965607714781
0.330163201645832
0.330360795576884
0.330558389507935
0.330755983438987
0.330953577370038
0.33115117130109
0.331348765232141
0.331546359163193
0.331743953094245
0.331941547025296
0.332139140956348
0.332336734887399
0.332534328818451
0.332731922749502
0.332929516680554
0.333127110611605
0.333324704542657
0.333522298473709
0.33371989240476
0.333917486335812
0.334115080266863
0.334312674197915
0.334510268128966
0.334707862060018
0.334905455991069
0.335103049922121
0.335300643853172
0.335498237784224
0.335695831715276
0.335893425646327
0.336091019577379
0.33628861350843
0.336486207439482
0.336683801370533
0.336881395301585
0.337078989232636
0.337276583163688
0.33747417709474
0.337671771025791
0.337869364956843
0.338066958887894
0.338264552818946
0.338462146749997
0.338659740681049
0.3388573346121
0.339054928543152
0.339252522474204
0.339450116405255
0.339647710336307
0.339845304267358
0.34004289819841
0.340240492129461
0.340438086060513
0.340635679991564
0.340833273922616
0.341030867853668
0.341228461784719
0.341426055715771
0.341623649646822
0.341821243577874
0.342018837508925
0.342216431439977
0.342414025371028
0.34261161930208
0.342809213233132
0.343006807164183
0.343204401095235
0.343401995026286
0.343599588957338
0.343797182888389
0.343994776819441
0.344192370750492
0.344389964681544
0.344587558612595
0.344785152543647
0.344982746474699
0.34518034040575
0.345377934336802
0.345575528267853
0.345773122198905
0.345970716129956
0.346168310061008
0.346365903992059
0.346563497923111
0.346761091854163
0.346958685785214
0.347156279716266
0.347353873647317
0.347551467578369
0.34774906150942
0.347946655440472
0.348144249371523
0.348341843302575
0.348539437233627
0.348737031164678
0.34893462509573
0.349132219026781
0.349329812957833
0.349527406888884
0.349725000819936
0.349922594750987
0.350120188682039
0.350317782613091
0.350515376544142
0.350712970475194
0.350910564406245
0.351108158337297
0.351305752268348
0.3515033461994
0.351700940130451
0.351898534061503
0.352096127992555
0.352293721923606
0.352491315854658
0.352688909785709
0.352886503716761
0.353084097647812
0.353281691578864
0.353479285509915
0.353676879440967
0.353874473372018
0.35407206730307
0.354269661234122
0.354467255165173
0.354664849096225
0.354862443027276
0.355060036958328
0.355257630889379
0.355455224820431
0.355652818751482
0.355850412682534
0.356048006613586
0.356245600544637
0.356443194475689
0.35664078840674
0.356838382337792
0.357035976268843
0.357233570199895
0.357431164130946
0.357628758061998
0.35782635199305
0.358023945924101
0.358221539855153
0.358419133786204
0.358616727717256
0.358814321648307
0.359011915579359
0.35920950951041
0.359407103441462
0.359604697372513
0.359802291303565
0.359999885234617
0.360197479165668
0.36039507309672
0.360592667027771
0.360790260958823
0.360987854889874
0.361185448820926
0.361383042751977
0.361580636683029
0.361778230614081
0.361975824545132
0.362173418476184
0.362371012407235
0.362568606338287
0.362766200269338
0.36296379420039
0.363161388131441
0.363358982062493
0.363556575993545
0.363754169924596
0.363951763855648
0.364149357786699
0.364346951717751
0.364544545648802
0.364742139579854
0.364939733510905
0.365137327441957
0.365334921373008
0.36553251530406
0.365730109235112
0.365927703166163
0.366125297097215
0.366322891028266
0.366520484959318
0.366718078890369
0.366915672821421
0.367113266752472
0.367310860683524
0.367508454614576
0.367706048545627
0.367903642476679
0.36810123640773
0.368298830338782
0.368496424269833
0.368694018200885
0.368891612131936
0.369089206062988
0.36928679999404
0.369484393925091
0.369681987856143
0.369879581787194
0.370077175718246
0.370274769649297
0.370472363580349
0.3706699575114
0.370867551442452
0.371065145373503
0.371262739304555
0.371460333235607
0.371657927166658
0.37185552109771
0.372053115028761
0.372250708959813
0.372448302890864
0.372645896821916
0.372843490752967
0.373041084684019
0.37323867861507
0.373436272546122
0.373633866477173
0.373831460408225
0.374029054339277
0.374226648270328
0.37442424220138
0.374621836132431
0.374819430063483
0.375017023994534
0.375214617925586
0.375412211856637
0.375609805787689
0.37580739971874
0.376004993649792
0.376202587580843
0.376400181511895
0.376597775442947
0.376795369373998
0.37699296330505
0.377190557236101
0.377388151167153
0.377585745098204
0.377783339029256
0.377980932960307
0.378178526891359
0.37837612082241
0.378573714753462
0.378771308684513
0.378968902615565
0.379166496546617
0.379364090477668
0.37956168440872
0.379759278339771
0.379956872270823
0.380154466201874
0.380352060132926
0.380549654063977
0.380747247995029
0.38094484192608
0.381142435857132
0.381340029788183
0.381537623719235
0.381735217650287
0.381932811581338
0.38213040551239
0.382327999443441
0.382525593374493
0.382723187305544
0.382920781236596
0.383118375167647
0.383315969098699
0.38351356302975
0.383711156960802
0.383908750891854
0.384106344822905
0.384303938753957
0.384501532685008
0.38469912661606
0.384896720547111
0.385094314478163
0.385291908409214
0.385489502340266
0.385687096271317
0.385884690202369
0.38608228413342
0.386279878064472
0.386477471995524
0.386675065926575
0.386872659857627
0.387070253788678
0.38726784771973
0.387465441650781
0.387663035581833
0.387860629512884
0.388058223443936
0.388255817374987
0.388453411306039
0.38865100523709
0.388848599168142
0.389046193099194
0.389243787030245
0.389441380961297
0.389638974892348
0.3898365688234
0.390034162754451
0.390231756685503
0.390429350616554
0.390626944547606
0.390824538478657
0.391022132409709
0.39121972634076
0.391417320271812
0.391614914202864
0.391812508133915
0.392010102064967
0.392207695996018
0.39240528992707
0.392602883858121
0.392800477789173
0.392998071720224
0.393195665651276
0.393393259582327
0.393590853513379
0.39378844744443
0.393986041375482
0.394183635306534
0.394381229237585
0.394578823168637
0.394776417099688
0.39497401103074
0.395171604961791
0.395369198892843
0.395566792823894
0.395764386754946
0.395961980685997
0.396159574617049
0.3963571685481
0.396554762479152
0.396752356410204
0.396949950341255
0.397147544272307
0.397345138203358
0.39754273213441
0.397740326065461
0.397937919996513
0.398135513927564
0.398333107858616
0.398530701789667
0.398728295720719
0.39892588965177
0.399123483582822
0.399321077513874
0.399518671444925
0.399716265375977
0.399913859307028
0.40011145323808
0.400309047169131
0.400506641100183
0.400704235031234
0.400901828962286
0.401099422893337
0.401297016824389
0.40149461075544
0.401692204686492
0.401889798617544
0.402087392548595
0.402284986479647
0.402482580410698
0.40268017434175
0.402877768272801
0.403075362203853
0.403272956134904
0.403470550065956
0.403668143997007
0.403865737928059
0.40406333185911
0.404260925790162
0.404458519721214
0.404656113652265
0.404853707583317
0.405051301514368
0.40524889544542
0.405446489376471
0.405644083307523
0.405841677238574
0.406039271169626
0.406236865100677
0.406434459031729
0.40663205296278
0.406829646893832
0.407027240824884
0.407224834755935
0.407422428686987
0.407620022618038
0.40781761654909
0.408015210480141
0.408212804411193
0.408410398342244
0.408607992273296
0.408805586204347
0.409003180135399
0.409200774066451
0.409398367997502
0.409595961928554
0.409793555859605
0.409991149790657
0.410188743721708
0.41038633765276
0.410583931583811
0.410781525514863
0.410979119445914
0.411176713376966
0.411374307308017
0.411571901239069
0.411769495170121
0.411967089101172
0.412164683032224
0.412362276963275
0.412559870894327
0.412757464825378
0.41295505875643
0.413152652687481
0.413350246618533
0.413547840549584
0.413745434480636
0.413943028411687
0.414140622342739
0.414338216273791
0.414535810204842
0.414733404135894
0.414930998066945
0.415128591997997
0.415326185929048
0.4155237798601
0.415721373791151
0.415918967722203
0.416116561653254
0.416314155584306
0.416511749515357
0.416709343446409
0.416906937377461
0.417104531308512
0.417302125239564
0.417499719170615
0.417697313101667
0.417894907032718
0.41809250096377
0.418290094894821
0.418487688825873
0.418685282756924
0.418882876687976
0.419080470619027
0.419278064550079
0.419475658481131
0.419673252412182
0.419870846343234
0.420068440274285
0.420266034205337
0.420463628136388
0.42066122206744
0.420858815998491
0.421056409929543
0.421254003860594
0.421451597791646
0.421649191722697
0.421846785653749
0.422044379584801
0.422241973515852
0.422439567446904
0.422637161377955
0.422834755309007
0.423032349240058
0.42322994317111
0.423427537102161
0.423625131033213
0.423822724964264
0.424020318895316
0.424217912826367
0.424415506757419
0.424613100688471
0.424810694619522
0.425008288550574
0.425205882481625
0.425403476412677
0.425601070343728
0.42579866427478
0.425996258205831
0.426193852136883
0.426391446067934
0.426589039998986
0.426786633930037
0.426984227861089
0.427181821792141
0.427379415723192
0.427577009654244
0.427774603585295
0.427972197516347
0.428169791447398
0.42836738537845
0.428564979309501
0.428762573240553
0.428960167171604
0.429157761102656
0.429355355033707
0.429552948964759
0.429750542895811
0.429948136826862
0.430145730757914
0.430343324688965
0.430540918620017
0.430738512551068
0.43093610648212
0.431133700413171
0.431331294344223
0.431528888275274
0.431726482206326
0.431924076137377
0.432121670068429
0.432319263999481
0.432516857930532
0.432714451861584
0.432912045792635
0.433109639723687
0.433307233654738
0.43350482758579
0.433702421516841
0.433900015447893
0.434097609378944
0.434295203309996
0.434492797241048
0.434690391172099
0.434887985103151
0.435085579034202
0.435283172965254
0.435480766896305
0.435678360827357
0.435875954758408
0.43607354868946
0.436271142620511
0.436468736551563
0.436666330482614
0.436863924413666
0.437061518344718
0.437259112275769
0.437456706206821
0.437654300137872
0.437851894068924
0.438049487999975
0.438247081931027
0.438444675862078
0.43864226979313
0.438839863724181
0.439037457655233
0.439235051586284
0.439432645517336
0.439630239448388
0.439827833379439
0.440025427310491
0.440223021241542
0.440420615172594
0.440618209103645
0.440815803034697
0.441013396965748
0.4412109908968
0.441408584827851
0.441606178758903
0.441803772689954
0.442001366621006
0.442198960552058
0.442396554483109
0.442594148414161
0.442791742345212
0.442989336276264
0.443186930207315
0.443384524138367
0.443582118069418
0.44377971200047
0.443977305931521
0.444174899862573
0.444372493793624
0.444570087724676
0.444767681655728
0.444965275586779
0.445162869517831
0.445360463448882
0.445558057379934
0.445755651310985
0.445953245242037
0.446150839173088
0.44634843310414
0.446546027035191
0.446743620966243
0.446941214897294
0.447138808828346
0.447336402759398
0.447533996690449
0.447731590621501
0.447929184552552
0.448126778483604
0.448324372414655
0.448521966345707
0.448719560276758
0.44891715420781
0.449114748138861
0.449312342069913
0.449509936000964
0.449707529932016
0.449905123863068
0.450102717794119
0.450300311725171
0.450497905656222
0.450695499587274
0.450893093518325
0.451090687449377
0.451288281380428
0.45148587531148
0.451683469242531
0.451881063173583
0.452078657104634
0.452276251035686
0.452473844966738
0.452671438897789
0.452869032828841
0.453066626759892
0.453264220690944
0.453461814621995
0.453659408553047
0.453857002484098
0.45405459641515
0.454252190346201
0.454449784277253
0.454647378208304
0.454844972139356
0.455042566070408
0.455240160001459
0.455437753932511
0.455635347863562
0.455832941794614
0.456030535725665
0.456228129656717
0.456425723587768
0.45662331751882
0.456820911449871
0.457018505380923
0.457216099311974
0.457413693243026
0.457611287174078
0.457808881105129
0.458006475036181
0.458204068967232
0.458401662898284
0.458599256829335
0.458796850760387
0.458994444691438
0.45919203862249
0.459389632553541
0.459587226484593
0.459784820415645
0.459982414346696
0.460180008277748
0.460377602208799
0.460575196139851
0.460772790070902
0.460970384001954
0.461167977933005
0.461365571864057
0.461563165795108
0.46176075972616
0.461958353657211
0.462155947588263
0.462353541519315
0.462551135450366
0.462748729381418
0.462946323312469
0.463143917243521
0.463341511174572
0.463539105105624
0.463736699036675
0.463934292967727
0.464131886898778
0.46432948082983
0.464527074760881
0.464724668691933
0.464922262622985
0.465119856554036
0.465317450485088
0.465515044416139
0.465712638347191
0.465910232278242
0.466107826209294
0.466305420140345
0.466503014071397
0.466700608002448
0.4668982019335
0.467095795864551
0.467293389795603
0.467490983726655
0.467688577657706
0.467886171588758
0.468083765519809
0.468281359450861
0.468478953381912
0.468676547312964
0.468874141244015
0.469071735175067
0.469269329106118
0.46946692303717
0.469664516968221
0.469862110899273
0.470059704830325
0.470257298761376
0.470454892692428
0.470652486623479
0.470850080554531
0.471047674485582
0.471245268416634
0.471442862347685
0.471640456278737
0.471838050209788
0.47203564414084
0.472233238071891
0.472430832002943
0.472628425933995
0.472826019865046
0.473023613796098
0.473221207727149
0.473418801658201
0.473616395589252
0.473813989520304
0.474011583451355
0.474209177382407
0.474406771313458
0.47460436524451
0.474801959175562
0.474999553106613
0.475197147037665
0.475394740968716
0.475592334899768
0.475789928830819
0.475987522761871
0.476185116692922
0.476382710623974
0.476580304555025
0.476777898486077
0.476975492417128
0.47717308634818
0.477370680279232
0.477568274210283
0.477765868141335
0.477963462072386
0.478161056003438
0.478358649934489
0.478556243865541
0.478753837796592
0.478951431727644
0.479149025658695
0.479346619589747
0.479544213520798
0.47974180745185
0.479939401382902
0.480136995313953
0.480334589245005
0.480532183176056
0.480729777107108
0.480927371038159
0.481124964969211
0.481322558900262
0.481520152831314
0.481717746762365
0.481915340693417
0.482112934624468
0.48231052855552
0.482508122486572
0.482705716417623
0.482903310348675
0.483100904279726
0.483298498210778
0.483496092141829
0.483693686072881
0.483891280003932
0.484088873934984
0.484286467866035
0.484484061797087
0.484681655728138
0.48487924965919
0.485076843590242
0.485274437521293
0.485472031452345
0.485669625383396
0.485867219314448
0.486064813245499
0.486262407176551
0.486460001107602
0.486657595038654
0.486855188969705
0.487052782900757
0.487250376831809
0.48744797076286
0.487645564693912
0.487843158624963
0.488040752556015
0.488238346487066
0.488435940418118
0.488633534349169
0.488831128280221
0.489028722211272
0.489226316142324
0.489423910073375
0.489621504004427
0.489819097935479
0.49001669186653
0.490214285797582
0.490411879728633
0.490609473659685
0.490807067590736
0.491004661521788
0.491202255452839
0.491399849383891
0.491597443314942
0.491795037245994
0.491992631177046
0.492190225108097
0.492387819039149
0.4925854129702
0.492783006901252
0.492980600832303
0.493178194763355
0.493375788694406
0.493573382625458
0.493770976556509
0.493968570487561
0.494166164418612
0.494363758349664
0.494561352280716
0.494758946211767
0.494956540142819
0.49515413407387
0.495351728004922
0.495549321935973
0.495746915867025
0.495944509798076
0.496142103729128
0.496339697660179
0.496537291591231
0.496734885522282
0.496932479453334
0.497130073384386
0.497327667315437
0.497525261246489
0.49772285517754
0.497920449108592
0.498118043039643
0.498315636970695
0.498513230901746
0.498710824832798
0.498908418763849
0.499106012694901
0.499303606625953
0.499501200557004
0.499698794488056
0.499896388419107
0.500093982350159
0.50029157628121
0.500489170212262
0.500686764143313
0.500884358074365
0.501081952005416
0.501279545936468
0.501477139867519
0.501674733798571
0.501872327729623
0.502069921660674
0.502267515591726
0.502465109522777
0.502662703453829
0.50286029738488
0.503057891315932
0.503255485246983
0.503453079178035
0.503650673109086
0.503848267040138
0.50404586097119
0.504243454902241
0.504441048833293
0.504638642764344
0.504836236695396
0.505033830626447
0.505231424557499
0.50542901848855
0.505626612419602
0.505824206350653
0.506021800281705
0.506219394212756
0.506416988143808
0.50661458207486
0.506812176005911
0.507009769936963
0.507207363868014
0.507404957799066
0.507602551730117
0.507800145661169
0.50799773959222
0.508195333523272
0.508392927454323
0.508590521385375
0.508788115316426
0.508985709247478
0.50918330317853
0.509380897109581
0.509578491040633
0.509776084971684
0.509973678902736
0.510171272833787
0.510368866764839
0.51056646069589
0.510764054626942
0.510961648557993
0.511159242489045
0.511356836420096
0.511554430351148
0.5117520242822
0.511949618213251
0.512147212144303
0.512344806075354
0.512542400006406
0.512739993937457
0.512937587868509
0.51313518179956
0.513332775730612
0.513530369661663
0.513727963592715
0.513925557523766
0.514123151454818
0.51432074538587
0.514518339316921
0.514715933247973
0.514913527179024
0.515111121110076
0.515308715041127
0.515506308972179
0.51570390290323
0.515901496834282
0.516099090765333
0.516296684696385
0.516494278627436
0.516691872558488
0.51688946648954
0.517087060420591
0.517284654351643
0.517482248282694
0.517679842213746
0.517877436144797
0.518075030075849
0.5182726240069
0.518470217937952
0.518667811869003
0.518865405800055
0.519062999731106
0.519260593662158
0.51945818759321
0.519655781524261
0.519853375455313
0.520050969386364
0.520248563317416
0.520446157248467
0.520643751179519
0.52084134511057
0.521038939041622
0.521236532972673
0.521434126903725
0.521631720834776
0.521829314765828
0.52202690869688
0.522224502627931
0.522422096558983
0.522619690490034
0.522817284421086
0.523014878352137
0.523212472283189
0.52341006621424
0.523607660145292
0.523805254076343
0.524002848007395
0.524200441938447
0.524398035869498
0.52459562980055
0.524793223731601
0.524990817662653
0.525188411593704
0.525386005524756
0.525583599455807
0.525781193386859
0.52597878731791
0.526176381248962
0.526373975180013
0.526571569111065
0.526769163042117
0.526966756973168
0.52716435090422
0.527361944835271
0.527559538766323
0.527757132697374
0.527954726628426
0.528152320559477
0.528349914490529
0.52854750842158
0.528745102352632
0.528942696283683
0.529140290214735
0.529337884145787
0.529535478076838
0.52973307200789
0.529930665938941
0.530128259869993
0.530325853801044
0.530523447732096
0.530721041663147
0.530918635594199
0.53111622952525
0.531313823456302
0.531511417387353
0.531709011318405
0.531906605249457
0.532104199180508
0.53230179311156
0.532499387042611
0.532696980973663
0.532894574904714
0.533092168835766
0.533289762766817
0.533487356697869
0.53368495062892
0.533882544559972
0.534080138491023
0.534277732422075
0.534475326353127
0.534672920284178
0.53487051421523
0.535068108146281
0.535265702077333
0.535463296008384
0.535660889939436
0.535858483870487
0.536056077801539
0.53625367173259
0.536451265663642
0.536648859594693
0.536846453525745
0.537044047456797
0.537241641387848
0.5374392353189
0.537636829249951
0.537834423181003
0.538032017112054
0.538229611043106
0.538427204974157
0.538624798905209
0.53882239283626
0.539019986767312
0.539217580698363
0.539415174629415
0.539612768560467
0.539810362491518
0.54000795642257
0.540205550353621
0.540403144284673
0.540600738215724
0.540798332146776
0.540995926077827
0.541193520008879
0.54139111393993
0.541588707870982
0.541786301802033
0.541983895733085
0.542181489664137
0.542379083595188
0.54257667752624
0.542774271457291
0.542971865388343
0.543169459319394
0.543367053250446
0.543564647181497
0.543762241112549
0.5439598350436
0.544157428974652
0.544355022905703
0.544552616836755
0.544750210767807
0.544947804698858
0.54514539862991
0.545342992560961
0.545540586492013
0.545738180423064
0.545935774354116
0.546133368285167
0.546330962216219
0.54652855614727
0.546726150078322
0.546923744009373
0.547121337940425
0.547318931871477
0.547516525802528
0.54771411973358
0.547911713664631
0.548109307595683
0.548306901526734
0.548504495457786
0.548702089388837
0.548899683319889
0.54909727725094
0.549294871181992
0.549492465113044
0.549690059044095
0.549887652975147
0.550085246906198
0.55028284083725
0.550480434768301
0.550678028699353
0.550875622630404
0.551073216561456
0.551270810492507
0.551468404423559
0.55166599835461
0.551863592285662
0.552061186216714
0.552258780147765
0.552456374078817
0.552653968009868
0.55285156194092
0.553049155871971
0.553246749803023
0.553444343734074
0.553641937665126
0.553839531596177
0.554037125527229
0.55423471945828
0.554432313389332
0.554629907320384
0.554827501251435
0.555025095182487
0.555222689113538
0.55542028304459
0.555617876975641
0.555815470906693
0.556013064837744
0.556210658768796
0.556408252699847
0.556605846630899
0.55680344056195
0.557001034493002
0.557198628424054
0.557396222355105
0.557593816286157
0.557791410217208
0.55798900414826
0.558186598079311
0.558384192010363
0.558581785941414
0.558779379872466
0.558976973803517
0.559174567734569
0.55937216166562
0.559569755596672
0.559767349527724
0.559964943458775
0.560162537389827
0.560360131320878
0.56055772525193
0.560755319182981
0.560952913114033
0.561150507045084
0.561348100976136
0.561545694907187
0.561743288838239
0.56194088276929
0.562138476700342
0.562336070631394
0.562533664562445
0.562731258493497
0.562928852424548
0.5631264463556
0.563324040286651
0.563521634217703
0.563719228148754
0.563916822079806
0.564114416010857
0.564312009941909
0.56450960387296
0.564707197804012
0.564904791735064
0.565102385666115
0.565299979597167
0.565497573528218
0.56569516745927
0.565892761390321
0.566090355321373
0.566287949252424
0.566485543183476
0.566683137114527
0.566880731045579
0.56707832497663
0.567275918907682
0.567473512838734
0.567671106769785
0.567868700700837
0.568066294631888
0.56826388856294
0.568461482493991
0.568659076425043
0.568856670356094
0.569054264287146
0.569251858218197
0.569449452149249
0.5696470460803
0.569844640011352
0.570042233942404
0.570239827873455
0.570437421804507
0.570635015735558
0.57083260966661
0.571030203597661
0.571227797528713
0.571425391459764
0.571622985390816
0.571820579321867
0.572018173252919
0.57221576718397
0.572413361115022
0.572610955046074
0.572808548977125
0.573006142908177
0.573203736839228
0.57340133077028
0.573598924701331
0.573796518632383
0.573994112563434
0.574191706494486
0.574389300425537
0.574586894356589
0.574784488287641
0.574982082218692
0.575179676149744
0.575377270080795
0.575574864011847
0.575772457942898
0.57597005187395
0.576167645805001
0.576365239736053
0.576562833667104
0.576760427598156
0.576958021529207
0.577155615460259
0.577353209391311
0.577550803322362
0.577748397253414
0.577945991184465
0.578143585115517
0.578341179046568
0.57853877297762
0.578736366908671
0.578933960839723
0.579131554770774
0.579329148701826
0.579526742632878
0.579724336563929
0.579921930494981
0.580119524426032
0.580317118357084
0.580514712288135
0.580712306219187
0.580909900150238
0.58110749408129
0.581305088012341
0.581502681943393
0.581700275874444
0.581897869805496
0.582095463736548
0.582293057667599
0.582490651598651
0.582688245529702
0.582885839460754
0.583083433391805
0.583281027322857
0.583478621253908
0.58367621518496
0.583873809116011
0.584071403047063
0.584268996978114
0.584466590909166
0.584664184840217
0.584861778771269
0.585059372702321
0.585256966633372
0.585454560564424
0.585652154495475
0.585849748426527
0.586047342357578
0.58624493628863
0.586442530219681
0.586640124150733
0.586837718081784
0.587035312012836
0.587232905943887
0.587430499874939
0.587628093805991
0.587825687737042
0.588023281668094
0.588220875599145
0.588418469530197
0.588616063461248
0.5888136573923
0.589011251323351
0.589208845254403
0.589406439185454
0.589604033116506
0.589801627047557
0.589999220978609
0.590196814909661
0.590394408840712
0.590592002771764
0.590789596702815
0.590987190633867
0.591184784564918
0.59138237849597
0.591579972427021
0.591777566358073
0.591975160289124
0.592172754220176
0.592370348151227
0.592567942082279
0.592765536013331
0.592963129944382
0.593160723875434
0.593358317806485
0.593555911737537
0.593753505668588
0.59395109959964
0.594148693530691
0.594346287461743
0.594543881392794
0.594741475323846
0.594939069254897
0.595136663185949
0.595334257117001
0.595531851048052
0.595729444979104
0.595927038910155
0.596124632841207
0.596322226772258
0.59651982070331
0.596717414634361
0.596915008565413
0.597112602496464
0.597310196427516
0.597507790358567
0.597705384289619
0.597902978220671
0.598100572151722
0.598298166082774
0.598495760013825
0.598693353944877
0.598890947875928
0.59908854180698
0.599286135738031
0.599483729669083
0.599681323600134
0.599878917531186
0.600076511462238
0.600274105393289
0.600471699324341
0.600669293255392
0.600866887186444
0.601064481117495
0.601262075048547
0.601459668979598
0.60165726291065
0.601854856841701
0.602052450772753
0.602250044703804
0.602447638634856
0.602645232565908
0.602842826496959
0.603040420428011
0.603238014359062
0.603435608290114
0.603633202221165
0.603830796152217
0.604028390083268
0.60422598401432
0.604423577945371
0.604621171876423
0.604818765807475
0.605016359738526
0.605213953669578
0.605411547600629
0.605609141531681
0.605806735462732
0.606004329393784
0.606201923324835
0.606399517255887
0.606597111186938
0.60679470511799
0.606992299049041
0.607189892980093
0.607387486911145
0.607585080842196
0.607782674773248
0.607980268704299
0.608177862635351
0.608375456566402
0.608573050497454
0.608770644428505
0.608968238359557
0.609165832290608
0.60936342622166
0.609561020152711
0.609758614083763
0.609956208014815
0.610153801945866
0.610351395876918
0.610548989807969
0.610746583739021
0.610944177670072
0.611141771601124
0.611339365532175
0.611536959463227
0.611734553394278
0.61193214732533
0.612129741256381
0.612327335187433
0.612524929118485
0.612722523049536
0.612920116980588
0.613117710911639
0.613315304842691
0.613512898773742
0.613710492704794
0.613908086635845
0.614105680566897
0.614303274497948
0.614500868429
0.614698462360051
0.614896056291103
0.615093650222154
0.615291244153206
0.615488838084258
0.615686432015309
0.615884025946361
0.616081619877412
0.616279213808464
0.616476807739515
0.616674401670567
0.616871995601618
0.61706958953267
0.617267183463722
0.617464777394773
0.617662371325825
0.617859965256876
0.618057559187928
0.618255153118979
0.618452747050031
0.618650340981082
0.618847934912134
0.619045528843186
0.619243122774237
0.619440716705289
0.61963831063634
0.619835904567392
0.620033498498443
0.620231092429495
0.620428686360546
0.620626280291598
0.62082387422265
0.621021468153701
0.621219062084753
0.621416656015804
0.621614249946856
0.621811843877907
0.622009437808959
0.62220703174001
0.622404625671062
0.622602219602113
0.622799813533165
0.622997407464217
0.623195001395268
0.62339259532632
0.623590189257371
0.623787783188423
0.623985377119474
0.624182971050526
0.624380564981577
0.624578158912629
0.624775752843681
0.624973346774732
0.625170940705784
0.625368534636835
0.625566128567887
0.625763722498938
0.62596131642999
0.626158910361041
0.626356504292093
0.626554098223145
0.626751692154196
0.626949286085248
0.627146880016299
0.627344473947351
0.627542067878402
0.627739661809454
0.627937255740505
0.628134849671557
0.628332443602609
0.62853003753366
0.628727631464712
0.628925225395763
0.629122819326815
0.629320413257866
0.629518007188918
0.629715601119969
0.629913195051021
0.630110788982073
0.630308382913124
0.630505976844176
0.630703570775227
0.630901164706279
0.63109875863733
0.631296352568382
0.631493946499433
0.631691540430485
0.631889134361536
0.632086728292588
0.63228432222364
0.632481916154691
0.632679510085743
0.632877104016794
0.633074697947846
0.633272291878897
0.633469885809949
0.633667479741
0.633865073672052
0.634062667603104
0.634260261534155
0.634457855465207
0.634655449396258
0.63485304332731
0.635050637258361
0.635248231189413
0.635445825120464
0.635643419051516
0.635841012982568
0.636038606913619
0.636236200844671
0.636433794775722
0.636631388706774
0.636828982637825
0.637026576568877
0.637224170499928
0.63742176443098
0.637619358362032
0.637816952293083
0.638014546224135
0.638212140155186
0.638409734086238
0.638607328017289
0.638804921948341
0.639002515879392
0.639200109810444
0.639397703741496
0.639595297672547
0.639792891603599
0.63999048553465
0.640188079465702
0.640385673396753
0.640583267327805
0.640780861258856
0.640978455189908
0.641176049120959
0.641373643052011
0.641571236983063
0.641768830914114
0.641966424845166
0.642164018776217
0.642361612707269
0.64255920663832
0.642756800569372
0.642954394500423
0.643151988431475
0.643349582362526
0.643547176293578
0.64374477022463
0.643942364155681
0.644139958086733
0.644337552017784
0.644535145948836
0.644732739879887
0.644930333810939
0.64512792774199
0.645325521673042
0.645523115604094
0.645720709535145
0.645918303466197
0.646115897397248
0.6463134913283
0.646511085259351
0.646708679190403
0.646906273121454
0.647103867052506
0.647301460983558
0.647499054914609
0.647696648845661
0.647894242776712
0.648091836707764
0.648289430638815
0.648487024569867
0.648684618500918
0.64888221243197
0.649079806363022
0.649277400294073
0.649474994225125
0.649672588156176
0.649870182087228
0.650067776018279
0.650265369949331
0.650462963880382
0.650660557811434
0.650858151742486
0.651055745673537
0.651253339604589
0.65145093353564
0.651648527466692
0.651846121397743
0.652043715328795
0.652241309259846
0.652438903190898
0.652636497121949
0.652834091053001
0.653031684984053
0.653229278915104
0.653426872846156
0.653624466777207
0.653822060708259
0.65401965463931
0.654217248570362
0.654414842501413
0.654612436432465
0.654810030363517
0.655007624294568
0.65520521822562
0.655402812156671
0.655600406087723
0.655798000018774
0.655995593949826
0.656193187880877
0.656390781811929
0.656588375742981
0.656785969674032
0.656983563605084
0.657181157536135
0.657378751467187
0.657576345398238
0.65777393932929
0.657971533260341
0.658169127191393
0.658366721122445
0.658564315053496
0.658761908984548
0.658959502915599
0.659157096846651
0.659354690777702
0.659552284708754
0.659749878639805
0.659947472570857
0.660145066501909
0.66034266043296
0.660540254364012
0.660737848295063
0.660935442226115
0.661133036157166
0.661330630088218
0.661528224019269
0.661725817950321
0.661923411881372
0.662121005812424
0.662318599743476
0.662516193674527
0.662713787605579
0.66291138153663
0.663108975467682
0.663306569398733
0.663504163329785
0.663701757260836
0.663899351191888
0.664096945122939
0.664294539053991
0.664492132985043
0.664689726916094
0.664887320847146
0.665084914778197
0.665282508709249
0.6654801026403
0.665677696571352
0.665875290502403
0.666072884433455
0.666270478364507
0.666468072295558
0.66666566622661
0.666863260157661
0.667060854088713
0.667258448019764
0.667456041950816
0.667653635881867
0.667851229812919
0.668048823743971
0.668246417675022
0.668444011606074
0.668641605537125
0.668839199468177
0.669036793399228
0.66923438733028
0.669431981261331
0.669629575192383
0.669827169123435
0.670024763054486
0.670222356985538
0.670419950916589
0.670617544847641
0.670815138778692
0.671012732709744
0.671210326640795
0.671407920571847
0.671605514502899
0.67180310843395
0.672000702365002
0.672198296296053
0.672395890227105
0.672593484158156
0.672791078089208
0.672988672020259
0.673186265951311
0.673383859882362
0.673581453813414
0.673779047744466
0.673976641675517
0.674174235606569
0.67437182953762
0.674569423468672
0.674767017399723
0.674964611330775
0.675162205261826
0.675359799192878
0.67555739312393
0.675754987054981
0.675952580986033
0.676150174917084
0.676347768848136
0.676545362779187
0.676742956710239
0.67694055064129
0.677138144572342
0.677335738503394
0.677533332434445
0.677730926365497
0.677928520296548
0.6781261142276
0.678323708158651
0.678521302089703
0.678718896020754
0.678916489951806
0.679114083882858
0.679311677813909
0.679509271744961
0.679706865676012
0.679904459607064
0.680102053538115
0.680299647469167
0.680497241400218
0.68069483533127
0.680892429262322
0.681090023193373
0.681287617124425
0.681485211055476
0.681682804986528
0.681880398917579
0.682077992848631
0.682275586779682
0.682473180710734
0.682670774641785
0.682868368572837
0.683065962503889
0.68326355643494
0.683461150365992
0.683658744297043
0.683856338228095
0.684053932159146
0.684251526090198
0.684449120021249
0.684646713952301
0.684844307883353
0.685041901814404
0.685239495745456
0.685437089676507
0.685634683607559
0.68583227753861
0.686029871469662
0.686227465400713
0.686425059331765
0.686622653262817
0.686820247193868
0.68701784112492
0.687215435055971
0.687413028987023
0.687610622918074
0.687808216849126
0.688005810780177
0.688203404711229
0.688400998642281
0.688598592573332
0.688796186504384
0.688993780435435
0.689191374366487
0.689388968297538
0.68958656222859
0.689784156159641
0.689981750090693
0.690179344021745
0.690376937952796
0.690574531883848
0.690772125814899
0.690969719745951
0.691167313677002
0.691364907608054
0.691562501539105
0.691760095470157
0.691957689401208
0.69215528333226
0.692352877263312
0.692550471194363
0.692748065125415
0.692945659056466
0.693143252987518
0.693340846918569
0.693538440849621
0.693736034780672
0.693933628711724
0.694131222642776
0.694328816573827
0.694526410504879
0.69472400443593
0.694921598366982
0.695119192298033
0.695316786229085
0.695514380160136
0.695711974091188
0.69590956802224
0.696107161953291
0.696304755884343
0.696502349815394
0.696699943746446
0.696897537677497
0.697095131608549
0.6972927255396
0.697490319470652
0.697687913401704
0.697885507332755
0.698083101263807
0.698280695194858
0.69847828912591
0.698675883056961
0.698873476988013
0.699071070919064
0.699268664850116
0.699466258781168
0.699663852712219
0.699861446643271
0.700059040574322
0.700256634505374
0.700454228436425
0.700651822367477
0.700849416298528
0.70104701022958
0.701244604160632
0.701442198091683
0.701639792022735
0.701837385953786
0.702034979884838
0.702232573815889
0.702430167746941
0.702627761677992
0.702825355609044
0.703022949540095
0.703220543471147
0.703418137402199
0.70361573133325
0.703813325264302
0.704010919195353
0.704208513126405
0.704406107057456
0.704603700988508
0.704801294919559
0.704998888850611
0.705196482781663
0.705394076712714
0.705591670643766
0.705789264574817
0.705986858505869
0.70618445243692
0.706382046367972
0.706579640299023
0.706777234230075
0.706974828161127
0.707172422092178
0.70737001602323
0.707567609954281
0.707765203885333
0.707962797816384
0.708160391747436
0.708357985678487
0.708555579609539
0.708753173540591
0.708950767471642
0.709148361402694
0.709345955333745
0.709543549264797
0.709741143195848
0.7099387371269
0.710136331057951
0.710333924989003
0.710531518920055
0.710729112851106
0.710926706782158
0.711124300713209
0.711321894644261
0.711519488575312
0.711717082506364
0.711914676437415
0.712112270368467
0.712309864299518
0.71250745823057
0.712705052161621
0.712902646092673
0.713100240023725
0.713297833954776
0.713495427885828
0.713693021816879
0.713890615747931
0.714088209678982
0.714285803610034
0.714483397541085
0.714680991472137
0.714878585403189
0.71507617933424
0.715273773265292
0.715471367196343
0.715668961127395
0.715866555058446
0.716064148989498
0.716261742920549
0.716459336851601
0.716656930782653
0.716854524713704
0.717052118644756
0.717249712575807
0.717447306506859
0.71764490043791
0.717842494368962
0.718040088300013
0.718237682231065
0.718435276162117
0.718632870093168
0.71883046402422
0.719028057955271
0.719225651886323
0.719423245817374
0.719620839748426
0.719818433679477
0.720016027610529
0.720213621541581
0.720411215472632
0.720608809403684
0.720806403334735
0.721003997265787
0.721201591196838
0.72139918512789
0.721596779058941
0.721794372989993
0.721991966921045
0.722189560852096
0.722387154783148
0.722584748714199
0.722782342645251
0.722979936576302
0.723177530507354
0.723375124438405
0.723572718369457
0.723770312300508
0.72396790623156
0.724165500162612
0.724363094093663
0.724560688024715
0.724758281955766
0.724955875886818
0.725153469817869
0.725351063748921
0.725548657679972
0.725746251611024
0.725943845542076
0.726141439473127
0.726339033404179
0.72653662733523
0.726734221266282
0.726931815197333
0.727129409128385
0.727327003059436
0.727524596990488
0.72772219092154
0.727919784852591
0.728117378783643
0.728314972714694
0.728512566645746
0.728710160576797
0.728907754507849
0.7291053484389
0.729302942369952
0.729500536301004
0.729698130232055
0.729895724163107
0.730093318094158
0.73029091202521
0.730488505956261
0.730686099887313
0.730883693818364
0.731081287749416
0.731278881680468
0.731476475611519
0.731674069542571
0.731871663473622
0.732069257404674
0.732266851335725
0.732464445266777
0.732662039197828
0.73285963312888
0.733057227059931
0.733254820990983
0.733452414922035
0.733650008853086
0.733847602784138
0.734045196715189
0.734242790646241
0.734440384577292
0.734637978508344
0.734835572439395
0.735033166370447
0.735230760301499
0.73542835423255
0.735625948163602
0.735823542094653
0.736021136025705
0.736218729956756
0.736416323887808
0.736613917818859
0.736811511749911
0.737009105680963
0.737206699612014
0.737404293543066
0.737601887474117
0.737799481405169
0.73799707533622
0.738194669267272
0.738392263198323
0.738589857129375
0.738787451060427
0.738985044991478
0.73918263892253
0.739380232853581
0.739577826784633
0.739775420715684
0.739973014646736
0.740170608577787
0.740368202508839
0.74056579643989
0.740763390370942
0.740960984301993
0.741158578233045
0.741356172164096
0.741553766095148
0.741751360026199
0.741948953957251
0.742146547888302
0.742344141819354
0.742541735750405
0.742739329681457
0.742936923612509
0.74313451754356
0.743332111474612
0.743529705405663
0.743727299336715
0.743924893267766
0.744122487198818
0.744320081129869
0.744517675060921
0.744715268991972
0.744912862923024
0.745110456854075
0.745308050785127
0.745505644716178
0.74570323864723
0.745900832578281
0.746098426509333
0.746296020440385
0.746493614371436
0.746691208302487
0.746888802233539
0.747086396164591
0.747283990095642
0.747481584026694
0.747679177957745
0.747876771888797
0.748074365819848
0.7482719597509
0.748469553681951
0.748667147613003
0.748864741544054
0.749062335475106
0.749259929406157
0.749457523337209
0.74965511726826
0.749852711199312
0.750050305130364
0.750247899061415
0.750445492992467
0.750643086923518
0.75084068085457
0.751038274785621
0.751235868716673
0.751433462647724
0.751631056578776
0.751828650509827
0.752026244440879
0.75222383837193
0.752421432302982
0.752619026234033
0.752816620165085
0.753014214096136
0.753211808027188
0.753409401958239
0.753606995889291
0.753804589820342
0.754002183751394
0.754199777682446
0.754397371613497
0.754594965544549
0.7547925594756
0.754990153406652
0.755187747337703
0.755385341268755
0.755582935199806
0.755780529130858
0.755978123061909
0.756175716992961
0.756373310924012
0.756570904855064
0.756768498786115
0.756966092717167
0.757163686648218
0.75736128057927
0.757558874510321
0.757756468441373
0.757954062372425
0.758151656303476
0.758349250234527
0.758546844165579
0.758744438096631
0.758942032027682
0.759139625958734
0.759337219889785
0.759534813820837
0.759732407751888
0.75993000168294
0.760127595613991
0.760325189545043
0.760522783476094
0.760720377407146
0.760917971338197
0.761115565269249
0.7613131592003
0.761510753131352
0.761708347062404
0.761905940993455
0.762103534924507
0.762301128855558
0.76249872278661
0.762696316717661
0.762893910648713
0.763091504579764
0.763289098510816
0.763486692441867
0.763684286372919
0.76388188030397
0.764079474235022
0.764277068166073
0.764474662097125
0.764672256028176
0.764869849959228
0.765067443890279
0.765265037821331
0.765462631752382
0.765660225683434
0.765857819614486
0.766055413545537
0.766253007476589
0.76645060140764
0.766648195338692
0.766845789269743
0.767043383200795
0.767240977131846
0.767438571062898
0.767636164993949
0.767833758925001
0.768031352856052
0.768228946787104
0.768426540718155
0.768624134649207
0.768821728580258
0.76901932251131
0.769216916442361
0.769414510373413
0.769612104304464
0.769809698235516
0.770007292166567
0.770204886097619
0.770402480028671
0.770600073959722
0.770797667890774
0.770995261821825
0.771192855752877
0.771390449683928
0.77158804361498
0.771785637546031
0.771983231477083
0.772180825408134
0.772378419339186
0.772576013270237
0.772773607201289
0.77297120113234
0.773168795063392
0.773366388994444
0.773563982925495
0.773761576856546
0.773959170787598
0.77415676471865
0.774354358649701
0.774551952580753
0.774749546511804
0.774947140442856
0.775144734373907
0.775342328304959
0.77553992223601
0.775737516167062
0.775935110098113
0.776132704029165
0.776330297960216
0.776527891891268
0.776725485822319
0.776923079753371
0.777120673684423
0.777318267615474
0.777515861546526
0.777713455477577
0.777911049408629
0.77810864333968
0.778306237270732
0.778503831201783
0.778701425132835
0.778899019063886
0.779096612994938
0.779294206925989
0.779491800857041
0.779689394788092
0.779886988719144
0.780084582650195
0.780282176581247
0.780479770512298
0.78067736444335
0.780874958374401
0.781072552305453
0.781270146236504
0.781467740167556
0.781665334098608
0.781862928029659
0.782060521960711
0.782258115891762
0.782455709822814
0.782653303753865
0.782850897684917
0.783048491615968
0.78324608554702
0.783443679478071
0.783641273409123
0.783838867340174
0.784036461271226
0.784234055202277
0.784431649133329
0.78462924306438
0.784826836995432
0.785024430926484
0.785222024857535
0.785419618788586
0.785617212719638
0.78581480665069
0.786012400581741
0.786209994512793
0.786407588443844
0.786605182374896
0.786802776305947
0.787000370236999
0.78719796416805
0.787395558099102
0.787593152030153
0.787790745961205
0.787988339892256
0.788185933823308
0.788383527754359
0.788581121685411
0.788778715616463
0.788976309547514
0.789173903478566
0.789371497409617
0.789569091340669
0.78976668527172
0.789964279202772
0.790161873133823
0.790359467064875
0.790557060995926
0.790754654926978
0.790952248858029
0.791149842789081
0.791347436720132
0.791545030651184
0.791742624582235
0.791940218513287
0.792137812444338
0.79233540637539
0.792533000306441
0.792730594237493
0.792928188168544
0.793125782099596
0.793323376030648
0.793520969961699
0.793718563892751
0.793916157823802
0.794113751754854
0.794311345685905
0.794508939616957
0.794706533548008
0.79490412747906
0.795101721410111
0.795299315341163
0.795496909272214
0.795694503203266
0.795892097134317
0.796089691065369
0.79628728499642
0.796484878927472
0.796682472858524
0.796880066789575
0.797077660720626
0.797275254651678
0.79747284858273
0.797670442513781
0.797868036444833
0.798065630375884
0.798263224306936
0.798460818237987
0.798658412169039
0.79885600610009
0.799053600031142
0.799251193962193
0.799448787893245
0.799646381824296
0.799843975755348
0.800041569686399
0.800239163617451
0.800436757548503
0.800634351479554
0.800831945410606
0.801029539341657
0.801227133272709
0.80142472720376
0.801622321134812
0.801819915065863
0.802017508996915
0.802215102927966
0.802412696859018
0.802610290790069
0.802807884721121
0.803005478652172
0.803203072583224
0.803400666514275
0.803598260445327
0.803795854376378
0.80399344830743
0.804191042238481
0.804388636169533
0.804586230100584
0.804783824031636
0.804981417962688
0.805179011893739
0.805376605824791
0.805574199755842
0.805771793686894
0.805969387617945
0.806166981548997
0.806364575480048
0.8065621694111
0.806759763342151
0.806957357273203
0.807154951204254
0.807352545135306
0.807550139066357
0.807747732997409
0.80794532692846
0.808142920859512
0.808340514790563
0.808538108721615
0.808735702652666
0.808933296583718
0.80913089051477
0.809328484445821
0.809526078376873
0.809723672307924
0.809921266238976
0.810118860170027
0.810316454101079
0.81051404803213
0.810711641963182
0.810909235894233
0.811106829825285
0.811304423756336
0.811502017687388
0.811699611618439
0.811897205549491
0.812094799480543
0.812292393411594
0.812489987342645
0.812687581273697
0.812885175204749
0.8130827691358
0.813280363066852
0.813477956997903
0.813675550928955
0.813873144860006
0.814070738791058
0.814268332722109
0.814465926653161
0.814663520584212
0.814861114515264
0.815058708446315
0.815256302377367
0.815453896308418
0.81565149023947
0.815849084170521
0.816046678101573
0.816244272032625
0.816441865963676
0.816639459894728
0.816837053825779
0.817034647756831
0.817232241687882
0.817429835618934
0.817627429549985
0.817825023481037
0.818022617412088
0.81822021134314
0.818417805274191
0.818615399205243
0.818812993136294
0.819010587067346
0.819208180998397
0.819405774929449
0.8196033688605
0.819800962791552
0.819998556722603
0.820196150653655
0.820393744584706
0.820591338515758
0.82078893244681
0.820986526377861
0.821184120308913
0.821381714239964
0.821579308171016
0.821776902102067
0.821974496033119
0.82217208996417
0.822369683895222
0.822567277826273
0.822764871757325
0.822962465688376
0.823160059619428
0.823357653550479
0.823555247481531
0.823752841412583
0.823950435343634
0.824148029274685
0.824345623205737
0.824543217136789
0.82474081106784
0.824938404998892
0.825135998929943
0.825333592860995
0.825531186792046
0.825728780723098
0.825926374654149
0.826123968585201
0.826321562516252
0.826519156447304
0.826716750378355
0.826914344309407
0.827111938240458
0.82730953217151
0.827507126102561
0.827704720033613
0.827902313964665
0.828099907895716
0.828297501826768
0.828495095757819
0.828692689688871
0.828890283619922
0.829087877550974
0.829285471482025
0.829483065413077
0.829680659344128
0.82987825327518
0.830075847206231
0.830273441137283
0.830471035068334
0.830668628999386
0.830866222930437
0.831063816861489
0.83126141079254
0.831459004723592
0.831656598654643
0.831854192585695
0.832051786516746
0.832249380447798
0.83244697437885
0.832644568309901
0.832842162240953
0.833039756172004
0.833237350103056
0.833434944034107
0.833632537965159
0.83383013189621
0.834027725827262
0.834225319758313
0.834422913689365
0.834620507620416
0.834818101551468
0.835015695482519
0.835213289413571
0.835410883344623
0.835608477275674
0.835806071206725
0.836003665137777
0.836201259068829
0.83639885299988
0.836596446930932
0.836794040861983
0.836991634793035
0.837189228724086
0.837386822655138
0.837584416586189
0.837782010517241
0.837979604448292
0.838177198379344
0.838374792310395
0.838572386241447
0.838769980172498
0.83896757410355
0.839165168034602
0.839362761965653
0.839560355896705
0.839757949827756
0.839955543758808
0.840153137689859
0.840350731620911
0.840548325551962
0.840745919483014
0.840943513414065
0.841141107345117
0.841338701276168
0.84153629520722
0.841733889138271
0.841931483069323
0.842129077000374
0.842326670931426
0.842524264862477
0.842721858793529
0.84291945272458
0.843117046655632
0.843314640586683
0.843512234517735
0.843709828448787
0.843907422379838
0.84410501631089
0.844302610241941
0.844500204172993
0.844697798104044
0.844895392035096
0.845092985966147
0.845290579897199
0.84548817382825
0.845685767759302
0.845883361690353
0.846080955621405
0.846278549552456
0.846476143483508
0.846673737414559
0.846871331345611
0.847068925276662
0.847266519207714
0.847464113138765
0.847661707069817
0.847859301000869
0.84805689493192
0.848254488862972
0.848452082794023
0.848649676725075
0.848847270656126
0.849044864587178
0.849242458518229
0.849440052449281
0.849637646380332
0.849835240311384
0.850032834242435
0.850230428173487
0.850428022104538
0.85062561603559
0.850823209966642
0.851020803897693
0.851218397828744
0.851415991759796
0.851613585690848
0.851811179621899
0.852008773552951
0.852206367484002
0.852403961415054
0.852601555346105
0.852799149277157
0.852996743208208
0.85319433713926
0.853391931070311
0.853589525001363
0.853787118932414
0.853984712863466
0.854182306794517
0.854379900725569
0.85457749465662
0.854775088587672
0.854972682518723
0.855170276449775
0.855367870380827
0.855565464311878
0.85576305824293
0.855960652173981
0.856158246105033
0.856355840036084
0.856553433967136
0.856751027898187
0.856948621829239
0.85714621576029
0.857343809691342
0.857541403622393
0.857738997553445
0.857936591484496
0.858134185415548
0.858331779346599
0.858529373277651
0.858726967208702
0.858924561139754
0.859122155070805
0.859319749001857
0.859517342932909
0.85971493686396
0.859912530795012
0.860110124726063
0.860307718657115
0.860505312588166
0.860702906519218
0.860900500450269
0.861098094381321
0.861295688312372
0.861493282243424
0.861690876174475
0.861888470105527
0.862086064036578
0.86228365796763
0.862481251898682
0.862678845829733
0.862876439760784
0.863074033691836
0.863271627622888
0.863469221553939
0.863666815484991
0.863864409416042
0.864062003347094
0.864259597278145
0.864457191209197
0.864654785140248
0.8648523790713
0.865049973002351
0.865247566933403
0.865445160864454
0.865642754795506
0.865840348726557
0.866037942657609
0.86623553658866
0.866433130519712
0.866630724450764
0.866828318381815
0.867025912312867
0.867223506243918
0.86742110017497
0.867618694106021
0.867816288037073
0.868013881968124
0.868211475899176
0.868409069830227
0.868606663761279
0.86880425769233
0.869001851623382
0.869199445554433
0.869397039485485
0.869594633416536
0.869792227347588
0.869989821278639
0.870187415209691
0.870385009140742
0.870582603071794
0.870780197002845
0.870977790933897
0.871175384864949
0.871372978796
0.871570572727052
0.871768166658103
0.871965760589155
0.872163354520206
0.872360948451258
0.872558542382309
0.872756136313361
0.872953730244412
0.873151324175464
0.873348918106515
0.873546512037567
0.873744105968618
0.87394169989967
0.874139293830722
0.874336887761773
0.874534481692824
0.874732075623876
0.874929669554928
0.875127263485979
0.875324857417031
0.875522451348082
0.875720045279134
0.875917639210185
0.876115233141237
0.876312827072288
0.87651042100334
0.876708014934391
0.876905608865443
0.877103202796494
0.877300796727546
0.877498390658597
0.877695984589649
0.8778935785207
0.878091172451752
0.878288766382804
0.878486360313855
0.878683954244907
0.878881548175958
0.87907914210701
0.879276736038061
0.879474329969113
0.879671923900164
0.879869517831216
0.880067111762267
0.880264705693319
0.88046229962437
0.880659893555422
0.880857487486473
0.881055081417525
0.881252675348576
0.881450269279628
0.881647863210679
0.881845457141731
0.882043051072782
0.882240645003834
0.882438238934885
0.882635832865937
0.882833426796989
0.88303102072804
0.883228614659092
0.883426208590143
0.883623802521195
0.883821396452246
0.884018990383298
0.884216584314349
0.884414178245401
0.884611772176452
0.884809366107504
0.885006960038555
0.885204553969607
0.885402147900658
0.88559974183171
0.885797335762761
0.885994929693813
0.886192523624864
0.886390117555916
0.886587711486968
0.886785305418019
0.886982899349071
0.887180493280122
0.887378087211174
0.887575681142225
0.887773275073277
0.887970869004328
0.88816846293538
0.888366056866431
0.888563650797483
0.888761244728534
0.888958838659586
0.889156432590637
0.889354026521689
0.88955162045274
0.889749214383792
0.889946808314843
0.890144402245895
0.890341996176947
0.890539590107998
0.89073718403905
0.890934777970101
0.891132371901153
0.891329965832204
0.891527559763256
0.891725153694307
0.891922747625359
0.89212034155641
0.892317935487462
0.892515529418513
0.892713123349565
0.892910717280616
0.893108311211668
0.893305905142719
0.893503499073771
0.893701093004822
0.893898686935874
0.894096280866925
0.894293874797977
0.894491468729029
0.89468906266008
0.894886656591132
0.895084250522183
0.895281844453235
0.895479438384286
0.895677032315338
0.895874626246389
0.896072220177441
0.896269814108492
0.896467408039544
0.896665001970595
0.896862595901647
0.897060189832698
0.89725778376375
0.897455377694801
0.897652971625853
0.897850565556904
0.898048159487956
0.898245753419008
0.898443347350059
0.898640941281111
0.898838535212162
0.899036129143214
0.899233723074265
0.899431317005317
0.899628910936368
0.89982650486742
0.900024098798471
0.900221692729523
0.900419286660574
0.900616880591626
0.900814474522677
0.901012068453729
0.901209662384781
0.901407256315832
0.901604850246883
0.901802444177935
0.902000038108987
0.902197632040038
0.90239522597109
0.902592819902141
0.902790413833193
0.902988007764244
0.903185601695296
0.903383195626347
0.903580789557399
0.90377838348845
0.903975977419502
0.904173571350553
0.904371165281605
0.904568759212656
0.904766353143708
0.904963947074759
0.905161541005811
0.905359134936862
0.905556728867914
0.905754322798966
0.905951916730017
0.906149510661069
0.90634710459212
0.906544698523172
0.906742292454223
0.906939886385275
0.907137480316326
0.907335074247378
0.907532668178429
0.907730262109481
0.907927856040532
0.908125449971584
0.908323043902635
0.908520637833687
0.908718231764738
0.90891582569579
0.909113419626841
0.909311013557893
0.909508607488944
0.909706201419996
0.909903795351048
0.910101389282099
0.910298983213151
0.910496577144202
0.910694171075254
0.910891765006305
0.911089358937357
0.911286952868408
0.91148454679946
0.911682140730511
0.911879734661563
0.912077328592614
0.912274922523666
0.912472516454717
0.912670110385769
0.912867704316821
0.913065298247872
0.913262892178923
0.913460486109975
0.913658080041027
0.913855673972078
0.91405326790313
0.914250861834181
0.914448455765233
0.914646049696284
0.914843643627336
0.915041237558387
0.915238831489439
0.91543642542049
0.915634019351542
0.915831613282593
0.916029207213645
0.916226801144696
0.916424395075748
0.916621989006799
0.916819582937851
0.917017176868902
0.917214770799954
0.917412364731006
0.917609958662057
0.917807552593109
0.91800514652416
0.918202740455212
0.918400334386263
0.918597928317315
0.918795522248366
0.918993116179418
0.919190710110469
0.919388304041521
0.919585897972572
0.919783491903624
0.919981085834675
0.920178679765727
0.920376273696778
0.92057386762783
0.920771461558881
0.920969055489933
0.921166649420984
0.921364243352036
0.921561837283088
0.921759431214139
0.921957025145191
0.922154619076242
0.922352213007294
0.922549806938345
0.922747400869397
0.922944994800448
0.9231425887315
0.923340182662551
0.923537776593603
0.923735370524654
0.923932964455706
0.924130558386757
0.924328152317809
0.92452574624886
0.924723340179912
0.924920934110963
0.925118528042015
0.925316121973067
0.925513715904118
0.92571130983517
0.925908903766221
0.926106497697273
0.926304091628324
0.926501685559376
0.926699279490427
0.926896873421479
0.92709446735253
0.927292061283582
0.927489655214633
0.927687249145685
0.927884843076736
0.928082437007788
0.928280030938839
0.928477624869891
0.928675218800942
0.928872812731994
0.929070406663046
0.929268000594097
0.929465594525149
0.9296631884562
0.929860782387252
0.930058376318303
0.930255970249355
0.930453564180406
0.930651158111458
0.930848752042509
0.931046345973561
0.931243939904612
0.931441533835664
0.931639127766715
0.931836721697767
0.932034315628818
0.93223190955987
0.932429503490921
0.932627097421973
0.932824691353024
0.933022285284076
0.933219879215128
0.933417473146179
0.933615067077231
0.933812661008282
0.934010254939334
0.934207848870385
0.934405442801437
0.934603036732488
0.93480063066354
0.934998224594591
0.935195818525643
0.935393412456694
0.935591006387746
0.935788600318797
0.935986194249849
0.9361837881809
0.936381382111952
0.936578976043003
0.936776569974055
0.936974163905107
0.937171757836158
0.93736935176721
0.937566945698261
0.937764539629313
0.937962133560364
0.938159727491416
0.938357321422467
0.938554915353519
0.93875250928457
0.938950103215622
0.939147697146673
0.939345291077725
0.939542885008776
0.939740478939828
0.939938072870879
0.940135666801931
0.940333260732982
0.940530854664034
0.940728448595086
0.940926042526137
0.941123636457189
0.94132123038824
0.941518824319292
0.941716418250343
0.941914012181395
0.942111606112446
0.942309200043498
0.942506793974549
0.942704387905601
0.942901981836652
0.943099575767704
0.943297169698755
0.943494763629807
0.943692357560858
0.94388995149191
0.944087545422961
0.944285139354013
0.944482733285064
0.944680327216116
0.944877921147168
0.945075515078219
0.945273109009271
0.945470702940322
0.945668296871374
0.945865890802425
0.946063484733477
0.946261078664528
0.94645867259558
0.946656266526631
0.946853860457683
0.947051454388734
0.947249048319786
0.947446642250837
0.947644236181889
0.94784183011294
0.948039424043992
0.948237017975043
0.948434611906095
0.948632205837147
0.948829799768198
0.94902739369925
0.949224987630301
0.949422581561353
0.949620175492404
0.949817769423456
0.950015363354507
0.950212957285559
0.95041055121661
0.950608145147662
0.950805739078713
0.951003333009765
0.951200926940816
0.951398520871868
0.95159611480292
0.951793708733971
0.951991302665022
0.952188896596074
0.952386490527126
0.952584084458177
0.952781678389229
0.95297927232028
0.953176866251332
0.953374460182383
0.953572054113435
0.953769648044486
0.953967241975538
0.954164835906589
0.954362429837641
0.954560023768692
0.954757617699744
0.954955211630795
0.955152805561847
0.955350399492898
0.95554799342395
0.955745587355001
0.955943181286053
0.956140775217104
0.956338369148156
0.956535963079208
0.956733557010259
0.956931150941311
0.957128744872362
0.957326338803414
0.957523932734465
0.957721526665517
0.957919120596568
0.95811671452762
0.958314308458671
0.958511902389723
0.958709496320774
0.958907090251826
0.959104684182877
0.959302278113929
0.95949987204498
0.959697465976032
0.959895059907083
0.960092653838135
0.960290247769187
0.960487841700238
0.96068543563129
0.960883029562341
0.961080623493393
0.961278217424444
0.961475811355496
0.961673405286547
0.961870999217599
0.96206859314865
0.962266187079702
0.962463781010753
0.962661374941805
0.962858968872856
0.963056562803908
0.963254156734959
0.963451750666011
0.963649344597062
0.963846938528114
0.964044532459166
0.964242126390217
0.964439720321269
0.96463731425232
0.964834908183372
0.965032502114423
0.965230096045475
0.965427689976526
0.965625283907578
0.965822877838629
0.966020471769681
0.966218065700732
0.966415659631784
0.966613253562835
0.966810847493887
0.967008441424938
0.96720603535599
0.967403629287041
0.967601223218093
0.967798817149145
0.967996411080196
0.968194005011248
0.968391598942299
0.968589192873351
0.968786786804402
0.968984380735454
0.969181974666505
0.969379568597557
0.969577162528608
0.96977475645966
0.969972350390711
0.970169944321763
0.970367538252814
0.970565132183866
0.970762726114917
0.970960320045969
0.97115791397702
0.971355507908072
0.971553101839123
0.971750695770175
0.971948289701227
0.972145883632278
0.97234347756333
0.972541071494381
0.972738665425433
0.972936259356484
0.973133853287536
0.973331447218587
0.973529041149639
0.97372663508069
0.973924229011742
0.974121822942793
0.974319416873845
0.974517010804896
0.974714604735948
0.974912198666999
0.975109792598051
0.975307386529102
0.975504980460154
0.975702574391206
0.975900168322257
0.976097762253309
0.97629535618436
0.976492950115412
0.976690544046463
0.976888137977515
0.977085731908566
0.977283325839618
0.977480919770669
0.977678513701721
0.977876107632772
0.978073701563824
0.978271295494875
0.978468889425927
0.978666483356978
0.97886407728803
0.979061671219081
0.979259265150133
0.979456859081185
0.979654453012236
0.979852046943288
0.980049640874339
0.980247234805391
0.980444828736442
0.980642422667494
0.980840016598545
0.981037610529597
0.981235204460648
0.9814327983917
0.981630392322751
0.981827986253803
0.982025580184854
0.982223174115906
0.982420768046957
0.982618361978009
0.98281595590906
0.983013549840112
0.983211143771163
0.983408737702215
0.983606331633267
0.983803925564318
0.98400151949537
0.984199113426421
0.984396707357473
0.984594301288524
0.984791895219576
0.984989489150627
0.985187083081679
0.98538467701273
0.985582270943782
0.985779864874833
0.985977458805885
0.986175052736937
0.986372646667988
0.98657024059904
0.986767834530091
0.986965428461143
0.987163022392194
0.987360616323246
0.987558210254298
0.987755804185349
