0.0003191542454019
0.000328505343301338
0.000332642587915614
0.000354103798477699
0.000394167865804763
0.000403652989201917
0.000481733068739933
0.00053269053737443
0.000577186564940794
0.000581898106754154
0.000743714613280857
0.000790200361634906
0.00108474584236144
0.00150576090488672
0.00162204202711104
0.00174170483492422
0.00200361755990445
0.00240511383208129
0.00250690367933766
0.00255949000428828
0.00274968486953734
0.00288172629076159
0.00360179054491347
0.00360400045984029
0.00382514054116619
0.00523676898812448
0.00525804452810981
0.00535465382370228
0.00635738280347414
0.00677815820105162
0.00732684744719999
0.00741412934861861
0.00786562023927453
0.0090477937432876
0.00933018514918525
0.00963674137970007
0.0103397620781689
0.0104035742745088
0.0107360458942516
0.0108292577680578
0.0109031466934836
0.012203597486655
0.0123984438068591
0.0124530144536743
0.0125534754105438
0.0125857516860295
0.0126108485490348
0.0129249618471676
0.0132720740757839
0.0137887927111568
0.01543034209534
0.0155811466628117
0.0160932381820236
0.0162997854439993
0.0168323772415659
0.0171717663763612
0.0178441941687086
0.018566265117281
0.0191325914103194
0.0196968169035852
0.0202991789619817
0.020528012027128
0.0209250234167177
0.0214267050905065
0.0214666768377671
0.0219384462058301
0.0219939514015204
0.022025093810649
0.0236514867626997
0.023668083234825
0.0247481713652952
0.024970646794091
0.0250745497601408
0.0254794423293433
0.0255694788513754
0.0260123035879364
0.026904296347728
0.0283948989907899
0.0294892221539175
0.0300901421817519
0.0307241706778868
0.0310590914663546
0.0315892606381744
0.032180680083462
0.0326071535231365
0.0345907907759136
0.0347723120485783
0.0347967836334211
0.0357622895985874
0.0361532257827047
0.0368066163988768
0.0376343186948705
0.0383016427746128
0.0386647252120966
0.0386938283866941
0.0391644835857582
0.0403303314437728
0.0447106397551169
0.0450799950087671
0.0459590032757006
0.0468329835324448
0.0472595157465489
0.0486726450511814
0.0489963956665012
0.0491637845645558
0.0504502168841779
0.0507488609213467
0.0512468603233131
0.0527137329721993
0.0527782544019639
0.0533940439491645
0.0543373275335715
0.0544688789421447
0.0564139410431297
0.0566946908251418
0.0583771744602282
0.0618272571738824
0.0622680664315995
0.0626498258148341
0.063722121714769
0.0642511388802987
0.0644802286970087
0.0648888073722806
0.0652303880329817
0.0652589858852493
0.0659526480918176
0.0664408830874821
0.066766280717206
0.0674733145082807
0.0679031577031444
0.0681678185553594
0.068265816750083
0.0683994081885442
0.0684357477681005
0.0692721608818877
0.0701829411503167
0.0702037428224475
0.0705743464772604
0.0716583501263492
0.0716697022538361
0.0719071855049312
0.0721604877546668
0.0728062966748926
0.0731125241462772
0.0731835369277797
0.0731906079336007
0.0735151708394832
0.0740387711138967
0.0755070486880261
0.0755976155271163
0.0758130607838662
0.0768989113782063
0.0769935416198116
0.0772516807233465
0.0785721814542209
0.07880899918859
0.0789013119553595
0.0793008408337187
0.0796886114209534
0.0801636573153233
0.0802542680292029
0.0819564011878349
0.0841270129688748
0.0850871514464298
0.0852950777924245
0.0864070108127523
0.0872227536617099
0.0875256149287098
0.0877187426991014
0.0877583846584079
0.0879330299797109
0.0889276651082825
0.0891240715773219
0.0892394415952985
0.0903406101220529
0.091478558252542
0.0917282261706268
0.092171743869126
0.0929097147687154
0.0930972778592639
0.0942137729388105
0.0951682850729258
0.0956852676079211
0.0963292107911627
0.096841577798648
0.0968569473545811
0.097210757864459
0.0979639364178567
0.0987737432518727
0.0988008830194654
0.0989323859982174
0.100754425845541
0.100808508510467
0.100893647634257
0.101214949389404
0.101426236091122
0.102785481882419
0.104183473084413
0.104730498903245
0.105125354168351
0.105153010520728
0.106089271914676
0.106746268500775
0.107249805098068
0.107594140914077
0.107684937643457
0.108987242988106
0.109075985587979
0.109079442801611
0.109628279273955
0.11048444929298
0.110543472353649
0.110896842628056
0.111052644123408
0.111341659247258
0.111627868066183
0.112230996312078
0.112417944062641
0.112851393702365
0.113231067763747
0.114556930441932
0.115725189278998
0.116012373557426
0.116873936877195
0.117799464590268
0.117845727937608
0.117981911819876
0.118830399846394
0.119407568542003
0.120437340695922
0.120822184263358
0.120948625969131
0.12096504908214
0.121266620617513
0.121601666106174
0.122197702409615
0.122442892545697
0.123334315971437
0.123481415886397
0.123656751215613
0.123957911175488
0.125621497350509
0.125886992806133
0.126008089157042
0.12715064495481
0.127259568667773
0.127957988587485
0.128870191096529
0.130315272985275
0.131417122991843
0.132650549495122
0.133369825812326
0.133756652529051
0.134569475375444
0.134942137242982
0.135134773681145
0.135258228112388
0.135750071458451
0.135790093578188
0.136091649878246
0.136400590386196
0.137320147089456
0.137660001874318
0.137818076855328
0.137855763475456
0.13846946720892
0.139521186068451
0.140437030378537
0.141774063870426
0.142013252532277
0.143129117092149
0.143483056591873
0.143917498573783
0.144089900973809
0.14413646082865
0.144566492875206
0.144669345418343
0.144691991446447
0.144706560423945
0.144994310757472
0.145733295525284
0.14579766546266
0.145948111461908
0.146900892638949
0.147059337354869
0.147248954992726
0.147699060913045
0.148012424596792
0.148068033086162
0.148276993695152
0.149006685726347
0.149033076255911
0.149126374751848
0.149141418042709
0.14916371816313
0.149624960114435
0.149763093171641
0.149961532734296
0.151195366980346
0.153055335268441
0.153073284626501
0.153781309115349
0.153892291539483
0.153941538063256
0.154136433677709
0.154644425490891
0.154786074274796
0.154842081327275
0.15610460485745
0.156591052241157
0.159991441155292
0.160218021988881
0.160275774618398
0.161251610171407
0.16171101927444
0.161866149605482
0.1620950553605
0.162140695667357
0.162784651122322
0.163955032211008
0.164106440144572
0.164275329766934
0.164299491722673
0.164849022022226
0.165209029386175
0.165753842211613
0.166380563811008
0.166871310472714
0.166906439862885
0.166917121089354
0.167005007999866
0.167255888191106
0.167466791733161
0.170085255610831
0.170183915284543
0.170287134503134
0.170319407515732
0.170514549716595
0.170558947771808
0.170753035601415
0.171136723657778
0.171301857129631
0.171373342404489
0.171777527267296
0.171950266735732
0.172897246291494
0.172960093898392
0.173278018826832
0.173409865973034
0.173608169692357
0.174432401666982
0.174496810664349
0.174870285048729
0.175186824620565
0.175575097655073
0.17584771101731
0.176262181550705
0.176523102431006
0.176876027344752
0.176935887354859
0.177413029216592
0.177607061815431
0.178546306950517
0.178755771864844
0.178822203864957
0.178893057452355
0.178960555067468
0.182384323545419
0.182819126191673
0.183073325237566
0.183699117679702
0.184708583069977
0.184995447316415
0.18520797462551
0.185327776902674
0.185371368462047
0.185611171790469
0.185967215536172
0.186207462248156
0.186486714305019
0.186693278588491
0.18715631952203
0.187317074952834
0.187402665752229
0.187890093919084
0.188575269950657
0.188869952831018
0.190008324834951
0.190022696207084
0.190376856524396
0.190939389392699
0.191367287977943
0.191484166759938
0.191890698124926
0.192157868863085
0.19254221150077
0.19290246039205
0.193908278584535
0.194025513942697
0.194555603130002
0.194957259037795
0.195387890104091
0.196999843447161
0.198922890445736
0.199327621490339
0.199595755746821
0.199929749714435
0.200447381228251
0.201731193147938
0.202072474838963
0.202079136724085
0.202666355078314
0.202886698823338
0.202997217540676
0.203327772601924
0.203374360038617
0.203425587825072
0.203549624854224
0.203814759509375
0.204059504410131
0.205164617458329
0.205453885471165
0.205559320130229
0.205599392293539
0.205648682297514
0.206319015333864
0.206331519488035
0.206456376641131
0.206459789753304
0.206636560607978
0.206889453041003
0.207119384984206
0.207377079052327
0.207877340018329
0.207957091244812
0.208163466342637
0.208478039269169
0.208749915407611
0.20875709883068
0.209305675614916
0.210107341963824
0.211430047028431
0.211443890382424
0.211744650701283
0.212018690522114
0.212253113598886
0.2124191462882
0.213844517753097
0.213964197798707
0.214058221516183
0.214257599741385
0.214500691275404
0.21478645526657
0.214824448933157
0.21541185628862
0.215809859394324
0.216206142931803
0.217092334835694
0.218373524946082
0.219014773223302
0.219318643869157
0.219654070665218
0.220330169482769
0.220817211709509
0.221683555031921
0.222844838694412
0.222849086979922
0.222931903457652
0.223132816839775
0.223392617706659
0.223410703491667
0.223529083964902
0.223672158072772
0.224175069756293
0.224198493140543
0.225698230490427
0.225826303378762
0.226147765329097
0.226239135595596
0.226416496086028
0.226424103122116
0.227455970163754
0.227491679605742
0.227695689902737
0.228808030988503
0.229252559976244
0.229432376314603
0.229456419712856
0.229530177326938
0.229704981851515
0.230002027787216
0.230019862234697
0.230317030171217
0.231237647185585
0.232072579024285
0.232196943087316
0.23256363167809
0.233532556308545
0.235574785387781
0.235711608605572
0.236310192201745
0.236634736653797
0.237008799774463
0.237071786284165
0.237139332907098
0.237275286168043
0.237555280302532
0.237705386372875
0.238019934324418
0.238448368852414
0.238617495434037
0.239024463207448
0.240417275241991
0.240787777226421
0.241344633582391
0.242345646915354
0.242590040887153
0.242724846537968
0.243499027087318
0.24391337020521
0.244022496010812
0.244645579113169
0.244838947418209
0.245639031456868
0.245952999458955
0.245993339432196
0.246735936695284
0.246902318050622
0.247771125717567
0.248010955306397
0.2483521733252
0.248458807008663
0.249025430386713
0.249247959744343
0.249750442448872
0.250203823259449
0.250207907290591
0.250257875153158
0.252722167194612
0.253186854599453
0.253263535540378
0.253394679739587
0.254769200249502
0.254936270882473
0.255003328567281
0.255090145656116
0.255182793761466
0.256373178543995
0.256426631378844
0.256826942811319
0.257835849472437
0.258120985398588
0.258527173446962
0.258875102326045
0.259149130916135
0.259259290945962
0.259469689336567
0.261169475522331
0.261350069064141
0.261505314287058
0.262513230101618
0.262722292236246
0.263489128790626
0.264904349390839
0.266072856242273
0.266316518522766
0.266664756439425
0.267093323338048
0.268616516071247
0.26907911162854
0.26944472508875
0.27031972845122
0.270493126007987
0.27076867266048
0.270958861736385
0.27116934322326
0.271229850362588
0.271631844497846
0.272201732801783
0.272354283916207
0.272358488862835
0.272739449732903
0.273324239875808
0.273718562610034
0.273808410284894
0.27463700635437
0.275338160341084
0.275373665544403
0.275946822959107
0.277190890458672
0.277203417616529
0.277481108540807
0.277755496713589
0.277879572854677
0.27804844135476
0.278272911527051
0.278347188759721
0.279068815059992
0.279788250190311
0.28050796254018
0.281026643375205
0.281548265483148
0.281570406692427
0.281861371168371
0.282521479397274
0.283132667855922
0.283296716507705
0.283394597564602
0.283480308520597
0.28403514109771
0.284048385732042
0.28447520580176
0.284840182058944
0.285001329856494
0.28523008615609
0.285617347174502
0.285903348928877
0.286104588100761
0.286712661260066
0.288113076920982
0.288650317498351
0.289036472639093
0.289129155769966
0.28924515262063
0.290054765318608
0.290635325531701
0.290674691948109
0.290796668134032
0.291172609651865
0.29169021566291
0.293014586520663
0.294045439136679
0.295242077144542
0.295413142117668
0.297338369053525
0.298142572648969
0.299134952688898
0.29981110780868
0.299982174358868
0.30077946938299
0.302052473472152
0.302451469924867
0.302848249795813
0.303918063836737
0.304076132666329
0.304624825024951
0.306732353773701
0.306926535436808
0.308013461677731
0.308823216987776
0.308887821485776
0.30898093211241
0.309097618778229
0.309334069159023
0.31078895006545
0.310810023918696
0.310931170051795
0.311722128135325
0.312014473498304
0.312564753930784
0.31561472465852
0.316027360212509
0.316079564964824
0.317561571367789
0.318634089876118
0.322209823422567
0.322842841429746
0.324101270893334
0.324284907202555
0.324621076466384
0.324782402590997
0.325281708623958
0.326090739954517
0.326406549524785
0.326657680421798
0.327377324816289
0.328040811948155
0.329324594966374
0.329706270393262
0.330068948424817
0.330200991965745
0.330764992500776
0.331313916362845
0.331503791640595
0.331600992444311
0.332180270217687
0.332407865394744
0.333945614288233
0.334314358846258
0.334328804238574
0.335115716710298
0.336099305397342
0.337062917163898
0.33811041070883
0.338189966809314
0.338710669033397
0.340097252938613
0.341131508368908
0.341747313894995
0.341964121404284
0.342501951690161
0.342523615965815
0.343192333365167
0.34330141616342
0.343777227552891
0.343919073512995
0.344156255554534
0.344397550583322
0.344508416339114
0.344562752353815
0.344723012328509
0.34485543431409
0.34660560689267
0.34698573580976
0.347257453102211
0.34856945850853
0.348741356544425
0.349463595646531
0.349476633980641
0.350797290608278
0.350901856689053
0.351419489159792
0.35232827489683
0.353095885058886
0.353326312061302
0.353454026780531
0.353587646853888
0.353956881375774
0.35478006507041
0.354995089258703
0.356784798981799
0.357107566375202
0.357162628508526
0.358563445012698
0.359095322430686
0.359400318661877
0.359459740181943
0.359522403227508
0.35958055921293
0.361192728188521
0.361897659220309
0.364070754185658
0.367176010665764
0.367682473597192
0.367724445901858
0.368515325396307
0.369435255536972
0.370075916906321
0.370294183632396
0.370613586659283
0.37087592139627
0.371027484048515
0.371139318885479
0.373433531237398
0.374692212394914
0.37481023579612
0.375040257755507
0.375579004442864
0.376006248922289
0.376821869207728
0.377256320148181
0.377855072353111
0.378554351359831
0.378837550945075
0.379811791349549
0.380649504084562
0.381077586713966
0.382327617054155
0.38334438880119
0.383783280188382
0.384622128243857
0.385651153487893
0.38588994386284
0.386010812153402
0.386610614365866
0.386696790511235
0.387157284465516
0.387165144362225
0.387886054133321
0.388824536160784
0.38886972089786
0.388947489469103
0.389450481446305
0.391195158300309
0.391446973474019
0.391856828543496
0.393843221960108
0.39475960983159
0.39506883498383
0.395758942468668
0.397122936780921
0.397491544750842
0.397769083900513
0.398035871404958
0.398156636950451
0.398531894740668
0.398561118461491
0.39868212009582
0.398903234429771
0.400381998917379
0.400836666543057
0.400969942558003
0.401053795326277
0.401795491272206
0.4019026812746
0.402026197654965
0.402655251391235
0.403277694993972
0.40384955738623
0.403851482482808
0.403909719903199
0.404383356521922
0.406118556637506
0.406394329329742
0.406538025251306
0.406636338386141
0.407309545853153
0.407344427355645
0.407456694024903
0.407689541070711
0.407730997964028
0.408389344806688
0.408665918130819
0.409104956737511
0.409185469181004
0.40932785129474
0.410493442789698
0.410546873240401
0.411258953740625
0.411986168474049
0.414231990703403
0.415126000414967
0.416087014370242
0.416195541388953
0.416251032240159
0.416891123967425
0.416922750535858
0.416997707088035
0.417566211924765
0.418713123515452
0.419030001932449
0.419629429748325
0.419642579289565
0.421347728963241
0.422942716777452
0.423072126483854
0.42329416540885
0.423614650922645
0.424086526316829
0.424817207357892
0.424859514158936
0.424874903886077
0.424980603886575
0.425140454826887
0.425197326872552
0.425376990946875
0.425537144785229
0.425969440188853
0.426124946095813
0.42618292685851
0.426349370112863
0.426532513898674
0.426641392007731
0.426740849435839
0.426841748772031
0.426992328369556
0.427121329552538
0.427131872056194
0.427220999933342
0.427561485267039
0.428759102888154
0.428993626694641
0.430544956878664
0.431488515607684
0.431542821619031
0.432027622381824
0.432074956029777
0.432123067370937
0.433976521692206
0.434062033821968
0.434649531101534
0.435064462938355
0.43525401610342
0.435770814383827
0.435919460324385
0.436210410437151
0.436891725881374
0.437187585189052
0.437694018168344
0.438513027571296
0.438716621660105
0.438927304035238
0.43899794736879
0.439122545363878
0.439149155341508
0.439216586087704
0.440435889655292
0.440872451915912
0.440939168738789
0.440963579842331
0.441838177564237
0.442513637254128
0.442582460430212
0.442936057795496
0.442983782457431
0.443978761549954
0.444400024317789
0.444552806733755
0.444834198093226
0.445309916387883
0.446063613644806
0.447252288858767
0.447567342024687
0.447630692679468
0.4477336503448
0.448483776337081
0.448597740482955
0.44924130820184
0.450038842853097
0.450529676971466
0.451143668410308
0.451218172632044
0.452104471861945
0.452270899035578
0.452491881255537
0.452797953534902
0.453376330879365
0.453776146815005
0.454625345062175
0.454696017461435
0.45487456154338
0.45536835408535
0.455548052624177
0.455896082359766
0.456209887567656
0.45693701798114
0.457136247195731
0.458245103951631
0.458533781758365
0.45883680465592
0.459326346927729
0.459792642885219
0.459947044086415
0.460079353588921
0.46043561172608
0.460933633410529
0.462686498634939
0.463518554978881
0.463640246571776
0.463657665747382
0.464019170235023
0.46468310994389
0.464774254591883
0.466080455897322
0.46656445345502
0.466845491094474
0.467223137129744
0.467593748800759
0.4686910678567
0.468785595726024
0.469537754833729
0.470424806472188
0.470689844612718
0.471609391439555
0.47302969095861
0.473402747539179
0.474753993580054
0.474845239220374
0.475024350317143
0.475072516996701
0.475239736762305
0.475611357664465
0.476150190841201
0.478022399912357
0.47819695011273
0.478348499684094
0.478433471574413
0.478731604458879
0.479019578542609
0.479212657210848
0.479355367700928
0.47953522983922
0.479743025998829
0.479963650056234
0.480565945945715
0.480794188815345
0.481584578285038
0.481866458618476
0.482302350865325
0.483162511359527
0.483261535263338
0.484004965552364
0.484040051397032
0.484217956824137
0.484303025021246
0.484656811421567
0.484723680972951
0.484910238062593
0.485033421906072
0.4856105721399
0.485881171882798
0.486280446067608
0.486739838019437
0.487372208301898
0.487671597687938
0.488143348607212
0.488439820881045
0.488459591021581
0.48962536041113
0.490069556064957
0.49018485499439
0.490317765291807
0.490494300748324
0.490674344598741
0.491759512206173
0.492061476158042
0.492916376105298
0.494054023389079
0.494537686717262
0.495115888118705
0.495292864814932
0.496533855880761
0.496746365746061
0.498724937788435
0.498803409983393
0.499196232391288
0.49921320766242
0.49926788783433
0.499620200915433
0.499652397329189
0.499741348867434
0.499896875392487
0.501242879043262
0.50133989037075
0.501503101593379
0.503108351699908
0.503250897724642
0.503384897874945
0.503983257959821
0.504017717237719
0.504810499880137
0.505088213169086
0.50510032854952
0.505258912844676
0.505478454632253
0.506235359387892
0.50676591337049
0.506952037238246
0.507370108776944
0.507592635507878
0.508593660483883
0.509250445265121
0.509865310617348
0.510492546416911
0.510890125354075
0.510982103769976
0.512334118412127
0.512654472567711
0.512970798154472
0.513685333426194
0.513994311512895
0.514016336758935
0.514203134563406
0.514455149407241
0.514557737916641
0.515011681303096
0.515072763249462
0.515225935754578
0.515850896707186
0.516818099908509
0.516854881629778
0.51728265989031
0.517909570650715
0.520062014081965
0.520381966756589
0.52067657277229
0.520804161664578
0.521321261664173
0.521479017695407
0.521988579529004
0.522497201823129
0.522515889541906
0.523228124741831
0.523488359673123
0.52384306038451
0.524606893164291
0.526016843645532
0.526537059107691
0.526610193214478
0.526617075166001
0.527150011913472
0.527340116849324
0.527931448975944
0.528227579101647
0.528781233241212
0.529168195700969
0.52941853555552
0.529908167876387
0.529947137994771
0.530345280534924
0.531012921468475
0.531414570317189
0.531927303250527
0.532053973516714
0.53224071447159
0.53342215585833
0.53345316170632
0.533569032876705
0.534197934865867
0.534453477358159
0.535699709941701
0.538053370836664
0.538298557769386
0.538512408773976
0.539491826084673
0.539841023648424
0.540736147424502
0.541469765391339
0.542432281920526
0.542738834131605
0.543784812818493
0.543863936062067
0.544430936833464
0.54495284235871
0.545150743436994
0.545401355338391
0.546497998027815
0.546799660213754
0.54750534538896
0.54754186563793
0.547588758806632
0.547672323826101
0.548016383584304
0.548214275127166
0.549378291136066
0.549681170259989
0.550246017176475
0.550835085489518
0.551715984354273
0.55202260029402
0.552600995266207
0.55362455594515
0.554716274566968
0.555986254591864
0.556221011708997
0.558554460556854
0.558916476589087
0.559110119329776
0.559935590471058
0.560180057127765
0.560740425105917
0.561699118290742
0.561850092857123
0.561870483308386
0.562301188340313
0.562391406911589
0.562757846813546
0.563259399203997
0.563660229561928
0.56390648048831
0.563943503141092
0.565291565181083
0.565571348173431
0.566293444104239
0.5673613838537
0.568070114437923
0.568161885703002
0.569552543308215
0.569629250181607
0.569725518195879
0.570420317815825
0.570545628082206
0.5707337877534
0.571066356395391
0.571406651187944
0.571719775603595
0.571808090378476
0.57224068916258
0.572267346055971
0.572422413405691
0.57329260968597
0.574555704992088
0.574559067571611
0.574756649071513
0.575079522960062
0.575241976041839
0.575340858725202
0.575478439614784
0.575928790842222
0.576073389429448
0.576226512399035
0.576834160940182
0.576855461448508
0.577836454796857
0.577989762148442
0.57801081413923
0.57810109479075
0.578354418913362
0.578415369606248
0.579247611653479
0.579740823255377
0.579767548815021
0.579921665678274
0.581956416324876
0.582666281497651
0.583309118064274
0.583406784429995
0.583565487867186
0.584128583659025
0.584547771565843
0.58466099950406
0.584781817787052
0.586400555120451
0.587594906018421
0.588304495286314
0.588635483650314
0.58873111938412
0.58893506805932
0.58928890309102
0.589617567554152
0.589662850411484
0.589933926673268
0.590493509059538
0.590788862282699
0.590818085490152
0.591380071530589
0.591494190286929
0.592057174156392
0.592064456067257
0.592309208284123
0.592432298342903
0.592438311446329
0.592983753499261
0.593219539279465
0.594311193877922
0.595505257245791
0.595691073492601
0.595744964843514
0.596182550177217
0.596309189844935
0.599184218514593
0.600527452298533
0.60111677734322
0.601125071899944
0.601416505664632
0.601517907555186
0.604304818842897
0.604607165197689
0.605415177199117
0.606438734530996
0.606775286000531
0.606779723410593
0.606967736468183
0.606980830375286
0.608358677022046
0.608483132063246
0.609097636517355
0.609181505750479
0.609270022123908
0.609299563843494
0.60950664927767
0.609866998652749
0.610589806620756
0.610803567194271
0.611309207889885
0.611616683455765
0.611917410282714
0.612112431073349
0.612204629885637
0.61259896992618
0.612764665261719
0.61287350664123
0.613397034539828
0.613702097287424
0.613811708373401
0.614435983784098
0.614479424873047
0.614916491852085
0.615359816297254
0.615491132168283
0.616058716035905
0.616061645915289
0.61614670054689
0.616549122775567
0.616640956553627
0.617545888778894
0.617578231434442
0.617885596177839
0.618513855626191
0.618681479730401
0.618874913719687
0.62114551655569
0.621475149975726
0.621489640574008
0.621905296167379
0.622063809506167
0.623078335305455
0.623764195380597
0.624335287029959
0.62434061339598
0.624521373255426
0.624912176492653
0.626305122187195
0.627064173666486
0.628311914137205
0.62992706797062
0.63001238103547
0.630767472234675
0.631345764395096
0.631425558482258
0.631742779880034
0.632576279350259
0.632995877348171
0.633238861987209
0.63329275507835
0.633418035908568
0.634077813585097
0.636182737896409
0.636520710284954
0.637619789393886
0.637623698595449
0.637908708409123
0.638184934616394
0.638210528493898
0.639207952893765
0.639601604279223
0.639633065498889
0.640238875089803
0.640842220822278
0.641512116776093
0.641674427132688
0.64189332541293
0.642738152598393
0.643019377981678
0.643966976611247
0.644225859416446
0.644750664452281
0.645624248460246
0.645828804605249
0.64737367581497
0.647440626788128
0.647713059050786
0.648363997550739
0.648744617348006
0.649398182701907
0.649986201881974
0.650274629064814
0.650775683131221
0.65096067158628
0.651145252221291
0.65126270416673
0.651615442137209
0.651742725969858
0.652601955916472
0.653146294334673
0.653316293575853
0.653480597698909
0.653529157284033
0.653596635435691
0.654168215314473
0.654838354855745
0.655832176747253
0.656021956294987
0.656427423282631
0.657321543132613
0.658042449869326
0.658187119637931
0.660156377704609
0.660445919783345
0.660833142737437
0.662294080628091
0.662440690611333
0.662893747231775
0.66311451575126
0.66473603901959
0.66492080217021
0.665305430760536
0.666283253377057
0.667154426487113
0.667178572574069
0.669817947573196
0.670528585258231
0.670635495010307
0.670990613777398
0.671452072885079
0.672360074156064
0.672574725760774
0.673790096272008
0.674840244180936
0.675320266655071
0.675422354052676
0.675837837951162
0.676203227794711
0.676684938890615
0.677029479790708
0.678157605664552
0.678228828796409
0.678867172818835
0.679391811616216
0.679512373760204
0.680365838609636
0.680667927502576
0.680692930459773
0.6807418484725
0.681200367962916
0.68120598343076
0.681436035031612
0.682051133488614
0.683180500475514
0.683386105886549
0.683406146889135
0.684792923035844
0.684914659220487
0.68499691662908
0.685081183326203
0.687925682108356
0.688007479238779
0.689632855293764
0.689738258541421
0.690884362383518
0.691311580518752
0.693866346820014
0.693897304944713
0.694913351827788
0.695282075782994
0.695382151289468
0.695506686285803
0.696360465869173
0.69708954362189
0.697510372387429
0.69765227429465
0.698818384678829
0.699011463841044
0.700100549148193
0.700170580895086
0.700563806057522
0.700794261294586
0.701057120426341
0.701159579668198
0.702887712405157
0.703075215454188
0.704468140669052
0.704642766365411
0.705770916617758
0.707298851110132
0.709060187376914
0.709104791967047
0.70926384368507
0.71045786120873
0.711042582232911
0.711619676911244
0.712716972317439
0.712960646357877
0.713149478238758
0.713747251977426
0.713947026251475
0.714156954330773
0.71516723960988
0.715270532862758
0.715452628234118
0.715594460018009
0.716761039414639
0.716972664088662
0.717753452234324
0.719870289408585
0.720144541533927
0.721215893518149
0.721749886142496
0.722522326069727
0.722548120796294
0.722688572881468
0.723467724055207
0.724611891553554
0.724673083934074
0.726976462448983
0.727626008082003
0.728673362503421
0.732106642664966
0.732112801180456
0.73235522330138
0.732735267612416
0.732829577602579
0.733023523103558
0.733082104190995
0.733732242300985
0.733777550200906
0.73399917378016
0.734000115648082
0.734210416758248
0.734365435718673
0.734681390222367
0.735618633118619
0.736995423432183
0.737074040322518
0.737917787247513
0.739041301510077
0.739121156944005
0.739351511733491
0.739383312500983
0.73996443366963
0.740149446124591
0.740373256031742
0.741410418642098
0.742142468784735
0.743043266695325
0.743337884032197
0.743775696227512
0.743789825360319
0.74506410352312
0.745305363199708
0.745421429130816
0.745943320774378
0.746545120569392
0.746604416023124
0.74717880301604
0.747266313929511
0.748395327475466
0.749274227418959
0.749764331778926
0.750247608294451
0.750757504183278
0.750942987789029
0.751010441912177
0.752219045271853
0.75254451470139
0.752645234430275
0.753285021709492
0.753469904026757
0.753482499549183
0.754014107637056
0.754601360059692
0.755071133032075
0.755684210825838
0.755981132668054
0.756246542491044
0.75732501592346
0.757558353215471
0.760506043825508
0.76107581927203
0.761143146208645
0.761190550193699
0.761907232577338
0.762043732035683
0.762410736640412
0.763352597890747
0.763688906481335
0.763763292822573
0.764639787335459
0.764995852067745
0.765042785559905
0.765069614816096
0.765670808722241
0.765801381798469
0.766062266079453
0.766734587041497
0.766976405093102
0.767662870101884
0.768076474097506
0.76828404196845
0.771653855155312
0.774174156376053
0.774505323221612
0.774892787004241
0.775149317779874
0.775400099148386
0.775996957809752
0.7764133650878
0.776525182030655
0.776695746156593
0.777664179202607
0.778005812184466
0.77818223989816
0.778306951274693
0.779031199225051
0.779188975585116
0.780102429449133
0.780300293863041
0.780510754488955
0.780933408223998
0.781330722985466
0.781479434474461
0.781687676781094
0.782206547498959
0.782498791615707
0.782953927493098
0.78349858349924
0.783962424618778
0.784195469236469
0.784513126672039
0.786077728996108
0.786970132177867
0.788004400245288
0.789541356536668
0.789856247430524
0.790207901560111
0.790324046470419
0.79061433985137
0.791007016406544
0.791124816963467
0.791418923998735
0.791976308830861
0.792526560841448
0.792825086089281
0.793147219697605
0.793289182265712
0.793422911867179
0.794411585678588
0.794660284549297
0.795016949216215
0.795545592033307
0.795628642710354
0.796552350543122
0.796902651421317
0.797181575296451
0.797220560882687
0.797450697906489
0.797831006832906
0.79886108257142
0.79974004217176
0.800352569562138
0.800993777033106
0.801054545870079
0.801069365710777
0.801211977823809
0.801459458200201
0.801487149353959
0.801760075144294
0.801783226996466
0.801923499874436
0.802863202595897
0.803506700196242
0.804367311526383
0.804551593269819
0.805134151160986
0.805225702938081
0.805980353889999
0.806032447874024
0.806518896533731
0.807591116389079
0.808027354055873
0.80822336317365
0.808332302810592
0.80866397239612
0.808828870228284
0.809808613725268
0.810985017188937
0.811944447328198
0.812111638512076
0.812167928485377
0.812218619607222
0.812638721833389
0.812757891266376
0.813170938624217
0.813413543353672
0.814005298775303
0.814006913641943
0.814645507836933
0.815683208387221
0.816613925225782
0.816673950781992
0.817170867183427
0.817653814379222
0.817861331350783
0.818297132931305
0.81849861302296
0.818905441513635
0.818993719934766
0.819692695095758
0.819738574985101
0.819909296649585
0.819967900222901
0.820364389721937
0.820544004031972
0.820618179238781
0.821088624882467
0.821123157189266
0.821961012892222
0.821985712427621
0.822000092169899
0.822064133534385
0.822157858236441
0.822376910330294
0.822483617807935
0.82314152589682
0.823213780734802
0.823303274117434
0.823924080295387
0.824442010828134
0.824904312012674
0.825684863699658
0.825711526778072
0.826656839794041
0.8272888442402
0.827298816045568
0.828246165819204
0.828823884744058
0.829992992549186
0.830389591319725
0.833389989689763
0.833620031466849
0.833768537028272
0.834429128176288
0.834597814363404
0.835293067592323
0.83640501918803
0.83641417773351
0.837459218861339
0.837586306063356
0.837939942281353
0.838076379278443
0.838871835291293
0.838988966990518
0.83915269533926
0.839484634411475
0.841225852916281
0.841265452115169
0.84232784449949
0.842480901206548
0.842520529170622
0.843722118698064
0.845217194914706
0.845553011078848
0.846832933208051
0.846948448203239
0.847243050713707
0.8480156596651
0.8483939098883
0.848636804136558
0.84945579130185
0.84966364294529
0.851073357618238
0.851327894355349
0.853076690686694
0.853631136810536
0.854207481226594
0.854441199183795
0.854536107989148
0.854577344910571
0.854779822275755
0.85561309188029
0.856946500870126
0.857524828020313
0.857905979642365
0.858246063617338
0.858489614019667
0.858650340456381
0.858919487571682
0.859793011714181
0.860527238391895
0.860597744414755
0.861621353596026
0.862053884833734
0.862163226807348
0.86224316963681
0.862545464788737
0.862953172112873
0.863102059189509
0.863483502665033
0.864093131692041
0.864093282614154
0.864589513730375
0.864993830930593
0.865285459831681
0.865553419710705
0.865688063707771
0.866389067721763
0.866716272009634
0.867082741796852
0.867094007797098
0.867136912034932
0.867282233217227
0.867315268615365
0.867653121778217
0.86800182104699
0.868026996505352
0.868398980139974
0.868661075334698
0.868736432533045
0.86894913834322
0.868993698956482
0.869359175147945
0.8701364856211
0.870399934898198
0.871016024526306
0.871843362228197
0.872381502619751
0.873774781392807
0.874128773639818
0.875630048052421
0.875649288658167
0.875791928650389
0.876116172979503
0.877031182387409
0.877399484764932
0.878821539678977
0.879165350667316
0.879616934205704
0.879864590528021
0.880037538669303
0.88134174816157
0.881679286059246
0.882026482560295
0.882114953628178
0.882283336721817
0.882426373575489
0.883184067735836
0.883471549101034
0.883523421697871
0.883674849788374
0.884590561276367
0.885018588259508
0.885114833930111
0.885223622799659
0.88563984860101
0.88583844735229
0.886233940600605
0.886252748738784
0.886619135350155
0.886798272469215
0.886908458549694
0.887079224581202
0.887450229343985
0.887712972980763
0.888078409299569
0.888216777835514
0.889039117929536
0.889587199950842
0.89035733263351
0.8909850480642
0.891754061469629
0.892005060914585
0.89290229385448
0.893587679638997
0.894384307276533
0.895068366809625
0.895141988340473
0.896517477531169
0.896872062514262
0.896931606274209
0.897375269371951
0.897743615230991
0.897980299822702
0.898858350779274
0.899039590007602
0.899245961772661
0.899388648051282
0.899520694965089
0.899727124942902
0.900369455188037
0.900418632316585
0.901144295314591
0.90123255408846
0.901308994858393
0.901618187469398
0.901682070064101
0.902751270838606
0.903348048924831
0.904094094417658
0.90415409790259
0.90466080703649
0.905739826189061
0.905899884801814
0.905939730890621
0.906168454417134
0.906359226665043
0.907063352104849
0.907930740303046
0.907991542806619
0.908257445064411
0.908643561663369
0.908695425669487
0.91011277596898
0.910434385093415
0.910619938937835
0.910747340044448
0.91177066972059
0.912534842024406
0.913422561806968
0.914904571167313
0.915979085414813
0.915980931910875
0.916633013850806
0.916793339021082
0.916865463387208
0.916989340709503
0.917014534019066
0.917189984889192
0.917563839852942
0.9176828442847
0.918740825962366
0.919766012069864
0.920137508554521
0.920787052084986
0.920823260740093
0.921438214382878
0.921972874839236
0.923192989382886
0.923230920080234
0.923940312625827
0.923950009159354
0.924856825580769
0.925445427451618
0.926712533394075
0.927067224145782
0.92720627061013
0.927413975430206
0.927630346157389
0.928791109333901
0.929472308618046
0.929584196079807
0.930532138482445
0.930719729939901
0.931398035983953
0.931465780338238
0.931572470790143
0.932531106773789
0.933012377029048
0.933268391617656
0.933353274508707
0.93349442327808
0.93373490495671
0.934354598901241
0.934570032734798
0.934774932151334
0.935829309493694
0.936603515811163
0.936763778032191
0.936927012859732
0.937411801804826
0.938429087161023
0.939621508465992
0.941442330554167
0.941502970935692
0.942083519166606
0.942738272336671
0.945834082786827
0.947693715194485
0.948806244525275
0.949275031147522
0.950138749600763
0.951979159751256
0.95220691773228
0.952346123602291
0.95353913915183
0.953827382747311
0.954095848177005
0.956278110965129
0.956728349153807
0.956957959634736
0.957320024599733
0.957558536900706
0.957795563415348
0.959231971399582
0.960160432157313
0.960192305573664
0.960524118560284
0.962409276462419
0.963163914108116
0.963274347478723
0.963454645790903
0.963655210699718
0.963788277817349
0.964314496601288
0.964336656498551
0.964390423417889
0.964619072141332
0.965105779570402
0.96566224788481
0.966446907074809
0.966785888739003
0.967105200467584
0.967582119415007
0.968140366038333
0.968208222870737
0.968379022585245
0.969114232001339
0.969957575414356
0.97004017139222
0.970423268728586
0.970713540223121
0.970845050975929
0.971624535145364
0.972019655980521
0.973209568923274
0.97482688944106
0.975193150242371
0.976785327957434
0.977951136251008
0.97795717229199
0.978355365904401
0.978532417562891
0.978546661216513
0.978756534157718
0.978772136929012
0.97911333286998
0.979261119045277
0.979689487328178
0.981170614049118
0.981268108661534
0.981399175887385
0.981419930479777
0.981697241621011
0.982321154960055
0.982671783089798
0.982674725880291
0.982823782352799
0.982853070837544
0.982857051017479
0.983496709004013
0.983662651703995
0.983729021006875
0.984436610341015
0.984770385037692
0.98525765469734
0.985474506861517
0.985635291623711
0.985696274323751
0.985747333892992
0.986610572397162
0.986814713869194
0.987332819476971
0.987455254778731
0.988073613961434
0.98823400924463
0.988249530918851
0.988375429411844
0.988748132368864
0.989222307246671
0.990291944453102
0.990776536021449
0.992205565544925
0.992582664241115
0.993885609744829
0.993946223087638
0.994062390798556
0.9944260005783
0.995565870088792
0.995859168313756
0.996498940087505
0.996784513835272
0.997304138047753
0.997552654103787
0.997557415284239
0.997695911897092
0.998217354080324
0.998365654397475
