-0.072633883322583
-0.0724192456113749
-0.0722046079001669
-0.0719899701889588
-0.0717753324777507
-0.0715606947665426
-0.0713460570553345
-0.0711314193441265
-0.0709167816329184
-0.0707021439217103
-0.0704875062105021
-0.0702728684992941
-0.070058230788086
-0.0698435930768779
-0.0696289553656698
-0.0694143176544617
-0.0691996799432537
-0.0689850422320456
-0.0687704045208375
-0.0685557668096294
-0.0683411290984214
-0.0681264913872133
-0.0679118536760052
-0.0676972159647971
-0.0674825782535891
-0.0672679405423809
-0.0670533028311728
-0.0668386651199647
-0.0666240274087566
-0.0664093896975486
-0.0661947519863405
-0.0659801142751324
-0.0657654765639243
-0.0655508388527163
-0.0653362011415082
-0.0651215634303001
-0.064906925719092
-0.0646922880078838
-0.0644776502966758
-0.0642630125854677
-0.0640483748742596
-0.0638337371630515
-0.0636190994518435
-0.0634044617406354
-0.0631898240294273
-0.0629751863182192
-0.0627605486070111
-0.0625459108958031
-0.062331273184595
-0.0621166354733869
-0.0619019977621788
-0.0616873600509708
-0.0614727223397626
-0.0612580846285545
-0.0610434469173464
-0.0608288092061383
-0.0606141714949303
-0.0603995337837222
-0.0601848960725141
-0.059970258361306
-0.059755620650098
-0.0595409829388899
-0.0593263452276818
-0.0591117075164737
-0.0588970698052657
-0.0586824320940575
-0.0584677943828494
-0.0582531566716413
-0.0580385189604332
-0.0578238812492252
-0.0576092435380171
-0.057394605826809
-0.0571799681156009
-0.0569653304043929
-0.0567506926931848
-0.0565360549819767
-0.0563214172707686
-0.0561067795595604
-0.0558921418483525
-0.0556775041371443
-0.0554628664259362
-0.0552482287147281
-0.0550335910035201
-0.054818953292312
-0.0546043155811039
-0.0543896778698958
-0.0541750401586877
-0.0539604024474797
-0.0537457647362716
-0.0535311270250635
-0.0533164893138554
-0.0531018516026474
-0.0528872138914392
-0.0526725761802311
-0.052457938469023
-0.052243300757815
-0.0520286630466069
-0.0518140253353988
-0.0515993876241907
-0.0513847499129826
-0.0511701122017746
-0.0509554744905665
-0.0507408367793584
-0.0505261990681503
-0.0503115613569423
-0.0500969236457341
-0.049882285934526
-0.0496676482233179
-0.0494530105121098
-0.0492383728009018
-0.0490237350896937
-0.0488090973784856
-0.0485944596672775
-0.0483798219560695
-0.0481651842448614
-0.0479505465336533
-0.0477359088224452
-0.0475212711112371
-0.0473066334000291
-0.0470919956888209
-0.0468773579776128
-0.0466627202664047
-0.0464480825551967
-0.0462334448439886
-0.0460188071327805
-0.0458041694215724
-0.0455895317103644
-0.0453748939991563
-0.0451602562879482
-0.0449456185767401
-0.044730980865532
-0.044516343154324
-0.0443017054431158
-0.0440870677319077
-0.0438724300206996
-0.0436577923094916
-0.0434431545982835
-0.0432285168870754
-0.0430138791758673
-0.0427992414646592
-0.0425846037534512
-0.0423699660422431
-0.042155328331035
-0.0419406906198269
-0.0417260529086189
-0.0415114151974108
-0.0412967774862026
-0.0410821397749945
-0.0408675020637864
-0.0406528643525784
-0.0404382266413703
-0.0402235889301622
-0.0400089512189541
-0.0397943135077461
-0.039579675796538
-0.0393650380853299
-0.0391504003741218
-0.0389357626629138
-0.0387211249517057
-0.0385064872404975
-0.0382918495292894
-0.0380772118180813
-0.0378625741068733
-0.0376479363956652
-0.0374332986844571
-0.037218660973249
-0.037004023262041
-0.0367893855508329
-0.0365747478396248
-0.0363601101284167
-0.0361454724172086
-0.0359308347060006
-0.0357161969947924
-0.0355015592835843
-0.0352869215723762
-0.0350722838611682
-0.0348576461499601
-0.034643008438752
-0.0344283707275439
-0.0342137330163358
-0.0339990953051278
-0.0337844575939197
-0.0335698198827116
-0.0333551821715035
-0.0331405444602955
-0.0329259067490874
-0.0327112690378792
-0.0324966313266711
-0.0322819936154631
-0.032067355904255
-0.0318527181930469
-0.0316380804818388
-0.0314234427706307
-0.0312088050594227
-0.0309941673482146
-0.0307795296370065
-0.0305648919257984
-0.0303502542145904
-0.0301356165033823
-0.0299209787921741
-0.029706341080966
-0.0294917033697579
-0.0292770656585499
-0.0290624279473418
-0.0288477902361337
-0.0286331525249256
-0.0284185148137176
-0.0282038771025095
-0.0279892393913014
-0.0277746016800933
-0.0275599639688852
-0.0273453262576772
-0.0271306885464691
-0.0269160508352609
-0.0267014131240528
-0.0264867754128448
-0.0262721377016367
-0.0260574999904286
-0.0258428622792205
-0.0256282245680125
-0.0254135868568044
-0.0251989491455963
-0.0249843114343882
-0.0247696737231801
-0.0245550360119721
-0.024340398300764
-0.0241257605895558
-0.0239111228783477
-0.0236964851671397
-0.0234818474559316
-0.0232672097447235
-0.0230525720335154
-0.0228379343223073
-0.0226232966110993
-0.0224086588998912
-0.0221940211886831
-0.021979383477475
-0.021764745766267
-0.0215501080550589
-0.0213354703438507
-0.0211208326326426
-0.0209061949214345
-0.0206915572102265
-0.0204769194990184
-0.0202622817878103
-0.0200476440766022
-0.0198330063653942
-0.0196183686541861
-0.019403730942978
-0.0191890932317699
-0.0189744555205619
-0.0187598178093538
-0.0185451800981457
-0.0183305423869375
-0.0181159046757294
-0.0179012669645214
-0.0176866292533133
-0.0174719915421052
-0.0172573538308971
-0.0170427161196891
-0.016828078408481
-0.0166134406972729
-0.0163988029860648
-0.0161841652748567
-0.0159695275636487
-0.0157548898524406
-0.0155402521412324
-0.0153256144300243
-0.0151109767188163
-0.0148963390076082
-0.0146817012964001
-0.014467063585192
-0.0142524258739839
-0.0140377881627759
-0.0138231504515678
-0.0136085127403597
-0.0133938750291516
-0.0131792373179436
-0.0129645996067355
-0.0127499618955274
-0.0125353241843192
-0.0123206864731112
-0.0121060487619031
-0.011891411050695
-0.0116767733394869
-0.0114621356282788
-0.0112474979170708
-0.0110328602058627
-0.0108182224946546
-0.0106035847834465
-0.0103889470722385
-0.0101743093610304
-0.00995967164982225
-0.00974503393861414
-0.00953039622740603
-0.00931575851619804
-0.00910112080498993
-0.00888648309378182
-0.00867184538257371
-0.00845720767136571
-0.0082425699601576
-0.00802793224894949
-0.00781329453774138
-0.00759865682653327
-0.00738401911532527
-0.00716938140411716
-0.00695474369290905
-0.00674010598170094
-0.00652546827049294
-0.00631083055928483
-0.00609619284807672
-0.00588155513686861
-0.0056669174256605
-0.0054522797144525
-0.00523764200324439
-0.00502300429203628
-0.00480836658082817
-0.00459372886962017
-0.00437909115841206
-0.00416445344720395
-0.00394981573599584
-0.00373517802478784
-0.00352054031357973
-0.00330590260237162
-0.00309126489116351
-0.0028766271799554
-0.00266198946874741
-0.0024473517575393
-0.00223271404633119
-0.00201807633512308
-0.00180343862391508
-0.00158880091270697
-0.00137416320149886
-0.00115952549029075
-0.000944887779082637
-0.000730250067874638
-0.000515612356666528
-0.000300974645458418
-8.63369342503084e-05
0.00012830077695769
0.0003429384881658
0.00055757619937391
0.00077221391058202
0.00098685162179013
0.00120148933299813
0.00141612704420624
0.00163076475541435
0.00184540246662246
0.00206004017783046
0.00227467788903857
0.00248931560024668
0.00270395331145479
0.00291859102266279
0.0031332287338709
0.00334786644507901
0.00356250415628712
0.00377714186749523
0.00399177957870323
0.00420641728991134
0.00442105500111944
0.00463569271232755
0.00485033042353555
0.00506496813474366
0.00527960584595177
0.00549424355715988
0.00570888126836799
0.00592351897957599
0.0061381566907841
0.00635279440199221
0.00656743211320032
0.00678206982440832
0.00699670753561643
0.00721134524682454
0.00742598295803265
0.00764062066924076
0.00785525838044876
0.00806989609165687
0.00828453380286498
0.00849917151407309
0.00871380922528109
0.0089284469364892
0.00914308464769731
0.00935772235890542
0.00957236007011342
0.00978699778132153
0.0100016354925296
0.0102162732037377
0.0104309109149459
0.0106455486261539
0.010860186337362
0.0110748240485701
0.0112894617597782
0.0115040994709862
0.0117187371821943
0.0119333748934024
0.0121480126046105
0.0123626503158186
0.0125772880270266
0.0127919257382347
0.0130065634494428
0.013221201160651
0.013435838871859
0.0136504765830671
0.0138651142942752
0.0140797520054833
0.0142943897166914
0.0145090274278994
0.0147236651391075
0.0149383028503156
0.0151529405615237
0.0153675782727317
0.0155822159839398
0.0157968536951479
0.016011491406356
0.016226129117564
0.0164407668287722
0.0166554045399803
0.0168700422511884
0.0170846799623965
0.0172993176736045
0.0175139553848126
0.0177285930960207
0.0179432308072288
0.0181578685184368
0.0183725062296449
0.018587143940853
0.0188017816520611
0.0190164193632693
0.0192310570744773
0.0194456947856854
0.0196603324968935
0.0198749702081016
0.0200896079193096
0.0203042456305177
0.0205188833417258
0.0207335210529339
0.020948158764142
0.02116279647535
0.0213774341865581
0.0215920718977662
0.0218067096089744
0.0220213473201823
0.0222359850313905
0.0224506227425986
0.0226652604538067
0.0228798981650147
0.0230945358762228
0.0233091735874309
0.023523811298639
0.0237384490098471
0.0239530867210551
0.0241677244322632
0.0243823621434713
0.0245969998546794
0.0248116375658875
0.0250262752770956
0.0252409129883037
0.0254555506995118
0.0256701884107198
0.0258848261219279
0.026099463833136
0.0263141015443441
0.0265287392555522
0.0267433769667603
0.0269580146779683
0.0271726523891764
0.0273872901003845
0.0276019278115926
0.0278165655228007
0.0280312032340088
0.0282458409452169
0.0284604786564249
0.028675116367633
0.0288897540788411
0.0291043917900492
0.0293190295012573
0.0295336672124654
0.0297483049236735
0.0299629426348815
0.0301775803460896
0.0303922180572977
0.0306068557685058
0.0308214934797139
0.031036131190922
0.03125076890213
0.0314654066133381
0.0316800443245462
0.0318946820357543
0.0321093197469624
0.0323239574581705
0.0325385951693786
0.0327532328805866
0.0329678705917947
0.0331825083030028
0.0333971460142109
0.033611783725419
0.0338264214366271
0.0340410591478351
0.0342556968590432
0.0344703345702513
0.0346849722814594
0.0348996099926675
0.0351142477038756
0.0353288854150837
0.0355435231262917
0.0357581608374998
0.0359727985487079
0.036187436259916
0.0364020739711241
0.0366167116823322
0.0368313493935403
0.0370459871047483
0.0372606248159564
0.0374752625271645
0.0376899002383726
0.0379045379495807
0.0381191756607888
0.0383338133719968
0.0385484510832049
0.038763088794413
0.0389777265056211
0.0391923642168292
0.0394070019280373
0.0396216396392454
0.0398362773504534
0.0400509150616615
0.0402655527728696
0.0404801904840777
0.0406948281952858
0.0409094659064939
0.041124103617702
0.04133874132891
0.0415533790401181
0.0417680167513262
0.0419826544625343
0.0421972921737424
0.0424119298849505
0.0426265675961585
0.0428412053073666
0.0430558430185747
0.0432704807297828
0.0434851184409909
0.043699756152199
0.0439143938634071
0.0441290315746151
0.0443436692858232
0.0445583069970313
0.0447729447082394
0.0449875824194474
0.0452022201306556
0.0454168578418637
0.0456314955530717
0.0458461332642798
0.0460607709754879
0.046275408686696
0.0464900463979041
0.0467046841091122
0.0469193218203202
0.0471339595315283
0.0473485972427364
0.0475632349539445
0.0477778726651526
0.0479925103763607
0.0482071480875688
0.0484217857987768
0.0486364235099849
0.048851061221193
0.0490656989324011
0.0492803366436091
0.0494949743548173
0.0497096120660254
0.0499242497772334
0.0501388874884415
0.0503535251996496
0.0505681629108577
0.0507828006220657
0.0509974383332739
0.0512120760444819
0.05142671375569
0.0516413514668981
0.0518559891781062
0.0520706268893143
0.0522852646005224
0.0524999023117305
0.0527145400229385
0.0529291777341466
0.0531438154453547
0.0533584531565628
0.0535730908677708
0.053787728578979
0.0540023662901871
0.0542170040013951
0.0544316417126032
0.0546462794238113
0.0548609171350194
0.0550755548462274
0.0552901925574356
0.0555048302686436
0.0557194679798517
0.0559341056910598
0.0561487434022679
0.056363381113476
0.0565780188246841
0.0567926565358922
0.0570072942471002
0.0572219319583083
0.0574365696695164
0.0576512073807245
0.0578658450919325
0.0580804828031407
0.0582951205143487
0.0585097582255568
0.0587243959367649
0.058939033647973
0.0591536713591811
0.0593683090703891
0.0595829467815973
0.0597975844928053
0.0600122222040134
0.0602268599152215
0.0604414976264296
0.0606561353376377
0.0608707730488457
0.0610854107600539
0.0613000484712619
0.06151468618247
0.0617293238936781
0.0619439616048862
0.0621585993160942
0.0623732370273024
0.0625878747385104
0.0628025124497185
0.0630171501609266
0.0632317878721347
0.0634464255833428
0.0636610632945508
0.063875701005759
0.064090338716967
0.0643049764281751
0.0645196141393832
0.0647342518505913
0.0649488895617994
0.0651635272730074
0.0653781649842156
0.0655928026954236
0.0658074404066317
0.0660220781178398
0.0662367158290479
0.0664513535402559
0.0666659912514641
0.0668806289626721
0.0670952666738802
0.0673099043850883
0.0675245420962964
0.0677391798075045
0.0679538175187125
0.0681684552299207
0.0683830929411287
0.0685977306523368
0.0688123683635449
0.069027006074753
0.069241643785961
0.0694562814971691
0.0696709192083773
0.0698855569195853
0.0701001946307934
0.0703148323420015
0.0705294700532096
0.0707441077644176
0.0709587454756258
0.0711733831868338
0.0713880208980419
0.07160265860925
0.0718172963204581
0.0720319340316662
0.0722465717428742
0.0724612094540824
0.0726758471652904
0.0728904848764985
0.0731051225877066
0.0733197602989147
0.0735343980101227
0.0737490357213308
0.073963673432539
0.074178311143747
0.0743929488549551
0.0746075865661632
0.0748222242773713
0.0750368619885793
0.0752514996997874
0.0754661374109955
0.0756807751222036
0.0758954128334117
0.0761100505446198
0.0763246882558279
0.0765393259670359
0.0767539636782441
0.0769686013894521
0.0771832391006602
0.0773978768118683
0.0776125145230764
0.0778271522342844
0.0780417899454925
0.0782564276567007
0.0784710653679087
0.0786857030791168
0.0789003407903249
0.079114978501533
0.079329616212741
0.0795442539239491
0.0797588916351572
0.0799735293463653
0.0801881670575734
0.0804028047687815
0.0806174424799896
0.0808320801911976
0.0810467179024058
0.0812613556136138
0.0814759933248219
0.08169063103603
0.0819052687472381
0.0821199064584461
0.0823345441696542
0.0825491818808623
0.0827638195920704
0.0829784573032785
0.0831930950144866
0.0834077327256947
0.0836223704369027
0.0838370081481108
0.0840516458593189
0.084266283570527
0.0844809212817351
0.0846955589929432
0.0849101967041513
0.0851248344153593
0.0853394721265675
0.0855541098377755
0.0857687475489836
0.0859833852601917
0.0861980229713998
0.0864126606826078
0.0866272983938159
0.086841936105024
0.0870565738162321
0.0872712115274402
0.0874858492386483
0.0877004869498564
0.0879151246610644
0.0881297623722725
0.0883444000834806
0.0885590377946887
0.0887736755058968
0.0889883132171049
0.0892029509283129
0.089417588639521
0.0896322263507291
0.0898468640619372
0.0900615017731453
0.0902761394843534
0.0904907771955615
0.0907054149067695
0.0909200526179776
0.0911346903291857
0.0913493280403938
0.0915639657516019
0.09177860346281
0.0919932411740181
0.0922078788852261
0.0924225165964342
0.0926371543076423
0.0928517920188504
0.0930664297300585
0.0932810674412666
0.0934957051524746
0.0937103428636827
0.0939249805748908
0.0941396182860989
0.094354255997307
0.0945688937085151
0.0947835314197232
0.0949981691309312
0.0952128068421393
0.0954274445533474
0.0956420822645555
0.0958567199757636
0.0960713576869717
0.0962859953981798
0.0965006331093878
0.0967152708205959
0.096929908531804
0.0971445462430121
0.0973591839542202
0.0975738216654283
0.0977884593766363
0.0980030970878444
0.0982177347990525
0.0984323725102606
0.0986470102214687
0.0988616479326768
0.0990762856438849
0.0992909233550929
0.099505561066301
0.0997201987775091
0.0999348364887172
0.100149474199925
0.100364111911133
0.100578749622341
0.10079338733355
0.101008025044758
0.101222662755966
0.101437300467174
0.101651938178382
0.10186657588959
0.102081213600798
0.102295851312006
0.102510489023214
0.102725126734422
0.10293976444563
0.103154402156838
0.103369039868047
0.103583677579255
0.103798315290463
0.104012953001671
0.104227590712879
0.104442228424087
0.104656866135295
0.104871503846503
0.105086141557711
0.105300779268919
0.105515416980127
0.105730054691336
0.105944692402544
0.106159330113752
0.10637396782496
0.106588605536168
0.106803243247376
0.107017880958584
0.107232518669792
0.107447156381
0.107661794092208
0.107876431803416
0.108091069514624
0.108305707225832
0.108520344937041
0.108734982648249
0.108949620359457
0.109164258070665
0.109378895781873
0.109593533493081
0.109808171204289
0.110022808915497
0.110237446626705
0.110452084337913
0.110666722049121
0.11088135976033
0.111095997471538
0.111310635182746
0.111525272893954
0.111739910605162
0.11195454831637
0.112169186027578
0.112383823738786
0.112598461449994
0.112813099161202
0.11302773687241
0.113242374583618
0.113457012294827
0.113671650006035
0.113886287717243
0.114100925428451
0.114315563139659
0.114530200850867
0.114744838562075
0.114959476273283
0.115174113984491
0.115388751695699
0.115603389406907
0.115818027118116
0.116032664829324
0.116247302540532
0.11646194025174
0.116676577962948
0.116891215674156
0.117105853385364
0.117320491096572
0.11753512880778
0.117749766518988
0.117964404230196
0.118179041941404
0.118393679652612
0.118608317363821
0.118822955075029
0.119037592786237
0.119252230497445
0.119466868208653
0.119681505919861
0.119896143631069
0.120110781342277
0.120325419053485
0.120540056764693
0.120754694475901
0.12096933218711
0.121183969898318
0.121398607609526
0.121613245320734
0.121827883031942
0.12204252074315
0.122257158454358
0.122471796165566
0.122686433876774
0.122901071587982
0.12311570929919
0.123330347010398
0.123544984721607
0.123759622432815
0.123974260144023
0.124188897855231
0.124403535566439
0.124618173277647
0.124832810988855
0.125047448700063
0.125262086411271
0.125476724122479
0.125691361833687
0.125905999544895
0.126120637256104
0.126335274967312
0.12654991267852
0.126764550389728
0.126979188100936
0.127193825812144
0.127408463523352
0.12762310123456
0.127837738945768
0.128052376656976
0.128267014368184
0.128481652079392
0.128696289790601
0.128910927501809
0.129125565213017
0.129340202924225
0.129554840635433
0.129769478346641
0.129984116057849
0.130198753769057
0.130413391480265
0.130628029191473
0.130842666902681
0.131057304613889
0.131271942325098
0.131486580036306
0.131701217747514
0.131915855458722
0.13213049316993
0.132345130881138
0.132559768592346
0.132774406303554
0.132989044014762
0.13320368172597
0.133418319437178
0.133632957148387
0.133847594859595
0.134062232570803
0.134276870282011
0.134491507993219
0.134706145704427
0.134920783415635
0.135135421126843
0.135350058838051
0.135564696549259
0.135779334260467
0.135993971971675
0.136208609682884
0.136423247394092
0.1366378851053
0.136852522816508
0.137067160527716
0.137281798238924
0.137496435950132
0.13771107366134
0.137925711372548
0.138140349083756
0.138354986794964
0.138569624506172
0.138784262217381
0.138998899928589
0.139213537639797
0.139428175351005
0.139642813062213
0.139857450773421
0.140072088484629
0.140286726195837
0.140501363907045
0.140716001618253
0.140930639329461
0.141145277040669
0.141359914751878
0.141574552463086
0.141789190174294
0.142003827885502
0.14221846559671
0.142433103307918
0.142647741019126
0.142862378730334
0.143077016441542
0.14329165415275
0.143506291863958
0.143720929575167
0.143935567286375
0.144150204997583
0.144364842708791
0.144579480419999
0.144794118131207
0.145008755842415
0.145223393553623
0.145438031264831
0.145652668976039
0.145867306687247
0.146081944398455
0.146296582109664
0.146511219820872
0.14672585753208
0.146940495243288
0.147155132954496
0.147369770665704
0.147584408376912
0.14779904608812
0.148013683799328
0.148228321510536
0.148442959221744
0.148657596932952
0.148872234644161
0.149086872355369
0.149301510066577
0.149516147777785
0.149730785488993
0.149945423200201
0.150160060911409
0.150374698622617
0.150589336333825
0.150803974045033
0.151018611756241
0.151233249467449
0.151447887178658
0.151662524889866
0.151877162601074
0.152091800312282
0.15230643802349
0.152521075734698
0.152735713445906
0.152950351157114
0.153164988868322
0.15337962657953
0.153594264290738
0.153808902001947
0.154023539713155
0.154238177424363
0.154452815135571
0.154667452846779
0.154882090557987
0.155096728269195
0.155311365980403
0.155526003691611
0.155740641402819
0.155955279114027
0.156169916825235
0.156384554536444
0.156599192247652
0.15681382995886
0.157028467670068
0.157243105381276
0.157457743092484
0.157672380803692
0.1578870185149
0.158101656226108
0.158316293937316
0.158530931648524
0.158745569359732
0.158960207070941
0.159174844782149
0.159389482493357
0.159604120204565
0.159818757915773
0.160033395626981
0.160248033338189
0.160462671049397
0.160677308760605
0.160891946471813
0.161106584183021
0.161321221894229
0.161535859605438
0.161750497316646
0.161965135027854
0.162179772739062
0.16239441045027
0.162609048161478
0.162823685872686
0.163038323583894
0.163252961295102
0.16346759900631
0.163682236717518
0.163896874428726
0.164111512139935
0.164326149851143
0.164540787562351
0.164755425273559
0.164970062984767
0.165184700695975
0.165399338407183
0.165613976118391
0.165828613829599
0.166043251540807
0.166257889252015
0.166472526963224
0.166687164674432
0.16690180238564
0.167116440096848
0.167331077808056
0.167545715519264
0.167760353230472
0.16797499094168
0.168189628652888
0.168404266364096
0.168618904075304
0.168833541786512
0.169048179497721
0.169262817208929
0.169477454920137
0.169692092631345
0.169906730342553
0.170121368053761
0.170336005764969
0.170550643476177
0.170765281187385
0.170979918898593
0.171194556609801
0.171409194321009
0.171623832032218
0.171838469743426
0.172053107454634
0.172267745165842
0.17248238287705
0.172697020588258
0.172911658299466
0.173126296010674
0.173340933721882
0.17355557143309
0.173770209144298
0.173984846855506
0.174199484566715
0.174414122277923
0.174628759989131
0.174843397700339
0.175058035411547
0.175272673122755
0.175487310833963
0.175701948545171
0.175916586256379
0.176131223967587
0.176345861678795
0.176560499390004
0.176775137101212
0.17698977481242
0.177204412523628
0.177419050234836
0.177633687946044
0.177848325657252
0.17806296336846
0.178277601079668
0.178492238790876
0.178706876502084
0.178921514213292
0.1791361519245
0.179350789635709
0.179565427346917
0.179780065058125
0.179994702769333
0.180209340480541
0.180423978191749
0.180638615902957
0.180853253614165
0.181067891325373
0.181282529036581
0.181497166747789
0.181711804458998
0.181926442170206
0.182141079881414
0.182355717592622
0.18257035530383
0.182784993015038
0.182999630726246
0.183214268437454
0.183428906148662
0.18364354385987
0.183858181571078
0.184072819282286
0.184287456993495
0.184502094704703
0.184716732415911
0.184931370127119
0.185146007838327
0.185360645549535
0.185575283260743
0.185789920971951
0.186004558683159
0.186219196394367
0.186433834105575
0.186648471816784
0.186863109527992
0.1870777472392
0.187292384950408
0.187507022661616
0.187721660372824
0.187936298084032
0.18815093579524
0.188365573506448
0.188580211217656
0.188794848928864
0.189009486640072
0.18922412435128
0.189438762062489
0.189653399773697
0.189868037484905
0.190082675196113
0.190297312907321
0.190511950618529
0.190726588329737
0.190941226040945
0.191155863752153
0.191370501463361
0.191585139174569
0.191799776885778
0.192014414596986
0.192229052308194
0.192443690019402
0.19265832773061
0.192872965441818
0.193087603153026
0.193302240864234
0.193516878575442
0.19373151628665
0.193946153997858
0.194160791709066
0.194375429420275
0.194590067131483
0.194804704842691
0.195019342553899
0.195233980265107
0.195448617976315
0.195663255687523
0.195877893398731
0.196092531109939
0.196307168821147
0.196521806532355
0.196736444243563
0.196951081954772
0.19716571966598
0.197380357377188
0.197594995088396
0.197809632799604
0.198024270510812
0.19823890822202
0.198453545933228
0.198668183644436
0.198882821355644
0.199097459066852
0.19931209677806
0.199526734489269
0.199741372200477
0.199956009911685
0.200170647622893
0.200385285334101
0.200599923045309
0.200814560756517
0.201029198467725
0.201243836178933
0.201458473890141
0.201673111601349
0.201887749312558
0.202102387023766
0.202317024734974
0.202531662446182
0.20274630015739
0.202960937868598
0.203175575579806
0.203390213291014
0.203604851002222
0.20381948871343
0.204034126424638
0.204248764135846
0.204463401847055
0.204678039558263
0.204892677269471
0.205107314980679
0.205321952691887
0.205536590403095
0.205751228114303
0.205965865825511
0.206180503536719
0.206395141247927
0.206609778959135
0.206824416670343
0.207039054381552
0.20725369209276
0.207468329803968
0.207682967515176
0.207897605226384
0.208112242937592
0.2083268806488
0.208541518360008
0.208756156071216
0.208970793782424
0.209185431493632
0.20940006920484
0.209614706916049
0.209829344627257
0.210043982338465
0.210258620049673
0.210473257760881
0.210687895472089
0.210902533183297
0.211117170894505
0.211331808605713
0.211546446316921
0.211761084028129
0.211975721739337
0.212190359450546
0.212404997161754
0.212619634872962
0.21283427258417
0.213048910295378
0.213263548006586
0.213478185717794
0.213692823429002
0.21390746114021
0.214122098851418
0.214336736562626
0.214551374273835
0.214766011985043
0.214980649696251
0.215195287407459
0.215409925118667
0.215624562829875
0.215839200541083
0.216053838252291
0.216268475963499
0.216483113674707
0.216697751385915
0.216912389097123
0.217127026808332
0.21734166451954
0.217556302230748
0.217770939941956
0.217985577653164
0.218200215364372
0.21841485307558
0.218629490786788
0.218844128497996
0.219058766209204
0.219273403920412
0.219488041631621
0.219702679342829
0.219917317054037
0.220131954765245
0.220346592476453
0.220561230187661
0.220775867898869
0.220990505610077
0.221205143321285
0.221419781032493
0.221634418743701
0.221849056454909
0.222063694166117
0.222278331877326
0.222492969588534
0.222707607299742
0.22292224501095
0.223136882722158
0.223351520433366
0.223566158144574
0.223780795855782
0.22399543356699
0.224210071278198
0.224424708989406
0.224639346700615
0.224853984411823
0.225068622123031
0.225283259834239
0.225497897545447
0.225712535256655
0.225927172967863
0.226141810679071
0.226356448390279
0.226571086101487
0.226785723812695
0.227000361523903
0.227214999235112
0.22742963694632
0.227644274657528
0.227858912368736
0.228073550079944
0.228288187791152
0.22850282550236
0.228717463213568
0.228932100924776
0.229146738635984
0.229361376347192
0.2295760140584
0.229790651769609
0.230005289480817
0.230219927192025
0.230434564903233
0.230649202614441
0.230863840325649
0.231078478036857
0.231293115748065
0.231507753459273
0.231722391170481
0.231937028881689
0.232151666592897
0.232366304304106
0.232580942015314
0.232795579726522
0.23301021743773
0.233224855148938
0.233439492860146
0.233654130571354
0.233868768282562
0.23408340599377
0.234298043704978
0.234512681416186
0.234727319127394
0.234941956838603
0.235156594549811
0.235371232261019
0.235585869972227
0.235800507683435
0.236015145394643
0.236229783105851
0.236444420817059
0.236659058528267
0.236873696239475
0.237088333950683
0.237302971661892
0.2375176093731
0.237732247084308
0.237946884795516
0.238161522506724
0.238376160217932
0.23859079792914
0.238805435640348
0.239020073351556
0.239234711062764
0.239449348773972
0.23966398648518
0.239878624196389
0.240093261907597
0.240307899618805
0.240522537330013
0.240737175041221
0.240951812752429
0.241166450463637
0.241381088174845
0.241595725886053
0.241810363597261
0.242025001308469
0.242239639019677
0.242454276730886
0.242668914442094
0.242883552153302
0.24309818986451
0.243312827575718
0.243527465286926
0.243742102998134
0.243956740709342
0.24417137842055
0.244386016131758
0.244600653842966
0.244815291554174
0.245029929265383
0.245244566976591
0.245459204687799
0.245673842399007
0.245888480110215
0.246103117821423
0.246317755532631
0.246532393243839
0.246747030955047
0.246961668666255
0.247176306377463
0.247390944088672
0.24760558179988
0.247820219511088
0.248034857222296
0.248249494933504
0.248464132644712
0.24867877035592
0.248893408067128
0.249108045778336
0.249322683489544
0.249537321200752
0.24975195891196
0.249966596623169
0.250181234334377
0.250395872045585
0.250610509756793
0.250825147468001
0.251039785179209
0.251254422890417
0.251469060601625
0.251683698312833
0.251898336024041
0.252112973735249
0.252327611446457
0.252542249157666
0.252756886868874
0.252971524580082
0.25318616229129
0.253400800002498
0.253615437713706
0.253830075424914
0.254044713136122
0.25425935084733
0.254473988558538
0.254688626269746
0.254903263980954
0.255117901692163
0.255332539403371
0.255547177114579
0.255761814825787
0.255976452536995
0.256191090248203
0.256405727959411
0.256620365670619
0.256835003381827
0.257049641093035
0.257264278804243
0.257478916515452
0.25769355422666
0.257908191937868
0.258122829649076
0.258337467360284
0.258552105071492
0.2587667427827
0.258981380493908
0.259196018205116
0.259410655916324
0.259625293627532
0.25983993133874
0.260054569049949
0.260269206761157
0.260483844472365
0.260698482183573
0.260913119894781
0.261127757605989
0.261342395317197
0.261557033028405
0.261771670739613
0.261986308450821
0.262200946162029
0.262415583873237
0.262630221584446
0.262844859295654
0.263059497006862
0.26327413471807
0.263488772429278
0.263703410140486
0.263918047851694
0.264132685562902
0.26434732327411
0.264561960985318
0.264776598696526
0.264991236407734
0.265205874118943
0.265420511830151
0.265635149541359
0.265849787252567
0.266064424963775
0.266279062674983
0.266493700386191
0.266708338097399
0.266922975808607
0.267137613519815
0.267352251231023
0.267566888942231
0.26778152665344
0.267996164364648
0.268210802075856
0.268425439787064
0.268640077498272
0.26885471520948
0.269069352920688
0.269283990631896
0.269498628343104
0.269713266054312
0.26992790376552
0.270142541476729
0.270357179187937
0.270571816899145
0.270786454610353
0.271001092321561
0.271215730032769
0.271430367743977
0.271645005455185
0.271859643166393
0.272074280877601
0.272288918588809
0.272503556300017
0.272718194011226
0.272932831722434
0.273147469433642
0.27336210714485
0.273576744856058
0.273791382567266
0.274006020278474
0.274220657989682
0.27443529570089
0.274649933412098
0.274864571123306
0.275079208834514
0.275293846545723
0.275508484256931
0.275723121968139
0.275937759679347
0.276152397390555
0.276367035101763
0.276581672812971
0.276796310524179
0.277010948235387
0.277225585946595
0.277440223657803
0.277654861369011
0.27786949908022
0.278084136791428
0.278298774502636
0.278513412213844
0.278728049925052
0.27894268763626
0.279157325347468
0.279371963058676
0.279586600769884
0.279801238481092
0.2800158761923
0.280230513903509
0.280445151614717
0.280659789325925
0.280874427037133
0.281089064748341
0.281303702459549
0.281518340170757
0.281732977881965
0.281947615593173
0.282162253304381
0.282376891015589
0.282591528726797
0.282806166438005
0.283020804149214
0.283235441860422
0.28345007957163
0.283664717282838
0.283879354994046
0.284093992705254
0.284308630416462
0.28452326812767
0.284737905838878
0.284952543550086
0.285167181261294
0.285381818972503
0.285596456683711
0.285811094394919
0.286025732106127
0.286240369817335
0.286455007528543
0.286669645239751
0.286884282950959
0.287098920662167
0.287313558373375
0.287528196084584
0.287742833795792
0.287957471507
0.288172109218208
0.288386746929416
0.288601384640624
0.288816022351832
0.28903066006304
0.289245297774248
0.289459935485457
0.289674573196665
0.289889210907873
0.290103848619081
0.290318486330289
0.290533124041497
0.290747761752705
0.290962399463913
0.291177037175121
0.29139167488633
0.291606312597538
0.291820950308746
0.292035588019954
0.292250225731162
0.29246486344237
0.292679501153578
0.292894138864786
0.293108776575994
0.293323414287203
0.293538051998411
0.293752689709619
0.293967327420827
0.294181965132035
0.294396602843243
0.294611240554451
0.294825878265659
0.295040515976867
0.295255153688076
0.295469791399284
0.295684429110492
0.2958990668217
0.296113704532908
0.296328342244116
0.296542979955324
0.296757617666532
0.29697225537774
0.297186893088949
0.297401530800157
0.297616168511365
0.297830806222573
0.298045443933781
0.298260081644989
0.298474719356197
0.298689357067405
0.298903994778613
0.299118632489822
0.29933327020103
0.299547907912238
0.299762545623446
0.299977183334654
0.300191821045862
0.30040645875707
0.300621096468278
0.300835734179486
0.301050371890695
0.301265009601903
0.301479647313111
0.301694285024319
0.301908922735527
0.302123560446735
0.302338198157943
0.302552835869151
0.302767473580359
0.302982111291567
0.303196749002776
0.303411386713984
0.303626024425192
0.3038406621364
0.304055299847608
0.304269937558816
0.304484575270024
0.304699212981232
0.304913850692441
0.305128488403649
0.305343126114857
0.305557763826065
0.305772401537273
0.305987039248481
0.306201676959689
0.306416314670897
0.306630952382105
0.306845590093314
0.307060227804522
0.30727486551573
0.307489503226938
0.307704140938146
0.307918778649354
0.308133416360562
0.30834805407177
0.308562691782978
0.308777329494187
0.308991967205395
0.309206604916603
0.309421242627811
0.309635880339019
0.309850518050227
0.310065155761435
0.310279793472643
0.310494431183851
0.31070906889506
0.310923706606268
0.311138344317476
0.311352982028684
0.311567619739892
0.3117822574511
0.311996895162308
0.312211532873516
0.312426170584724
0.312640808295933
0.312855446007141
0.313070083718349
0.313284721429557
0.313499359140765
0.313713996851973
0.313928634563181
0.314143272274389
0.314357909985597
0.314572547696806
0.314787185408014
0.315001823119222
0.31521646083043
0.315431098541638
0.315645736252846
0.315860373964054
0.316075011675262
0.31628964938647
0.316504287097679
0.316718924808887
0.316933562520095
0.317148200231303
0.317362837942511
0.317577475653719
0.317792113364927
0.318006751076135
0.318221388787343
0.318436026498552
0.31865066420976
0.318865301920968
0.319079939632176
0.319294577343384
0.319509215054592
0.3197238527658
0.319938490477008
0.320153128188216
0.320367765899425
0.320582403610633
0.320797041321841
0.321011679033049
0.321226316744257
0.321440954455465
0.321655592166673
0.321870229877881
0.322084867589089
0.322299505300298
0.322514143011506
0.322728780722714
0.322943418433922
0.32315805614513
0.323372693856338
0.323587331567546
0.323801969278754
0.324016606989962
0.324231244701171
0.324445882412379
0.324660520123587
0.324875157834795
0.325089795546003
0.325304433257211
0.325519070968419
0.325733708679627
0.325948346390835
0.326162984102044
0.326377621813252
0.32659225952446
0.326806897235668
0.327021534946876
0.327236172658084
0.327450810369292
0.3276654480805
0.327880085791708
0.328094723502917
0.328309361214125
0.328523998925333
0.328738636636541
0.328953274347749
0.329167912058957
0.329382549770165
0.329597187481373
0.329811825192581
0.33002646290379
0.330241100614998
0.330455738326206
0.330670376037414
0.330885013748622
0.33109965145983
0.331314289171038
0.331528926882246
0.331743564593454
0.331958202304663
0.332172840015871
0.332387477727079
0.332602115438287
0.332816753149495
0.333031390860703
0.333246028571911
0.333460666283119
0.333675303994327
0.333889941705536
0.334104579416744
0.334319217127952
0.33453385483916
0.334748492550368
0.334963130261576
0.335177767972784
0.335392405683992
0.3356070433952
0.335821681106409
0.336036318817617
0.336250956528825
0.336465594240033
0.336680231951241
0.336894869662449
0.337109507373657
0.337324145084865
0.337538782796073
0.337753420507282
0.33796805821849
0.338182695929698
0.338397333640906
0.338611971352114
0.338826609063322
0.33904124677453
0.339255884485738
0.339470522196946
0.339685159908155
0.339899797619363
0.340114435330571
0.340329073041779
0.340543710752987
0.340758348464195
0.340972986175403
0.341187623886611
0.341402261597819
0.341616899309028
0.341831537020236
0.342046174731444
0.342260812442652
0.34247545015386
0.342690087865068
0.342904725576276
0.343119363287484
0.343334000998692
0.343548638709901
0.343763276421109
0.343977914132317
0.344192551843525
0.344407189554733
0.344621827265941
0.344836464977149
0.345051102688357
0.345265740399565
0.345480378110774
0.345695015821982
0.34590965353319
0.346124291244398
0.346338928955606
0.346553566666814
0.346768204378022
0.34698284208923
0.347197479800438
0.347412117511647
0.347626755222855
0.347841392934063
0.348056030645271
0.348270668356479
0.348485306067687
0.348699943778895
0.348914581490103
0.349129219201311
0.34934385691252
0.349558494623728
0.349773132334936
0.349987770046144
0.350202407757352
0.35041704546856
0.350631683179768
0.350846320890976
0.351060958602184
0.351275596313393
0.351490234024601
0.351704871735809
0.351919509447017
0.352134147158225
0.352348784869433
0.352563422580641
0.352778060291849
0.352992698003057
0.353207335714266
0.353421973425474
0.353636611136682
0.35385124884789
0.354065886559098
0.354280524270306
0.354495161981514
0.354709799692722
0.35492443740393
0.355139075115139
0.355353712826347
0.355568350537555
0.355782988248763
0.355997625959971
0.356212263671179
0.356426901382387
0.356641539093595
0.356856176804803
0.357070814516012
0.35728545222722
0.357500089938428
0.357714727649636
0.357929365360844
0.358144003072052
0.35835864078326
0.358573278494468
0.358787916205676
0.359002553916885
0.359217191628093
0.359431829339301
0.359646467050509
0.359861104761717
0.360075742472925
0.360290380184133
0.360505017895341
0.360719655606549
0.360934293317758
0.361148931028966
0.361363568740174
0.361578206451382
0.36179284416259
0.362007481873798
0.362222119585006
0.362436757296214
0.362651395007422
0.362866032718631
0.363080670429839
0.363295308141047
0.363509945852255
0.363724583563463
0.363939221274671
0.364153858985879
0.364368496697087
0.364583134408295
0.364797772119504
0.365012409830712
0.36522704754192
0.365441685253128
0.365656322964336
0.365870960675544
0.366085598386752
0.36630023609796
0.366514873809168
0.366729511520377
0.366944149231585
0.367158786942793
0.367373424654001
0.367588062365209
0.367802700076417
0.368017337787625
0.368231975498833
0.368446613210041
0.36866125092125
0.368875888632458
0.369090526343666
0.369305164054874
0.369519801766082
0.36973443947729
0.369949077188498
0.370163714899706
0.370378352610914
0.370592990322123
0.370807628033331
0.371022265744539
0.371236903455747
0.371451541166955
0.371666178878163
0.371880816589371
0.372095454300579
0.372310092011787
0.372524729722996
0.372739367434204
0.372954005145412
0.37316864285662
0.373383280567828
0.373597918279036
0.373812555990244
0.374027193701452
0.37424183141266
0.374456469123869
0.374671106835077
0.374885744546285
0.375100382257493
0.375315019968701
0.375529657679909
0.375744295391117
0.375958933102325
0.376173570813533
0.376388208524742
0.37660284623595
0.376817483947158
0.377032121658366
0.377246759369574
0.377461397080782
0.37767603479199
0.377890672503198
0.378105310214406
0.378319947925615
0.378534585636823
0.378749223348031
0.378963861059239
0.379178498770447
0.379393136481655
0.379607774192863
0.379822411904071
0.38003704961528
0.380251687326488
0.380466325037696
0.380680962748904
0.380895600460112
0.38111023817132
0.381324875882528
0.381539513593736
0.381754151304944
0.381968789016152
0.382183426727361
0.382398064438569
0.382612702149777
0.382827339860985
0.383041977572193
0.383256615283401
0.383471252994609
0.383685890705817
0.383900528417025
0.384115166128234
0.384329803839442
0.38454444155065
0.384759079261858
0.384973716973066
0.385188354684274
0.385402992395482
0.38561763010669
0.385832267817898
0.386046905529107
0.386261543240315
0.386476180951523
0.386690818662731
0.386905456373939
0.387120094085147
0.387334731796355
0.387549369507563
0.387764007218771
0.38797864492998
0.388193282641188
0.388407920352396
0.388622558063604
0.388837195774812
0.38905183348602
0.389266471197228
0.389481108908436
0.389695746619644
0.389910384330853
0.390125022042061
0.390339659753269
0.390554297464477
0.390768935175685
0.390983572886893
0.391198210598101
0.391412848309309
0.391627486020517
0.391842123731726
0.392056761442934
0.392271399154142
0.39248603686535
0.392700674576558
0.392915312287766
0.393129949998974
0.393344587710182
0.39355922542139
0.393773863132599
0.393988500843807
0.394203138555015
0.394417776266223
0.394632413977431
0.394847051688639
0.395061689399847
0.395276327111055
0.395490964822263
0.395705602533472
0.39592024024468
0.396134877955888
0.396349515667096
0.396564153378304
0.396778791089512
0.39699342880072
0.397208066511928
0.397422704223137
0.397637341934345
0.397851979645553
0.398066617356761
0.398281255067969
0.398495892779177
0.398710530490385
0.398925168201593
0.399139805912801
0.39935444362401
0.399569081335218
0.399783719046426
0.399998356757634
0.400212994468842
0.40042763218005
0.400642269891258
0.400856907602466
0.401071545313674
0.401286183024883
0.401500820736091
0.401715458447299
0.401930096158507
0.402144733869715
0.402359371580923
0.402574009292131
0.402788647003339
0.403003284714547
0.403217922425755
0.403432560136964
0.403647197848172
0.40386183555938
0.404076473270588
0.404291110981796
0.404505748693004
0.404720386404212
0.40493502411542
0.405149661826628
0.405364299537837
0.405578937249045
0.405793574960253
0.406008212671461
0.406222850382669
0.406437488093877
0.406652125805085
0.406866763516293
0.407081401227501
0.40729603893871
0.407510676649918
0.407725314361126
0.407939952072334
0.408154589783542
0.40836922749475
0.408583865205958
0.408798502917166
0.409013140628374
0.409227778339583
0.409442416050791
0.409657053761999
0.409871691473207
0.410086329184415
0.410300966895623
0.410515604606831
0.410730242318039
0.410944880029248
0.411159517740456
0.411374155451664
0.411588793162872
0.41180343087408
0.412018068585288
0.412232706296496
0.412447344007704
0.412661981718912
0.41287661943012
0.413091257141329
0.413305894852537
0.413520532563745
0.413735170274953
0.413949807986161
0.414164445697369
0.414379083408577
0.414593721119785
0.414808358830993
0.415022996542202
0.41523763425341
0.415452271964618
0.415666909675826
0.415881547387034
0.416096185098242
0.41631082280945
0.416525460520658
0.416740098231867
0.416954735943075
0.417169373654283
0.417384011365491
0.417598649076699
0.417813286787907
0.418027924499115
0.418242562210323
0.418457199921531
0.41867183763274
0.418886475343948
0.419101113055156
0.419315750766364
0.419530388477572
0.41974502618878
0.419959663899988
0.420174301611196
0.420388939322404
0.420603577033613
0.420818214744821
0.421032852456029
0.421247490167237
0.421462127878445
0.421676765589653
0.421891403300861
0.422106041012069
0.422320678723277
0.422535316434485
0.422749954145694
0.422964591856902
0.42317922956811
0.423393867279318
0.423608504990526
0.423823142701734
0.424037780412942
0.42425241812415
0.424467055835358
0.424681693546567
0.424896331257775
0.425110968968983
0.425325606680191
0.425540244391399
0.425754882102607
0.425969519813815
0.426184157525023
0.426398795236231
0.42661343294744
0.426828070658648
0.427042708369856
0.427257346081064
0.427471983792272
0.42768662150348
0.427901259214688
0.428115896925896
0.428330534637105
0.428545172348313
0.428759810059521
0.428974447770729
0.429189085481937
0.429403723193145
0.429618360904353
0.429832998615561
0.430047636326769
0.430262274037978
0.430476911749186
0.430691549460394
0.430906187171602
0.43112082488281
0.431335462594018
0.431550100305226
0.431764738016434
0.431979375727642
0.43219401343885
0.432408651150059
0.432623288861267
0.432837926572475
0.433052564283683
0.433267201994891
0.433481839706099
0.433696477417307
0.433911115128515
0.434125752839724
0.434340390550932
0.43455502826214
0.434769665973348
0.434984303684556
0.435198941395764
0.435413579106972
0.43562821681818
0.435842854529388
0.436057492240597
0.436272129951805
0.436486767663013
0.436701405374221
0.436916043085429
0.437130680796637
0.437345318507845
0.437559956219053
0.437774593930261
0.43798923164147
0.438203869352678
0.438418507063886
0.438633144775094
0.438847782486302
0.43906242019751
0.439277057908718
0.439491695619926
0.439706333331134
0.439920971042343
0.440135608753551
0.440350246464759
0.440564884175967
0.440779521887175
0.440994159598383
0.441208797309591
0.441423435020799
0.441638072732007
0.441852710443216
0.442067348154424
0.442281985865632
0.44249662357684
0.442711261288048
0.442925898999256
0.443140536710464
0.443355174421672
0.44356981213288
0.443784449844088
0.443999087555297
0.444213725266505
0.444428362977713
0.444643000688921
0.444857638400129
0.445072276111337
0.445286913822545
0.445501551533753
0.445716189244962
0.44593082695617
0.446145464667378
0.446360102378586
0.446574740089794
0.446789377801002
0.44700401551221
0.447218653223418
0.447433290934626
0.447647928645835
0.447862566357043
0.448077204068251
0.448291841779459
0.448506479490667
0.448721117201875
0.448935754913083
0.449150392624291
0.449365030335499
0.449579668046708
0.449794305757916
0.450008943469124
0.450223581180332
0.45043821889154
0.450652856602748
0.450867494313956
0.451082132025164
0.451296769736372
0.451511407447581
0.451726045158789
0.451940682869997
0.452155320581205
0.452369958292413
0.452584596003621
0.452799233714829
0.453013871426037
0.453228509137245
0.453443146848454
0.453657784559662
0.45387242227087
0.454087059982078
0.454301697693286
0.454516335404494
0.454730973115702
0.45494561082691
0.455160248538118
0.455374886249327
0.455589523960535
0.455804161671743
0.456018799382951
0.456233437094159
0.456448074805367
0.456662712516575
0.456877350227783
0.457091987938991
0.4573066256502
0.457521263361408
0.457735901072616
0.457950538783824
0.458165176495032
0.45837981420624
0.458594451917448
0.458809089628656
0.459023727339864
0.459238365051073
0.459453002762281
0.459667640473489
0.459882278184697
0.460096915895905
0.460311553607113
0.460526191318321
0.460740829029529
0.460955466740737
0.461170104451946
0.461384742163154
0.461599379874362
0.46181401758557
0.462028655296778
0.462243293007986
0.462457930719194
0.462672568430402
0.46288720614161
0.463101843852819
0.463316481564027
0.463531119275235
0.463745756986443
0.463960394697651
0.464175032408859
0.464389670120067
0.464604307831275
0.464818945542483
0.465033583253692
0.4652482209649
0.465462858676108
0.465677496387316
0.465892134098524
0.466106771809732
0.46632140952094
0.466536047232148
0.466750684943356
0.466965322654564
0.467179960365773
0.467394598076981
0.467609235788189
0.467823873499397
0.468038511210605
0.468253148921813
0.468467786633021
0.468682424344229
0.468897062055437
0.469111699766646
0.469326337477854
0.469540975189062
0.46975561290027
0.469970250611478
0.470184888322686
0.470399526033894
0.470614163745102
0.47082880145631
0.471043439167518
0.471258076878727
0.471472714589935
0.471687352301143
0.471901990012351
0.472116627723559
0.472331265434767
0.472545903145975
0.472760540857183
0.472975178568391
0.473189816279599
0.473404453990808
0.473619091702016
0.473833729413224
0.474048367124432
0.47426300483564
0.474477642546848
0.474692280258056
0.474906917969264
0.475121555680472
0.475336193391681
0.475550831102889
0.475765468814097
0.475980106525305
0.476194744236513
0.476409381947721
0.476624019658929
0.476838657370137
0.477053295081345
0.477267932792553
0.477482570503762
0.47769720821497
0.477911845926178
0.478126483637386
0.478341121348594
0.478555759059802
0.47877039677101
0.478985034482218
0.479199672193426
0.479414309904635
0.479628947615843
0.479843585327051
0.480058223038259
0.480272860749467
0.480487498460675
0.480702136171883
0.480916773883091
0.481131411594299
0.481346049305508
0.481560687016716
0.481775324727924
0.481989962439132
0.48220460015034
0.482419237861548
0.482633875572756
0.482848513283964
0.483063150995172
0.48327778870638
0.483492426417589
0.483707064128797
0.483921701840005
0.484136339551213
0.484350977262421
0.484565614973629
0.484780252684837
0.484994890396045
0.485209528107253
0.485424165818461
0.48563880352967
0.485853441240878
0.486068078952086
0.486282716663294
0.486497354374502
0.48671199208571
0.486926629796918
0.487141267508126
0.487355905219334
0.487570542930543
0.487785180641751
0.487999818352959
0.488214456064167
0.488429093775375
0.488643731486583
0.488858369197791
0.489073006908999
0.489287644620207
0.489502282331415
0.489716920042624
0.489931557753832
0.49014619546504
0.490360833176248
0.490575470887456
0.490790108598664
0.491004746309872
0.49121938402108
0.491434021732288
0.491648659443497
0.491863297154705
0.492077934865913
0.492292572577121
0.492507210288329
0.492721847999537
0.492936485710745
0.493151123421953
0.493365761133161
0.493580398844369
0.493795036555578
0.494009674266786
0.494224311977994
0.494438949689202
0.49465358740041
0.494868225111618
0.495082862822826
0.495297500534034
0.495512138245242
0.495726775956451
0.495941413667659
0.496156051378867
0.496370689090075
0.496585326801283
0.496799964512491
0.497014602223699
0.497229239934907
0.497443877646115
0.497658515357323
0.497873153068532
0.49808779077974
0.498302428490948
0.498517066202156
0.498731703913364
0.498946341624572
0.49916097933578
0.499375617046988
0.499590254758196
0.499804892469405
0.500019530180613
0.500234167891821
0.500448805603029
0.500663443314237
0.500878081025445
0.501092718736653
0.501307356447861
0.501521994159069
0.501736631870278
0.501951269581486
0.502165907292694
0.502380545003902
0.50259518271511
0.502809820426318
0.503024458137526
0.503239095848734
0.503453733559942
0.50366837127115
0.503883008982359
0.504097646693567
0.504312284404775
0.504526922115983
0.504741559827191
0.504956197538399
0.505170835249607
0.505385472960815
0.505600110672023
0.505814748383232
0.50602938609444
0.506244023805648
0.506458661516856
0.506673299228064
0.506887936939272
0.50710257465048
0.507317212361688
0.507531850072896
0.507746487784105
0.507961125495313
0.508175763206521
0.508390400917729
0.508605038628937
0.508819676340145
0.509034314051353
0.509248951762561
0.509463589473769
0.509678227184978
0.509892864896186
0.510107502607394
0.510322140318602
0.51053677802981
0.510751415741018
0.510966053452226
0.511180691163434
0.511395328874642
0.51160996658585
0.511824604297059
0.512039242008267
0.512253879719475
0.512468517430683
0.512683155141891
0.512897792853099
0.513112430564307
0.513327068275515
0.513541705986723
0.513756343697932
0.51397098140914
0.514185619120348
0.514400256831556
0.514614894542764
0.514829532253972
0.51504416996518
0.515258807676388
0.515473445387596
0.515688083098805
0.515902720810013
0.516117358521221
0.516331996232429
0.516546633943637
0.516761271654845
0.516975909366053
0.517190547077261
0.517405184788469
0.517619822499678
0.517834460210886
0.518049097922094
0.518263735633302
0.51847837334451
0.518693011055718
0.518907648766926
0.519122286478134
0.519336924189342
0.519551561900551
0.519766199611759
0.519980837322967
0.520195475034175
0.520410112745383
0.520624750456591
0.520839388167799
0.521054025879007
0.521268663590215
0.521483301301424
0.521697939012632
0.52191257672384
0.522127214435048
0.522341852146256
0.522556489857464
0.522771127568672
0.52298576527988
0.523200402991088
0.523415040702296
0.523629678413504
0.523844316124713
0.524058953835921
0.524273591547129
0.524488229258337
0.524702866969545
0.524917504680753
0.525132142391961
0.525346780103169
0.525561417814377
0.525776055525586
0.525990693236794
0.526205330948002
0.52641996865921
0.526634606370418
0.526849244081626
0.527063881792834
0.527278519504042
0.52749315721525
0.527707794926459
0.527922432637667
0.528137070348875
0.528351708060083
0.528566345771291
0.528780983482499
0.528995621193707
0.529210258904915
0.529424896616123
0.529639534327332
0.52985417203854
0.530068809749748
0.530283447460956
0.530498085172164
0.530712722883372
0.53092736059458
0.531141998305788
0.531356636016996
0.531571273728205
0.531785911439413
0.532000549150621
0.532215186861829
0.532429824573037
0.532644462284245
0.532859099995453
0.533073737706661
0.533288375417869
0.533503013129078
0.533717650840286
0.533932288551494
0.534146926262702
0.53436156397391
0.534576201685118
0.534790839396326
0.535005477107534
0.535220114818742
0.53543475252995
0.535649390241159
0.535864027952367
0.536078665663575
0.536293303374783
0.536507941085991
0.536722578797199
0.536937216508407
0.537151854219615
0.537366491930823
0.537581129642032
0.53779576735324
0.538010405064448
0.538225042775656
0.538439680486864
0.538654318198072
0.53886895590928
0.539083593620488
0.539298231331696
0.539512869042905
0.539727506754113
0.539942144465321
0.540156782176529
0.540371419887737
0.540586057598945
0.540800695310153
0.541015333021361
0.541229970732569
0.541444608443778
0.541659246154986
0.541873883866194
0.542088521577402
0.54230315928861
0.542517796999818
0.542732434711026
0.542947072422234
0.543161710133442
0.54337634784465
0.543590985555859
0.543805623267067
0.544020260978275
0.544234898689483
0.544449536400691
0.544664174111899
0.544878811823107
0.545093449534315
0.545308087245523
0.545522724956732
0.54573736266794
0.545952000379148
0.546166638090356
0.546381275801564
0.546595913512772
0.54681055122398
0.547025188935188
0.547239826646396
0.547454464357604
0.547669102068813
0.547883739780021
0.548098377491229
0.548313015202437
0.548527652913645
0.548742290624853
0.548956928336061
0.549171566047269
0.549386203758477
0.549600841469686
0.549815479180894
0.550030116892102
0.55024475460331
0.550459392314518
0.550674030025726
0.550888667736934
0.551103305448142
0.55131794315935
0.551532580870559
0.551747218581767
0.551961856292975
0.552176494004183
0.552391131715391
0.552605769426599
0.552820407137807
0.553035044849015
0.553249682560223
0.553464320271432
0.55367895798264
0.553893595693848
0.554108233405056
0.554322871116264
0.554537508827472
0.55475214653868
0.554966784249888
0.555181421961096
0.555396059672305
0.555610697383513
0.555825335094721
0.556039972805929
0.556254610517137
0.556469248228345
0.556683885939553
0.556898523650761
0.557113161361969
0.557327799073177
0.557542436784386
0.557757074495594
0.557971712206802
0.55818634991801
0.558400987629218
0.558615625340426
0.558830263051634
0.559044900762842
0.55925953847405
0.559474176185259
0.559688813896467
0.559903451607675
0.560118089318883
0.560332727030091
0.560547364741299
0.560762002452507
0.560976640163715
0.561191277874923
0.561405915586131
0.56162055329734
0.561835191008548
0.562049828719756
0.562264466430964
0.562479104142172
0.56269374185338
0.562908379564588
0.563123017275796
0.563337654987004
0.563552292698212
0.563766930409421
0.563981568120629
0.564196205831837
0.564410843543045
0.564625481254253
0.564840118965461
0.565054756676669
0.565269394387877
0.565484032099085
0.565698669810293
0.565913307521502
0.56612794523271
0.566342582943918
0.566557220655126
0.566771858366334
0.566986496077542
0.56720113378875
0.567415771499958
0.567630409211166
0.567845046922375
0.568059684633583
0.568274322344791
0.568488960055999
0.568703597767207
0.568918235478415
0.569132873189623
0.569347510900831
0.569562148612039
0.569776786323247
0.569991424034456
0.570206061745664
0.570420699456872
0.57063533716808
0.570849974879288
0.571064612590496
0.571279250301704
0.571493888012912
0.57170852572412
0.571923163435329
0.572137801146537
0.572352438857745
0.572567076568953
0.572781714280161
0.572996351991369
0.573210989702577
0.573425627413785
0.573640265124993
0.573854902836202
0.57406954054741
0.574284178258618
0.574498815969826
0.574713453681034
0.574928091392242
0.57514272910345
0.575357366814658
0.575572004525866
0.575786642237074
0.576001279948283
0.576215917659491
0.576430555370699
0.576645193081907
0.576859830793115
0.577074468504323
0.577289106215531
0.577503743926739
0.577718381637947
0.577933019349156
0.578147657060364
0.578362294771572
0.57857693248278
0.578791570193988
0.579006207905196
0.579220845616404
0.579435483327612
0.57965012103882
0.579864758750028
0.580079396461237
0.580294034172445
0.580508671883653
0.580723309594861
0.580937947306069
0.581152585017277
0.581367222728485
0.581581860439693
0.581796498150901
0.58201113586211
0.582225773573318
0.582440411284526
0.582655048995734
0.582869686706942
0.58308432441815
0.583298962129358
0.583513599840566
0.583728237551774
0.583942875262982
0.58415751297419
0.584372150685399
0.584586788396607
0.584801426107815
0.585016063819023
0.585230701530231
0.585445339241439
0.585659976952647
0.585874614663855
0.586089252375063
0.586303890086272
0.58651852779748
0.586733165508688
0.586947803219896
0.587162440931104
0.587377078642312
0.58759171635352
0.587806354064728
0.588020991775936
0.588235629487145
0.588450267198353
0.588664904909561
0.588879542620769
0.589094180331977
0.589308818043185
0.589523455754393
0.589738093465601
0.58995273117681
0.590167368888018
0.590382006599226
0.590596644310434
0.590811282021642
0.59102591973285
0.591240557444058
0.591455195155266
0.591669832866474
0.591884470577683
0.592099108288891
0.592313746000099
0.592528383711307
0.592743021422515
0.592957659133723
0.593172296844931
0.593386934556139
0.593601572267347
0.593816209978556
0.594030847689764
0.594245485400972
0.59446012311218
0.594674760823388
0.594889398534596
0.595104036245804
0.595318673957012
0.59553331166822
0.595747949379429
0.595962587090637
0.596177224801845
0.596391862513053
0.596606500224261
0.596821137935469
0.597035775646677
0.597250413357885
0.597465051069093
0.597679688780302
0.59789432649151
0.598108964202718
0.598323601913926
0.598538239625134
0.598752877336342
0.59896751504755
0.599182152758758
0.599396790469966
0.599611428181175
0.599826065892383
0.600040703603591
0.600255341314799
0.600469979026007
0.600684616737215
0.600899254448423
0.601113892159631
0.601328529870839
0.601543167582048
0.601757805293256
0.601972443004464
0.602187080715672
0.60240171842688
0.602616356138088
0.602830993849296
0.603045631560504
0.603260269271712
0.603474906982921
0.603689544694129
0.603904182405337
0.604118820116545
0.604333457827753
0.604548095538961
0.604762733250169
0.604977370961377
0.605192008672585
0.605406646383793
0.605621284095002
0.60583592180621
0.606050559517418
0.606265197228626
0.606479834939834
0.606694472651042
0.60690911036225
0.607123748073458
0.607338385784667
0.607553023495875
0.607767661207083
0.607982298918291
0.608196936629499
0.608411574340707
0.608626212051915
0.608840849763123
0.609055487474331
0.60927012518554
0.609484762896748
0.609699400607956
0.609914038319164
0.610128676030372
0.61034331374158
0.610557951452788
0.610772589163996
0.610987226875204
0.611201864586413
0.611416502297621
0.611631140008829
0.611845777720037
0.612060415431245
0.612275053142453
0.612489690853661
0.612704328564869
0.612918966276077
0.613133603987286
0.613348241698494
0.613562879409702
0.61377751712091
0.613992154832118
0.614206792543326
0.614421430254534
0.614636067965742
0.61485070567695
0.615065343388159
0.615279981099367
0.615494618810575
0.615709256521783
0.615923894232991
0.616138531944199
0.616353169655407
0.616567807366615
0.616782445077823
0.616997082789032
0.61721172050024
0.617426358211448
0.617640995922656
0.617855633633864
0.618070271345072
0.61828490905628
0.618499546767488
0.618714184478696
0.618928822189905
0.619143459901113
0.619358097612321
0.619572735323529
0.619787373034737
0.620002010745945
0.620216648457153
0.620431286168361
0.620645923879569
0.620860561590778
0.621075199301986
0.621289837013194
0.621504474724402
0.62171911243561
0.621933750146818
0.622148387858026
0.622363025569234
0.622577663280443
0.622792300991651
0.623006938702859
0.623221576414067
0.623436214125275
0.623650851836483
0.623865489547691
0.624080127258899
0.624294764970107
0.624509402681315
0.624724040392524
0.624938678103732
0.62515331581494
0.625367953526148
0.625582591237356
0.625797228948564
0.626011866659772
0.62622650437098
0.626441142082188
0.626655779793397
0.626870417504605
0.627085055215813
0.627299692927021
0.627514330638229
0.627728968349437
0.627943606060645
0.628158243771853
0.628372881483061
0.62858751919427
0.628802156905478
0.629016794616686
0.629231432327894
0.629446070039102
0.62966070775031
0.629875345461518
0.630089983172726
0.630304620883934
0.630519258595143
0.630733896306351
0.630948534017559
0.631163171728767
0.631377809439975
0.631592447151183
0.631807084862391
0.632021722573599
0.632236360284807
0.632450997996016
0.632665635707224
0.632880273418432
0.63309491112964
0.633309548840848
0.633524186552056
0.633738824263264
0.633953461974472
0.63416809968568
0.634382737396889
0.634597375108097
0.634812012819305
0.635026650530513
0.635241288241721
0.635455925952929
0.635670563664137
0.635885201375345
0.636099839086553
0.636314476797762
0.63652911450897
0.636743752220178
0.636958389931386
0.637173027642594
0.637387665353802
0.63760230306501
0.637816940776218
0.638031578487426
0.638246216198635
0.638460853909843
0.638675491621051
0.638890129332259
0.639104767043467
0.639319404754675
0.639534042465883
0.639748680177091
0.6399633178883
0.640177955599508
0.640392593310716
0.640607231021924
0.640821868733132
0.64103650644434
0.641251144155548
0.641465781866756
0.641680419577964
0.641895057289173
0.642109695000381
0.642324332711589
0.642538970422797
0.642753608134005
0.642968245845213
0.643182883556421
0.643397521267629
0.643612158978837
0.643826796690045
0.644041434401254
0.644256072112462
0.64447070982367
0.644685347534878
0.644899985246086
0.645114622957294
0.645329260668502
0.64554389837971
0.645758536090918
0.645973173802127
0.646187811513335
0.646402449224543
0.646617086935751
0.646831724646959
0.647046362358167
0.647261000069375
0.647475637780583
0.647690275491791
0.647904913203
0.648119550914208
0.648334188625416
0.648548826336624
0.648763464047832
0.64897810175904
0.649192739470248
0.649407377181456
0.649622014892664
0.649836652603873
0.650051290315081
0.650265928026289
0.650480565737497
0.650695203448705
0.650909841159913
0.651124478871121
0.651339116582329
0.651553754293537
0.651768392004746
0.651983029715954
0.652197667427162
0.65241230513837
0.652626942849578
0.652841580560786
0.653056218271994
0.653270855983202
0.65348549369441
0.653700131405619
0.653914769116827
0.654129406828035
0.654344044539243
0.654558682250451
0.654773319961659
0.654987957672867
0.655202595384075
0.655417233095283
0.655631870806492
0.6558465085177
0.656061146228908
0.656275783940116
0.656490421651324
0.656705059362532
0.65691969707374
0.657134334784948
0.657348972496156
0.657563610207365
0.657778247918573
0.657992885629781
0.658207523340989
0.658422161052197
0.658636798763405
0.658851436474613
0.659066074185821
0.659280711897029
0.659495349608238
0.659709987319446
0.659924625030654
0.660139262741862
0.66035390045307
0.660568538164278
0.660783175875486
0.660997813586694
0.661212451297903
0.661427089009111
0.661641726720319
0.661856364431527
0.662071002142735
0.662285639853943
0.662500277565151
0.662714915276359
0.662929552987567
0.663144190698776
0.663358828409984
0.663573466121192
0.6637881038324
0.664002741543608
0.664217379254816
0.664432016966024
0.664646654677232
0.66486129238844
0.665075930099648
0.665290567810857
0.665505205522065
0.665719843233273
0.665934480944481
0.666149118655689
0.666363756366897
0.666578394078105
0.666793031789313
0.667007669500521
0.66722230721173
0.667436944922938
0.667651582634146
0.667866220345354
0.668080858056562
0.66829549576777
0.668510133478978
0.668724771190186
0.668939408901394
0.669154046612603
0.669368684323811
0.669583322035019
0.669797959746227
0.670012597457435
0.670227235168643
0.670441872879851
0.670656510591059
0.670871148302267
0.671085786013476
0.671300423724684
0.671515061435892
0.6717296991471
0.671944336858308
0.672158974569516
0.672373612280724
0.672588249991932
0.67280288770314
0.673017525414349
0.673232163125557
0.673446800836765
0.673661438547973
0.673876076259181
0.674090713970389
0.674305351681597
0.674519989392805
0.674734627104013
0.674949264815222
0.67516390252643
0.675378540237638
0.675593177948846
0.675807815660054
0.676022453371262
0.67623709108247
0.676451728793678
0.676666366504886
0.676881004216095
0.677095641927303
0.677310279638511
0.677524917349719
0.677739555060927
0.677954192772135
0.678168830483343
0.678383468194551
0.67859810590576
0.678812743616968
0.679027381328176
0.679242019039384
0.679456656750592
0.6796712944618
0.679885932173008
0.680100569884216
0.680315207595424
0.680529845306633
0.680744483017841
0.680959120729049
0.681173758440257
0.681388396151465
0.681603033862673
0.681817671573881
0.682032309285089
0.682246946996297
0.682461584707506
0.682676222418714
0.682890860129922
0.68310549784113
0.683320135552338
0.683534773263546
0.683749410974754
0.683964048685962
0.68417868639717
0.684393324108378
0.684607961819587
0.684822599530795
0.685037237242003
0.685251874953211
0.685466512664419
0.685681150375627
0.685895788086835
0.686110425798043
0.686325063509251
0.68653970122046
0.686754338931668
0.686968976642876
0.687183614354084
0.687398252065292
0.6876128897765
0.687827527487708
0.688042165198916
0.688256802910124
0.688471440621333
0.688686078332541
0.688900716043749
0.689115353754957
0.689329991466165
0.689544629177373
0.689759266888581
0.689973904599789
0.690188542310997
0.690403180022206
0.690617817733414
0.690832455444622
0.69104709315583
0.691261730867038
0.691476368578246
0.691691006289454
0.691905644000662
0.69212028171187
0.692334919423079
0.692549557134287
0.692764194845495
0.692978832556703
0.693193470267911
0.693408107979119
0.693622745690327
0.693837383401535
0.694052021112743
0.694266658823952
0.69448129653516
0.694695934246368
0.694910571957576
0.695125209668784
0.695339847379992
0.6955544850912
0.695769122802408
0.695983760513617
0.696198398224825
0.696413035936033
0.696627673647241
0.696842311358449
0.697056949069657
0.697271586780865
0.697486224492073
0.697700862203281
0.69791549991449
0.698130137625698
0.698344775336906
0.698559413048114
0.698774050759322
0.69898868847053
0.699203326181738
0.699417963892946
0.699632601604154
0.699847239315363
0.700061877026571
0.700276514737779
0.700491152448987
0.700705790160195
0.700920427871403
0.701135065582611
0.701349703293819
0.701564341005027
0.701778978716236
0.701993616427444
0.702208254138652
0.70242289184986
0.702637529561068
0.702852167272276
0.703066804983484
0.703281442694692
0.7034960804059
0.703710718117109
0.703925355828317
0.704139993539525
0.704354631250733
0.704569268961941
0.704783906673149
0.704998544384357
0.705213182095565
0.705427819806773
0.705642457517981
0.70585709522919
0.706071732940398
0.706286370651606
0.706501008362814
0.706715646074022
0.70693028378523
0.707144921496438
0.707359559207646
0.707574196918854
0.707788834630063
0.708003472341271
0.708218110052479
0.708432747763687
0.708647385474895
0.708862023186103
0.709076660897311
0.709291298608519
0.709505936319727
0.709720574030936
0.709935211742144
0.710149849453352
0.71036448716456
0.710579124875768
0.710793762586976
0.711008400298184
0.711223038009392
0.7114376757206
0.711652313431809
0.711866951143017
0.712081588854225
0.712296226565433
0.712510864276641
0.712725501987849
0.712940139699057
0.713154777410265
0.713369415121474
0.713584052832682
0.71379869054389
0.714013328255098
0.714227965966306
0.714442603677514
0.714657241388722
0.71487187909993
0.715086516811138
0.715301154522347
0.715515792233555
0.715730429944763
0.715945067655971
0.716159705367179
0.716374343078387
0.716588980789595
0.716803618500803
0.717018256212011
0.71723289392322
0.717447531634428
0.717662169345636
0.717876807056844
0.718091444768052
0.71830608247926
0.718520720190468
0.718735357901676
0.718949995612884
0.719164633324093
0.719379271035301
0.719593908746509
0.719808546457717
0.720023184168925
0.720237821880133
0.720452459591341
0.720667097302549
0.720881735013757
0.721096372724966
0.721311010436174
0.721525648147382
0.72174028585859
0.721954923569798
0.722169561281006
0.722384198992214
0.722598836703422
0.72281347441463
0.723028112125839
0.723242749837047
0.723457387548255
0.723672025259463
0.723886662970671
0.724101300681879
0.724315938393087
0.724530576104295
0.724745213815503
0.724959851526711
0.72517448923792
0.725389126949128
0.725603764660336
0.725818402371544
0.726033040082752
0.72624767779396
0.726462315505168
0.726676953216376
0.726891590927584
0.727106228638793
0.727320866350001
0.727535504061209
0.727750141772417
0.727964779483625
0.728179417194833
0.728394054906041
0.728608692617249
0.728823330328457
0.729037968039666
0.729252605750874
0.729467243462082
0.72968188117329
0.729896518884498
0.730111156595706
0.730325794306914
0.730540432018122
0.730755069729331
0.730969707440539
0.731184345151747
0.731398982862955
0.731613620574163
0.731828258285371
0.732042895996579
0.732257533707787
0.732472171418995
0.732686809130204
0.732901446841412
0.73311608455262
0.733330722263828
0.733545359975036
0.733759997686244
0.733974635397452
0.73418927310866
0.734403910819868
0.734618548531077
0.734833186242285
0.735047823953493
0.735262461664701
0.735477099375909
0.735691737087117
0.735906374798325
0.736121012509533
0.736335650220741
0.73655028793195
0.736764925643158
0.736979563354366
0.737194201065574
0.737408838776782
0.73762347648799
0.737838114199198
0.738052751910406
0.738267389621614
0.738482027332823
0.738696665044031
0.738911302755239
0.739125940466447
0.739340578177655
0.739555215888863
0.739769853600071
0.739984491311279
0.740199129022487
0.740413766733696
0.740628404444904
0.740843042156112
0.74105767986732
0.741272317578528
0.741486955289736
0.741701593000944
0.741916230712152
0.74213086842336
0.742345506134569
0.742560143845777
0.742774781556985
0.742989419268193
0.743204056979401
0.743418694690609
0.743633332401817
0.743847970113025
0.744062607824233
0.744277245535442
0.74449188324665
0.744706520957858
0.744921158669066
0.745135796380274
0.745350434091482
0.74556507180269
0.745779709513898
0.745994347225106
0.746208984936314
0.746423622647523
0.746638260358731
0.746852898069939
0.747067535781147
0.747282173492355
0.747496811203563
0.747711448914771
0.747926086625979
0.748140724337188
0.748355362048396
0.748569999759604
0.748784637470812
0.74899927518202
0.749213912893228
0.749428550604436
0.749643188315644
0.749857826026852
0.75007246373806
0.750287101449269
0.750501739160477
0.750716376871685
0.750931014582893
0.751145652294101
0.751360290005309
0.751574927716517
0.751789565427725
0.752004203138934
0.752218840850142
0.75243347856135
0.752648116272558
0.752862753983766
0.753077391694974
0.753292029406182
0.75350666711739
0.753721304828598
0.753935942539807
0.754150580251015
0.754365217962223
0.754579855673431
0.754794493384639
0.755009131095847
0.755223768807055
0.755438406518263
0.755653044229471
0.75586768194068
0.756082319651888
0.756296957363096
0.756511595074304
0.756726232785512
0.75694087049672
0.757155508207928
0.757370145919136
0.757584783630344
0.757799421341553
0.758014059052761
0.758228696763969
0.758443334475177
0.758657972186385
0.758872609897593
0.759087247608801
0.759301885320009
0.759516523031217
0.759731160742426
0.759945798453634
0.760160436164842
0.76037507387605
0.760589711587258
0.760804349298466
0.761018987009674
0.761233624720882
0.76144826243209
0.761662900143299
0.761877537854507
0.762092175565715
0.762306813276923
0.762521450988131
0.762736088699339
0.762950726410547
0.763165364121755
0.763380001832963
0.763594639544171
0.76380927725538
0.764023914966588
0.764238552677796
0.764453190389004
0.764667828100212
0.76488246581142
0.765097103522628
0.765311741233836
0.765526378945044
0.765741016656252
0.76595565436746
0.766170292078668
0.766384929789876
0.766599567501085
0.766814205212293
0.767028842923501
0.767243480634709
0.767458118345917
0.767672756057125
0.767887393768333
0.768102031479541
0.768316669190749
0.768531306901957
0.768745944613165
0.768960582324373
0.769175220035582
0.76938985774679
0.769604495457998
0.769819133169206
0.770033770880414
0.770248408591622
0.77046304630283
0.770677684014038
0.770892321725246
0.771106959436454
0.771321597147662
0.771536234858871
0.771750872570079
0.771965510281287
0.772180147992495
0.772394785703703
0.772609423414911
0.772824061126119
0.773038698837327
0.773253336548535
0.773467974259743
0.773682611970951
0.773897249682159
0.774111887393368
0.774326525104576
0.774541162815784
0.774755800526992
0.7749704382382
0.775185075949408
0.775399713660616
0.775614351371824
0.775828989083032
0.77604362679424
0.776258264505448
0.776472902216657
0.776687539927865
0.776902177639073
0.777116815350281
0.777331453061489
0.777546090772697
0.777760728483905
0.777975366195113
0.778190003906321
0.778404641617529
0.778619279328737
0.778833917039945
0.779048554751153
0.779263192462362
0.77947783017357
0.779692467884778
0.779907105595986
0.780121743307194
0.780336381018402
0.78055101872961
0.780765656440818
0.780980294152026
0.781194931863234
0.781409569574442
0.781624207285651
0.781838844996859
0.782053482708067
0.782268120419275
0.782482758130483
0.782697395841691
0.782912033552899
0.783126671264107
0.783341308975315
0.783555946686523
0.783770584397731
0.783985222108939
0.784199859820148
0.784414497531356
0.784629135242564
0.784843772953772
0.78505841066498
0.785273048376188
0.785487686087396
0.785702323798604
0.785916961509812
0.78613159922102
0.786346236932228
0.786560874643436
0.786775512354644
0.786990150065853
0.787204787777061
0.787419425488269
0.787634063199477
0.787848700910685
0.788063338621893
0.788277976333101
0.788492614044309
0.788707251755517
0.788921889466725
0.789136527177933
0.789351164889142
0.78956580260035
0.789780440311558
0.789995078022766
0.790209715733974
0.790424353445182
0.79063899115639
0.790853628867598
0.791068266578806
0.791282904290014
0.791497542001222
0.79171217971243
0.791926817423639
0.792141455134847
0.792356092846055
0.792570730557263
0.792785368268471
0.793000005979679
0.793214643690887
0.793429281402095
0.793643919113303
0.793858556824511
0.794073194535719
0.794287832246928
0.794502469958136
0.794717107669344
0.794931745380552
0.79514638309176
0.795361020802968
0.795575658514176
0.795790296225384
0.796004933936592
0.7962195716478
0.796434209359008
0.796648847070216
0.796863484781425
0.797078122492633
0.797292760203841
0.797507397915049
0.797722035626257
0.797936673337465
0.798151311048673
0.798365948759881
0.798580586471089
0.798795224182297
0.799009861893505
0.799224499604714
0.799439137315922
0.79965377502713
0.799868412738338
0.800083050449546
0.800297688160754
0.800512325871962
0.80072696358317
0.800941601294378
0.801156239005586
0.801370876716794
0.801585514428002
0.801800152139211
0.802014789850419
0.802229427561627
0.802444065272835
0.802658702984043
0.802873340695251
0.803087978406459
0.803302616117667
0.803517253828875
0.803731891540083
0.803946529251291
0.8041611669625
0.804375804673708
0.804590442384916
0.804805080096124
0.805019717807332
0.80523435551854
0.805448993229748
0.805663630940956
0.805878268652164
0.806092906363372
0.80630754407458
0.806522181785788
0.806736819496996
0.806951457208205
0.807166094919413
0.807380732630621
0.807595370341829
0.807810008053037
0.808024645764245
0.808239283475453
0.808453921186661
0.808668558897869
0.808883196609077
0.809097834320285
0.809312472031493
0.809527109742701
0.80974174745391
0.809956385165118
0.810171022876326
0.810385660587534
0.810600298298742
0.81081493600995
0.811029573721158
0.811244211432366
0.811458849143574
0.811673486854782
0.81188812456599
0.812102762277199
0.812317399988407
0.812532037699615
0.812746675410823
0.812961313122031
0.813175950833239
0.813390588544447
0.813605226255655
0.813819863966863
0.814034501678071
0.814249139389279
0.814463777100487
0.814678414811696
0.814893052522904
0.815107690234112
0.81532232794532
0.815536965656528
0.815751603367736
0.815966241078944
0.816180878790152
0.81639551650136
0.816610154212568
0.816824791923776
0.817039429634985
0.817254067346193
0.817468705057401
0.817683342768609
0.817897980479817
0.818112618191025
0.818327255902233
0.818541893613441
0.818756531324649
0.818971169035857
0.819185806747065
0.819400444458273
0.819615082169482
0.81982971988069
0.820044357591898
0.820258995303106
0.820473633014314
0.820688270725522
0.82090290843673
0.821117546147938
0.821332183859146
0.821546821570354
0.821761459281562
0.821976096992771
0.822190734703979
0.822405372415187
0.822620010126395
0.822834647837603
0.823049285548811
0.823263923260019
0.823478560971227
0.823693198682435
0.823907836393643
0.824122474104851
0.824337111816059
0.824551749527268
0.824766387238476
0.824981024949684
0.825195662660892
0.8254103003721
0.825624938083308
0.825839575794516
0.826054213505724
0.826268851216932
0.82648348892814
0.826698126639348
0.826912764350556
0.827127402061764
0.827342039772973
0.827556677484181
0.827771315195389
0.827985952906597
0.828200590617805
0.828415228329013
0.828629866040221
0.828844503751429
0.829059141462637
0.829273779173845
0.829488416885053
0.829703054596262
0.82991769230747
0.830132330018678
0.830346967729886
0.830561605441094
0.830776243152302
0.83099088086351
0.831205518574718
0.831420156285926
0.831634793997134
0.831849431708342
0.83206406941955
0.832278707130758
0.832493344841967
0.832707982553175
0.832922620264383
0.833137257975591
0.833351895686799
0.833566533398007
0.833781171109215
0.833995808820423
0.834210446531631
0.834425084242839
0.834639721954048
0.834854359665256
0.835068997376464
0.835283635087672
0.83549827279888
0.835712910510088
0.835927548221296
0.836142185932504
0.836356823643712
0.83657146135492
0.836786099066128
0.837000736777336
0.837215374488544
0.837430012199753
0.837644649910961
0.837859287622169
0.838073925333377
0.838288563044585
0.838503200755793
0.838717838467001
0.838932476178209
0.839147113889417
0.839361751600625
0.839576389311833
0.839791027023042
0.84000566473425
0.840220302445458
0.840434940156666
0.840649577867874
0.840864215579082
0.84107885329029
0.841293491001498
0.841508128712706
0.841722766423914
0.841937404135122
0.84215204184633
0.842366679557539
0.842581317268747
0.842795954979955
0.843010592691163
0.843225230402371
0.843439868113579
0.843654505824787
0.843869143535995
0.844083781247203
0.844298418958411
0.844513056669619
0.844727694380828
0.844942332092036
0.845156969803244
0.845371607514452
0.84558624522566
0.845800882936868
0.846015520648076
0.846230158359284
0.846444796070492
0.8466594337817
0.846874071492908
0.847088709204116
0.847303346915324
0.847517984626533
0.847732622337741
0.847947260048949
0.848161897760157
0.848376535471365
0.848591173182573
0.848805810893781
0.849020448604989
0.849235086316197
0.849449724027405
0.849664361738613
0.849878999449821
0.85009363716103
0.850308274872238
0.850522912583446
0.850737550294654
0.850952188005862
0.85116682571707
0.851381463428278
0.851596101139486
0.851810738850694
0.852025376561902
0.85224001427311
0.852454651984319
0.852669289695527
0.852883927406735
0.853098565117943
0.853313202829151
0.853527840540359
0.853742478251567
0.853957115962775
0.854171753673983
0.854386391385191
0.854601029096399
0.854815666807607
0.855030304518816
0.855244942230024
0.855459579941232
0.85567421765244
0.855888855363648
0.856103493074856
0.856318130786064
0.856532768497272
0.85674740620848
0.856962043919688
0.857176681630896
0.857391319342105
0.857605957053313
0.857820594764521
0.858035232475729
0.858249870186937
0.858464507898145
0.858679145609353
0.858893783320561
0.859108421031769
0.859323058742977
0.859537696454185
0.859752334165393
0.859966971876601
0.86018160958781
0.860396247299018
0.860610885010226
0.860825522721434
0.861040160432642
0.86125479814385
0.861469435855058
0.861684073566266
0.861898711277474
0.862113348988682
0.86232798669989
0.862542624411099
0.862757262122307
0.862971899833515
0.863186537544723
0.863401175255931
0.863615812967139
0.863830450678347
0.864045088389555
0.864259726100763
0.864474363811971
0.864689001523179
0.864903639234387
0.865118276945596
0.865332914656804
0.865547552368012
0.86576219007922
0.865976827790428
0.866191465501636
0.866406103212844
0.866620740924052
0.86683537863526
0.867050016346468
0.867264654057676
0.867479291768884
0.867693929480092
0.867908567191301
0.868123204902509
0.868337842613717
0.868552480324925
0.868767118036133
0.868981755747341
0.869196393458549
0.869411031169757
0.869625668880965
0.869840306592173
0.870054944303381
0.87026958201459
0.870484219725798
0.870698857437006
0.870913495148214
0.871128132859422
0.87134277057063
0.871557408281838
0.871772045993046
0.871986683704254
0.872201321415462
0.87241595912667
0.872630596837878
0.872845234549087
0.873059872260295
0.873274509971503
0.873489147682711
0.873703785393919
0.873918423105127
0.874133060816335
0.874347698527543
0.874562336238751
0.874776973949959
0.874991611661167
0.875206249372376
0.875420887083584
0.875635524794792
0.875850162506
0.876064800217208
0.876279437928416
0.876494075639624
0.876708713350832
0.87692335106204
0.877137988773248
0.877352626484456
0.877567264195664
0.877781901906873
0.877996539618081
0.878211177329289
0.878425815040497
0.878640452751705
0.878855090462913
0.879069728174121
0.879284365885329
0.879499003596537
0.879713641307745
0.879928279018953
0.880142916730162
0.88035755444137
0.880572192152578
0.880786829863786
0.881001467574994
0.881216105286202
0.88143074299741
0.881645380708618
0.881860018419826
0.882074656131034
0.882289293842242
0.88250393155345
0.882718569264658
0.882933206975867
0.883147844687075
0.883362482398283
0.883577120109491
0.883791757820699
0.884006395531907
0.884221033243115
0.884435670954323
0.884650308665531
0.884864946376739
0.885079584087947
0.885294221799156
0.885508859510364
0.885723497221572
0.88593813493278
0.886152772643988
0.886367410355196
0.886582048066404
0.886796685777612
0.88701132348882
0.887225961200028
0.887440598911236
0.887655236622444
0.887869874333653
0.888084512044861
0.888299149756069
0.888513787467277
0.888728425178485
0.888943062889693
0.889157700600901
0.889372338312109
0.889586976023317
0.889801613734525
0.890016251445733
0.890230889156941
0.890445526868149
0.890660164579358
0.890874802290566
0.891089440001774
0.891304077712982
0.89151871542419
0.891733353135398
0.891947990846606
0.892162628557814
0.892377266269022
0.89259190398023
0.892806541691438
0.893021179402647
0.893235817113855
0.893450454825063
0.893665092536271
0.893879730247479
0.894094367958687
0.894309005669895
0.894523643381103
0.894738281092311
0.894952918803519
0.895167556514727
0.895382194225935
0.895596831937144
0.895811469648352
0.89602610735956
0.896240745070768
0.896455382781976
0.896670020493184
0.896884658204392
0.8970992959156
0.897313933626808
0.897528571338016
0.897743209049224
0.897957846760433
0.898172484471641
0.898387122182849
0.898601759894057
0.898816397605265
0.899031035316473
0.899245673027681
0.899460310738889
0.899674948450097
0.899889586161305
0.900104223872513
0.900318861583721
0.90053349929493
0.900748137006138
0.900962774717346
0.901177412428554
0.901392050139762
0.90160668785097
0.901821325562178
0.902035963273386
0.902250600984594
0.902465238695802
0.90267987640701
0.902894514118219
0.903109151829427
0.903323789540635
0.903538427251843
0.903753064963051
0.903967702674259
0.904182340385467
0.904396978096675
0.904611615807883
0.904826253519091
0.905040891230299
0.905255528941507
0.905470166652716
0.905684804363924
0.905899442075132
0.90611407978634
0.906328717497548
0.906543355208756
0.906757992919964
0.906972630631172
0.90718726834238
0.907401906053588
0.907616543764796
0.907831181476005
0.908045819187212
0.908260456898421
0.908475094609629
0.908689732320837
0.908904370032045
0.909119007743253
0.909333645454461
0.909548283165669
0.909762920876877
0.909977558588085
0.910192196299293
0.910406834010501
0.91062147172171
0.910836109432918
0.911050747144126
0.911265384855334
0.911480022566542
0.91169466027775
0.911909297988958
0.912123935700166
0.912338573411374
0.912553211122582
0.91276784883379
0.912982486544998
0.913197124256206
0.913411761967415
0.913626399678623
0.913841037389831
0.914055675101039
0.914270312812247
0.914484950523455
0.914699588234663
0.914914225945871
0.915128863657079
0.915343501368287
0.915558139079495
0.915772776790704
0.915987414501912
0.91620205221312
0.916416689924328
0.916631327635536
0.916845965346744
0.917060603057952
0.91727524076916
0.917489878480368
0.917704516191576
0.917919153902784
0.918133791613992
0.918348429325201
0.918563067036409
0.918777704747617
0.918992342458825
0.919206980170033
0.919421617881241
0.919636255592449
0.919850893303657
0.920065531014865
0.920280168726073
0.920494806437281
0.92070944414849
0.920924081859698
0.921138719570906
0.921353357282114
0.921567994993322
0.92178263270453
0.921997270415738
0.922211908126946
0.922426545838154
0.922641183549362
0.92285582126057
0.923070458971778
0.923285096682987
0.923499734394195
0.923714372105403
0.923929009816611
0.924143647527819
0.924358285239027
0.924572922950235
0.924787560661443
0.925002198372651
0.925216836083859
0.925431473795067
0.925646111506276
0.925860749217484
0.926075386928692
0.9262900246399
0.926504662351108
0.926719300062316
0.926933937773524
0.927148575484732
0.92736321319594
0.927577850907148
0.927792488618356
0.928007126329564
0.928221764040773
0.928436401751981
0.928651039463189
0.928865677174397
0.929080314885605
0.929294952596813
0.929509590308021
0.929724228019229
0.929938865730437
0.930153503441645
0.930368141152853
0.930582778864061
0.930797416575269
0.931012054286478
0.931226691997686
0.931441329708894
0.931655967420102
0.93187060513131
0.932085242842518
0.932299880553726
0.932514518264934
0.932729155976142
0.93294379368735
0.933158431398558
0.933373069109767
0.933587706820975
0.933802344532183
0.934016982243391
0.934231619954599
0.934446257665807
0.934660895377015
0.934875533088223
0.935090170799431
0.935304808510639
0.935519446221847
0.935734083933055
0.935948721644263
0.936163359355472
0.93637799706668
0.936592634777888
0.936807272489096
0.937021910200304
0.937236547911512
0.93745118562272
0.937665823333928
0.937880461045136
0.938095098756344
0.938309736467552
0.938524374178761
0.938739011889969
0.938953649601177
0.939168287312385
0.939382925023593
0.939597562734801
0.939812200446009
0.940026838157217
0.940241475868425
0.940456113579633
0.940670751290841
0.940885389002049
0.941100026713258
0.941314664424466
0.941529302135674
0.941743939846882
0.94195857755809
0.942173215269298
0.942387852980506
0.942602490691714
0.942817128402922
0.94303176611413
0.943246403825338
0.943461041536547
0.943675679247755
0.943890316958963
0.944104954670171
0.944319592381379
0.944534230092587
0.944748867803795
0.944963505515003
0.945178143226211
0.945392780937419
0.945607418648627
0.945822056359835
0.946036694071044
0.946251331782252
0.94646596949346
0.946680607204668
0.946895244915876
0.947109882627084
0.947324520338292
0.9475391580495
0.947753795760708
0.947968433471916
0.948183071183124
0.948397708894333
0.948612346605541
0.948826984316749
0.949041622027957
0.949256259739165
0.949470897450373
0.949685535161581
0.949900172872789
0.950114810583997
0.950329448295205
0.950544086006413
0.950758723717621
0.950973361428829
0.951187999140038
0.951402636851246
0.951617274562454
0.951831912273662
0.95204654998487
0.952261187696078
0.952475825407286
0.952690463118494
0.952905100829702
0.95311973854091
0.953334376252118
0.953549013963326
0.953763651674535
0.953978289385743
0.954192927096951
0.954407564808159
0.954622202519367
0.954836840230575
0.955051477941783
0.955266115652991
0.955480753364199
0.955695391075407
0.955910028786615
0.956124666497824
0.956339304209032
0.95655394192024
0.956768579631448
0.956983217342656
0.957197855053864
0.957412492765072
0.95762713047628
0.957841768187488
0.958056405898696
0.958271043609904
0.958485681321112
0.958700319032321
0.958914956743529
0.959129594454737
0.959344232165945
0.959558869877153
0.959773507588361
0.959988145299569
0.960202783010777
0.960417420721985
0.960632058433193
0.960846696144401
0.96106133385561
0.961275971566818
0.961490609278026
0.961705246989234
0.961919884700442
0.96213452241165
0.962349160122858
0.962563797834066
0.962778435545274
0.962993073256482
0.96320771096769
0.963422348678898
0.963636986390106
0.963851624101315
0.964066261812523
0.964280899523731
0.964495537234939
0.964710174946147
0.964924812657355
0.965139450368563
0.965354088079771
0.965568725790979
0.965783363502187
0.965998001213395
0.966212638924604
0.966427276635812
0.96664191434702
0.966856552058228
0.967071189769436
0.967285827480644
0.967500465191852
0.96771510290306
0.967929740614268
0.968144378325476
0.968359016036684
0.968573653747892
0.968788291459101
0.969002929170309
0.969217566881517
0.969432204592725
0.969646842303933
0.969861480015141
0.970076117726349
0.970290755437557
0.970505393148765
0.970720030859973
0.970934668571181
0.971149306282389
0.971363943993597
0.971578581704806
0.971793219416014
0.972007857127222
0.97222249483843
0.972437132549638
0.972651770260846
0.972866407972054
0.973081045683262
0.97329568339447
0.973510321105678
0.973724958816886
0.973939596528095
0.974154234239303
0.974368871950511
0.974583509661719
0.974798147372927
0.975012785084135
0.975227422795343
0.975442060506551
0.975656698217759
0.975871335928967
0.976085973640175
0.976300611351383
0.976515249062592
0.9767298867738
0.976944524485008
0.977159162196216
0.977373799907424
0.977588437618632
0.97780307532984
0.978017713041048
0.978232350752256
0.978446988463464
0.978661626174672
0.978876263885881
0.979090901597089
0.979305539308297
0.979520177019505
0.979734814730713
0.979949452441921
0.980164090153129
0.980378727864337
0.980593365575545
0.980808003286753
0.981022640997961
0.981237278709169
0.981451916420378
0.981666554131586
0.981881191842794
0.982095829554002
0.98231046726521
0.982525104976418
0.982739742687626
0.982954380398834
0.983169018110042
0.98338365582125
0.983598293532458
0.983812931243667
0.984027568954875
0.984242206666083
0.984456844377291
0.984671482088499
0.984886119799707
0.985100757510915
0.985315395222123
0.985530032933331
0.985744670644539
0.985959308355747
0.986173946066955
0.986388583778163
0.986603221489372
0.98681785920058
0.987032496911788
0.987247134622996
0.987461772334204
0.987676410045412
0.98789104775662
0.988105685467828
0.988320323179036
0.988534960890244
0.988749598601452
0.988964236312661
0.989178874023869
0.989393511735077
0.989608149446285
0.989822787157493
0.990037424868701
0.990252062579909
0.990466700291117
0.990681338002325
0.990895975713533
0.991110613424741
0.991325251135949
0.991539888847158
0.991754526558366
0.991969164269574
0.992183801980782
0.99239843969199
0.992613077403198
0.992827715114406
0.993042352825614
0.993256990536822
0.99347162824803
0.993686265959238
0.993900903670446
0.994115541381654
0.994330179092863
0.994544816804071
0.994759454515279
0.994974092226487
0.995188729937695
0.995403367648903
0.995618005360111
0.995832643071319
0.996047280782527
0.996261918493735
0.996476556204943
0.996691193916152
0.99690583162736
0.997120469338568
0.997335107049776
0.997549744760984
0.997764382472192
0.9979790201834
0.998193657894608
0.998408295605816
0.998622933317024
0.998837571028232
0.99905220873944
0.999266846450649
0.999481484161857
0.999696121873065
0.999910759584273
1.00012539729548
1.00034003500669
