0.001953125
0.00268148634224158
0.00340795971688575
0.00413255221873279
0.00485527091098094
0.00557612282538889
0.0062951149624354
0.00701225429147844
0.00772754775091332
0.0084410022483297
0.00915262466066952
0.00986242183438023
0.0105704005855712
0.0112765677001662
0.0119809299340581
0.0126834940132591
0.0133842666340525
0.0140832544631444
0.0147804641378108
0.0154759022660481
0.0161695754267205
0.0168614901697066
0.0175516530160459
0.0182400704580838
0.0189267489596171
0.0196116949560364
0.0202949148544696
0.020976415033925
0.0216562018454306
0.0223342816121762
0.023010660629653
0.0236853451657917
0.0243583414611015
0.0250296557288076
0.025699294154987
0.0263672628987048
0.0270335680921503
0.0276982158407697
0.0283612122234006
0.0290225632924056
0.0296822750738028
0.0303403535673984
0.0309968047469175
0.0316516345601331
0.032304848928996
0.0329564537497634
0.0336064548931265
0.0342548582043373
0.0349016695033354
0.0355468945848741
0.0361905392186442
0.0368326091493992
0.0374731100970791
0.0381120477569325
0.0387494277996393
0.0393852558714329
0.0400195375942198
0.0406522785657008
0.0412834843594906
0.0419131605252362
0.0425413125887353
0.0431679460520545
0.0437930663936456
0.0444166790684618
0.0450387895080745
0.045659403120787
0.0462785252917496
0.0468961613830738
0.0475123167339445
0.048126996660733
0.0487402064571095
0.0493519513941536
0.049962236720465
0.0505710676622747
0.0511784494235531
0.0517843871861199
0.0523888861097517
0.0529919513322907
0.0535935879697507
0.0541938011164242
0.0547925958449889
0.0553899772066121
0.0559859502310557
0.0565805199267816
0.0571736912810537
0.057765469260042
0.0583558588089255
0.0589448648519932
0.059532492292746
0.0601187460139981
0.0607036308779765
0.0612871517264214
0.0618693133806854
0.0624501206418319
0.0630295782907336
0.0636076910881702
0.0641844637749255
0.0647599010718834
0.0653340076801254
0.0659067882810249
0.0664782475363425
0.0670483900883208
0.067617220559779
0.0681847435542051
0.0687509636558498
0.0693158854298192
0.0698795134221663
0.0704418521599824
0.0710029061514893
0.0715626798861285
0.0721211778346518
0.0726784044492113
0.0732343641634479
0.0737890613925801
0.0743425005334925
0.074894685964823
0.0754456220470503
0.0759953131225807
0.0765437635158343
0.0770909775333304
0.077636959463774
0.0781817135781394
0.0787252441297555
0.0792675553543897
0.0798086514703312
0.0803485366784742
0.0808872151624009
0.0814246910884634
0.0819609686058653
0.0824960518467438
0.08302994492625
0.0835626519426298
0.0840941769773032
0.0846245240949455
0.0851536973435648
0.0856817007545819
0.0862085383429084
0.0867342141070247
0.0872587320290573
0.0877820960748568
0.0883043101940734
0.0888253783202343
0.0893453043708193
0.0898640922473362
0.0903817458353958
0.0908982690047875
0.0914136656095527
0.0919279394880591
0.0924410944630746
0.0929531343418399
0.0934640629161416
0.0939738839623853
0.0944826012416662
0.0949902184998418
0.0954967394676031
0.0960021678605454
0.0965065073792386
0.0970097617092976
0.0975119345214525
0.0980130294716172
0.0985130502009591
0.0990120003359677
0.0995098834885229
0.100006703255963
0.100502463221152
0.100997166952549
0.10149081800427
0.101983419916162
0.102474976213863
0.102965490408869
0.103454965998602
0.103943406466476
0.104430815281955
0.104917195900627
0.10540255176426
0.105886886300872
0.10637020292479
0.106852505036717
0.107333796023791
0.107814079259652
0.108293358104499
0.108771635905159
0.10924891599514
0.109725201694699
0.110200496310901
0.110674803137678
0.111148125455892
0.111620466533392
0.112091829625078
0.112562217972956
0.113031634806198
0.113500083341204
0.113967566781658
0.114434088318586
0.114899651130412
0.115364258383022
0.115827913229815
0.116290618811763
0.116752378257466
0.117213194683211
0.117673071193025
0.118132010878734
0.118590016820017
0.119047092084459
0.119503239727611
0.11995846279304
0.120412764312388
0.120866147305421
0.121318614780088
0.121770169732569
0.122220815147335
0.122670553997195
0.123119389243354
0.123567323835459
0.124014360711659
0.124460502798652
0.124905753011736
0.125350114254865
0.125793589420697
0.126236181390645
0.126677893034928
0.127118727212623
0.127558686771712
0.127997774549135
0.12843599337084
0.128873346051827
0.129309835396204
0.129745464197233
0.130180235237378
0.130614151288354
0.131047215111176
0.131479429456205
0.131910797063198
0.132341320661355
0.132771002969364
0.133199846695451
0.133627854537425
0.134055029182726
0.134481373308467
0.134906889581487
0.135331580658392
0.1357554491856
0.13617849779939
0.136600729125945
0.137022145781395
0.137442750371868
0.137862545493525
0.138281533732614
0.138699717665507
0.139117099858748
0.139533682869092
0.139949469243555
0.140364461519451
0.140778662224438
0.14119207387656
0.14160469898429
0.142016540046571
0.142427599552859
0.142837879983166
0.143247383808099
0.143656113488905
0.144064071477507
0.144471260216552
0.144877682139445
0.145283339670395
0.145688235224451
0.146092371207546
0.146495750016536
0.146898374039237
0.14730024565447
0.147701367232094
0.148101741133052
0.148501369709405
0.148900255304372
0.149298400252371
0.149695806879054
0.15009247750135
0.150488414427496
0.150883619957082
0.151278096381086
0.151671845981909
0.152064871033418
0.152457173800978
0.152848756541491
0.153239621503433
0.153629770926891
0.154019207043597
0.154407932076969
0.154795948242142
0.155183257746008
0.155569862787248
0.15595576555637
0.156340968235745
0.156725472999641
0.157109282014256
0.157492397437759
0.157874821420317
0.158256556104136
0.158637603623491
0.159017966104762
0.15939764566647
0.159776644419307
0.160154964466172
0.160532607902204
0.160909576814816
0.161285873283727
0.161661499380996
0.162036457171057
0.162410748710745
0.162784376049337
0.163157341228579
0.163529646282719
0.163901293238541
0.164272284115395
0.164642620925231
0.165012305672627
0.165381340354825
0.16574972696176
0.166117467476089
0.166484563873226
0.166851018121373
0.167216832181545
0.167582008007608
0.167946547546305
0.168310452737287
0.168673725513144
0.169036367799434
0.169398381514714
0.169759768570569
0.170120530871642
0.170480670315661
0.170840188793475
0.171199088189074
0.171557370379625
0.171915037235498
0.172272090620297
0.172628532390883
0.17298436439741
0.173339588483348
0.173694206485514
0.174048220234098
0.174401631552692
0.174754442258318
0.175106654161455
0.175458269066067
0.175809288769632
0.176159715063164
0.176509549731247
0.176858794552058
0.177207451297393
0.177555521732697
0.177903007617089
0.178249910703388
0.178596232738139
0.178941975461642
0.179287140607976
0.179631729905024
0.179975745074501
0.180319187831979
0.180662059886913
0.181004362942664
0.18134609869653
0.181687268839765
0.182027875057607
0.182367919029305
0.182707402428141
0.183046326921454
0.183384694170668
0.183722505831316
0.184059763553061
0.184396468979725
0.184732623749309
0.185068229494021
0.185403287840297
0.185737800408825
0.186071768814572
0.186405194666805
0.186738079569113
0.187070425119436
0.18740223291008
0.18773350452775
0.188064241553564
0.188394445563083
0.18872411812633
0.189053260807813
0.18938187516655
0.189709962756089
0.190037525124531
0.190364563814556
0.190691080363439
0.191017076303077
0.191342553160007
0.191667512455435
0.191991955705249
0.192315884420046
0.192639300105155
0.192962204260654
0.193284598381393
0.193606483957018
0.19392786247199
0.194248735405605
0.194569104232017
0.19488897042026
0.195208335434265
0.195527200732886
0.195845567769914
0.196163437994105
0.196480812849194
0.19679769377392
0.197114082202043
0.197429979562369
0.197745387278762
0.198060306770172
0.198374739450651
0.198688686729375
0.199002150010659
0.199315130693982
0.199627630174006
0.199939649840591
0.200251191078819
0.200562255269012
0.20087284378675
0.201182958002892
0.201492599283592
0.201801768990322
0.202110468479889
0.202418699104451
0.202726462211541
0.203033759144082
0.203340591240406
0.203646959834272
0.203952866254887
0.204258311826921
0.204563297870528
0.20486782570136
0.205171896630591
0.205475511964929
0.205778673006637
0.206081381053552
0.206383637399099
0.206685443332311
0.206986800137845
0.207287709096003
0.207588171482744
0.207888188569707
0.208187761624223
0.208486891909335
0.208785580683815
0.209083829202181
0.209381638714712
0.209679010467467
0.209975945702301
0.210272445656882
0.210568511564706
0.210864144655116
0.211159346153317
0.211454117280392
0.211748459253319
0.212042373284988
0.212335860584215
0.21262892235576
0.212921559800343
0.213213774114658
0.213505566491391
0.213796938119234
0.214087890182903
0.214378423863153
0.214668540336789
0.214958240776689
0.215247526351816
0.215536398227231
0.215824857564112
0.216112905519767
0.216400543247652
0.21668777189738
0.216974592614744
0.217261006541726
0.217547014816516
0.217832618573521
0.218117818943387
0.218402617053009
0.218687014025547
0.218971010980441
0.219254609033423
0.219537809296536
0.219820612878144
0.220103020882949
0.220385034412003
0.220666654562727
0.220947882428916
0.221228719100764
0.22150916566487
0.221789223204255
0.222068892798377
0.22234817552314
0.222627072450916
0.222905584650548
0.223183713187375
0.223461459123236
0.223738823516489
0.224015807422023
0.224292411891272
0.224568637972226
0.224844486709447
0.225119959144081
0.225395056313871
0.225669779253172
0.22594412899296
0.226218106560849
0.226491712981102
0.226764949274644
0.227037816459077
0.227310315548688
0.227582447554465
0.227854213484111
0.228125614342054
0.228396651129459
0.228667324844243
0.228937636481087
0.229207587031445
0.229477177483562
0.229746408822481
0.230015282030058
0.230283798084973
0.230551957962745
0.230819762635739
0.231087213073181
0.231354310241171
0.231621055102693
0.231887448617627
0.232153491742762
0.232419185431805
0.232684530635397
0.232949528301121
0.233214179373515
0.233478484794084
0.233742445501309
0.234006062430662
0.234269336514617
0.234532268682656
0.234794859861288
0.235057110974055
0.235319022941545
0.235580596681403
0.235841833108341
0.236102733134153
0.236363297667719
0.236623527615023
0.236883423879159
0.237142987360346
0.237402218955935
0.237661119560422
0.237919690065456
0.238177931359855
0.238435844329612
0.238693429857906
0.238950688825115
0.239207622108824
0.239464230583837
0.239720515122186
0.239976476593143
0.24023211586323
0.240487433796227
0.240742431253186
0.240997109092437
0.241251468169603
0.241505509337605
0.241759233446676
0.242012641344368
0.242265733875565
0.242518511882491
0.242770976204719
0.243023127679184
0.243274967140189
0.243526495419418
0.243777713345943
0.244028621746238
0.244279221444181
0.244529513261072
0.244779498015638
0.245029176524041
0.245278549599894
0.245527618054261
0.245776382695677
0.246024844330147
0.246273003761164
0.246520861789713
0.24676841921428
0.247015676830866
0.247262635432992
0.247509295811708
0.247755658755605
0.24800172505082
0.24824749548105
0.248492970827557
0.248738151869178
0.248983039382333
0.249227634141038
0.249471936916908
0.249715948479169
0.249959669594667
0.250203101027875
0.250446243540904
0.250689097893509
0.250931664843098
0.251173945144744
0.251415939551189
0.251657648812854
0.25189907367785
0.252140214891981
0.252381073198758
0.252621649339405
0.252861944052865
0.253101958075814
0.253341692142662
0.253581146985568
0.253820323334444
0.254059221916963
0.25429784345857
0.254536188682488
0.254774258309726
0.255012053059089
0.255249573647182
0.255486820788422
0.255723795195045
0.25596049757711
0.256196928642514
0.256433089096992
0.256668979644131
0.256904600985375
0.257139953820031
0.257375038845282
0.257609856756189
0.2578444082457
0.258078694004661
0.25831271472182
0.258546471083835
0.258779963775282
0.259013193478663
0.259246160874413
0.259478866640907
0.259711311454468
0.259943495989374
0.260175420917863
0.260407086910147
0.26063849463441
0.260869644756825
0.261100537941551
0.261331174850749
0.261561556144584
0.261791682481235
0.262021554516898
0.262251172905798
0.262480538300192
0.262709651350379
0.262938512704706
0.263167123009571
0.263395482909439
0.263623593046838
0.263851454062374
0.264079066594734
0.264306431280694
0.264533548755126
0.264760419651002
0.264987044599406
0.265213424229535
0.265439559168708
0.265665450042376
0.265891097474122
0.266116502085673
0.266341664496902
0.266566585325839
0.266791265188677
0.267015704699772
0.26723990447166
0.267463865115053
0.267687587238853
0.267911071450155
0.268134318354253
0.268357328554647
0.268580102653051
0.268802641249397
0.269024944941839
0.269247014326767
0.269468849998804
0.269690452550818
0.269911822573928
0.270132960657506
0.270353867389186
0.270574543354872
0.27079498913874
0.271015205323244
0.271235192489128
0.271454951215424
0.271674482079463
0.27189378565688
0.272112862521618
0.272331713245936
0.272550338400414
0.27276873855396
0.272986914273812
0.27320486612555
0.273422594673094
0.273640100478716
0.273857384103046
0.274074446105071
0.274291287042147
0.274507907470003
0.274724307942744
0.274940489012862
0.275156451231235
0.275372195147138
0.275587721308244
0.275803030260635
0.276018122548802
0.276232998715653
0.276447659302519
0.276662104849158
0.27687633589376
0.277090352972956
0.277304156621817
0.277517747373866
0.277731125761079
0.277944292313892
0.278157247561205
0.278369992030388
0.278582526247288
0.278794850736231
0.279006966020028
0.279218872619982
0.279430571055891
0.279642061846055
0.27985334550728
0.280064422554883
0.280275293502696
0.280485958863073
0.280696419146896
0.280906674863575
0.28111672652106
0.281326574625839
0.281536219682948
0.281745662195972
0.281954902667055
0.282163941596899
0.282372779484774
0.282581416828518
0.282789854124546
0.282998091867852
0.283206130552017
0.28341397066921
0.283621612710193
0.283829057164331
0.284036304519589
0.284243355262542
0.28445020987838
0.284656868850907
0.284863332662553
0.285069601794373
0.285275676726054
0.28548155793592
0.285687245900935
0.28589274109671
0.286098043997502
0.286303155076228
0.286508074804459
0.286712803652431
0.286917342089048
0.287121690581887
0.2873258495972
0.287529819599922
0.287733601053671
0.287937194420757
0.288140600162182
0.28834381873765
0.288546850605563
0.288749696223035
0.288952356045887
0.289154830528659
0.289357120124609
0.289559225285721
0.289761146462704
0.289962884105003
0.290164438660799
0.290365810577012
0.290567000299308
0.290768008272105
0.290968834938569
0.291169480740629
0.291369946118971
0.291570231513049
0.291770337361085
0.291970264100078
0.292170012165802
0.292369581992811
0.292568974014449
0.292768188662848
0.292967226368931
0.293166087562423
0.293364772671848
0.293563282124534
0.293761616346623
0.293959775763066
0.294157760797634
0.294355571872915
0.294553209410327
0.294750673830113
0.29494796555135
0.295145084991951
0.295342032568668
0.295538808697098
0.295735413791687
0.295931848265729
0.296128112531375
0.296324206999635
0.296520132080381
0.296715888182351
0.296911475713152
0.297106895079267
0.297302146686055
0.297497230937753
0.297692148237487
0.297886898987268
0.298081483587999
0.298275902439479
0.298470155940404
0.298664244488375
0.298858168479896
0.299051928310381
0.299245524374159
0.299438957064473
0.299632226773486
0.299825333892284
0.300018278810882
0.300211061918222
0.300403683602181
0.300596144249575
0.300788444246156
0.300980583976624
0.301172563824624
0.301364384172751
0.301556045402556
0.301747547894546
0.301938892028187
0.302130078181912
0.30232110673312
0.302511978058178
0.30270269253243
0.302893250530196
0.303083652424776
0.303273898588452
0.303463989392495
0.303653925207166
0.303843706401717
0.304033333344398
0.304222806402458
0.304412125942148
0.304601292328726
0.304790305926459
0.304979167098624
0.305167876207516
0.305356433614447
0.305544839679749
0.305733094762782
0.30592119922193
0.306109153414609
0.30629695769727
0.3064846124254
0.306672117953523
0.30685947463521
0.307046682823075
0.307233742868782
0.307420655123046
0.307607419935637
0.307794037655384
0.307980508630174
0.308166833206959
0.308353011731759
0.30853904454966
0.308724932004823
0.308910674440484
0.309096272198957
0.309281725621634
0.309467035048996
0.309652200820606
0.309837223275121
0.310022102750286
0.310206839582944
0.310391434109034
0.310575886663599
0.310760197580782
0.310944367193835
0.311128395835117
0.3113122838361
0.311496031527371
0.311679639238635
0.311863107298715
0.312046436035558
0.312229625776236
0.312412676846951
0.312595589573034
0.312778364278951
0.312961001288302
0.313143500923829
0.313325863507414
0.313508089360083
0.313690178802008
0.313872132152514
0.314053949730074
0.314235631852319
0.314417178836034
0.314598590997167
0.314779868650826
0.314961012111286
0.315142021691988
0.315322897705544
0.315503640463739
0.315684250277532
0.31586472745706
0.31604507231164
0.316225285149774
0.316405366279145
0.316585316006627
0.316765134638284
0.31694482247937
0.317124379834337
0.317303807006833
0.317483104299705
0.317662272015005
0.317841310453988
0.318020219917116
0.318199000704062
0.318377653113708
0.318556177444155
0.318734573992716
0.318912843055927
0.319090984929542
0.319268999908542
0.319446888287132
0.319624650358746
0.31980228641605
0.31997979675094
0.320157181654551
0.320334441417255
0.320511576328661
0.320688586677624
0.320865472752242
0.32104223483986
0.321218873227071
0.321395388199722
0.321571780042911
0.321748049040993
0.321924195477581
0.322100219635547
0.322276121797029
0.322451902243424
0.322627561255402
0.322803099112898
0.322978516095119
0.323153812480546
0.323328988546936
0.323504044571323
0.323678980830019
0.323853797598623
0.324028495152013
0.324203073764355
0.324377533709105
0.324551875259008
0.324726098686101
0.324900204261717
0.325074192256485
0.325248062940333
0.325421816582489
0.325595453451487
0.325768973815163
0.32594237794066
0.326115666094432
0.326288838542244
0.326461895549172
0.32663483737961
0.326807664297268
0.326980376565174
0.327152974445678
0.327325458200456
0.327497828090504
0.32767008437615
0.327842227317048
0.328014257172185
0.328186174199879
0.328357978657786
0.328529670802897
0.328701250891541
0.328872719179389
0.329044075921456
0.3292153213721
0.329386455785026
0.329557479413286
0.329728392509286
0.329899195324782
0.330069888110883
0.330240471118055
0.330410944596124
0.330581308794272
0.330751563961046
0.330921710344354
0.331091748191471
0.331261677749037
0.331431499263064
0.331601212978933
0.331770819141397
0.331940317994585
0.332109709782
0.332278994746526
0.332448173130425
0.33261724517534
0.332786211122299
0.332955071211714
0.333123825683384
0.333292474776498
0.333461018729633
0.333629457780761
0.333797792167246
0.333966022125847
0.334134147892723
0.334302169703431
0.334470087792927
0.334637902395572
0.33480561374513
0.334973222074771
0.335140727617074
0.335308130604025
0.335475431267023
0.335642629836878
0.335809726543817
0.33597672161748
0.336143615286927
0.336310407780635
0.336477099326505
0.336643690151858
0.336810180483441
0.336976570547426
0.337142860569412
0.337309050774429
0.337475141386935
0.337641132630824
0.337807024729421
0.337972817905488
0.338138512381224
0.338304108378265
0.338469606117691
0.33863500582002
0.338800307705216
0.338965511992687
0.339130618901288
0.339295628649323
0.339460541454543
0.339625357534154
0.339790077104811
0.339954700382626
0.340119227583166
0.340283658921455
0.340447994611977
0.340612234868675
0.340776379904955
0.340940429933686
0.341104385167201
0.341268245817302
0.341432012095255
0.3415956842118
0.341759262377144
0.341922746800968
0.342086137692427
0.34224943526015
0.342412639712243
0.342575751256293
0.342738770099362
0.342901696447996
0.343064530508223
0.343227272485555
0.343389922584988
0.343552481011007
0.343714947967583
0.343877323658178
0.344039608285745
0.344201802052728
0.344363905161067
0.344525917812195
0.344687840207042
0.344849672546039
0.345011415029111
0.345173067855688
0.345334631224702
0.345496105334585
0.345657490383276
0.345818786568222
0.345979994086374
0.346141113134195
0.346302143907656
0.34646308660224
0.346623941412944
0.346784708534278
0.346945388160269
0.347105980484458
0.347266485699908
0.347426903999199
0.347587235574431
0.34774748061723
0.347907639318741
0.348067711869636
0.348227698460112
0.348387599279896
0.348547414518239
0.348707144363925
0.348866789005269
0.349026348630118
0.349185823425851
0.349345213579384
0.349504519277168
0.349663740705192
0.349822878048984
0.349981931493611
0.350140901223682
0.350299787423347
0.3504585902763
0.350617309965782
0.350775946674578
0.350934500585019
0.351092971878988
0.351251360737915
0.351409667342782
0.351567891874122
0.351726034512023
0.351884095436127
0.35204207482563
0.352199972859288
0.352357789715411
0.352515525571873
0.352673180606103
0.352830754995097
0.352988248915411
0.353145662543164
0.353302996054042
0.353460249623296
0.353617423425745
0.353774517635777
0.353931532427349
0.354088467973988
0.354245324448795
0.354402102024442
0.354558800873177
0.354715421166822
0.354871963076776
0.355028426774016
0.355184812429097
0.355341120212154
0.355497350292904
0.355653502840643
0.355809578024255
0.355965576012203
0.356121496972538
0.356277341072899
0.356433108480508
0.356588799362181
0.356744413884318
0.356899952212915
0.357055414513556
0.35721080095142
0.357366111691279
0.3575213468975
0.357676506734047
0.357831591364479
0.357986600951956
0.358141535659235
0.358296395648674
0.358451181082232
0.358605892121472
0.358760528927558
0.358915091661259
0.359069580482951
0.359223995552615
0.35937833702984
0.359532605073822
0.359686799843369
0.359840921496899
0.359994970192439
0.360148946087632
0.360302849339732
0.360456680105609
0.360610438541747
0.36076412480425
0.360917739048834
0.361071281430838
0.36122475210522
0.361378151226556
0.361531478949045
0.361684735426509
0.361837920812393
0.361991035259765
0.36214407892132
0.362297051949379
0.36244995449589
0.362602786712428
0.362755548750198
0.362908240760037
0.363060862892411
0.363213415297417
0.363365898124787
0.363518311523886
0.363670655643714
0.363822930632907
0.363975136639737
0.364127273812113
0.364279342297584
0.364431342243338
0.364583273796202
0.364735137102647
0.364886932308782
0.365038659560364
0.36519031900279
0.365341910781103
0.365493435039994
0.365644891923796
0.365796281576494
0.36594760414172
0.366098859762755
0.366250048582529
0.366401170743625
0.366552226388279
0.366703215658375
0.366854138695457
0.367004995640719
0.367155786635013
0.367306511818845
0.36745717133238
0.367607765315442
0.36775829390751
0.367908757247728
0.368059155474896
0.368209488727479
0.368359757143601
0.368509960861052
0.368660100017284
0.368810174749416
0.36896018519423
0.369110131488177
0.369260013767374
0.369409832167607
0.369559586824329
0.369709277872665
0.369858905447411
0.370008469683032
0.370157970713667
0.370307408673127
0.3704567836949
0.370606095912144
0.370755345457697
0.370904532464069
0.371053657063451
0.371202719387709
0.37135171956839
0.371500657736719
0.371649534023603
0.371798348559627
0.371947101475061
0.372095792899856
0.372244422963647
0.372392991795753
0.372541499525178
0.372689946280612
0.372838332190432
0.372986657382701
0.373134921985171
0.373283126125282
0.373431269930166
0.373579353526642
0.373727377041223
0.373875340600112
0.374023244329205
0.374171088354092
0.374318872800057
0.374466597792079
0.374614263454831
0.374761869912685
0.374909417289709
0.375056905709667
0.375204335296025
0.375351706171946
0.375499018460293
0.37564627228363
0.375793467764225
0.375940605024044
0.376087684184759
0.376234705367744
0.376381668694079
0.376528574284547
0.37667542225964
0.376822212739552
0.376968945844189
0.377115621693161
0.377262240405789
0.377408802101103
0.377555306897843
0.377701754914458
0.377848146269111
0.377994481079676
0.37814075946374
0.378286981538604
0.37843314742128
0.378579257228501
0.378725311076709
0.378871309082068
0.379017251360454
0.379163138027464
0.379308969198412
0.379454744988332
0.379600465511976
0.379746130883816
0.379891741218048
0.380037296628587
0.380182797229071
0.380328243132861
0.380473634453041
0.380618971302421
0.380764253793534
0.38090948203864
0.381054656149725
0.3811997762385
0.381344842416407
0.381489854794614
0.381634813484017
0.381779718595243
0.38192457023865
0.382069368524325
0.382214113562086
0.382358805461485
0.382503444331805
0.382648030282063
0.382792563421011
0.382937043857133
0.38308147169865
0.383225847053519
0.383370170029432
0.383514440733819
0.383658659273849
0.383802825756426
0.383946940288195
0.384091002975542
0.384235013924589
0.384378973241203
0.384522881030989
0.384666737399296
0.384810542451216
0.384954296291582
0.385097999024971
0.385241650755707
0.385385251587857
0.385528801625233
0.385672300971394
0.385815749729646
0.385959148003041
0.386102495894382
0.386245793506216
0.386389040940842
0.38653223830031
0.386675385686416
0.38681848320071
0.386961530944494
0.387104529018819
0.38724747752449
0.387390376562067
0.387533226231861
0.387676026633938
0.387818777868121
0.387961480033984
0.388104133230862
0.388246737557842
0.388389293113773
0.388531799997256
0.388674258306656
0.388816668140092
0.388959029595445
0.389101342770355
0.389243607762223
0.389385824668212
0.389527993585243
0.389670114610002
0.389812187838938
0.389954213368262
0.390096191293949
0.390238121711738
0.390380004717133
0.390521840405403
0.390663628871585
0.390805370210479
0.390947064516656
0.39108871188445
0.391230312407967
0.391371866181079
0.391513373297429
0.391654833850428
0.391796247933258
0.391937615638872
0.392078937059993
0.392220212289116
0.39236144141851
0.392502624540215
0.392643761746044
0.392784853127586
0.392925898776201
0.393066898783028
0.393207853238977
0.393348762234736
0.393489625860771
0.393630444207321
0.393771217364406
0.393911945421821
0.394052628469142
0.394193266595722
0.394333859890693
0.39447440844297
0.394614912341244
0.394755371673991
0.394895786529465
0.395036156995704
0.395176483160528
0.395316765111538
0.395457002936122
0.395597196721448
0.395737346554472
0.39587745252193
0.396017514710348
0.396157533206036
0.396297508095088
0.396437439463389
0.396577327396609
0.396717171980204
0.396856973299421
0.396996731439295
0.397136446484648
0.397276118520095
0.397415747630038
0.397555333898671
0.397694877409979
0.397834378247738
0.397973836495517
0.398113252236675
0.398252625554366
0.398391956531537
0.398531245250929
0.398670491795075
0.398809696246307
0.398948858686747
0.399087979198317
0.399227057862732
0.399366094761506
0.399505089975948
0.399644043587166
0.399782955676064
0.399921826323346
0.400060655609514
0.40019944361487
0.400338190419514
0.400476896103348
0.400615560746074
0.400754184427195
0.400892767226014
0.401031309221637
0.401169810492974
0.401308271118735
0.401446691177435
0.401585070747392
0.401723409906727
0.401861708733368
0.401999967305046
0.402138185699297
0.402276363993465
0.402414502264698
0.402552600589952
0.402690659045989
0.40282867770938
0.402966656656502
0.403104595963543
0.403242495706496
0.403380355961167
0.40351817680317
0.403655958307928
0.403793700550675
0.403931403606458
0.404069067550133
0.404206692456368
0.404344278399643
0.404481825454252
0.4046193336943
0.404756803193706
0.404894234026204
0.405031626265341
0.405168979984477
0.405306295256791
0.405443572155273
0.405580810752732
0.405718011121793
0.405855173334894
0.405992297464295
0.406129383582069
0.406266431760111
0.40640344207013
0.406540414583657
0.40667734937204
0.406814246506447
0.406951106057865
0.407087928097103
0.407224712694789
0.407361459921372
0.407498169847123
0.407634842542135
0.407771478076322
0.407908076519422
0.408044637940993
0.40818116241042
0.40831764999691
0.408454100769493
0.408590514797024
0.408726892148185
0.40886323289148
0.408999537095241
0.409135804827624
0.409272036156612
0.409408231150016
0.409544389875472
0.409680512400446
0.409816598792229
0.409952649117942
0.410088663444534
0.410224641838783
0.410360584367297
0.410496491096513
0.410632362092697
0.410768197421947
0.410903997150192
0.411039761343192
0.411175490066536
0.411311183385649
0.411446841365785
0.411582464072032
0.411718051569312
0.411853603922377
0.411989121195816
0.412124603454051
0.412260050761338
0.412395463181768
0.412530840779267
0.412666183617598
0.412801491760357
0.412936765270978
0.413072004212732
0.413207208648726
0.413342378641904
0.413477514255048
0.413612615550778
0.413747682591553
0.413882715439669
0.414017714157263
0.414152678806309
0.414287609448624
0.414422506145861
0.414557368959516
0.414692197950925
0.414826993181267
0.414961754711558
0.41509648260266
0.415231176915275
0.415365837709947
0.415500465047066
0.41563505898686
0.415769619589406
0.415904146914619
0.416038641022264
0.416173101971946
0.416307529823116
0.416441924635072
0.416576286466955
0.416710615377752
0.416844911426299
0.416979174671274
0.417113405171205
0.417247602984466
0.417381768169279
0.417515900783713
0.417650000885686
0.417784068532963
0.417918103783159
0.418052106693737
0.418186077322012
0.418320015725144
0.418453921960148
0.418587796083887
0.418721638153073
0.418855448224273
0.418989226353901
0.419122972598227
0.419256687013369
0.419390369655299
0.419524020579842
0.419657639842676
0.419791227499331
0.419924783605191
0.420058308215495
0.420191801385334
0.420325263169655
0.420458693623259
0.420592092800804
0.420725460756801
0.420858797545617
0.420992103221477
0.421125377838459
0.421258621450502
0.421391834111398
0.421525015874798
0.42165816679421
0.421791286923001
0.421924376314395
0.422057435021475
0.422190463097183
0.422323460594319
0.422456427565542
0.422589364063374
0.422722270140194
0.42285514584824
0.422987991239615
0.42312080636628
0.423253591280057
0.423386346032629
0.423519070675544
0.423651765260208
0.423784429837893
0.42391706445973
0.424049669176716
0.42418224403971
0.424314789099434
0.424447304406474
0.424579790011282
0.424712245964173
0.424844672315324
0.424977069114783
0.425109436412457
0.425241774258123
0.425374082701421
0.425506361791861
0.425638611578814
0.425770832111522
0.425903023439092
0.426035185610499
0.426167318674585
0.426299422680061
0.426431497675505
0.426563543709364
0.426695560829953
0.426827549085457
0.426959508523929
0.427091439193293
0.427223341141342
0.427355214415738
0.427487059064016
0.427618875133579
0.427750662671703
0.427882421725534
0.42801415234209
0.428145854568261
0.428277528450808
0.428409174036364
0.428540791371437
0.428672380502406
0.428803941475524
0.428935474336916
0.429066979132581
0.429198455908394
0.429329904710103
0.429461325583328
0.429592718573568
0.429724083726195
0.429855421086455
0.429986730699472
0.430118012610245
0.430249266863647
0.430380493504431
0.430511692577225
0.430642864126532
0.430774008196735
0.430905124832093
0.431036214076744
0.431167275974702
0.43129831056986
0.43142931790599
0.431560298026743
0.431691250975647
0.431822176796112
0.431953075531426
0.432083947224756
0.432214791919152
0.43234560965754
0.432476400482731
0.432607164437414
0.432737901564159
0.432868611905419
0.432999295503528
0.433129952400701
0.433260582639035
0.433391186260512
0.433521763306994
0.433652313820226
0.433782837841836
0.433913335413338
0.434043806576127
0.434174251371481
0.434304669840566
0.434435062024429
0.434565427964002
0.434695767700105
0.434826081273438
0.434956368724591
0.435086630094037
0.435216865422135
0.435347074749132
0.435477258115161
0.435607415560238
0.435737547124271
0.435867652847052
0.435997732768262
0.436127786927467
0.436257815364124
0.436387818117576
0.436517795227057
0.436647746731685
0.436777672670471
0.436907573082313
0.437037448006
0.437167297480208
0.437297121543506
0.437426920234349
0.437556693591087
0.437686441651957
0.437816164455087
0.437945862038499
0.438075534440102
0.4382051816977
0.438334803848987
0.43846440093155
0.438593972982866
0.438723520040307
0.438853042141136
0.43898253932251
0.439112011621478
0.439241459074984
0.439370881719864
0.439500279592848
0.439629652730562
0.439759001169523
0.439888324946146
0.440017624096739
0.440146898657504
0.440276148664541
0.440405374153843
0.4405345751613
0.440663751722697
0.440792903873716
0.440922031649935
0.44105113508683
0.441180214219771
0.441309269084028
0.441438299714766
0.441567306147049
0.441696288415838
0.441825246555993
0.441954180602271
0.442083090589328
0.44221197655172
0.442340838523899
0.442469676540218
0.442598490634929
0.442727280842185
0.442856047196036
0.442984789730434
0.443113508479231
0.443242203476179
0.443370874754931
0.443499522349041
0.443628146291963
0.443756746617055
0.443885323357574
0.44401387654668
0.444142406217434
0.444270912402802
0.444399395135648
0.444527854448744
0.444656290374759
0.444784702946271
0.444913092195757
0.4450414581556
0.445169800858085
0.445298120335403
0.445426416619647
0.445554689742817
0.445682939736815
0.44581116663345
0.445939370464435
0.446067551261389
0.446195709055835
0.446323843879203
0.446451955762829
0.446580044737956
0.44670811083573
0.446836154087207
0.446964174523349
0.447092172175024
0.447220147073008
0.447348099247985
0.447476028730545
0.447603935551188
0.44773181974032
0.447859681328257
0.447987520345221
0.448115336821347
0.448243130786674
0.448370902271154
0.448498651304646
0.448626377916919
0.448754082137653
0.448881763996438
0.449009423522771
0.449137060746063
0.449264675695633
0.449392268400714
0.449519838890447
0.449647387193884
0.449774913339992
0.449902417357646
0.450029899275634
0.450157359122656
0.450284796927325
0.450412212718166
0.450539606523616
0.450666978372025
0.450794328291656
0.450921656310688
0.451048962457208
0.451176246759222
0.451303509244647
0.451430749941315
0.451557968876971
0.451685166079276
0.451812341575806
0.45193949539405
0.452066627561414
0.452193738105217
0.452320827052696
0.452447894431003
0.452574940267204
0.452701964588284
0.452828967421142
0.452955948792595
0.453082908729375
0.453209847258133
0.453336764405435
0.453463660197766
0.453590534661527
0.453717387823038
0.453844219708536
0.453971030344176
0.454097819756033
0.454224587970097
0.45435133501228
0.454478060908412
0.454604765684241
0.454731449365434
0.454858111977579
0.454984753546184
0.455111374096674
0.455237973654397
0.45536455224462
0.45549110989253
0.455617646623235
0.455744162461764
0.455870657433066
0.455997131562014
0.456123584873399
0.456250017391935
0.456376429142257
0.456502820148925
0.456629190436417
0.456755540029135
0.456881868951404
0.457008177227473
0.45713446488151
0.457260731937609
0.457386978419788
0.457513204351986
0.457639409758068
0.45776559466182
0.457891759086955
0.458017903057109
0.458144026595841
0.458270129726638
0.458396212472909
0.45852227485799
0.458648316905139
0.458774338637542
0.458900340078311
0.459026321250482
0.459152282177017
0.459278222880806
0.459404143384663
0.45953004371133
0.459655923883476
0.459781783923694
0.459907623854508
0.460033443698367
0.460159243477647
0.460285023214653
0.460410782931617
0.460536522650698
0.460662242393986
0.460787942183497
0.460913622041176
0.461039281988896
0.461164922048461
0.461290542241603
0.461416142589981
0.461541723115187
0.461667283838741
0.461792824782093
0.461918345966622
0.462043847413639
0.462169329144384
0.462294791180027
0.462420233541671
0.462545656250347
0.46267105932702
0.462796442792585
0.462921806667866
0.463047150973623
0.463172475730545
0.463297780959253
0.463423066680302
0.463548332914176
0.463673579681296
0.463798807002012
0.463924014896608
0.464049203385301
0.464174372488242
0.464299522225515
0.464424652617136
0.464549763683058
0.464674855443164
0.464799927917275
0.464924981125143
0.465050015086456
0.465175029820838
0.465300025347845
0.46542500168697
0.46554995885764
0.465674896879217
0.465799815771001
0.465924715552226
0.46604959624206
0.466174457859611
0.466299300423921
0.466424123953967
0.466548928468665
0.466673713986867
0.466798480527362
0.466923228108875
0.46704795675007
0.467172666469548
0.467297357285846
0.46742202921744
0.467546682282744
0.467671316500111
0.467795931887831
0.467920528464132
0.468045106247182
0.468169665255087
0.468294205505892
0.468418727017582
0.468543229808081
0.468667713895252
0.468792179296898
0.468916626030761
0.469041054114525
0.469165463565811
0.469289854402185
0.469414226641149
0.469538580300147
0.469662915396567
0.469787231947733
0.469911529970913
0.470035809483318
0.470160070502096
0.47028431304434
0.470408537127086
0.470532742767307
0.470656929981924
0.470781098787797
0.47090524920173
0.471029381240468
0.4711534949207
0.471277590259059
0.471401667272119
0.4715257259764
0.471649766388363
0.471773788524415
0.471897792400905
0.472021778034128
0.472145745440321
0.472269694635666
0.472393625636292
0.47251753845827
0.472641433117616
0.472765309630292
0.472889168012205
0.473013008279208
0.473136830447098
0.473260634531619
0.47338442054846
0.473508188513258
0.473631938441593
0.473755670348995
0.473879384250937
0.47400308016284
0.474126758100074
0.474250418077954
0.474374060111741
0.474497684216646
0.474621290407826
0.474744878700386
0.474868449109379
0.474992001649806
0.475115536336616
0.475239053184706
0.475362552208922
0.475486033424058
0.475609496844859
0.475732942486016
0.475856370362171
0.475979780487914
0.476103172877786
0.476226547546277
0.476349904507826
0.476473243776824
0.476596565367609
0.476719869294471
0.476843155571652
0.476966424213342
0.477089675233684
0.477212908646768
0.47733612446664
0.477459322707295
0.477582503382679
0.477705666506689
0.477828812093175
0.47795194015594
0.478075050708736
0.478198143765269
0.478321219339197
0.478444277444132
0.478567318093635
0.478690341301224
0.478813347080367
0.478936335444486
0.479059306406957
0.479182259981109
0.479305196180224
0.47942811501754
0.479551016506245
0.479673900659484
0.479796767490357
0.479919617011915
0.480042449237166
0.480165264179073
0.480288061850553
0.480410842264478
0.480533605433674
0.480656351370926
0.48077908008897
0.480901791600501
0.481024485918168
0.481147163054577
0.481269823022289
0.481392465833823
0.481515091501652
0.481637700038208
0.481760291455878
0.481882865767008
0.482005422983897
0.482127963118806
0.48225048618395
0.482372992191503
0.482495481153597
0.48261795308232
0.48274040798972
0.482862845887802
0.482985266788529
0.483107670703823
0.483230057645565
0.483352427625594
0.483474780655708
0.483597116747665
0.483719435913181
0.483841738163931
0.483964023511551
0.484086291967635
0.484208543543739
0.484330778251377
0.484452996102024
0.484575197107114
0.484697381278044
0.484819548626169
0.484941699162806
0.485063832899232
0.485185949846687
0.485308050016369
0.485430133419441
0.485552200067024
0.485674249970203
0.485796283140024
0.485918299587495
0.486040299323585
0.486162282359228
0.486284248705316
0.486406198372709
0.486528131372225
0.486650047714647
0.48677194741072
0.486893830471154
0.487015696906621
0.487137546727755
0.487259379945156
0.487381196569386
0.487502996610973
0.487624780080406
0.487746546988141
0.487868297344596
0.487990031160155
0.488111748445167
0.488233449209944
0.488355133464765
0.488476801219871
0.488598452485472
0.48872008727174
0.488841705588816
0.488963307446802
0.489084892855771
0.489206461825758
0.489328014366766
0.489449550488763
0.489571070201685
0.489692573515433
0.489814060439876
0.489935530984848
0.490056985160153
0.490178422975559
0.490299844440803
0.490421249565589
0.490542638359588
0.490664010832439
0.490785366993751
0.490906706853097
0.491028030420021
0.491149337704034
0.491270628714617
0.491391903461219
0.491513161953255
0.491634404200113
0.491755630211148
0.491876839995684
0.491998033563014
0.492119210922402
0.492240372083081
0.492361517054252
0.492482645845089
0.492603758464733
0.492724854922297
0.492845935226865
0.492966999387488
0.493088047413192
0.493209079312971
0.49333009509579
0.493451094770586
0.493572078346267
0.493693045831712
0.493813997235772
0.493934932567268
0.494055851834995
0.494176755047719
0.494297642214177
0.49441851334308
0.494539368443109
0.494660207522921
0.494781030591142
0.494901837656372
0.495022628727186
0.495143403812128
0.495264162919718
0.49538490605845
0.495505633236788
0.495626344463174
0.49574703974602
0.495867719093713
0.495988382514616
0.496109030017064
0.496229661609366
0.496350277299808
0.496470877096647
0.496591461008119
0.49671202904243
0.496832581207766
0.496953117512285
0.49707363796412
0.497194142571381
0.497314631342154
0.497435104284499
0.497555561406453
0.497676002716028
0.497796428221214
0.497916837929975
0.498037231850253
0.498157609989966
0.498277972357009
0.498398318959253
0.498518649804547
0.498638964900716
0.498759264255565
0.498879547876872
0.498999815772396
0.499120067949872
0.499240304417015
0.499360525181514
0.499480730251041
0.499600919633241
0.499721093335742
0.499841251366147
0.499961393732041
0.500081520440984
0.500201631500518
0.500321726918163
0.500441806701418
0.500561870857761
0.500681919394651
0.500801952319524
0.500921969639799
0.501041971362872
0.50116195749612
0.501281928046901
0.501401883022553
0.501521822430393
0.501641746277721
0.501761654571815
0.501881547319936
0.502001424529325
0.502121286207204
0.502241132360777
0.502360962997229
0.502480778123726
0.502600577747417
0.50272036187543
0.502840130514879
0.502959883672857
0.50307962135644
0.503199343572687
0.503319050328639
0.503438741631318
0.503558417487732
0.50367807790487
0.503797722889704
0.503917352449189
0.504036966590263
0.50415656531985
0.504276148644854
0.504395716572165
0.504515269108657
0.504634806261185
0.504754328036591
0.504873834441702
0.504993325483326
0.505112801168258
0.505232261503277
0.505351706495146
0.505471136150614
0.505590550476415
0.505709949479268
0.505829333165876
0.50594870154293
0.506068054617104
0.506187392395059
0.506306714883442
0.506426022088886
0.506545314018008
0.506664590677415
0.506783852073697
0.506903098213433
0.507022329103187
0.507141544749509
0.507260745158939
0.507379930338001
0.507499100293209
0.50761825503106
0.507737394558043
0.507856518880632
0.50797562800529
0.508094721938466
0.508213800686598
0.508332864256114
0.508451912653428
0.508570945884941
0.508689963957046
0.508808966876122
0.508927954648538
0.509046927280652
0.50916588477881
0.509284827149347
0.509403754398589
0.509522666532851
0.509641563558435
0.509760445481635
0.509879312308736
0.50999816404601
0.51011700069972
0.51023582227612
0.510354628781454
0.510473420221956
0.510592196603851
0.510710957933355
0.510829704216675
0.510948435460006
0.511067151669539
0.511185852851452
0.511304539011918
0.511423210157097
0.511541866293146
0.511660507426209
0.511779133562425
0.511897744707923
0.512016340868825
0.512134922051246
0.512253488261292
0.512372039505062
0.512490575788649
0.512609097118137
0.512727603499603
0.512846094939118
0.512964571442746
0.513083033016543
0.51320147966656
0.513319911398842
0.513438328219426
0.513556730134343
0.513675117149618
0.513793489271272
0.513911846505318
0.514030188857764
0.514148516334613
0.514266828941861
0.5143851266855
0.514503409571517
0.514621677605894
0.514739930794607
0.514858169143628
0.514976392658924
0.515094601346458
0.515212795212188
0.515330974262068
0.515449138502048
0.515567287938073
0.515685422576087
0.515803542422026
0.515921647481825
0.516039737761416
0.516157813266726
0.516275874003679
0.516393919978197
0.516511951196197
0.516629967663596
0.516747969386305
0.516865956370234
0.516983928621291
0.517101886145381
0.517219828948407
0.51733775703627
0.517455670414867
0.517573569090096
0.517691453067852
0.517809322354028
0.517927176954517
0.518045016875207
0.51816284212199
0.518280652700753
0.518398448617383
0.518516229877766
0.518633996487788
0.518751748453334
0.518869485780288
0.518987208474534
0.519104916541956
0.519222609988437
0.519340288819862
0.519457953042113
0.519575602661075
0.519693237682632
0.519810858112669
0.519928463957072
0.520046055221726
0.520163631912519
0.520281194035338
0.520398741596073
0.520516274600614
0.520633793054853
0.520751296964683
0.520868786336
0.520986261174698
0.521103721486678
0.521221167277838
0.521338598554083
0.521456015321315
0.521573417585444
0.521690805352377
0.521808178628027
0.521925537418309
0.52204288172914
0.522160211566442
0.522277526936137
0.522394827844153
0.522512114296419
0.52262938629887
0.522746643857442
0.522863886978077
0.522981115666719
0.523098329929317
0.523215529771824
0.523332715200196
0.523449886220394
0.523567042838384
0.523684185060137
0.523801312891627
0.523918426338834
0.524035525407742
0.52415261010434
0.524269680434624
0.524386736404593
0.524503778020252
0.524620805287614
0.524737818212693
0.524854816801512
0.524971801060099
0.525088770994489
0.525205726610721
0.525322667914842
0.525439594912905
0.525556507610969
0.5256734060151
0.525790290131371
0.52590715996586
0.526024015524655
0.526140856813849
0.526257683839543
0.526374496607843
0.526491295124867
0.526608079396737
0.526724849429583
0.526841605229544
0.526958346802767
0.527075074155406
0.527191787293622
0.527308486223589
0.527425170951483
0.527541841483494
0.527658497825817
0.527775139984658
0.527891767966231
0.528008381776759
0.528124981422473
0.528241566909615
0.528358138244437
0.528474695433197
0.528591238482166
0.528707767397622
0.528824282185857
0.528940782853167
0.529057269405864
0.529173741850265
0.529290200192702
0.529406644439513
0.52952307459705
0.529639490671673
0.529755892669756
0.52987228059768
0.529988654461841
0.530105014268642
0.5302213600245
0.530337691735843
0.53045400940911
0.530570313050751
0.53068660266723
0.530802878265019
0.530919139850606
0.531035387430489
0.531151621011178
0.531267840599195
0.531384046201076
0.531500237823369
0.531616415472632
0.531732579155441
0.531848728878381
0.53196486464805
0.53208098647106
0.532197094354037
0.53231318830362
0.532429268326459
0.532545334429222
0.532661386618586
0.532777424901246
0.532893449283908
0.533009459773294
0.533125456376138
0.53324143909919
0.533357407949214
0.533473362932988
0.533589304057305
0.533705231328973
0.533821144754815
0.533937044341668
0.534052930096384
0.534168802025832
0.534284660136894
0.534400504436469
0.534516334931472
0.534632151628831
0.534747954535493
0.534863743658419
0.534979519004585
0.535095280580987
0.535211028394632
0.535326762452549
0.535442482761778
0.535558189329379
0.535673882162429
0.535789561268019
0.535905226653259
0.536020878325276
0.536136516291213
0.536252140558232
0.53636775113351
0.536483348024244
0.536598931237647
0.53671450078095
0.536830056661402
0.53694559888627
0.53706112746284
0.537176642398413
0.537292143700312
0.537407631375877
0.537523105432465
0.537638565877455
0.537754012718241
0.537869445962239
0.537984865616881
0.538100271689621
0.53821566418793
0.538331043119299
0.538446408491239
0.538561760311281
0.538677098586973
0.538792423325886
0.538907734535609
0.53902303222375
0.53913831639794
0.539253587065829
0.539368844235085
0.5394840879134
0.539599318108485
0.539714534828072
0.539829738079912
0.539944927871779
0.540060104211467
0.540175267106792
0.540290416565591
0.54040555259572
0.540520675205061
0.540635784401514
0.540750880193001
0.540865962587466
0.540981031592877
0.541096087217222
0.54121112946851
0.541326158354776
0.541441173884073
0.541556176064479
0.541671164904094
0.541786140411042
0.541901102593466
0.542016051459537
0.542130987017446
0.542245909275406
0.542360818241655
0.542475713924456
0.542590596332092
0.542705465472872
0.542820321355127
0.542935163987213
0.54304999337751
0.54316480953442
0.543279612466373
0.543394402181819
0.543509178689234
0.543623941997121
0.543738692114003
0.543853429048431
0.543968152808979
0.544082863404247
0.54419756084286
0.544312245133467
0.544426916284744
0.54454157430539
0.544656219204132
0.54477085098972
0.544885469670932
0.54500007525657
0.545114667755463
0.545229247176466
0.545343813528459
0.54545836682035
0.545572907061071
0.545687434259583
0.545801948424871
0.545916449565949
0.546030937691856
0.546145412811659
0.546259874934451
0.546374324069354
0.546488760225514
0.546603183412108
0.546717593638337
0.546831990913432
0.546946375246651
0.547060746647278
0.547175105124629
0.547289450688043
0.54740378334689
0.547518103110569
0.547632409988504
0.54774670399015
0.547860985124991
0.547975253402537
0.548089508832329
0.548203751423935
0.548317981186954
0.548432198131013
0.548546402265768
0.548660593600905
0.548774772146138
0.548888937911211
0.5490030909059
0.549117231140006
0.549231358623365
0.549345473365839
0.549459575377322
0.549573664667738
0.549687741247039
0.549801805125211
0.549915856312269
0.550029894818257
0.550143920653251
0.550257933827359
0.550371934350717
0.550485922233495
0.550599897485893
0.55071386011814
0.550827810140501
0.550941747563267
0.551055672396766
0.551169584651353
0.551283484337418
0.55139737146538
0.551511246045694
0.551625108088843
0.551738957605344
0.551852794605746
0.551966619100632
0.552080431100615
0.552194230616341
0.552308017658491
0.552421792237777
0.552535554364943
0.552649304050769
0.552763041306065
0.552876766141677
0.552990478568482
0.553104178597392
0.553217866239353
0.553331541505343
0.553445204406375
0.553558854953495
0.553672493157784
0.553786119030358
0.553899732582364
0.554013333824986
0.554126922769442
0.554240499426984
0.5543540638089
0.55446761592651
0.554581155791172
0.554694683414278
0.554808198807253
0.55492170198156
0.555035192948695
0.555148671720193
0.55526213830762
0.55537559272258
0.555489034976713
0.555602465081695
0.555715883049235
0.555829288891082
0.55594268261902
0.556056064244867
0.55616943378048
0.556282791237751
0.55639613662861
0.556509469965021
0.556622791258989
0.556736100522552
0.556849397767787
0.556962683006807
0.557075956251764
0.557189217514844
0.557302466808275
0.557415704144319
0.557528929535277
0.557642142993487
0.557755344531325
0.557868534161207
0.557981711895584
0.558094877746946
0.558208031727824
0.558321173850784
0.558434304128431
0.55854742257341
0.558660529198404
0.558773624016135
0.558886707039363
0.558999778280889
0.559112837753551
0.559225885470227
0.559338921443835
0.559451945687331
0.559564958213712
0.559677959036015
0.559790948167314
0.559903925620727
0.560016891409407
0.560129845546552
0.560242788045397
0.560355718919219
0.560468638181333
0.560581545845098
0.560694441923911
0.56080732643121
0.560920199380475
0.561033060785226
0.561145910659024
0.561258749015471
0.561371575868213
0.561484391230932
0.561597195117356
0.561709987541252
0.561822768516431
0.561935538056744
0.562048296176083
0.562161042888385
0.562273778207627
0.562386502147828
0.56249921472305
0.562611915947397
0.562724605835016
0.562837284400097
0.562949951656872
0.563062607619615
0.563175252302645
0.563287885720322
0.56340050788705
0.563513118817277
0.563625718525493
0.563738307026233
0.563850884334074
0.563963450463638
0.564076005429589
0.564188549246636
0.564301081929534
0.564413603493078
0.56452611395211
0.564638613321515
0.564751101616224
0.564863578851212
0.564976045041496
0.565088500202142
0.565200944348257
0.565313377494995
0.565425799657556
0.565538210851183
0.565650611091165
0.565763000392836
0.565875378771577
0.565987746242812
0.566100102822014
0.566212448524698
0.566324783366428
0.566437107362813
0.566549420529507
0.566661722882212
0.566774014436675
0.56688629520869
0.566998565214098
0.567110824468784
0.567223072988684
0.567335310789778
0.567447537888092
0.567559754299703
0.567671960040731
0.567784155127345
0.567896339575763
0.568008513402247
0.568120676623109
0.568232829254709
0.568344971313453
0.568457102815796
0.568569223778241
0.568681334217338
0.568793434149688
0.568905523591936
0.569017602560781
0.569129671072964
0.569241729145281
0.569353776794572
0.569465814037728
0.569577840891689
0.569689857373444
0.569801863500029
0.569913859288534
0.570025844756094
0.570137819919894
0.570249784797171
0.57036173940521
0.570473683761347
0.570585617882965
0.5706975417875
0.570809455492438
0.570921359015314
0.571033252373713
0.571145135585272
0.571257008667677
0.571368871638667
0.571480724516028
0.5715925673176
0.571704400061274
0.57181622276499
0.571928035446741
0.572039838124569
0.572151630816571
0.572263413540893
0.572375186315733
0.57248694915934
0.572598702090017
0.572710445126117
0.572822178286046
0.572933901588262
0.573045615051275
0.573157318693647
0.573269012533994
0.573380696590982
0.573492370883333
0.573604035429819
0.573715690249266
0.573827335360553
0.573938970782612
0.574050596534429
0.574162212635041
0.574273819103542
0.574385415959077
0.574497003220845
0.574608580908099
0.574720149040147
0.574831707636348
0.574943256716118
0.575054796298927
0.575166326404297
0.575277847051807
0.575389358261089
0.57550086005183
0.575612352443772
0.575723835456711
0.575835309110499
0.575946773425044
0.576058228420306
0.576169674116302
0.576281110533106
0.576392537690845
0.576503955609702
0.576615364309918
0.576726763811786
0.576838154135659
0.576949535301943
0.577060907331102
0.577172270243654
0.577283624060176
0.5773949688013
0.577506304487715
0.577617631140167
0.577728948779457
0.577840257426446
0.577951557102049
0.57806284782724
0.57817412962305
0.578285402510566
0.578396666510934
0.578507921645358
0.578619167935097
0.578730405401471
0.578841634065855
0.578952853949685
0.579064065074452
0.579175267461708
0.579286461133061
0.579397646110179
0.579508822414788
0.579619990068673
0.579731149093677
0.579842299511703
0.579953441344712
0.580064574614725
0.580175699343821
0.580286815554139
0.580397923267879
0.580509022507297
0.580620113294712
0.580731195652501
0.580842269603101
0.58095333516901
0.581064392372786
0.581175441237046
0.581286481784467
0.581397514037789
0.581508538019811
0.581619553753391
0.581730561261452
0.581841560566973
0.581952551692997
0.582063534662628
0.58217450949903
0.58228547622543
0.582396434865114
0.582507385441433
0.582618327977795
0.582729262497675
0.582840189024606
0.582951107582185
0.58306201819407
0.583172920883983
0.583283815675705
0.583394702593083
0.583505581660025
0.583616452900502
0.583727316338547
0.583838171998257
0.583949019903791
0.584059860079373
0.584170692549287
0.584281517337885
0.584392334469578
0.584503143968843
0.584613945860219
0.584724740168313
0.58483552691779
0.584946306133383
0.585057077839888
0.585167842062166
0.585278598825142
0.585389348153805
0.585500090073209
0.585610824608473
0.58572155178478
0.58583227162738
0.585942984161585
0.586053689412776
0.586164387406395
0.586275078167954
0.586385761723026
0.586496438097254
0.586607107316343
0.586717769406067
0.586828424392264
0.586939072300839
0.587049713157763
0.587160346989074
0.587270973820876
0.587381593679338
0.587492206590699
0.587602812581263
0.5877134116774
0.587824003905549
0.587934589292215
0.588045167863972
0.588155739647458
0.588266304669383
0.58837686295652
0.588487414535714
0.588597959433875
0.588708497677983
0.588819029295085
0.588929554312296
0.5890400727568
0.58915058465585
0.589261090036766
0.589371588926939
0.589482081353827
0.589592567344957
0.589703046927927
0.589813520130402
0.589923986980118
0.590034447504879
0.59014490173256
0.590255349691105
0.590365791408527
0.590476226912911
0.59058665623241
0.590697079395248
0.59080749642972
0.590917907364191
0.591028312227096
0.591138711046941
0.591249103852302
0.591359490671829
0.591469871534239
0.591580246468322
0.591690615502941
0.591800978667026
0.591911335989584
0.592021687499689
0.592132033226489
0.592242373199205
0.592352707447126
0.592463035999618
0.592573358886117
0.59268367613613
0.592793987779239
0.592904293845097
0.593014594363431
0.593124889364039
0.593235178876795
0.593345462931644
0.593455741558605
0.593566014787769
0.593676282649303
0.593786545173446
0.59389680239051
0.594007054330884
0.594117301025027
0.594227542503476
0.59433777879684
0.594448009935802
0.594558235951121
0.594668456873631
0.594778672734238
0.594888883563927
0.594999089393755
0.595109290254855
0.595219486178436
0.59532967719578
0.595439863338249
0.595550044637276
0.595660221124373
0.595770392831127
0.595880559789201
0.595990722030333
0.59610087958634
0.596211032489113
0.596321180770621
0.59643132446291
0.5965414635981
0.596651598208393
0.596761728326064
0.596871853983466
0.596981975213031
0.597092092047267
0.597202204518761
0.597312312660175
0.597422416504253
0.597532516083814
0.597642611431756
0.597752702581056
0.597862789564768
0.597972872416027
0.598082951168043
0.598193025854108
0.598303096507593
0.598413163161946
0.598523225850696
0.59863328460745
0.598743339465897
0.598853390459802
0.598963437623013
0.599073480989456
0.599183520593139
0.599293556468147
0.599403588648649
0.599513617168893
0.599623642063206
0.599733663365998
0.599843681111759
0.59995369533506
0.600063706070554
0.600173713352974
0.600283717217134
0.600393717697932
0.600503714830346
0.600613708649437
0.600723699190345
0.600833686488296
0.600943670578597
0.601053651496635
0.601163629277883
0.601273603957896
0.601383575572309
0.601493544156844
0.601603509747304
0.601713472379574
0.601823432089625
0.601933388913511
0.602043342887368
0.602153294047418
0.602263242429965
0.602373188071398
0.602483131008192
0.602593071276903
0.602703008914173
0.602812943956731
0.602922876441388
0.60303280640504
0.603142733884669
0.603252658917343
0.603362581540215
0.603472501790522
0.603582419705589
0.603692335322825
0.603802248679726
0.603912159813874
0.604022068762938
0.604131975564672
0.604241880256917
0.604351782877601
0.604461683464741
0.604571582056436
0.604681478690877
0.604791373406341
0.60490126624119
0.605011157233878
0.605121046422943
0.605230933847013
0.605340819544803
0.605450703555117
0.605560585916847
0.605670466668974
0.605780345850568
0.605890223500786
0.606000099658876
0.606109974364174
0.606219847656107
0.606329719574188
0.606439590158024
0.606549459447308
0.606659327481826
0.606769194301452
0.60687905994615
0.606988924455976
0.607098787871076
0.607208650231687
0.607318511578135
0.607428371950839
0.607538231390309
0.607648089937146
0.607757947632042
0.607867804515781
0.607977660629239
0.608087516013385
0.608197370709277
0.608307224758068
0.608417078201004
0.608526931079421
0.608636783434749
0.608746635308513
0.608856486742326
0.6089663377779
0.609076188457037
0.609186038821634
0.60929588891368
0.609405738775259
0.60951558844855
0.609625437975826
0.609735287399452
0.609845136761891
0.609954986105697
0.610064835473524
0.610174684908115
0.610284534452313
0.610394384149053
0.61050423404137
0.610614084172389
0.610723934585335
0.610833785323529
0.610943636430385
0.611053487949417
0.611163339924233
0.61127319239854
0.61138304541614
0.611492899020933
0.611602753256916
0.611712608168183
0.611822463798926
0.611932320193436
0.6120421773961
0.612152035451403
0.612261894403931
0.612371754298365
0.612481615179487
0.612591477092176
0.612701340081413
0.612811204192274
0.612921069469937
0.61303093595968
0.613140803706879
0.613250672757011
0.613360543155651
0.613470414948478
0.613580288181267
0.613690162899897
0.613800039150346
0.613909916978694
0.614019796431121
0.614129677553908
0.61423956039344
0.6143494449962
0.614459331408775
0.614569219677855
0.614679109850231
0.614789001972794
0.614898896092542
0.615008792256573
0.615118690512088
0.615228590906393
0.615338493486894
0.615448398301103
0.615558305396636
0.615668214821211
0.615778126622651
0.615888040848884
0.61599795754794
0.616107876767957
0.616217798557174
0.616327722963939
0.616437650036702
0.616547579824019
0.616657512374554
0.616767447737072
0.616877385960449
0.616987327093663
0.617097271185802
0.617207218286058
0.617317168443729
0.617427121708223
0.617537078129052
0.617647037755838
0.617757000638308
0.617866966826298
0.617976936369752
0.618086909318721
0.618196885723366
0.618306865633955
0.618416849100865
0.618526836174581
0.6186368269057
0.618746821344925
0.618856819543069
0.618966821551057
0.619076827419922
0.619186837200807
0.619296850944965
0.619406868703761
0.619516890528669
0.619626916471275
0.619736946583276
0.619846980916479
0.619957019522804
0.620067062454283
0.620177109763058
0.620287161501384
0.620397217721629
0.620507278476273
0.620617343817909
0.620727413799243
0.620837488473092
0.62094756789239
0.621057652110182
0.621167741179628
0.621277835154002
0.621387934086691
0.621498038031197
0.621608147041137
0.621718261170244
0.621828380472363
0.621938505001457
0.622048634811603
0.622158769956995
0.622268910491942
0.62237905647087
0.622489207948319
0.622599364978948
0.622709527617533
0.622819695918965
0.622929869938254
0.623040049730527
0.623150235351028
0.62326042685512
0.623370624298283
0.623480827736117
0.623591037224338
0.623701252818784
0.62381147457541
0.62392170255029
0.624031936799618
0.624142177379709
0.624252424346996
0.624362677758033
0.624472937669494
0.624583204138175
0.624693477220992
0.62480375697498
0.6249140434573
0.625024336725229
0.625134636836171
0.625244943847649
0.625355257817308
0.625465578802917
0.625575906862368
0.625686242053674
0.625796584434972
0.625906934064524
0.626017291000713
0.626127655302049
0.626238027027163
0.626348406234812
0.626458792983879
0.626569187333368
0.626679589342413
0.626789999070269
0.62690041657632
0.627010841920073
0.627121275161163
0.62723171635935
0.627342165574523
0.627452622866695
0.627563088296008
0.627673561922729
0.627784043807256
0.627894534010113
0.628005032591951
0.62811553961355
0.628226055135821
0.6283365792198
0.628447111926655
0.628557653317681
0.628668203454306
0.628778762398084
0.628889330210701
0.628999906953974
0.629110492689849
0.629221087480404
0.629331691387848
0.629442304474522
0.629552926802896
0.629663558435575
0.629774199435296
0.629884849864926
0.629995509787466
0.630106179266051
0.630216858363948
0.630327547144559
0.630438245671417
0.630548954008192
0.630659672218686
0.630770400366837
0.630881138516719
0.630991886732537
0.631102645078636
0.631213413619493
0.631324192419724
0.63143498154408
0.631545781057447
0.631656591024849
0.631767411511449
0.631878242582543
0.631989084303569
0.632099936740099
0.632210799957847
0.632321674022661
0.632432559000533
0.632543454957589
0.632654361960097
0.632765280074464
0.632876209367237
0.632987149905104
0.63309810175489
0.633209064983564
0.633320039658236
0.633431025846156
0.633542023614715
0.633653033031448
0.633764054164029
0.633875087080279
0.633986131848157
0.634097188535768
0.634208257211359
0.634319337943321
0.63443043080019
0.634541535850644
0.634652653163507
0.634763782807748
0.63487492485248
0.634986079366962
0.6350972464206
0.635208426082942
0.635319618423688
0.63543082351268
0.635542041419909
0.635653272215513
0.635764515969778
0.635875772753135
0.635987042636168
0.636098325689605
0.636209621984326
0.636320931591358
0.636432254581878
0.636543591027213
0.63665494099884
0.636766304568386
0.636877681807629
0.636989072788498
0.637100477583073
0.637211896263586
0.63732332890242
0.637434775572112
0.63754623634535
0.637657711294976
0.637769200493984
0.637880704015523
0.637992221932894
0.638103754319554
0.638215301249115
0.638326862795341
0.638438439032154
0.63855003003363
0.638661635874001
0.638773256627657
0.638884892369141
0.638996543173157
0.639108209114563
0.639219890268376
0.639331586709771
0.639443298514079
0.639555025756794
0.639666768513564
0.639778526860199
0.639890300872669
0.640002090627102
0.640113896199788
0.640225717667176
0.640337555105877
0.640449408592664
0.64056127820447
0.640673164018392
0.640785066111686
0.640896984561776
0.641008919446243
0.641120870842837
0.641232838829468
0.641344823484211
0.641456824885307
0.641568843111161
0.641680878240341
0.641792930351585
0.641904999523793
0.642017085836034
0.642129189367542
0.642241310197719
0.642353448406134
0.642465604072523
0.642577777276792
0.642689968099014
0.642802176619433
0.642914402918458
0.643026647076672
0.643138909174827
0.643251189293843
0.643363487514815
0.643475803919005
0.643588138587848
0.643700491602953
0.643812863046098
0.643925252999236
0.644037661544492
0.644150088764166
0.644262534740728
0.644374999556828
0.644487483295285
0.644599986039097
0.644712507871436
0.644825048875649
0.64493760913526
0.645050188733971
0.645162787755658
0.645275406284376
0.64538804440436
0.645500702200018
0.645613379755942
0.645726077156899
0.645838794487838
0.645951531833888
0.646064289280354
0.646177066912728
0.646289864816677
0.646402683078055
0.646515521782893
0.646628381017408
0.646741260867997
0.646854161421242
0.646967082763907
0.647080024982942
0.647192988165479
0.647305972398837
0.647418977770519
0.647532004368214
0.647645052279796
0.647758121593327
0.647871212397056
0.647984324779418
0.648097458829037
0.648210614634725
0.648323792285483
0.648436991870499
0.648550213479154
0.648663457201015
0.648776723125844
0.64889001134359
0.649003321944396
0.649116655018594
0.64923001065671
0.649343388949464
0.649456789987766
0.649570213862721
0.649683660665629
0.649797130487982
0.649910623421471
0.650024139557977
0.650137678989581
0.650251241808559
0.650364828107384
0.650478437978725
0.65059207151545
0.650705728810624
0.650819409957512
0.650933115049578
0.651046844180483
0.651160597444092
0.651274374934467
0.651388176745873
0.651502002972776
0.651615853709844
0.651729729051946
0.651843629094156
0.651957553931749
0.652071503660208
0.652185478375215
0.65229947817266
0.652413503148638
0.652527553399449
0.652641629021601
0.652755730111806
0.652869856766986
0.652984009084269
0.653098187160992
0.653212391094701
0.653326620983151
0.653440876924305
0.65355515901634
0.653669467357641
0.653783802046805
0.65389816318264
0.654012550864169
0.654126965190625
0.654241406261456
0.654355874176322
0.6544703690351
0.654584890937879
0.654699439984966
0.654814016276883
0.654928619914367
0.655043250998375
0.655157909630079
0.65527259591087
0.655387309942357
0.65550205182637
0.655616821664956
0.655731619560384
0.655846445615143
0.655961299931943
0.656076182613718
0.656191093763621
0.656306033485031
0.656421001881548
0.656535999056997
0.656651025115428
0.656766080161115
0.65688116429856
0.656996277632488
0.657111420267853
0.657226592309836
0.657341793863846
0.657457025035519
0.657572285930721
0.65768757665555
0.657802897316329
0.657918248019617
0.658033628872201
0.658149039981101
0.65826448145357
0.658379953397092
0.658495455919388
0.65861098912841
0.658726553132347
0.658842148039622
0.658957773958895
0.659073430999061
0.659189119269255
0.659304838878846
0.659420589937446
0.659536372554901
0.659652186841301
0.659768032906972
0.659883910862484
0.659999820818648
0.660115762886516
0.660231737177381
0.660347743802784
0.660463782874505
0.660579854504571
0.660695958805254
0.660812095889071
0.660928265868784
0.661044468857406
0.661160704968193
0.661276974314652
0.661393277010538
0.661509613169856
0.66162598290686
0.661742386336056
0.6618588235722
0.661975294730302
0.662091799925623
0.662208339273677
0.662324912890234
0.662441520891317
0.662558163393206
0.662674840512433
0.662791552365792
0.66290829907033
0.663025080743353
0.663141897502428
0.663258749465378
0.663375636750288
0.663492559475503
0.663609517759627
0.663726511721531
0.663843541480344
0.663960607155461
0.664077708866539
0.664194846733501
0.664312020876536
0.664429231416097
0.664546478472905
0.66466376216795
0.664781082622487
0.664898439958041
0.665015834296408
0.665133265759653
0.665250734470112
0.665368240550393
0.665485784123376
0.665603365312214
0.665720984240334
0.665838641031439
0.665956335809504
0.666074068698784
0.666191839823807
0.666309649309381
0.666427497280591
0.6665453838628
0.666663309181654
0.666781273363076
0.666899276533272
0.667017318818728
0.667135400346214
0.667253521242784
0.667371681635775
0.667489881652809
0.667608121421794
0.667726401070925
0.667844720728682
0.667963080523834
0.668081480585441
0.668199921042849
0.668318402025695
0.66843692366391
0.668555486087713
0.668674089427617
0.668792733814429
0.668911419379249
0.669030146253473
0.669148914568792
0.669267724457194
0.669386576050963
0.669505469482684
0.669624404885238
0.669743382391806
0.669862402135872
0.66998146425122
0.670100568871933
0.670219716132403
0.670338906167322
0.670458139111686
0.670577415100798
0.670696734270268
0.670816096756012
0.670935502694253
0.671054952221525
0.671174445474669
0.67129398259084
0.671413563707501
0.671533188962428
0.671652858493712
0.671772572439754
0.671892330939274
0.672012134131305
0.672131982155196
0.672251875150616
0.67237181325755
0.672491796616302
0.672611825367497
0.67273189965208
0.672852019611318
0.672972185386801
0.673092397120443
0.67321265495448
0.673332959031475
0.673453309494317
0.673573706486222
0.673694150150735
0.673814640631726
0.6739351780734
0.67405576262029
0.674176394417259
0.674297073609507
0.674417800342562
0.674538574762292
0.674659397014895
0.674780267246909
0.674901185605208
0.675022152237004
0.675143167289847
0.67526423091163
0.675385343250583
0.675506504455281
0.675627714674642
0.675748974057924
0.675870282754734
0.675991640915023
0.676113048689089
0.676234506227578
0.676356013681483
0.676477571202149
0.67659917894127
0.676720837050892
0.676842545683415
0.67696430499159
0.677086115128524
0.677207976247681
0.677329888502879
0.677451852048295
0.677573867038465
0.677695933628284
0.677818051973007
0.677940222228252
0.67806244455
0.678184719094593
0.678307046018742
0.67842942547952
0.678551857634368
0.678674342641097
0.678796880657884
0.678919471843277
0.679042116356196
0.679164814355932
0.67928756600215
0.679410371454888
0.679533230874561
0.67965614442196
0.679779112258251
0.679902134544982
0.680025211444079
0.680148343117849
0.68027152972898
0.680394771440545
0.680518068415998
0.680641420819181
0.680764828814321
0.680888292566033
0.681011812239318
0.68113538799957
0.681259020012571
0.681382708444497
0.681506453461916
0.68163025523179
0.681754113921476
0.681878029698728
0.682002002731698
0.682126033188935
0.682250121239389
0.682374267052412
0.682498470797757
0.682622732645579
0.682747052766441
0.682871431331309
0.682995868511557
0.683120364478966
0.683244919405727
0.683369533464444
0.683494206828127
0.683618939670204
0.683743732164516
0.683868584485317
0.683993496807279
0.684118469305494
0.684243502155468
0.684368595533133
0.684493749614837
0.684618964577355
0.684744240597883
0.684869577854044
0.684994976523887
0.685120436785888
0.685245958818952
0.685371542802416
0.685497188916046
0.685622897340043
0.68574866825504
0.685874501842107
0.68600039828275
0.686126357758913
0.686252380452978
0.686378466547771
0.686504616226556
0.686630829673042
0.686757107071382
0.686883448606175
0.687009854462468
0.687136324825756
0.687262859881982
0.687389459817542
0.687516124819284
0.687642855074511
0.687769650770979
0.687896512096902
0.688023439240953
0.688150432392261
0.688277491740419
0.68840461747548
0.688531809787962
0.688659068868848
0.688786394909584
0.688913788102088
0.689041248638744
0.689168776712408
0.689296372516408
0.689424036244545
0.689551768091093
0.689679568250806
0.689807436918912
0.68993537429112
0.690063380563618
0.69019145593308
0.690319600596657
0.690447814751991
0.690576098597207
0.690704452330919
0.690832876152229
0.690961370260731
0.691089934856513
0.691218570140153
0.691347276312728
0.69147605357581
0.691604902131468
0.691733822182275
0.691862813931301
0.691991877582121
0.692121013338816
0.69225022140597
0.692379501988676
0.692508855292537
0.692638281523666
0.692767780888687
0.692897353594739
0.693026999849478
0.693156719861074
0.693286513838217
0.693416381990118
0.693546324526508
0.693676341657643
0.693806433594304
0.693936600547798
0.694066842729959
0.694197160353154
0.694327553630278
0.694458022774763
0.694588568000573
0.694719189522208
0.69484988755471
0.694980662313657
0.69511151401517
0.695242442875913
0.695373449113095
0.695504532944471
0.695635694588346
0.695766934263573
0.695898252189557
0.696029648586259
0.69616112367419
0.696292677674423
0.696424310808588
0.696556023298873
0.696687815368031
0.696819687239379
0.696951639136796
0.697083671284734
0.697215783908209
0.697347977232811
0.697480251484702
0.697612606890618
0.697745043677873
0.697877562074357
0.698010162308542
0.69814284460948
0.698275609206809
0.69840845633075
0.698541386212113
0.698674399082297
0.698807495173291
0.698940674717679
0.699073937948638
0.699207285099942
0.699340716405966
0.699474232101681
0.699607832422663
0.699741517605094
0.699875287885759
0.700009143502053
0.700143084691981
0.700277111694159
0.700411224747818
0.700545424092805
0.700679709969584
0.700814082619239
0.700948542283478
0.701083089204629
0.701217723625649
0.701352445790123
0.701487255942262
0.701622154326913
0.701757141189555
0.701892216776303
0.702027381333911
0.702162635109771
0.702297978351919
0.702433411309034
0.702568934230442
0.702704547366116
0.702840250966681
0.702976045283413
0.703111930568243
0.703247907073759
0.703383975053207
0.703520134760495
0.703656386450193
0.703792730377537
0.703929166798431
0.704065695969445
0.704202318147824
0.704339033591487
0.704475842559027
0.704612745309716
0.704749742103507
0.704886833201035
0.70502401886362
0.705161299353269
0.705298674932678
0.705436145865235
0.705573712415022
0.705711374846816
0.705849133426093
0.705986988419031
0.706124940092508
0.706262988714109
0.706401134552127
0.706539377875563
0.706677718954131
0.70681615805826
0.706954695459096
0.707093331428502
0.707232066239066
0.707370900164095
0.707509833477628
0.707648866454428
0.707787999369991
0.707927232500547
0.70806656612306
0.708206000515234
0.708345535955513
0.708485172723084
0.70862491109788
0.708764751360582
0.708904693792621
0.709044738676182
0.709184886294204
0.709325136930385
0.709465490869185
0.709605948395824
0.709746509796289
0.709887175357336
0.710027945366491
0.710168820112052
0.710309799883094
0.710450884969471
0.710592075661816
0.710733372251548
0.71087477503087
0.711016284292775
0.711157900331046
0.711299623440263
0.711441453915799
0.71158339205383
0.71172543815133
0.711867592506082
0.712009855416673
0.712152227182502
0.71229470810378
0.712437298481534
0.71257999861761
0.712722808814673
0.712865729376213
0.713008760606547
0.713151902810821
0.713295156295013
0.713438521365935
0.713581998331239
0.713725587499416
0.7138692891798
0.714013103682573
0.714157031318763
0.714301072400254
0.714445227239782
0.714589496150941
0.714733879448188
0.71487837744684
0.715022990463082
0.715167718813971
0.715312562817432
0.715457522792267
0.715602599058158
0.715747791935667
0.715893101746239
0.716038528812209
0.716184073456799
0.716329736004128
0.716475516779208
0.716621416107952
0.716767434317177
0.716913571734603
0.717059828688859
0.717206205509488
0.717352702526945
0.717499320072605
0.717646058478764
0.717792918078641
0.717939899206383
0.71808700219707
0.718234227386712
0.718381575112259
0.718529045711601
0.718676639523568
0.718824356887942
0.718972198145452
0.71912016363778
0.719268253707566
0.71941646869841
0.719564808954873
0.719713274822484
0.719861866647743
0.720010584778122
0.720159429562068
0.72030840134901
0.72045750048936
0.720606727334516
0.720756082236867
0.720905565549795
0.72105517762768
0.7212049188259
0.721354789500839
0.721504790009889
0.721654920711451
0.721805181964941
0.721955574130795
0.722106097570467
0.722256752646439
0.72240753972222
0.722558459162353
0.722709511332414
0.722860696599021
0.723012015329835
0.723163467893561
0.723315054659958
0.723466775999837
0.723618632285067
0.723770623888578
0.723922751184367
0.724075014547498
0.724227414354109
0.724379950981413
0.724532624807705
0.724685436212362
0.724838385575851
0.724991473279729
0.725144699706649
0.725298065240364
0.725451570265728
0.725605215168706
0.725759000336371
0.725912926156911
0.726066993019634
0.726221201314971
0.72637555143448
0.726530043770847
0.726684678717896
0.726839456670589
0.726994378025031
0.727149443178473
0.727304652529318
0.727460006477123
0.727615505422605
0.727771149767644
0.727926939915288
0.728082876269755
0.728238959236442
0.728395189221922
0.728551566633955
0.728708091881487
0.72886476537466
0.72902158752481
0.729178558744474
0.729335679447398
0.729492950048533
0.729650370964047
0.729807942611326
0.729965665408978
0.73012353977684
0.730281566135979
0.730439744908698
0.73059807651854
0.730756561390295
0.730915199950001
0.731073992624949
0.731232939843691
0.731392042036039
0.731551299633074
0.731710713067148
0.731870282771892
0.732030009182216
0.732189892734315
0.732349933865678
0.732510133015086
0.732670490622622
0.732831007129671
0.732991682978929
0.733152518614406
0.733313514481432
0.733474671026657
0.733635988698062
0.733797467944962
0.733959109218008
0.734120912969193
0.734282879651861
0.734445009720707
0.734607303631784
0.734769761842506
0.734932384811656
0.735095172999389
0.735258126867239
0.73542124687812
0.735584533496335
0.73574798718758
0.735911608418949
0.736075397658936
0.736239355377446
0.736403482045798
0.736567778136725
0.736732244124388
0.736896880484374
0.737061687693706
0.737226666230844
0.737391816575695
0.737557139209614
0.737722634615411
0.737888303277359
0.738054145681196
0.738220162314128
0.738386353664843
0.738552720223508
0.738719262481779
0.738885980932804
0.73905287607123
0.73921994839321
0.739387198396404
0.73955462657999
0.739722233444666
0.739890019492656
0.740057985227716
0.740226131155142
0.740394457781773
0.740562965615997
0.740731655167756
0.740900526948555
0.741069581471465
0.74123881925113
0.741408240803772
0.741577846647197
0.741747637300802
0.74191761328558
0.742087775124126
0.742258123340644
0.742428658460951
0.742599381012484
0.742770291524307
0.742941390527118
0.743112678553249
0.743284156136682
0.743455823813044
0.743627682119625
0.743799731595372
0.743971972780908
0.744144406218525
0.744317032452202
0.744489852027605
0.744662865492092
0.744836073394726
0.745009476286275
0.745183074719222
0.745356869247769
0.745530860427847
0.745705048817118
0.745879434974986
0.7460540194626
0.746228802842863
0.746403785680437
0.746578968541751
0.746754351995006
0.746929936610185
0.747105722959056
0.747281711615179
0.747457903153918
0.747634298152441
0.747810897189729
0.747987700846587
0.748164709705646
0.74834192435137
0.748519345370068
0.748696973349896
0.748874808880864
0.749052852554848
0.749231104965591
0.749409566708716
0.749588238381726
0.74976712058402
0.749946213916893
0.750125518983546
0.750305036389095
0.750484766740574
0.750664710646947
0.750844868719112
0.75102524156991
0.751205829814134
0.751386634068531
0.751567654951817
0.751748893084678
0.751930349089782
0.752112023591785
0.752293917217338
0.752476030595095
0.752658364355723
0.752840919131906
0.753023695558354
0.753206694271814
0.753389915911073
0.753573361116971
0.753757030532403
0.753940924802332
0.754125044573795
0.754309390495911
0.754493963219889
0.754678763399037
0.754863791688769
0.755049048746614
0.755234535232224
0.755420251807382
0.755606199136011
0.755792377884181
0.75597878872012
0.756165432314217
0.756352309339038
0.756539420469329
0.756726766382025
0.756914347756261
0.757102165273378
0.757290219616936
0.757478511472714
0.75766704152873
0.757855810475239
0.758044819004751
0.758234067812032
0.75842355759412
0.758613289050326
0.758803262882252
0.758993479793792
0.759183940491146
0.759374645682826
0.759565596079668
0.759756792394838
0.759948235343844
0.760139925644545
0.760331864017157
0.760524051184266
0.760716487870836
0.760909174804218
0.761102112714161
0.761295302332818
0.761488744394761
0.761682439636984
0.761876388798919
0.76207059262244
0.762265051851879
0.762459767234029
0.762654739518158
0.762849969456017
0.763045457801852
0.763241205312413
0.763437212746961
0.763633480867282
0.763830010437696
0.764026802225067
0.764223856998812
0.764421175530911
0.764618758595921
0.764816606970981
0.765014721435826
0.765213102772797
0.765411751766849
0.765610669205565
0.765809855879164
0.766009312580511
0.766209040105131
0.766409039251217
0.76660931081964
0.766809855613963
0.767010674440447
0.767211768108069
0.767413137428525
0.767614783216246
0.767816706288407
0.768018907464941
0.768221387568544
0.768424147424693
0.768627187861653
0.76883050971049
0.769034113805082
0.769238000982127
0.769442172081164
0.769646627944571
0.769851369417589
0.770056397348326
0.770261712587769
0.770467315989802
0.770673208411209
0.770879390711692
0.77108586375388
0.771292628403345
0.771499685528606
0.771707036001148
0.771914680695433
0.77212262048891
0.772330856262027
0.772539388898247
0.772748219284056
0.772957348308976
0.773166776865582
0.773376505849508
0.773586536159463
0.773796868697245
0.774007504367749
0.774218444078984
0.774429688742084
0.774641239271322
0.774853096584119
0.775065261601064
0.77527773524592
0.77549051844564
0.775703612130381
0.775917017233516
0.776130734691648
0.776344765444621
0.776559110435539
0.776773770610771
0.776988746919972
0.777204040316092
0.777419651755394
0.777635582197462
0.777851832605219
0.77806840394494
0.778285297186266
0.778502513302214
0.778720053269199
0.778937918067041
0.779156108678981
0.779374626091698
0.779593471295319
0.779812645283437
0.780032149053124
0.780251983604944
0.780472149942969
0.780692649074796
0.780913482011557
0.781134649767935
0.781356153362183
0.781577993816134
0.781800172155217
0.782022689408473
0.782245546608571
0.782468744791822
0.782692284998192
0.782916168271323
0.783140395658542
0.783364968210881
0.783589886983091
0.783815153033657
0.784040767424815
0.784266731222567
0.784493045496697
0.784719711320785
0.784946729772228
0.785174101932251
0.785401828885927
0.785629911722187
0.785858351533846
0.78608714941761
0.786316306474099
0.78654582380786
0.786775702527383
0.787005943745123
0.787236548577509
0.787467518144968
0.787698853571938
0.787930555986886
0.788162626522323
0.788395066314827
0.788627876505053
0.788861058237756
0.789094612661804
0.789328540930201
0.789562844200099
0.789797523632818
0.790032580393864
0.790268015652949
0.790503830584003
0.790740026365198
0.790976604178963
0.791213565212002
0.791450910655316
0.791688641704217
0.791926759558346
0.792165265421698
0.792404160502633
0.792643446013898
0.792883123172649
0.793123193200464
0.793363657323366
0.793604516771839
0.793845772780852
0.794087426589874
0.794329479442895
0.794571932588444
0.794814787279613
0.795058044774069
0.795301706334083
0.795545773226543
0.795790246722975
0.796035128099566
0.79628041863718
0.796526119621385
0.796772232342465
0.797018758095445
0.797265698180112
0.797513053901034
0.797760826567581
0.798009017493948
0.798257627999172
0.798506659407156
0.798756113046689
0.79900599025147
0.799256292360123
0.799507020716226
0.799758176668327
0.800009761569969
0.80026177677971
0.800514223661146
0.800767103582932
0.801020417918804
0.801274168047605
0.801528355353299
0.801782981225003
0.802038047057003
0.80229355424878
0.802549504205032
0.802805898335695
0.803062738055968
0.803320024786336
0.803577759952594
0.803835944985868
0.80409458132264
0.804353670404771
0.804613213679526
0.804873212599596
0.805133668623125
0.805394583213727
0.805655957840521
0.805917793978145
0.806180093106787
0.806442856712206
0.806706086285759
0.806969783324425
0.807233949330829
0.807498585813267
0.807763694285734
0.808029276267945
0.808295333285364
0.808561866869229
0.808828878556573
0.809096369890259
0.809364342418996
0.809632797697372
0.809901737285876
0.810171162750929
0.810441075664905
0.810711477606161
0.810982370159063
0.811253754914013
0.811525633467475
0.811798007422002
0.812070878386267
0.812344247975086
0.812618117809445
0.812892489516533
0.813167364729764
0.81344274508881
0.813718632239624
0.813995027834473
0.814271933531962
0.814549350997068
0.814827281901161
0.815105727922041
0.815384690743962
0.815664172057662
0.815944173560393
0.816224696955948
0.816505743954697
0.816787316273608
0.817069415636282
0.817352043772984
0.817635202420669
0.817918893323017
0.818203118230458
0.818487878900208
0.818773177096298
0.819059014589601
0.81934539315787
0.819632314585764
0.819919780664883
0.820207793193795
0.820496353978072
0.820785464830321
0.821075127570215
0.821365344024524
0.821656116027153
0.821947445419167
0.822239334048828
0.822531783771629
0.822824796450324
0.823118373954962
0.823412518162924
0.823707230958949
0.824002514235177
0.824298369891174
0.824594799833974
0.824891805978108
0.825189390245638
0.825487554566199
0.825786300877022
0.826085631122982
0.826385547256621
0.826686051238193
0.826987145035695
0.8272888306249
0.827591109989401
0.827893985120639
0.828197458017944
0.828501530688569
0.828806205147729
0.829111483418636
0.829417367532536
0.829723859528748
0.8300309614547
0.830338675365965
0.830647003326304
0.830955947407698
0.83126550969039
0.831575692262922
0.831886497222175
0.832197926673405
0.832509982730286
0.832822667514944
0.833135983158003
0.833449931798619
0.833764515584522
0.834079736672055
0.834395597226218
0.834712099420705
0.835029245437942
0.835347037469135
0.835665477714307
0.835984568382338
0.83630431169101
0.836624709867046
0.836945765146152
0.837267479773063
0.837589856001582
0.83791289609462
0.838236602324247
0.838560976971727
0.838886022327566
0.839211740691554
0.839538134372808
0.839865205689819
0.840192956970492
0.840521390552195
0.8408505087818
0.841180314015729
0.841510808620001
0.841841994970276
0.8421738754519
0.842506452459952
0.84283972839929
0.843173705684597
0.843508386740428
0.843843774001258
0.844179869911527
0.844516676925688
0.844854197508255
0.845192434133852
0.845531389287261
0.845871065463467
0.846211465167712
0.84655259091554
0.846894445232847
0.847237030655932
0.847580349731545
0.847924405016939
0.848269199079917
0.848614734498887
0.848961013862908
0.849308039771745
0.849655814835918
0.850004341676755
0.850353622926443
0.850703661228082
0.851054459235734
0.851406019614479
0.851758345040467
0.852111438200971
0.85246530179444
0.852819938530556
0.853175351130283
0.853531542325927
0.853888514861188
0.854246271491213
0.854604814982657
0.854964148113733
0.855324273674272
0.855685194465776
0.856046913301477
0.856409433006395
0.856772756417391
0.857136886383228
0.857501825764627
0.857867577434327
0.858234144277142
0.858601529190021
0.858969735082103
0.859338764874784
0.859708621501771
0.860079307909141
0.860450827055409
0.860823181911578
0.86119637546121
0.861570410700481
0.861945290638247
0.862321018296101
0.862697596708441
0.863075028922528
0.863453317998554
0.8638324670097
0.864212479042204
0.864593357195422
0.864975104581897
0.86535772432742
0.865741219571093
0.866125593465402
0.866510849176278
0.866896989883161
0.867284018779073
0.867671939070682
0.868060753978364
0.868450466736283
0.868841080592446
0.869232598808781
0.869625024661202
0.870018361439678
0.870412612448302
0.870807781005366
0.871203870443424
0.87160088410937
0.871998825364504
0.872397697584606
0.872797504160007
0.873198248495664
0.873599934011227
0.87400256414112
0.874406142334608
0.874810672055876
0.875216156784098
0.875622600013518
0.87603000525352
0.876438376028708
0.876847715878979
0.877258028359601
0.877669317041289
0.878081585510283
0.878494837368428
0.878909076233247
0.879324305738026
0.879740529531889
0.880157751279877
0.880575974663031
0.880995203378473
0.881415441139483
0.881836691675582
0.882258958732617
0.882682246072838
0.883106557474987
0.883531896734374
0.883958267662967
0.884385674089474
0.884814119859427
0.885243608835265
0.885674144896426
0.886105731939429
0.886538373877957
0.886972074642952
0.887406838182699
0.887842668462909
0.888279569466818
0.888717545195267
0.889156599666796
0.889596736917731
0.890037961002281
0.89048027599262
0.890923685978987
0.891368195069773
0.891813807391615
0.89226052708949
0.892708358326809
0.893157305285508
0.893607372166148
0.894058563188006
0.894510882589175
0.894964334626654
0.895418923576452
0.895874653733683
0.896331529412661
0.896789554947004
0.897248734689729
0.897709073013353
0.898170574309996
0.898633242991479
0.899097083489424
0.899562100255361
0.900028297760828
0.900495680497472
0.900964252977159
0.901434019732072
0.901904985314818
0.902377154298539
0.902850531277009
0.903325120864749
0.90380092769713
0.904277956430483
0.904756211742206
0.905235698330876
0.905716420916359
0.906198384239915
0.906681593064318
0.907166052173963
0.907651766374977
0.908138740495336
0.908626979384979
0.909116487915918
0.909607270982358
0.910099333500813
0.910592680410216
0.911087316672046
0.911583247270438
0.912080477212307
0.912579011527463
0.913078855268735
0.913580013512086
0.914082491356743
0.914586293925313
0.915091426363904
0.915597893842256
0.91610570155386
0.916614854716081
0.917125358570291
0.917637218381989
0.918150439440932
0.918665027061261
0.91918098658163
0.919698323365335
0.920217042800448
0.920737150299942
0.921258651301826
0.921781551269281
0.922305855690785
0.922831570080255
0.923358699977177
0.923887250946746
0.924417228579997
0.924948638493948
0.925481486331733
0.926015777762745
0.926551518482775
0.927088714214149
0.927627370705876
0.928167493733782
0.928709089100662
0.929252162636416
0.9297967201982
0.930342767670568
0.930890310965618
0.931439356023145
0.931989908810781
0.93254197532415
0.933095561587019
0.933650673651441
0.934207317597918
0.934765499535544
0.935325225602166
0.935886501964531
0.936449334818449
0.937013730388947
0.937579694930423
0.938147234726807
0.938716356091722
0.939287065368642
0.939859368931051
0.940433273182613
0.941008784557323
0.941585909519683
0.942164654564861
0.942745026218855
0.943327031038668
0.943910675612466
0.944495966559756
0.945082910531551
0.945671514210542
0.946261784311271
0.946853727580304
0.947447350796406
0.948042660770712
0.948639664346909
0.949238368401413
0.949838779843542
0.9504409056157
0.951044752693559
0.951650328086235
0.952257638836477
0.952866692020848
0.95347749474991
0.954090054168409
0.954704377455468
0.955320471824768
0.955938344524741
0.956558002838763
0.957179454085342
0.957802705618312
0.958427764827032
0.959054639136574
0.959683336007922
0.960313862938176
0.960946227460743
0.961580437145538
0.962216499599194
0.962854422465254
0.963494213424379
0.964135880194558
0.964779430531307
0.965424872227881
0.966072213115482
0.96672146106347
0.967372623979572
0.968025709810101
0.968680726540161
0.969337682193871
0.969996584834576
0.970657442565072
0.971320263527816
0.971985055905154
0.972651827919544
0.973320587833772
0.973991343951186
0.974664104615917
0.975338878213106
0.976015673169139
0.976694497951871
0.977375361070863
0.978058271077611
0.978743236565787
0.979430266171467
0.980119368573378
0.98081055249313
0.981503826695461
0.982199199988478
0.982896681223901
0.983596279297308
0.984298003148381
0.985001861761158
0.985707864164278
0.986416019431236
0.987126336680636
0.987838825076441
0.988553493828238
0.989270352191488
0.989989409467788
0.990710675005132
0.991434158198177
0.992159868488501
0.992887815364874
0.993618008363526
0.99435045706841
0.995085171111482
0.995822160172966
0.996561433981636
0.997303002315082
0.998046875
