0.0329633827916573
0.0329585419459138
0.0329538140572991
0.0329491989432927
0.0329446964226698
0.032940306315496
0.0329360284431218
0.0329318626281771
0.032927808694566
0.0329238664674618
0.0329200357733011
0.032916316439779
0.0329127082958438
0.0329092111716917
0.0329058248987619
0.0329025493097312
0.0328993842385091
0.0328963295202327
0.0328933849912615
0.0328905504891728
0.0328878258527562
0.0328852109220092
0.0328827055381318
0.0328803095435222
0.0328780227817711
0.0328758450976578
0.0328737763371449
0.0328718163473732
0.032869964976658
0.0328682220744832
0.0328665874914976
0.0328650610795095
0.0328636426914826
0.0328623321815309
0.0328611294049148
0.0328600342180357
0.0328590464784323
0.0328581660447755
0.0328573927768644
0.0328567265356214
0.0328561671830881
0.0328557145824208
0.0328553685978862
0.0328551290948569
0.0328549959398074
0.0328549690003092
0.0328550481450275
0.0328552332437159
0.032855524167213
0.0328559207874377
0.0328564229773854
0.0328570306111236
0.0328577435637879
0.0328585617115779
0.032859484931753
0.0328605131026286
0.0328616461035719
0.0328628838149979
0.0328642261183655
0.0328656728961737
0.0328672240319571
0.0328688794102828
0.0328706389167458
0.0328725024379656
0.0328744698615822
0.0328765410762522
0.0328787159716452
0.0328809944384398
0.0328833763683202
0.0328858616539719
0.0328884501890787
0.0328911418683185
0.0328939365873597
0.0328968342428579
0.0328998347324517
0.0329029379547597
0.0329061438093766
0.0329094521968697
0.0329128630187752
0.0329163761775951
0.0329199915767933
0.0329237091207922
0.0329275287149695
0.0329314502656545
0.0329354736801247
0.0329395988666024
0.0329438257342517
0.0329481541931746
0.0329525841544079
0.03295711552992
0.0329617482326072
0.032966482176291
0.0329713172757146
0.0329762534465391
0.0329812906053414
0.0329864286696099
0.0329916675577421
0.0329970071890408
0.0330024474837115
0.0330079883628589
0.0330136297484842
0.0330193715634812
0.0330252137316343
0.0330311561776145
0.0330371988269771
0.0330433416061578
0.0330495844424707
0.0330559272641046
0.0330623700001203
0.0330689125804477
0.0330755549358824
0.0330822969980836
0.0330891386995705
0.0330960799737195
0.0331031207547617
0.0331102609777798
0.0331175005787051
0.0331248394943151
0.0331322776622302
0.0331398150209114
0.033147451509657
0.0331551870686005
0.033163021638707
0.0331709551617715
0.0331789875804152
0.0331871188380835
0.033195348879043
0.0332036776483788
0.0332121050919922
0.0332206311565976
0.0332292557897202
0.0332379789396934
0.0332468005556558
0.0332557205875493
0.033264738986116
0.0332738557028957
0.0332830706902238
0.0332923839012283
0.0333017952898275
0.0333113048107275
0.0333209124194198
0.0333306180721786
0.0333404217260588
0.0333503233388928
0.0333603228692892
0.0333704202766292
0.0333806155210652
0.0333909085635178
0.0334012993656735
0.0334117878899828
0.0334223740996574
0.033433057958668
0.0334438394317421
0.0334547184843615
0.0334656950827603
0.0334767691939224
0.0334879407855792
0.0334992098262078
0.033510576285028
0.0335220401320008
0.033533601337826
0.0335452598739395
0.033557015712512
0.0335688688264462
0.0335808191893747
0.033592866775658
0.0336050115603825
0.033617253519358
0.033629592629116
0.0336420288669073
0.0336545622106999
0.0336671926391774
0.0336799201317361
0.0336927446684839
0.0337056662302376
0.033718684798521
0.033731800355563
0.0337450128842958
0.0337583223683523
0.0337717287920646
0.033785232140462
0.033798832399269
0.0338125295549031
0.0338263235944731
0.0338402145057773
0.0338542022773014
0.0338682868982164
0.0338824683583771
0.0338967466483201
0.0339111217592617
0.0339255936830963
0.0339401624123945
0.0339548279404012
0.0339695902610335
0.0339844493688797
0.0339994052591964
0.0340144579279077
0.0340296073716026
0.0340448535875337
0.0340601965736155
0.0340756363284222
0.0340911728511863
0.0341068061417966
0.0341225362007969
0.0341383630293838
0.0341542866294052
0.0341703070033587
0.0341864241543895
0.0342026380862894
0.0342189488034945
0.0342353563110838
0.0342518606147775
0.0342684617209353
0.0342851596365551
0.0343019543692706
0.0343188459273507
0.034335834319697
0.0343529195558428
0.0343701016459511
0.0343873806008132
0.0344047564318471
0.0344222291510961
0.0344397987712269
0.0344574653055284
0.0344752287679097
0.0344930891728992
0.0345110465356425
0.0345291008719013
0.0345472521980514
0.0345655005310818
0.0345838458885929
0.0346022882887949
0.0346208277505066
0.0346394642931535
0.034658197936767
0.0346770287019823
0.0346959566100375
0.0347149816827716
0.0347341039426236
0.0347533234126308
0.0347726401164274
0.0347920540782431
0.0348115653229018
0.0348311738758202
0.0348508797630063
0.0348706830110581
0.0348905836471622
0.0349105816990924
0.0349306771952087
0.0349508701644553
0.0349711606363599
0.034991548641032
0.0350120342091616
0.0350326173720181
0.0350532981614487
0.0350740766098774
0.0350949527503034
0.0351159266163002
0.0351369982420137
0.0351581676621616
0.0351794349120318
0.0352008000274812
0.0352222630449341
0.0352438240013818
0.0352654829343804
0.0352872398820501
0.035309094883074
0.0353310479766967
0.035353099202723
0.0353752486015168
0.0353974962140002
0.0354198420816518
0.0354422862465057
0.0354648287511504
0.0354874696387276
0.0355102089529309
0.0355330467380049
0.0355559830387437
0.03557901790049
0.0356021513691338
0.0356253834911114
0.0356487143134042
0.0356721438835374
0.0356956722495792
0.0357192994601395
0.0357430255643688
0.0357668506119569
0.0357907746531323
0.0358147977386606
0.0358389199198438
0.0358631412485187
0.0358874617770563
0.0359118815583608
0.0359364006458681
0.0359610190935448
0.0359857369558875
0.0360105542879214
0.0360354711451995
0.0360604875838014
0.0360856036603323
0.036110819431922
0.0361361349562236
0.0361615502914132
0.036187065496188
0.0362126806297659
0.0362383957518842
0.0362642109227987
0.0362901262032829
0.0363161416546264
0.0363422573386348
0.0363684733176278
0.0363947896544389
0.0364212064124143
0.0364477236554114
0.0364743414477988
0.0365010598544543
0.0365278789407648
0.0365547987726249
0.0365818194164359
0.0366089409391052
0.0366361634080452
0.0366634868911722
0.0366909114569057
0.0367184371741675
0.0367460641123804
0.036773792341468
0.0368016219318529
0.0368295529544566
0.036857585480698
0.0368857195824931
0.0369139553322534
0.0369422928028856
0.0369707320677904
0.0369992732008618
0.0370279162764861
0.037056661369541
0.037085508555395
0.0371144579099061
0.0371435095094213
0.0371726634307756
0.0372019197512912
0.0372312785487766
0.0372607399015257
0.0372903038883172
0.0373199705884134
0.0373497400815598
0.0373796124479839
0.0374095877683944
0.0374396661239807
0.0374698475964117
0.0375001322678353
0.0375305202208773
0.0375610115386409
0.0375916063047054
0.0376223046031262
0.0376531065184332
0.0376840121356304
0.037715021540195
0.0377461348180767
0.0377773520556971
0.0378086733399482
0.0378400987581925
0.0378716283982617
0.0379032623484561
0.0379350006975437
0.0379668435347596
0.0379987909498053
0.0380308430328476
0.0380629998745181
0.0380952615659125
0.0381276281985896
0.0381600998645708
0.0381926766563392
0.0382253586668391
0.0382581459894747
0.0382910387181102
0.0383240369470682
0.0383571407711296
0.0383903502855327
0.0384236655859723
0.038457086768599
0.0384906139300189
0.0385242471672923
0.0385579865779334
0.0385918322599094
0.0386257843116399
0.0386598428319959
0.0386940079202996
0.0387282796763234
0.0387626582002891
0.0387971435928672
0.0388317359551769
0.0388664353887842
0.0389012419957022
0.03893615587839
0.0389711771397521
0.0390063058831378
0.0390415422123403
0.0390768862315962
0.0391123380455848
0.0391478977594273
0.0391835654786863
0.0392193413093653
0.0392552253579075
0.0392912177311954
0.0393273185365505
0.039363527881732
0.0393998458749366
0.0394362726247978
0.039472808240385
0.0395094528312031
0.0395462065071916
0.0395830693787242
0.0396200415566083
0.0396571231520836
0.0396943142768225
0.0397316150429286
0.0397690255629364
0.039806545949811
0.0398441763169467
0.039881916778167
0.0399197674477237
0.0399577284402965
0.039995799870992
0.0400339818553435
0.0400722745093098
0.0401106779492753
0.0401491922920489
0.0401878176548633
0.040226554155375
0.0402654019116628
0.040304361042228
0.0403434316659932
0.040382613902302
0.0404219078709184
0.0404613136920259
0.0405008314862275
0.0405404613745441
0.040580203478415
0.0406200579196966
0.0406600248206619
0.040700104304
0.0407402964928157
0.0407806015106284
0.040821019481372
0.0408615505293939
0.0409021947794547
0.0409429523567277
0.0409838233867978
0.0410248079956613
0.0410659063097255
0.0411071184558073
0.0411484445611338
0.0411898847533406
0.0412314391604719
0.0412731079109796
0.041314891133723
0.0413567889579678
0.041398801513386
0.0414409289300548
0.0414831713384566
0.0415255288694779
0.041568001654409
0.0416105898249434
0.0416532935131772
0.0416961128516084
0.0417390479731366
0.0417820990110622
0.0418252660990859
0.0418685493713081
0.0419119489622283
0.0419554650067447
0.0419990976401535
0.0420428469981483
0.0420867132168196
0.0421306964326541
0.0421747967825344
0.0422190144037382
0.0422633494339379
0.0423078020111997
0.0423523722739835
0.0423970603611422
0.0424418664119207
0.042486790565956
0.0425318329632762
0.0425769937443001
0.0426222730498366
0.0426676710210842
0.04271318779963
0.0427588235274502
0.0428045783469082
0.0428504524007552
0.0428964458321287
0.0429425587845528
0.0429887914019369
0.0430351438285756
0.043081616209148
0.0431282086887172
0.0431749214127294
0.043221754527014
0.0432687081777825
0.0433157825116282
0.0433629776755254
0.043410293816829
0.0434577310832742
0.0435052896229753
0.043552969584426
0.0436007711164979
0.0436486943684407
0.0436967394898814
0.0437449066308233
0.0437931959416464
0.0438416075731059
0.0438901416763322
0.04393879840283
0.0439875779044782
0.0440364803335287
0.0440855058426065
0.0441346545847088
0.0441839267132044
0.0442333223818332
0.0442828417447057
0.0443324849563026
0.0443822521714737
0.0444321435454379
0.0444821592337827
0.0445322993924628
0.0445825641778006
0.0446329537464848
0.0446834682555706
0.0447341078624785
0.0447848727249938
0.0448357630012667
0.0448867788498108
0.0449379204295031
0.0449891878995837
0.0450405814196542
0.0450921011496785
0.045143747249981
0.0451955198812468
0.0452474192045212
0.0452994453812082
0.0453515985730712
0.0454038789422314
0.0454562866511679
0.0455088218627168
0.0455614847400707
0.0456142754467781
0.0456671941467431
0.0457202410042243
0.0457734161838347
0.045826719850541
0.0458801521696629
0.0459337133068727
0.0459874034281946
0.0460412227000042
0.046095171289028
0.0461492493623425
0.0462034570873739
0.0462577946318977
0.0463122621640377
0.0463668598522655
0.0464215878654005
0.0464764463726082
0.0465314355434008
0.0465865555476359
0.0466418065555161
0.0466971887375885
0.0467527022647439
0.0468083473082164
0.046864124039583
0.0469200326307624
0.0469760732540151
0.0470322460819423
0.0470885512874856
0.0471449890439264
0.047201559524885
0.0472582629043206
0.0473150993565298
0.0473720690561471
0.0474291721781433
0.0474864088978257
0.0475437793908368
0.0476012838331544
0.0476589224010904
0.0477166952712905
0.0477746026207336
0.0478326446267309
0.0478908214669259
0.0479491333192931
0.0480075803621379
0.0480661627740956
0.0481248807341311
0.0481837344215383
0.048242724015939
0.0483018496972831
0.0483611116458472
0.0484205100422343
0.0484800450673734
0.0485397169025184
0.048599525729248
0.0486594717294646
0.048719555085394
0.0487797759795848
0.0488401345949072
0.0489006311145533
0.0489612657220357
0.0490220386011872
0.0490829499361601
0.0491439999114256
0.049205188711773
0.0492665165223095
0.049327983528459
0.0493895899159617
0.0494513358708735
0.0495132215795655
0.0495752472287229
0.0496374130053448
0.0496997190967434
0.0497621656905431
0.0498247529746805
0.0498874811374028
0.0499503503672679
0.0500133608531436
0.0500765127842067
0.0501398063499425
0.0502032417401442
0.0502668191449118
0.0503305387546524
0.0503944007600783
0.0504584053522072
0.0505225527223613
0.0505868430621665
0.0506512765635519
0.050715853418749
0.0507805738202909
0.0508454379610119
0.0509104460340468
0.05097559823283
0.0510408947510947
0.0511063357828728
0.0511719215224934
0.051237652164583
0.051303527904064
0.0513695489361545
0.0514357154563673
0.0515020276605094
0.0515684857446813
0.0516350899052762
0.0517018403389793
0.0517687372427669
0.0518357808139063
0.0519029712499544
0.0519703087487573
0.0520377935084496
0.0521054257274536
0.0521732056044785
0.05224113333852
0.0523092091288591
0.0523774331750617
0.0524458056769779
0.052514326834741
0.052582996848767
0.0526518159197537
0.0527207842486801
0.0527899020368055
0.052859169485669
0.0529285867970885
0.0529981541731599
0.0530678718162568
0.0531377399290293
0.0532077587144032
0.0532779283755797
0.0533482491160341
0.0534187211395157
0.0534893446500461
0.0535601198519193
0.0536310469497006
0.0537021261482258
0.0537733576526001
0.0538447416681981
0.0539162784006623
0.0539879680559028
0.0540598108400963
0.054131806959685
0.0542039566213764
0.0542762600321423
0.0543487173992178
0.0544213289301006
0.0544940948325503
0.0545670153145876
0.0546400905844933
0.0547133208508077
0.0547867063223297
0.054860247208116
0.0549339437174801
0.0550077960599921
0.0550818044454768
0.0551559690840141
0.0552302901859373
0.0553047679618324
0.0553794026225378
0.0554541943791428
0.055529143442987
0.0556042500256598
0.055679514338999
0.0557549365950904
0.0558305170062664
0.0559062557851059
0.055982153144433
0.0560582092973159
0.0561344244570668
0.0562107988372401
0.0562873326516323
0.0563640261142808
0.0564408794394629
0.0565178928416954
0.0565950665357331
0.0566724007365683
0.0567498956594301
0.0568275515197829
0.0569053685333262
0.056983346915993
0.0570614868839497
0.0571397886535945
0.0572182524415569
0.0572968784646967
0.057375666940103
0.0574546180850934
0.057533732117213
0.0576130092542338
0.0576924497141531
0.0577720537151932
0.0578518214758004
0.0579317532146437
0.0580118491506143
0.0580921095028245
0.0581725344906064
0.0582531243335117
0.0583338792513101
0.0584147994639888
0.0584958851917511
0.058577136655016
0.0586585540744169
0.0587401376708004
0.0588218876652259
0.0589038042789643
0.058985887733497
0.0590681382505153
0.0591505560519188
0.059233141359815
0.0593158943965179
0.0593988153845473
0.0594819045466279
0.0595651621056877
0.0596485882848579
0.059732183307471
0.0598159473970604
0.0598998807773595
0.0599839836722999
0.0600682563060113
0.0601526989028199
0.0602373116872477
0.0603220948840111
0.0604070487180204
0.0604921734143785
0.0605774691983797
0.0606629362955089
0.0607485749314405
0.0608343853320374
0.0609203677233498
0.0610065223316143
0.061092849383253
0.0611793491048719
0.0612660217232605
0.0613528674653903
0.0614398865584139
0.061527079229664
0.0616144457066519
0.0617019862170671
0.0617897009887758
0.0618775902498198
0.0619656542284155
0.062053893152953
0.0621423072519945
0.0622308967542739
0.0623196618886951
0.0624086028843311
0.062497719970423
0.0625870133763788
0.0626764833317723
0.0627661300663418
0.0628559538099895
0.0629459547927797
0.0630361332449381
0.0631264893968506
0.063217023479062
0.0633077357222753
0.0633986263573499
0.0634896956153009
0.0635809437272979
0.0636723709246638
0.0637639774388736
0.0638557635015532
0.0639477293444785
0.0640398751995737
0.0641322012989109
0.0642247078747082
0.0643173951593288
0.06441026338528
0.0645033127852116
0.0645965435919152
0.0646899560383226
0.0647835503575048
0.0648773267826707
0.064971285547166
0.0650654268844719
0.0651597510282038
0.0652542582121105
0.0653489486700724
0.0654438226361007
0.065538880344336
0.0656341220290469
0.0657295479246293
0.0658251582656047
0.0659209532866188
0.0660169332224409
0.066113098307962
0.0662094487781939
0.066305984868268
0.0664027068134336
0.0664996148490571
0.0665967092106206
0.0666939901337206
0.0667914578540663
0.0668891126074793
0.0669869546298913
0.0670849841573434
0.0671832014259847
0.0672816066720706
0.0673802001319624
0.067478982042125
0.067577952639126
0.0676771121596349
0.0677764608404206
0.0678759989183512
0.0679757266303924
0.0680756442136054
0.0681757519051467
0.0682760499422661
0.0683765385623053
0.0684772180026971
0.0685780885009633
0.0686791502947142
0.0687804036216464
0.068881848719542
0.0689834858262669
0.0690853151797698
0.0691873370180804
0.0692895515793084
0.069391959101642
0.0694945598233461
0.0695973539827618
0.069700341818304
0.0698035235684608
0.0699068994717915
0.0700104697669258
0.0701142346925618
0.070218194487465
0.0703223493904665
0.0704266996404621
0.0705312454764103
0.0706359871373314
0.0707409248623056
0.0708460588904717
0.0709513894610262
0.0710569168132208
0.0711626411863617
0.0712685628198082
0.0713746819529708
0.07148099882531
0.0715875136763347
0.0716942267456008
0.0718011382727099
0.0719082484973075
0.0720155576590817
0.0721230659977615
0.0722307737531158
0.0723386811649513
0.0724467884731115
0.0725550959174748
0.0726636037379532
0.0727723121744908
0.0728812214670622
0.0729903318556708
0.0730996435803481
0.0732091568811507
0.0733188719981604
0.0734287891714813
0.0735389086412391
0.0736492306475792
0.0737597554306652
0.0738704832306776
0.0739814142878118
0.0740925488422768
0.0742038871342935
0.0743154294040933
0.0744271758919166
0.0745391268380106
0.0746512824826286
0.0747636430660278
0.0748762088284679
0.0749889800102094
0.0751019568515122
0.0752151395926339
0.0753285284738278
0.0754421237353423
0.075555925617418
0.0756699343602871
0.0757841502041711
0.0758985733892798
0.0760132041558089
0.0761280427439389
0.0762430893938336
0.0763583443456378
0.0764738078394762
0.0765894801154515
0.0767053614136428
0.0768214519741041
0.0769377520368622
0.0770542618419154
0.0771709816292317
0.0772879116387473
0.0774050521103644
0.0775224032839502
0.0776399653993345
0.0777577386963087
0.0778757234146234
0.0779939197939873
0.0781123280740653
0.0782309484944762
0.0783497812947922
0.0784688267145357
0.0785880849931791
0.0787075563701417
0.0788272410847888
0.0789471393764298
0.0790672514843161
0.0791875776476399
0.0793081181055319
0.07942887309706
0.0795498428612273
0.0796710276369703
0.0797924276631572
0.0799140431785862
0.0800358744219837
0.0801579216320021
0.0802801850472187
0.0804026649061336
0.0805253614471675
0.0806482749086607
0.0807714055288707
0.0808947535459703
0.0810183191980465
0.0811421027230978
0.081266104359033
0.0813903243436693
0.0815147629147298
0.0816394203098429
0.0817642967665393
0.0818893925222507
0.082014707814308
0.082140242879939
0.0822659979562671
0.0823919732803093
0.0825181690889738
0.082644585619059
0.0827712231072509
0.0828980817901217
0.0830251619041275
0.0831524636856068
0.0832799873707783
0.0834077331957392
0.0835357013964634
0.0836638922087993
0.0837923058684679
0.0839209426110611
0.0840498026720399
0.0841788862867322
0.0843081936903306
0.0844377251178915
0.0845674808043319
0.0846974609844283
0.0848276658928145
0.0849580957639797
0.0850887508322664
0.0852196313318688
0.0853507374968303
0.0854820695610421
0.0856136277582408
0.0857454123220068
0.0858774234857619
0.0860096614827679
0.0861421265461238
0.0862748189087647
0.0864077388034591
0.0865408864628075
0.0866742621192399
0.0868078660050138
0.0869416983522129
0.0870757593927442
0.0872100493583363
0.0873445684805378
0.0874793169907145
0.0876142951200482
0.0877495030995338
0.0878849411599782
0.0880206095319974
0.088156508446015
0.0882926381322599
0.0884289988207645
0.0885655907413622
0.0887024141236861
0.0888394691971658
0.0889767561910264
0.0891142753342859
0.0892520268557533
0.0893900109840264
0.0895282279474899
0.0896666779743128
0.089805361292447
0.0899442781296249
0.0900834287133573
0.090222813270931
0.0903624320294072
0.0905022852156191
0.0906423730561701
0.090782695777431
0.0909232536055384
0.091064046766393
0.091205075485656
0.0913463399887487
0.0914878405008493
0.0916295772468909
0.0917715504515596
0.0919137603392922
0.0920562071342741
0.0921988910604371
0.0923418123414572
0.0924849712007524
0.0926283678614808
0.092772002546538
0.0929158754785554
0.0930599868798976
0.0932043369726605
0.0933489259786688
0.0934937541194743
0.093638821616353
0.0937841286903037
0.0939296755620452
0.0940754624520143
0.0942214895803636
0.0943677571669591
0.0945142654313786
0.0946610145929084
0.0948080048705422
0.094955236482978
0.0951027096486164
0.0952504245855583
0.0953983815116022
0.0955465806442426
0.0956950222006672
0.0958437063977553
0.0959926334520746
0.0961418035798799
0.0962912169971102
0.0964408739193867
0.0965907745620105
0.0967409191399603
0.09689130786789
0.0970419409601267
0.0971928186306683
0.097343941093181
0.0974953085609972
0.0976469212471132
0.0977987793641871
0.0979508831245357
0.0981032327401334
0.098255828422609
0.0984086703832435
0.0985617588329683
0.0987150939823623
0.0988686760416495
0.0990225052206975
0.0991765817290143
0.0993309057757464
0.0994854775696764
0.0996402973192203
0.0997953652324261
0.0999506815169702
0.100106246380156
0.100262060028911
0.100418122669786
0.100574434508948
0.100730995752186
0.1008878066049
0.101044867272104
0.101202177958422
0.101359738868086
0.101517550204933
0.101675612172404
0.101833924973539
0.101992488810977
0.102151303886953
0.102310370403295
0.102469688561423
0.102629258562345
0.102789080606655
0.10294915489453
0.103109481625731
0.103270060999596
0.10343089321504
0.103591978470552
0.103753316964194
0.103914908893594
0.104076754455952
0.104238853848028
0.104401207266145
0.104563814906189
0.104726676963597
0.104889793633367
0.105053165110045
0.105216791587728
0.105380673260062
0.105544810320235
0.105709202960979
0.105873851374567
0.106038755752807
0.106203916287045
0.106369333168157
0.106535006586551
0.106700936732161
0.106867123794448
0.107033567962394
0.107200269424503
0.107367228368794
0.107534444982805
0.107701919453582
0.107869651967687
0.108037642711185
0.108205891869647
0.10837439962815
0.108543166171268
0.108712191683074
0.108881476347136
0.109051020346514
0.10922082386376
0.109390887080912
0.109561210179494
0.109731793340514
0.109902636744458
0.110073740571289
0.110245105000449
0.110416730210848
0.11058861638087
0.110760763688363
0.110933172310643
0.111105842424487
0.111278774206131
0.111451967831271
0.111625423475055
0.111799141312085
0.111973121516412
0.112147364261534
0.112321869720396
0.112496638065381
0.112671669468314
0.112846964100458
0.113022522132507
0.11319834373459
0.113374429076264
0.113550778326513
0.113727391653744
0.113904269225786
0.11408141120989
0.114258817772718
0.114436489080351
0.114614425298277
0.114792626591396
0.114971093124013
0.115149825059834
0.115328822561971
0.115508085792929
0.115687614914613
0.115867410088319
0.116047471474733
0.116227799233932
0.116408393525374
0.116589254507904
0.116770382339744
0.116951777178496
0.117133439181135
0.11731536850401
0.117497565302838
0.117680029732706
0.117862761948062
0.118045762102718
0.118229030349846
0.118412566841974
0.118596371730982
0.118780445168106
0.118964787303926
0.119149398288372
0.119334278270716
0.119519427399571
0.119704845822889
0.119890533687958
0.120076491141398
0.12026271832916
0.120449215396524
0.120635982488094
0.120823019747797
0.12101032731888
0.121197905343909
0.121385753964761
0.12157387332263
0.121762263558015
0.121950924810725
0.122139857219873
0.122329060923871
0.122518536060433
0.122708282766567
0.122898301178577
0.123088591432057
0.123279153661889
0.12346998800224
0.123661094586563
0.12385247354759
0.124044125017329
0.124236049127066
0.124428246007359
0.124620715788034
0.124813458598187
0.125006474566176
0.125199763819625
0.125393326485412
0.125587162689676
0.125781272557809
0.125975656214453
0.126170313783501
0.126365245388089
0.126560451150601
0.126755931192657
0.126951685635119
0.127147714598082
0.127344018200876
0.12754059656206
0.12773744979942
0.127934578029968
0.128131981369939
0.128329659934786
0.128527613839179
0.128725843197005
0.128924348121359
0.129123128724548
0.129322185118084
0.129521517412683
0.129721125718262
0.129921010143938
0.13012117079802
0.130321607788015
0.130522321220617
0.13072331120171
0.130924577836361
0.131126121228823
0.131327941482525
0.131530038700076
0.131732412983258
0.131935064433027
0.132137993149507
0.132341199231989
0.132544682778928
0.13274844388794
0.132952482655801
0.133156799178443
0.133361393550949
0.133566265867556
0.133771416221649
0.133976844705757
0.134182551411552
0.134388536429848
0.134594799850596
0.13480134176288
0.13500816225492
0.135215261414064
0.135422639326786
0.135630296078687
0.135838231754487
0.136046446438029
0.136254940212269
0.136463713159279
0.136672765360242
0.136882096895451
0.137091707844301
0.137301598285297
0.137511768296038
0.137722217953228
0.13793294733266
0.138143956509226
0.138355245556905
0.138566814548764
0.138778663556956
0.138990792652718
0.139203201906364
0.139415891387288
0.139628861163957
0.13984211130391
0.140055641873759
0.140269452939178
0.14048354456491
0.140697916814755
0.140912569751578
0.141127503437295
0.14134271793288
0.141558213298356
0.141773989592796
0.141990046874319
0.142206385200088
0.142423004626306
0.142639905208217
0.142857087000097
0.143074550055258
0.143292294426044
0.143510320163824
0.143728627318995
0.143947215940975
0.144166086078205
0.144385237778143
0.144604671087262
0.144824386051047
0.145044382713995
0.145264661119611
0.145485221310402
0.145706063327882
0.145927187212562
0.146148593003951
0.146370280740554
0.146592250459869
0.146814502198382
0.147037035991567
0.147259851873884
0.147482949878774
0.147706330038659
0.147929992384938
0.148153936947985
0.148378163757144
0.148602672840733
0.148827464226033
0.149052537939294
0.149277894005724
0.149503532449493
0.14972945329373
0.149955656560515
0.150182142270882
0.150408910444817
0.15063596110125
0.150863294258057
0.151090909932057
0.151318808139008
0.151546988893608
0.151775452209485
0.152004198099204
0.152233226574259
0.152462537645071
0.152692131320985
0.152922007610271
0.153152166520118
0.153382608056634
0.153613332224841
0.153844339028673
0.154075628470978
0.15430720055351
0.154539055276928
0.154771192640795
0.155003612643576
0.155236315282633
0.155469300554224
0.155702568453502
0.15593611897451
0.15616995211018
0.156404067852331
0.156638466191667
0.156873147117771
0.157108110619108
0.157343356683019
0.157578885295719
0.157814696442296
0.158050790106708
0.15828716627178
0.158523824919202
0.158760766029529
0.158997989582174
0.159235495555409
0.159473283926362
0.159711354671014
0.159949707764198
0.160188343179597
0.160427260889737
0.160666460865991
0.160905943078575
0.161145707496541
0.161385754087783
0.161626082819025
0.161866693655829
0.162107586562584
0.162348761502508
0.162590218437647
0.162831957328867
0.16307397813586
0.163316280817134
0.163558865330015
0.163801731630644
0.164044879673974
0.16428830941377
0.164532020802603
0.164776013791851
0.165020288331695
0.165264844371119
0.165509681857905
0.165754800738631
0.166000200958674
0.166245882462198
0.166491845192163
0.166738089090314
0.166984614097183
0.167231420152086
0.167478507193121
0.167725875157168
0.16797352397988
0.168221453595689
0.1684696639378
0.168718154938187
0.168966926527596
0.169215978635539
0.169465311190292
0.169714924118895
0.169964817347147
0.170214990799609
0.170465444399594
0.170716178069173
0.170967191729169
0.171218485299154
0.171470058697449
0.171721911841122
0.171974044645983
0.172226457026588
0.172479148896228
0.172732120166938
0.172985370749484
0.17323890055337
0.173492709486829
0.173746797456827
0.174001164369056
0.174255810127935
0.174510734636608
0.17476593779694
0.175021419509517
0.175277179673643
0.175533218187338
0.175789534947338
0.176046129849091
0.176303002786754
0.176560153653194
0.176817582339986
0.177075288737408
0.177333272734442
0.177591534218771
0.177850073076776
0.178108889193539
0.178367982452832
0.178627352737126
0.178886999927582
0.179146923904049
0.179407124545066
0.17966760172786
0.179928355328339
0.180189385221096
0.180450691279405
0.180712273375219
0.180974131379166
0.181236265160553
0.18149867458736
0.181761359526237
0.182024319842507
0.182287555400159
0.182551066061852
0.182814851688908
0.183078912141311
0.183343247277711
0.183607856955414
0.183872741030387
0.184137899357251
0.184403331789284
0.184669038178417
0.184935018375232
0.185201272228962
0.185467799587486
0.185734600297333
0.186001674203675
0.186269021150327
0.186536640979749
0.186804533533036
0.187072698649928
0.187341136168796
0.187609845926651
0.187878827759136
0.188148081500526
0.18841760698373
0.188687404040281
0.188957472500345
0.189227812192711
0.189498422944795
0.189769304582634
0.190040456930889
0.19031187981284
0.190583573050386
0.190855536464045
0.191127769872948
0.191400273094843
0.19167304594609
0.191946088241661
0.192219399795138
0.192492980418712
0.192766829923182
0.193040948117952
0.193315334811032
0.193589989809034
0.193864912917172
0.194140103939262
0.194415562677719
0.194691288933554
0.194967282506378
0.195243543194394
0.195520070794401
0.195796865101791
0.196073925910546
0.196351253013239
0.196628846201034
0.196906705263679
0.197184829989511
0.197463220165451
0.197741875577006
0.198020796008263
0.198299981241894
0.19857943105915
0.198859145239859
0.199139123562431
0.199419365803851
0.199699871739679
0.199980641144053
0.200261673789682
0.200542969447847
0.200824527888402
0.201106348879771
0.201388432188948
0.201670777581492
0.201953384821534
0.202236253671768
0.202519383893452
0.202802775246411
0.203086427489032
0.203370340378262
0.203654513669613
0.203938947117154
0.204223640473513
0.204508593489878
0.204793805915993
0.205079277500159
0.205365007989232
0.205650997128621
0.205937244662291
0.206223750332759
0.206510513881092
0.206797535046911
0.207084813568383
0.207372349182228
0.207660141623713
0.207948190626652
0.208236495923406
0.208525057244882
0.208813874320533
0.209102946878356
0.209392274644891
0.209681857345221
0.209971694702971
0.210261786440309
0.210552132277943
0.210842731935119
0.211133585129625
0.211424691577786
0.211716050994466
0.212007663093067
0.212299527585524
0.212591644182314
0.212884012592443
0.213176632523458
0.213469503681434
0.213762625770986
0.214055998495257
0.214349621555925
0.214643494653199
0.214937617485822
0.215231989751064
0.215526611144728
0.215821481361146
0.216116600093181
0.216411967032222
0.21670758186819
0.217003444289532
0.217299553983222
0.217595910634763
0.217892513928184
0.218189363546041
0.218486459169416
0.218783800477916
0.219081387149672
0.219379218861344
0.219677295288114
0.219975616103687
0.220274180980296
0.220572989588693
0.220872041598158
0.22117133667649
0.221470874490015
0.22177065470358
0.222070676980552
0.222370940982824
0.22267144637081
0.222972192803444
0.223273179938185
0.22357440743101
0.22387587493642
0.224177582107436
0.224479528595601
0.224781714050978
0.225084138122152
0.225386800456227
0.225689700698831
0.22599283849411
0.226296213484731
0.226599825311883
0.226903673615274
0.227207758033134
0.227512078202214
0.227816633757784
0.228121424333635
0.22842644956208
0.228731709073952
0.229037202498605
0.229342929463915
0.229648889596277
0.22995508252061
0.230261507860351
0.230568165237463
0.230875054272425
0.231182174584244
0.231489525790444
0.231797107507074
0.232104919348706
0.232412960928432
0.232721231857869
0.233029731747157
0.233338460204959
0.233647416838463
0.233956601253379
0.234266013053944
0.234575651842916
0.234885517221583
0.235195608789754
0.235505926145767
0.235816468886485
0.236127236607296
0.236438228902118
0.236749445363395
0.237060885582097
0.237372549147727
0.237684435648312
0.237996544670412
0.238308875799115
0.238621428618038
0.238934202709332
0.239247197653678
0.239560413030288
0.239873848416908
0.240187503389817
0.240501377523826
0.240815470392283
0.241129781567068
0.2414443106186
0.241759057115832
0.242074020626254
0.242389200715895
0.242704596949321
0.243020208889638
0.243336036098491
0.243652078136067
0.243968334561093
0.244284804930838
0.244601488801115
0.24491838572628
0.245235495259234
0.245552816951423
0.245870350352838
0.24618809501202
0.246506050476056
0.246824216290582
0.247142591999783
0.247461177146398
0.247779971271714
0.248098973915572
0.248418184616367
0.248737602911048
0.249057228335119
0.249377060422642
0.249697098706237
0.25001734271708
0.250337791984909
0.250658446038022
0.250979304403279
0.251300366606103
0.251621632170482
0.251943100618967
0.252264771472678
0.252586644251301
0.25290871847309
0.253230993654873
0.253553469312044
0.253876144958573
0.254199020107001
0.254522094268446
0.254845366952602
0.25516883766774
0.255492505920708
0.255816371216938
0.25614043306044
0.256464690953808
0.25678914439822
0.25711379289344
0.257438635937819
0.257763673028296
0.258088903660398
0.258414327328247
0.258739943524554
0.259065751740626
0.259391751466366
0.259717942190273
0.260044323399444
0.260370894579578
0.260697655214976
0.261024604788539
0.261351742781777
0.261679068674803
0.262006581946341
0.262334282073722
0.26266216853289
0.262990240798402
0.26331849834343
0.263646940639761
0.2639755671578
0.264304377366573
0.264633370733728
0.264962546725535
0.265291904806888
0.265621444441311
0.265951165090954
0.266281066216598
0.266611147277657
0.266941407732178
0.267271847036846
0.26760246464698
0.267933260016544
0.268264232598139
0.268595381843012
0.268926707201055
0.269258208120806
0.269589884049455
0.269921734432842
0.27025375871546
0.270585956340459
0.270918326749643
0.27125086938348
0.271583583681098
0.271916469080286
0.272249525017501
0.272582750927869
0.272916146245184
0.273249710401913
0.273583442829195
0.27391734295685
0.274251410213372
0.274585644025939
0.27492004382041
0.27525460902133
0.275589339051932
0.275924233334138
0.276259291288563
0.276594512334516
0.276929895890001
0.277265441371723
0.277601148195089
0.277937015774206
0.278273043521892
0.27860923084967
0.278945577167774
0.279282081885153
0.279618744409471
0.27995556414711
0.280292540503171
0.280629672881482
0.280966960684594
0.281304403313785
0.281642000169066
0.28197975064918
0.282317654151607
0.282655710072564
0.282993917807009
0.283332276748645
0.283670786289919
0.284009445822028
0.284348254734921
0.2846872124173
0.285026318256625
0.285365571639114
0.285704971949747
0.286044518572272
0.286384210889202
0.286724048281821
0.287064030130186
0.287404155813131
0.287744424708268
0.28808483619199
0.288425389639477
0.288766084424694
0.289106919920397
0.289447895498134
0.289789010528252
0.290130264379894
0.290471656421006
0.290813186018339
0.291154852537451
0.291496655342711
0.291838593797303
0.292180667263226
0.292522875101299
0.292865216671164
0.293207691331291
0.293550298438975
0.293893037350346
0.294235907420369
0.294578908002844
0.294922038450417
0.295265298114575
0.295608686345654
0.295952202492842
0.296295845904178
0.29663961592656
0.296983511905748
0.297327533186363
0.297671679111894
0.298015949024701
0.298360342266015
0.298704858175948
0.299049496093488
0.299394255356508
0.299739135301769
0.300084135264919
0.300429254580503
0.30077449258196
0.301119848601631
0.301465321970761
0.301810912019499
0.30215661807691
0.302502439470967
0.302848375528565
0.303194425575518
0.303540588936564
0.303886864935371
0.304233252894537
0.304579752135595
0.304926361979018
0.305273081744219
0.305619910749559
0.305966848312348
0.306313893748848
0.306661046374278
0.307008305502818
0.307355670447613
0.307703140520771
0.308050715033378
0.308398393295491
0.308746174616145
0.309094058303361
0.309442043664144
0.309790130004489
0.310138316629386
0.310486602842822
0.310834987947785
0.311183471246269
0.311532052039277
0.311880729626825
0.312229503307945
0.312578372380691
0.312927336142141
0.313276393888401
0.313625544914611
0.313974788514945
0.31432412398262
0.314673550609896
0.31502306768808
0.315372674507534
0.315722370357674
0.316072154526977
0.316422026302985
0.316771984972308
0.317122029820629
0.317472160132705
0.317822375192376
0.318172674282568
0.318523056685292
0.318873521681656
0.319224068551861
0.319574696575213
0.319925405030121
0.320276193194106
0.3206270603438
0.320978005754955
0.321329028702445
0.321680128460269
0.32203130430156
0.322382555498583
0.322733881322744
0.323085281044591
0.323436753933823
0.323788299259287
0.32413991628899
0.324491604290099
0.324843362528946
0.325195190271033
0.325547086781035
0.325899051322806
0.326251083159385
0.326603181552995
0.326955345765052
0.32730757505617
0.32765986868616
0.328012225914042
0.328364645998043
0.328717128195605
0.329069671763388
0.329422275957277
0.329774940032383
0.330127663243049
0.330480444842856
0.330833284084626
0.331186180220428
0.33153913250158
0.331892140178655
0.332245202501488
0.332598318719177
0.332951488080088
0.333304709831864
0.333657983221424
0.334011307494972
0.334364681897997
0.334718105675283
0.335071578070912
0.335425098328266
0.335778665690034
0.336132279398219
0.336485938694137
0.336839642818429
0.337193391011057
0.33754718251132
0.337901016557846
0.338254892388609
0.338608809240925
0.338962766351461
0.33931676295624
0.339670798290644
0.340024871589418
0.340378982086681
0.340733129015922
0.341087311610013
0.341441529101209
0.341795780721154
0.342150065700888
0.342504383270849
0.34285873266088
0.343213113100232
0.343567523817573
0.343921964040988
0.344276432997987
0.34463092991551
0.344985454019931
0.345340004537064
0.345694580692168
0.34604918170995
0.346403806814574
0.346758455229663
0.347113126178304
0.347467818883055
0.34782253256595
0.348177266448503
0.348532019751712
0.34888679169607
0.349241581501561
0.349596388387672
0.349951211573399
0.350306050277245
0.350660903717233
0.351015771110907
0.351370651675339
0.351725544627132
0.352080449182427
0.35243536455691
0.352790289965814
0.353145224623924
0.353500167745586
0.353855118544711
0.354210076234777
0.354565040028839
0.35492000913953
0.355274982779072
0.355629960159274
0.355984940491544
0.35633992298689
0.356694906855929
0.357049891308888
0.357404875555614
0.357759858805577
0.358114840267874
0.358469819151238
0.358824794664041
0.359179766014299
0.359534732409681
0.359889693057509
0.360244647164767
0.360599593938109
0.360954532583858
0.361309462308016
0.361664382316268
0.36201929181399
0.362374190006249
0.362729076097816
0.363083949293164
0.36343880879648
0.363793653811665
0.364148483542345
0.364503297191872
0.364858093963332
0.365212873059551
0.365567633683097
0.365922375036291
0.366277096321209
0.366631796739687
0.366986475493332
0.367341131783519
0.367695764811405
0.368050373777929
0.368404957883822
0.368759516329608
0.369114048315613
0.369468553041971
0.369823029708628
0.370177477515346
0.370531895661714
0.370886283347149
0.371240639770905
0.371594964132074
0.371949255629599
0.372303513462271
0.372657736828744
0.373011924927533
0.373366076957024
0.373720192115478
0.374074269601039
0.374428308611737
0.374782308345494
0.375136268000134
0.375490186773382
0.375844063862877
0.376197898466172
0.376551689780742
0.376905437003991
0.377259139333257
0.377612795965817
0.377966406098893
0.378319968929659
0.378673483655247
0.37902694947275
0.379380365579233
0.379733731171732
0.380087045447268
0.380440307602845
0.380793516835462
0.381146672342114
0.381499773319803
0.38185281896554
0.382205808476352
0.382558741049289
0.382911615881427
0.383264432169879
0.383617189111795
0.383969885904372
0.384322521744861
0.384675095830567
0.385027607358861
0.385380055527183
0.38573243953305
0.386084758574058
0.386437011847893
0.386789198552334
0.38714131788526
0.387493369044654
0.387845351228611
0.388197263635346
0.388549105463195
0.388900875910625
0.389252574176238
0.389604199458777
0.389955750957133
0.390307227870354
0.390658629397642
0.391009954738369
0.391361203092078
0.391712373658489
0.392063465637505
0.392414478229222
0.39276541063393
0.39311626205212
0.393467031684494
0.393817718731966
0.394168322395671
0.39451884187697
0.394869276377457
0.395219625098963
0.395569887243566
0.395920062013593
0.396270148611628
0.396620146240517
0.396970054103377
0.397319871403597
0.39766959734485
0.398019231131095
0.398368771966583
0.398718219055867
0.399067571603804
0.399416828815562
0.399765989896628
0.400115054052811
0.400464020490253
0.400812888415429
0.401161657035158
0.401510325556606
0.401858893187295
0.402207359135106
0.402555722608287
0.402903982815459
0.403252138965623
0.403600190268163
0.403948135932856
0.404295975169874
0.404643707189796
0.404991331203607
0.405338846422709
0.405686252058927
0.406033547324513
0.406380731432152
0.406727803594972
0.407074763026544
0.407421608940895
0.407768340552509
0.408114957076333
0.408461457727789
0.408807841722772
0.409154108277664
0.409500256609334
0.409846285935147
0.41019219547297
0.410537984441177
0.410883652058658
0.411229197544822
0.411574620119603
0.411919919003468
0.412265093417426
0.412610142583025
0.412955065722367
0.413299862058112
0.413644530813482
0.413989071212267
0.414333482478834
0.414677763838132
0.415021914515695
0.415365933737655
0.41570982073074
0.416053574722287
0.416397194940244
0.416740680613178
0.417084030970279
0.41742724524137
0.417770322656909
0.418113262447998
0.418456063846388
0.418798726084485
0.419141248395355
0.419483630012734
0.41982587017103
0.420167968105332
0.420509923051413
0.420851734245739
0.421193400925474
0.421534922328486
0.421876297693354
0.422217526259373
0.422558607266561
0.422899539955663
0.423240323568159
0.423580957346274
0.423921440532973
0.42426177237198
0.424601952107776
0.424941978985606
0.425281852251487
0.425621571152216
0.42596113493537
0.426300542849316
0.42663979414322
0.426978888067045
0.427317823871566
0.427656600808369
0.427995218129862
0.428333675089276
0.428671970940679
0.429010104938972
0.429348076339904
0.429685884400071
0.430023528376928
0.430361007528791
0.430698321114846
0.431035468395149
0.431372448630642
0.43170926108315
0.432045905015392
0.432382379690984
0.432718684374449
0.433054818331217
0.433390780827637
0.433726571130981
0.434062188509448
0.434397632232171
0.434732901569227
0.435067995791635
0.435402914171369
0.435737655981362
0.43607222049551
0.436406606988679
0.436740814736713
0.437074843016438
0.437408691105666
0.437742358283207
0.438075843828869
0.438409147023464
0.438742267148821
0.439075203487783
0.439407955324218
0.439740521943023
0.440072902630134
0.440405096672523
0.440737103358215
0.441068921976284
0.441400551816867
0.441731992171163
0.442063242331444
0.442394301591058
0.442725169244437
0.443055844587099
0.443386326915658
0.44371661552783
0.444046709722434
0.444376608799403
0.444706312059787
0.44503581880576
0.445365128340626
0.445694239968822
0.446023152995928
0.44635186672867
0.446680380474928
0.447008693543738
0.447336805245303
0.447664714890992
0.447992421793354
0.448319925266117
0.448647224624196
0.4489743191837
0.449301208261936
0.449627891177415
0.44995436724986
0.450280635800206
0.450606696150614
0.450932547624468
0.451258189546389
0.451583621242232
0.4519088420391
0.452233851265344
0.452558648250571
0.452883232325648
0.453207602822711
0.453531759075167
0.453855700417701
0.454179426186281
0.454502935718167
0.454826228351911
0.455149303427366
0.455472160285692
0.45579479826936
0.456117216722159
0.456439414989198
0.456761392416918
0.457083148353091
0.457404682146829
0.45772599314859
0.458047080710181
0.458367944184765
0.458688582926867
0.459008996292378
0.459329183638562
0.459649144324062
0.4599688777089
0.460288383154491
0.460607660023643
0.460926707680561
0.461245525490859
0.461564112821559
0.461882469041099
0.462200593519337
0.462518485627561
0.462836144738487
0.463153570226271
0.46347076146651
0.463787717836249
0.464104438713988
0.464420923479685
0.464737171514759
0.465053182202103
0.465368954926081
0.465684489072537
0.465999784028803
0.466314839183698
0.466629653927539
0.466944227652141
0.467258559750829
0.467572649618435
0.46788649665131
0.468200100247327
0.468513459805885
0.468826574727914
0.469139444415884
0.469452068273805
0.469764445707234
0.470076576123284
0.470388458930622
0.47070009353948
0.471011479361657
0.471322615810527
0.471633502301039
0.471944138249728
0.472254523074716
0.472564656195718
0.472874537034048
0.473184165012623
0.473493539555969
0.473802660090225
0.474111526043148
0.474420136844119
0.474728491924147
0.475036590715874
0.47534443265358
0.47565201717319
0.475959343712274
0.476266411710057
0.476573220607421
0.476879769846913
0.477186058872744
0.477492087130799
0.477797854068641
0.478103359135515
0.478408601782352
0.478713581461776
0.479018297628106
0.479322749737364
0.479626937247276
0.479930859617281
0.480234516308534
0.480537906783907
0.480841030508
0.481143886947143
0.481446475569398
0.481748795844569
0.482050847244201
0.482352629241591
0.482654141311785
0.48295538293159
0.483256353579573
0.483557052736072
0.483857479883191
0.484157634504814
0.484457516086605
0.484757124116013
0.485056458082277
0.48535551747643
0.485654301791304
0.485952810521534
0.486251043163564
0.48654899921565
0.486846678177864
0.4871440795521
0.487441202842077
0.487738047553344
0.488034613193287
0.488330899271127
0.488626905297931
0.488922630786613
0.489218075251938
0.489513238210529
0.48980811918087
0.490102717683306
0.490397033240057
0.490691065375212
0.49098481361474
0.491278277486492
0.491571456520205
0.491864350247505
0.492156958201917
0.49244927991886
0.492741314935659
0.493033062791546
0.493324523027664
0.493615695187073
0.49390657881475
0.494197173457599
0.494487478664448
0.494777493986063
0.49506721897514
0.495356653186319
0.495645796176183
0.495934647503262
0.496223206728042
0.496511473412961
0.49679944712242
0.497087127422783
0.497374513882383
0.497661606071524
0.497948403562486
0.498234905929532
0.498521112748904
0.498807023598836
0.49909263805955
0.499377955713267
0.499662976144205
0.499947698938585
0.500232123684636
0.500516249972598
0.500800077394723
0.501083605545284
0.501366834020576
0.501649762418916
0.501932390340656
0.502214717388176
0.502496743165897
0.502778467280277
0.50305988933982
0.503341008955078
0.503621825738654
0.503902339305205
0.504182549271449
0.504462455256163
0.504742056880192
0.505021353766451
0.505300345539925
0.505579031827679
0.505857412258853
0.506135486464676
0.506413254078459
0.506690714735607
0.506967868073615
0.507244713732079
0.507521251352692
0.507797480579254
0.50807340105767
0.508349012435957
0.508624314364245
0.508899306494783
0.509173988481939
0.509448359982206
0.509722420654202
0.50999617015868
0.510269608158522
0.51054273431875
0.510815548306525
0.511088049791152
0.511360238444082
0.511632113938916
0.511903675951408
0.512174924159469
0.512445858243167
0.512716477884734
0.512986782768568
0.513256772581234
0.513526447011468
0.513795805750182
0.514064848490466
0.514333574927589
0.514601984759005
0.514870077684354
0.515137853405465
0.515405311626361
0.515672452053258
0.515939274394574
0.516205778360924
0.51647196366513
0.516737830022221
0.517003377149435
0.517268604766222
0.517533512594248
0.517798100357399
0.51806236778178
0.51832631459572
0.518589940529776
0.518853245316733
0.519116228691609
0.519378890391655
0.519641230156363
0.519903247727462
0.520164942848924
0.520426315266967
0.520687364730059
0.520948090988916
0.521208493796507
0.52146857290806
0.521728328081057
0.521987759075245
0.522246865652632
0.522505647577493
0.52276410461637
0.523022236538079
0.523280043113705
0.523537524116613
0.523794679322443
0.524051508509118
0.524308011456843
0.524564187948109
0.524820037767693
0.525075560702665
0.525330756542385
0.525585625078509
0.525840166104989
0.526094379418078
0.52634826481633
0.526601822100601
0.526855051074057
0.527107951542167
0.527360523312716
0.527612766195798
0.527864680003822
0.528116264551517
0.528367519655926
0.528618445136419
0.528869040814685
0.529119306514741
0.529369242062929
0.529618847287923
0.529868122020727
0.530117066094678
0.530365679345452
0.530613961611057
0.530861912731846
0.53110953255051
0.531356820912084
0.53160377766395
0.531850402655834
0.532096695739816
0.53234265677032
0.53258828560413
0.53283358210038
0.533078546120562
0.533323177528527
0.533567476190484
0.533811441975005
0.534055074753026
0.534298374397848
0.534541340785138
0.534783973792934
0.535026273301642
0.535268239194042
0.535509871355285
0.535751169672901
0.535992134036794
0.536232764339249
0.53647306047493
0.536713022340882
0.536952649836534
0.5371919428637
0.537430901326582
0.537669525131766
0.537907814188231
0.538145768407346
0.538383387702871
0.53862067199096
0.538857621190165
0.53909423522143
0.539330514008102
0.539566457475922
0.539802065553037
0.540037338169993
0.54027227525974
0.540506876757633
0.540741142601433
0.540975072731308
0.541208667089835
0.541441925622001
0.541674848275203
0.541907434999251
0.54213968574637
0.542371600471197
0.542603179130787
0.54283442168461
0.543065328094556
0.543295898324933
0.54352613234247
0.543756030116319
0.54398559161805
0.544214816821663
0.544443705703576
0.544672258242638
0.544900474420122
0.545128354219729
0.545355897627589
0.545583104632262
0.545809975224738
0.546036509398438
0.546262707149217
0.546488568475363
0.546714093377596
0.546939281859075
0.547164133925391
0.547388649584574
0.547612828847092
0.54783667172585
0.548060178236193
0.548283348395906
0.548506182225215
0.548728679746787
0.548950840985732
0.549172665969601
0.549394154728391
0.549615307294543
0.549836123702942
0.55005660399092
0.550276748198253
0.550496556367167
0.550716028542334
0.550935164770874
0.551153965102356
0.551372429588798
0.55159055828467
0.551808351246889
0.552025808534825
0.552242930210298
0.552459716337584
0.552676166983405
0.552892282216942
0.553108062109825
0.55332350673614
0.553538616172426
0.553753390497677
0.553967829793342
0.554181934143327
0.55439570363399
0.554609138354148
0.554822238395073
0.555035003850495
0.555247434816599
0.555459531392029
0.555671293677886
0.555882721777729
0.556093815797574
0.556304575845896
0.55651500203363
0.556725094474166
0.556934853283357
0.557144278579512
0.557353370483401
0.557562129118252
0.557770554609753
0.557978647086052
0.558186406677757
0.558393833517935
0.558600927742113
0.558807689488277
0.559014118896876
0.559220216110814
0.559425981275461
0.559631414538641
0.559836516050643
0.560041285964213
0.560245724434559
0.560449831619346
0.560653607678701
0.560857052775211
0.561060167073922
0.56126295074234
0.561465403950428
0.561667526870612
0.561869319677774
0.562070782549258
0.562271915664865
0.562472719206854
0.562673193359945
0.562873338311313
0.563073154250593
0.563272641369878
0.563471799863717
0.563670629929118
0.563869131765545
0.56406730557492
0.564265151561618
0.564462669932475
0.564659860896779
0.564856724666274
0.565053261455161
0.565249471480093
0.56544535496018
0.565640912116984
0.565836143174522
0.566031048359262
0.566225627900128
0.566419882028492
0.566613810978182
0.566807414985475
0.567000694289099
0.567193649130232
0.567386279752505
0.567578586401994
0.567770569327226
0.567962228779177
0.568153565011269
0.568344578279372
0.568535268841804
0.568725636959327
0.568915682895149
0.569105406914923
0.569294809286747
0.569483890281162
0.569672650171151
0.56986108923214
0.570049207741998
0.570237005981033
0.570424484231994
0.570611642780069
0.570798481912887
0.570985001920513
0.571171203095449
0.571357085732636
0.571542650129449
0.571727896585699
0.571912825403631
0.572097436887924
0.572281731345689
0.572465709086469
0.57264937042224
0.572832715667407
0.573015745138803
0.573198459155692
0.573380858039766
0.573562942115141
0.573744711708361
0.573926167148397
0.57410730876664
0.574288136896907
0.574468651875437
0.574648854040892
0.574828743734351
0.575008321299314
0.575187587081702
0.575366541429851
0.575545184694514
0.57572351722886
0.575901539388473
0.576079251531351
0.576256654017902
0.576433747210949
0.576610531475724
0.576787007179868
0.576963174693432
0.577139034388872
0.577314586641052
0.577489831827242
0.577664770327113
0.577839402522743
0.578013728798609
0.57818774954159
0.578361465140963
0.578534875988406
0.578707982477993
0.578880785006194
0.579053283971874
0.579225479776293
0.579397372823102
0.579568963518344
0.579740252270454
0.579911239490253
0.580081925590952
0.580252310988148
0.580422396099823
0.580592181346345
0.580761667150461
0.580930853937304
0.581099742134385
0.581268332171594
0.581436624481199
0.581604619497845
0.581772317658552
0.581939719402715
0.582106825172098
0.582273635410841
0.582440150565451
0.582606371084804
0.582772297420143
0.582937930025079
0.583103269355585
0.583268315869998
0.583433070029019
0.583597532295705
0.583761703135475
0.583925583016107
0.584089172407732
0.584252471782838
0.584415481616265
0.584578202385207
0.584740634569207
0.584902778650158
0.5850646351123
0.58522620444222
0.58538748712885
0.585548483663464
0.58570919453968
0.585869620253454
0.586029761303084
0.586189618189203
0.58634919141478
0.586508481485121
0.586667488907863
0.586826214192975
0.586984657852756
0.587142820401833
0.587300702357161
0.58745830423802
0.587615626566014
0.587772669865069
0.587929434661432
0.588085921483669
0.588242130862665
0.588398063331621
0.588553719426051
0.588709099683782
0.588864204644956
0.589019034852022
0.589173590849736
0.589327873185165
0.589481882407677
0.589635619068946
0.589789083722948
0.589942276925957
0.59009519923655
0.590247851215596
0.590400233426264
0.590552346434015
0.590704190806602
0.590855767114069
0.59100707592875
0.591158117825264
0.591308893380518
0.591459403173704
0.591609647786293
0.591759627802039
0.591909343806977
0.592058796389415
0.592207986139941
0.592356913651416
0.592505579518972
0.592653984340014
0.592802128714215
0.592950013243515
0.593097638532123
0.593245005186508
0.593392113815405
0.593538965029807
0.593685559442968
0.593831897670399
0.593977980329867
0.594123808041393
0.594269381427249
0.594414701111959
0.594559767722298
0.594704581887284
0.594849144238183
0.594993455408506
0.595137516034003
0.595281326752667
0.59542488820473
0.595568201032659
0.595711265881158
0.595854083397164
0.595996654229845
0.596138979030602
0.596281058453062
0.596422893153079
0.596564483788733
0.596705831020326
0.596846935510384
0.596987797923649
0.597128418927086
0.597268799189873
0.597408939383403
0.597548840181283
0.597688502259332
0.597827926295576
0.597967112970251
0.598106062965799
0.598244776966865
0.598383255660297
0.598521499735146
0.598659509882659
0.598797286796284
0.598934831171661
0.599072143706627
0.59920922510121
0.599346076057629
0.599482697280291
0.599619089475792
0.599755253352912
0.599891189622614
0.600026898998046
0.600162382194533
0.600297639929581
0.600432672922871
0.600567481896259
0.600702067573778
0.600836430681629
0.600970571948183
0.601104492103983
0.601238191881733
0.601371672016308
0.601504933244742
0.601637976306232
0.601770801942134
0.601903410895963
0.602035803913391
0.602167981742244
0.6022999451325
0.602431694836289
0.602563231607893
0.602694556203738
0.602825669382401
0.602956571904598
0.603087264533193
0.60321774803319
0.60334802317173
0.603478090718095
0.603607951443703
0.603737606122106
0.603867055528989
0.603996300442167
0.604125341641589
0.604254179909327
0.604382816029583
0.604511250788682
0.604639484975073
0.604767519379326
0.604895354794133
0.605022992014301
0.605150431836755
0.605277675060537
0.6054047224868
0.605531574918809
0.605658233161942
0.605784698023683
0.605910970313624
0.606037050843462
0.606162940426999
0.606288639880139
0.606414150020886
0.606539471669345
0.606664605647716
0.606789552780298
0.606914313893484
0.607038889815757
0.607163281377696
0.607287489411968
0.607411514753327
0.607535358238617
0.607659020706764
0.607782502998781
0.607905805957762
0.608028930428881
0.608151877259394
0.608274647298633
0.608397241398007
0.608519660411
0.608641905193169
0.608763976602144
0.608885875497626
0.609007602741383
0.609129159197254
0.609250545731142
0.609371763211015
0.609492812506905
0.609613694490908
0.609734410037176
0.609854960021926
0.609975345323428
0.610095566822011
0.61021562540006
0.610335521942012
0.610455257334356
0.610574832465635
0.610694248226439
0.610813505509407
0.610932605209227
0.61105154822263
0.611170335448394
0.611288967787338
0.611407446142324
0.611525771418256
0.611643944522074
0.61176196636276
0.61187983785133
0.611997559900837
0.612115133426368
0.612232559345042
0.612349838576012
0.612466972040462
0.612583960661602
0.612700805364674
0.612817507076945
0.61293406672771
0.613050485248286
0.613166763572017
0.613282902634267
0.613398903372422
0.61351476672589
0.613630493636095
0.613746085046482
0.613861541902511
0.61397686515166
0.61409205574342
0.614207114629296
0.614322042762807
0.614436841099483
0.614551510596864
0.6146660522145
0.614780466913951
0.614894755658783
0.61500891941457
0.615122959148891
0.61523687583133
0.615350670433474
0.615464343928915
0.615577897293244
0.615691331504057
0.615804647540946
0.615917846385506
0.616030929021327
0.616143896433999
0.616256749611108
0.616369489542237
0.616482117218961
0.616594633634852
0.616707039785475
0.616819336668388
0.616931525283138
0.617043606631267
0.617155581716306
0.617267451543774
0.617379217121181
0.617490879458024
0.61760243956579
0.617713898457949
0.617825257149959
0.617936516659265
0.618047678005295
0.618158742209462
0.618269710295161
0.618380583287774
0.618491362214661
0.618602048105167
0.618712641990617
0.618823144904317
0.618933557881554
0.619043881959594
0.619154118177681
0.619264267577042
0.619374331200877
0.619484310094369
0.619594205304674
0.619704017880928
0.619813748874242
0.619923399337705
0.62003297032638
0.620142462897306
0.620251878109498
0.620361217023946
0.620470480703612
0.620579670213436
0.620688786620328
0.620797830993176
0.620906804402837
0.621015707922145
0.621124542625904
0.621233309590893
0.621342009895864
0.621450644621537
0.621559214850611
0.621667721667752
0.6217761661596
0.621884549414766
0.621992872523835
0.622101136579363
0.622209342675876
0.622317491909873
0.622425585379826
0.622533624186176
0.622641609431339
0.6227495422197
0.622857423657619
0.622965254853424
0.623073036917418
0.623180770961875
0.623288458101042
0.623396099451139
0.623503696130357
0.623611249258861
0.623718759958789
0.623826229354251
0.623933658571333
0.624041048738092
0.624148400984562
0.624255716442749
0.624362996246635
0.624470241532176
0.624577453437306
0.62468463310193
0.624791781667936
0.624898900279181
0.625005990081506
0.625113052222725
0.625220087852631
0.625327098122998
0.625434084187575
0.625541047202095
0.625647988324267
0.625754908713784
0.625861809532319
0.625968691943527
0.626075557113046
0.626182406208496
0.626289240399483
0.626396060857598
0.626502868756414
0.626609665271495
0.626716451580388
0.626823228862631
0.626929998299747
0.627036761075252
0.62714351837465
0.627250271385438
0.627357021297104
0.627463769301128
0.627570516590988
0.627677264362152
0.627784013812088
0.627890766140258
0.627997522548124
0.628104284239147
0.628211052418788
0.628317828294509
0.628424613075774
0.628531407974053
0.628638214202818
0.628745032977548
0.628851865515731
0.628958713036861
0.629065576762444
0.629172457915995
0.629279357723043
0.629386277411131
0.629493218209816
0.629600181350673
0.629707168067293
0.629814179595288
0.629921217172292
0.630028282037959
0.630135375433968
0.630242498604025
0.630349652793861
0.630456839251236
0.630564059225942
0.630671313969802
0.630778604736672
0.630885932782445
0.630993299365049
0.631100705744453
0.631208153182665
0.631315642943737
0.631423176293764
0.631530754500888
0.6316383788353
0.631746050569238
0.631853770976995
0.631961541334917
0.632069362921405
0.632177237016918
0.632285164903977
0.632393147867163
0.632501187193122
0.632609284170566
0.632717440090277
0.632825656245104
0.632933933929973
0.633042274441882
0.633150679079909
0.633259149145211
0.633367685941025
0.633476290772675
0.633584964947571
0.633693709775212
0.633802526567188
0.633911416637185
0.634020381300984
0.634129421876465
0.634238539683612
0.634347736044511
0.634457012283356
0.634566369726451
0.634675809702211
0.634785333541167
0.634894942575969
0.635004638141384
0.635114421574306
0.635224294213755
0.635334257400876
0.63544431247895
0.635554460793393
0.635664703691755
0.635775042523732
0.635885478641159
0.635996013398022
0.636106648150454
0.636217384256743
0.636328223077332
0.636439165974824
0.636550214313985
0.636661369461747
0.636772632787209
0.636884005661646
0.636995489458506
0.637107085553418
0.637218795324192
0.637330620150826
0.637442561415505
0.637554620502609
0.637666798798715
0.637779097692598
0.637891518575239
0.638004062839824
0.638116731881752
0.638229527098636
0.638342449890308
0.638455501658821
0.638568683808456
0.638681997745723
0.638795444879364
0.638909026620363
0.639022744381942
0.639136599579571
0.639250593630966
0.639364727956102
0.639479003977207
0.639593423118775
0.639707986807563
0.6398226964726
0.63993755354519
0.640052559458913
0.640167715649636
0.64028302355551
0.64039848461698
0.640514100276787
0.640629871979972
0.640745801173882
0.640861889308173
0.640978137834816
0.641094548208099
0.641211121884637
0.641327860323371
0.641444764985574
0.641561837334859
0.64167907883718
0.641796490960839
0.641914075176489
0.642031832957141
0.642149765778168
0.642267875117311
0.642386162454681
0.642504629272766
0.642623277056439
0.642742107292957
0.642861121471972
0.642980321085532
0.643099707628089
0.643219282596503
0.643339047490048
0.643459003810415
0.643579153061722
0.643699496750515
0.643820036385778
0.643940773478932
0.644061709543848
0.644182846096846
0.644304184656707
0.644425726744674
0.644547473884459
0.644669427602248
0.64479158942671
0.644913960888999
0.645036543522764
0.64515933886415
0.645282348451808
0.645405573826899
0.6455290165331
0.645652678116615
0.64577656012617
0.645900664113034
0.646024991631011
0.646149544236456
0.646274323488279
0.646399330947948
0.6465245681795
0.646650036749545
0.646775738227273
0.646901674184459
0.647027846195473
0.647154255837286
0.647280904689472
0.647407794334222
0.647534926356344
0.647662302343275
0.647789923885085
0.647917792574486
0.648045910006836
0.648174277780148
0.648302897495098
0.64843177075503
0.648560899165965
0.648690284336607
0.64881992787835
0.648949831405287
0.649079996534214
0.649210424884644
0.649341118078806
0.649472077741658
0.649603305500894
0.64973480298695
0.649866571833013
0.649998613675027
0.650130930151703
0.650263522904526
0.65039639357776
0.650529543818462
0.650662975276484
0.650796689604484
0.650930688457933
0.651064973495125
0.651199546377181
0.651334408768061
0.651469562334573
0.651605008746376
0.651740749675995
0.651876786798823
0.652013121793135
0.652149756340093
0.652286692123756
0.652423930831087
0.652561474151965
0.65269932377919
0.652837481408494
0.652975948738549
0.653114727470976
0.653253819310355
0.653393225964231
0.653532949143126
0.653672990560548
0.653813351932998
0.653954034979982
0.654095041424015
0.654236372990639
0.654378031408423
0.65452001840898
0.654662335726971
0.654804985100119
0.654947968269213
0.655091286978124
0.655234942973812
0.655378938006331
0.655523273828849
0.655667952197649
0.655812974872142
0.655958343614877
0.656104060191554
0.656250126371026
0.656396543925318
0.656543314629633
0.656690440262363
0.656837922605097
0.656985763442636
0.657133964563001
0.657282527757441
0.657431454820449
0.657580747549767
0.657730407746401
0.657880437214631
0.658030837762018
0.658181611199421
0.658332759341002
0.658484284004243
0.658636187009949
0.658788470182269
0.658941135348699
0.659094184340097
0.659247618990694
0.659401441138104
0.659555652623338
0.659710255290813
0.659865250988364
0.660020641567257
0.660176428882199
0.660332614791351
0.66048920115634
0.660646189842268
0.660803582717729
0.660961381654816
0.661119588529136
0.661278205219822
0.661437233609543
0.66159667558452
0.661756533034533
0.66191680785294
0.662077501936685
0.66223861718631
0.662400155505971
0.662562118803448
0.662724508990159
0.662887327981172
0.66305057769522
0.663214260054709
0.663378376985737
0.663542930418104
0.663707922285323
0.663873354524641
0.664039229077041
0.664205547887264
0.664372312903822
0.664539526079007
0.664707189368905
0.664875304733416
0.665043874136261
0.665212899544997
0.665382382931034
0.665552326269646
0.665722731539985
0.665893600725098
0.666064935811938
0.666236738791379
0.666409011658231
0.666581756411255
0.666754975053175
0.666928669590696
0.667102842034514
0.667277494399336
0.667452628703891
0.667628246970946
0.66780435122732
0.667980943503901
0.66815802583566
0.668335600261665
0.668513668825099
0.668692233573272
0.668871296557639
0.669050859833813
0.669230925461583
0.66941149550493
0.669592572032037
0.669774157115315
0.669956252831408
0.670138861261215
0.670321984489907
0.670505624606938
0.670689783706067
0.670874463885368
0.671059667247253
0.671245395898484
0.67143165195019
0.671618437517884
0.671805754721482
0.671993605685317
0.672181992538154
0.672370917413213
0.67256038244818
0.672750389785229
0.672940941571035
0.673132039956793
0.673323687098236
0.673515885155652
0.673708636293902
0.673901942682435
0.67409580649531
0.67429022991121
0.674485215113462
0.674680764290055
0.674876879633656
0.675073563341632
0.675270817616062
0.675468644663763
0.675667046696303
0.675866025930021
0.676065584586046
0.676265724890316
0.676466449073596
0.676667759371496
0.676869658024492
0.677072147277944
0.677275229382116
0.677478906592195
0.677683181168307
0.677888055375543
0.678093531483972
0.678299611768666
0.678506298509716
0.678713593992255
0.678921500506472
0.67913002034764
0.679339155816131
0.679548909217438
0.679759282862193
0.679970279066191
0.680181900150409
0.680394148441024
0.680607026269439
0.6808205359723
0.681034679891517
0.681249460374285
0.681464879773109
0.68168094044582
0.681897644755599
0.682114995070999
0.682332993765964
0.682551643219853
0.68277094581746
0.68299090394904
0.683211520010323
0.683432796402544
0.683654735532462
0.683877339812382
0.684100611660175
0.684324553499308
0.684549167758858
0.68477445687354
0.685000423283727
0.685227069435477
0.685454397780551
0.685682410776439
0.685911110886383
0.6861405005794
0.686370582330306
0.686601358619738
0.68683283193418
0.687065004765985
0.687297879613401
0.687531458980592
0.687765745377666
0.688000741320696
0.688236449331744
0.688472871938891
0.688710011676254
0.688947871084017
0.689186452708453
0.689425759101948
0.68966579282303
0.689906556436389
0.690148052512908
0.690390283629683
0.690633252370053
0.690876961323623
0.691121413086292
0.691366610260275
0.691612555454135
0.691859251282805
0.692106700367614
0.692354905336316
0.692603868823116
0.692853593468696
0.69310408192024
0.693355336831465
0.693607360862646
0.693860156680643
0.694113726958928
0.694368074377613
0.694623201623479
0.694879111390002
0.695135806377381
0.695393289292567
0.695651562849289
0.695910629768086
0.696170492776331
0.696431154608264
0.696692618005017
0.696954885714645
0.697217960492153
0.697481845099527
0.697746542305763
0.698012054886896
0.698278385626029
0.698545537313362
0.698813512746224
0.699082314729103
0.699351946073672
0.699622409598824
0.6998937081307
0.700165844502718
0.70043882155561
0.700712642137443
0.700987309103659
0.701262825317101
0.701539193648046
0.701816416974234
0.702094498180904
0.702373440160822
0.702653245814314
0.702933918049296
0.703215459781312
0.703497873933558
0.703781163436923
0.704065331230012
0.704350380259188
0.7046363134786
0.704923133850216
0.705210844343857
0.705499447937232
0.705788947615969
0.706079346373648
0.706370647211839
0.706662853140132
0.706955967176173
0.707249992345697
0.707544931682564
0.707840788228793
0.708137565034596
0.708435265158415
0.708733891666954
0.709033447635217
0.709333936146542
0.709635360292639
0.709937723173621
0.710241027898045
0.710545277582945
0.710850475353869
0.711156624344917
0.711463727698775
0.711771788566754
0.712080810108826
0.712390795493661
0.712701747898664
0.713013670510015
0.713326566522704
0.713640439140568
0.713955291576333
0.714271127051648
0.714587948797128
0.714905760052387
0.715224564066082
0.715544364095946
0.715865163408836
0.716186965280763
0.716509772996937
0.716833589851804
0.71715841914909
0.717484264201834
0.717811128332436
0.718139014872691
0.718467927163836
0.718797868556583
0.719128842411167
0.719460852097384
0.719793900994632
0.720127992491955
0.720463129988081
0.720799316891469
0.721136556620346
0.721474852602754
0.721814208276588
0.722154627089643
0.722496112499653
0.72283866797434
0.723182296991451
0.723527003038803
0.723872789614332
0.724219660226131
0.724567618392496
0.724916667641971
0.725266811513394
0.725618053555938
0.72597039732916
0.726323846403043
0.726678404358046
0.727034074785143
0.727390861285875
0.727748767472395
0.72810779696751
0.728467953404733
0.728829240428328
0.729191661693355
0.729555220865719
0.729919921622219
0.730285767650593
0.730652762649566
0.7310209103289
0.731390214409442
0.73176067862317
0.732132306713246
0.732505102434062
0.732879069551291
0.733254211841934
0.733630533094374
0.73400803710842
0.734386727695364
0.734766608678027
0.73514768389081
0.735529957179748
0.735913432402558
0.73629811342869
0.736684004139383
0.737071108427713
0.737459430198645
0.737848973369088
0.738239741867946
0.738631739636173
0.739024970626822
0.739419438805103
0.739815148148434
0.740212102646494
0.740610306301281
0.741009763127164
0.741410477150937
0.741812452411876
0.742215692961792
0.742620202865089
0.743025986198817
0.743433047052732
0.743841389529347
0.744251017743993
0.744661935824874
0.745074147913125
0.745487658162866
0.745902470741267
0.746318589828598
0.746736019618291
0.747154764316999
0.747574828144654
0.747996215334525
0.748418930133278
0.748842976801037
0.749268359611443
0.749695082851713
0.750123150822703
0.750552567838964
0.75098333822881
0.751415466334375
0.751848956511673
0.752283813130666
0.752720040575319
0.753157643243669
0.753596625547883
0.754036991914325
0.754478746783615
0.754921894610699
0.755366439864907
0.75581238703002
0.756259740604334
0.756708505100729
0.757158685046726
0.757610284984562
0.758063309471248
0.758517763078641
0.758973650393506
0.759430976017589
0.759889744567677
0.76034996067567
0.76081162898865
0.761274754168943
0.761739340894195
0.762205393857438
0.762672917767157
0.76314191734736
0.763612397337653
0.764084362493304
0.764557817585317
0.765032767400502
0.765509216741544
0.765987170427079
0.766466633291765
0.76694761018635
0.767430105977748
0.767914125549115
0.768399673799915
0.768886755646001
0.769375376019683
0.769865539869808
0.770357252161829
0.770850517877886
0.771345342016879
0.77184172959454
0.772339685643517
0.772839215213444
0.773340323371022
0.773843015200095
0.774347295801727
0.774853170294281
0.775360643813498
0.775869721512574
0.776380408562243
0.776892710150853
0.777406631484447
0.777922177786845
0.778439354299724
0.778958166282696
0.779478619013397
0.780000717787563
0.780524467919114
0.781049874740237
0.78157694360147
0.782105679871786
0.782636088938674
0.783168176208228
0.783701947105229
0.78423740707323
0.784774561574645
0.785313416090832
0.785853976122179
0.786396247188196
0.786940234827598
0.787485944598392
0.78803338207797
0.788582552863195
0.78913346257049
0.789686116835929
0.790240521315325
0.790796681684324
0.79135460363849
0.791914292893406
0.792475755184755
0.79303899626842
0.793604021920576
0.794170837937779
0.794739450137064
0.795309864356037
0.795882086452972
0.796456122306903
0.797031977817722
0.797609658906275
0.798189171514456
0.798770521605308
0.799353715163118
0.799938758193515
0.800525656723571
0.801114416801896
0.801705044498741
0.802297545906097
0.802891927137794
0.803488194329606
0.804086353639347
0.804686411246976
0.805288373354702
0.805892246187081
0.806498035991128
0.807105749036411
0.807715391615163
0.808326970042387
0.808940490655955
0.809555959816724
0.810173383908634
0.81079276933882
0.811414122537719
0.812037449959179
0.812662758080565
0.813290053402871
0.813919342450831
0.814550631773027
0.815183927941999
0.815819237554364
0.816456567230919
0.817095923616758
0.817737313381389
0.818380743218839
0.819026219847779
0.819673750011631
0.820323340478687
0.820974998042227
0.82162872952063
0.822284541757499
0.822942441621774
0.823602436007852
0.824264531835707
0.824928736051009
0.825595055625246
0.82626349755584
0.826934068866278
0.827606776606226
0.828281627851653
0.828958629704962
0.829637789295104
0.830319113777711
0.831002610335214
0.831688286176979
0.832376148539424
0.83306620468615
0.833758461908074
0.834452927523549
0.8351496088785
0.835848513346552
0.83654964832916
0.837253021255742
0.837958639583808
0.838666510799097
0.839376642415708
0.840089041976234
0.840803717051898
0.841520675242687
0.842239924177489
0.842961471514232
0.843685324940018
0.844411492171263
0.845139980953836
0.845870799063199
0.846603954304548
0.847339454512953
0.8480773075535
0.848817521321435
0.849560103742306
0.850305062772108
0.851052406397428
0.85180214263559
0.852554279534801
0.853308825174301
0.854065787664507
0.854825175147164
0.855586995795496
0.856351257814352
0.85711796944036
0.857887138942078
0.85865877462015
0.859432884807453
0.860209477869253
0.860988562203368
0.861770146240311
0.862554238443456
0.863340847309193
0.864129981367085
0.864921649180028
0.865715859344412
0.866512620490278
0.867311941281486
0.868113830415871
0.868918296625413
0.869725348676392
0.870534995369563
0.871347245540315
0.872162108058842
0.872979591830308
0.873799705795017
0.87462245892858
0.87544786024209
0.876275918782289
0.877106643631742
0.87794004390901
0.878776128768822
0.879614907402255
0.880456389036903
0.88130058293706
0.882147498403891
0.882997144775618
0.883849531427695
0.88470466777299
0.885562563261963
0.886423227382854
0.887286669661866
0.888152899663342
0.889021926989959
0.88989376128291
0.890768412222093
0.891645889526298
0.892526202953396
0.893409362300531
0.894295377404312
0.895184258141002
0.896076014426714
0.896970656217605
0.897868193510071
0.898768636340945
0.899671994787692
0.900578278968611
0.901487499043029
0.90239966521151
0.903314787716051
0.904232876840284
0.905153942909684
0.906077996291774
0.907005047396327
0.907935106675578
0.908868184624429
0.909804291780661
0.910743438725142
0.911685636082044
0.912630894519048
0.913579224747566
0.914530637522951
0.915485143644716
0.916442753956751
0.917403479347542
0.918367330750389
0.91933431914363
0.920304455550863
0.921277751041167
0.922254216729329
0.923233863776069
0.924216703388269
0.925202746819199
0.926192005368747
0.927184490383653
0.928180213257738
0.929179185432136
0.930181418395535
0.931186923684405
0.932195712883242
0.933207797624804
0.934223189590351
0.935241900509883
0.936263942162388
0.937289326376084
0.938318065028662
0.939350170047535
0.940385653410084
0.941424527143909
0.942466803327078
0.94351249408838
0.944561611607577
0.945614168115662
0.946670175895111
0.947729647280144
0.948792594656979
0.9498590304641
0.950928967192512
0.952002417386006
0.953079393641428
0.954159908608938
0.955243974992283
0.956331605549065
0.957422813091009
0.95851761048424
0.95961601064955
0.96071802656268
0.961823671254591
0.962932957811747
0.964045899376392
0.965162509146828
0.966282800377705
0.967406786380303
0.968534480522811
0.969665896230626
0.970801046986634
0.971939946331503
0.973082607863976
0.974229045241165
0.975379272178846
0.976533302451756
0.977691149893892
0.978852828398815
0.980018351919946
0.981187734470876
0.982360990125667
0.983538133019163
0.984719177347296
0.985904137367402
0.987093027398525
0.988285861821741
0.989482655080468
0.990683421680783
0.991888176191748
0.993096933245726
0.994309707538705
0.995526513830625
0.996747366945703
0.997972281772764
0.99920127326557
1.00043435644315
1.00167154639014
1.00291285825712
1.00415830726094
1.00540790868507
1.00666167787995
1.00791963026332
1.00918178132056
1.01044814660506
1.01171874173855
1.01299358241147
1.01427268438331
1.01555606348296
1.01684373560909
1.01813571673048
1.01943202288643
1.02073267018705
1.0220376748137
1.02334705301932
1.02466082112881
1.02597899553939
1.02730159272098
1.0286286292166
1.02996012164271
1.03129608668963
1.03263654112188
1.0339815017786
1.03533098557392
1.03668500949738
1.03804359061425
1.03940674606603
1.04077449307073
1.04214684892337
1.04352383099631
1.0449054567397
1.04629174368186
1.0476827094297
1.0490783716691
1.05047874816537
1.05188385676365
1.0532937153893
1.05470834204835
1.05612775482791
1.0575519718966
1.05898101150496
1.06041489198591
1.06185363175517
1.06329724931167
1.06474576323801
1.06619919220092
1.06765755495166
1.06912087032648
1.0705891572471
1.07206243472108
1.07354072184239
1.07502403779174
1.07651240183713
1.07800583333427
1.07950435172705
1.08100797654801
1.0825167274188
1.08403062405067
1.08554968624491
1.08707393389335
1.08860338697887
1.09013806557582
1.09167798985053
1.09322318006183
1.09477365656149
1.09632943979475
1.09789055030082
1.09945700871333
1.1010288357609
1.1026060522676
1.10418867915347
1.10577673743504
1.10737024822582
1.10896923273687
1.11057371227726
1.11218370825463
1.11379924217569
1.11542033564679
1.11704701037443
1.11867928816577
1.12031719092923
1.12196074067496
1.12360995951547
1.12526486966609
1.12692549344559
1.1285918532767
1.13026397168669
1.13194187130791
1.13362557487838
1.13531510524234
1.13701048535083
1.13871173826226
1.14041888714299
1.14213195526793
1.1438509660211
1.14557594289624
1.14730690949739
1.1490438895395
1.150786906849
1.15253598536444
1.15429114913708
1.15605242233152
1.15781982922626
1.15959339421439
1.16137314180417
1.16315909661965
1.16495128340133
1.16674972700678
1.16855445241126
1.17036548470837
1.17218284911073
1.17400657095057
1.17583667568042
1.17767318887376
1.17951613622567
1.18136554355352
1.18322143679761
1.18508384202184
1.18695278541443
1.18882829328855
1.19071039208304
1.19259910836305
1.19449446882082
1.19639650027629
1.19830522967784
1.200220684103
1.20214289075915
1.20407187698425
1.20600767024752
1.2079502981502
1.20989978842628
1.21185616894321
1.21381946770262
1.21578971284113
1.21776693263102
1.21975115548102
1.22174240993705
1.22374072468301
1.22574612854148
1.22775865047455
1.22977831958458
1.23180516511495
1.23383921645086
1.23588050312013
1.23792905479398
1.23998490128782
1.24204807256207
1.24411859872294
1.24619651002329
1.24828183686338
1.25037460979176
1.25247485950604
1.25458261685377
1.25669791283325
1.25882077859435
1.26095124543942
1.26308934482409
1.26523510835816
1.26738856780643
1.26954975508961
1.27171870228515
1.27389544162817
1.27608000551229
1.27827242649056
1.28047273727636
1.28268097074426
1.28489715993097
1.28712133803623
1.28935353842374
1.29159379462207
1.2938421403256
1.29609860939547
1.2983632358605
1.30063605391814
1.30291709793542
1.30520640244995
1.30750400217082
1.30980993197961
1.31212422693139
1.31444692225563
1.31677805335728
1.31911765581771
1.3214657653957
1.3238224180285
1.32618764983281
1.32856149710581
1.33094399632619
1.33333518415518
1.33573509743759
1.33814377320285
1.34056124866611
1.34298756122921
1.34542274848185
1.34786684820259
1.35031989835997
1.35278193711356
1.35525300281511
1.3577331340096
1.36022236943638
1.36272074803025
1.36522830892263
1.36774509144266
1.37027113511835
1.3728064796777
1.37535116504987
1.37790523136635
1.3804687189621
1.38304166837675
1.38562412035574
1.38821611585157
1.39081769602493
1.39342890224596
1.39604977609541
1.39868035936591
1.40132069406315
1.40397082240716
1.4066307868335
1.40930062999457
1.41198039476081
1.41467012422202
1.41736986168858
1.4200796506928
1.42279953499014
1.42552955856055
1.4282697656098
1.43102020057071
1.43378090810459
1.43655193310247
1.43933332068652
1.44212511621135
1.44492736526538
1.44774011367222
1.45056340749205
1.453397293023
1.45624181680251
1.45909702560879
1.4619629664622
1.4648396866267
1.46772723361122
1.47062565517117
1.47353499930986
1.47645531427995
1.47938664858494
1.48232905098061
1.48528257047656
1.48824725633768
1.49122315808566
1.49421032550049
1.49720880862201
1.50021865775145
1.50323992345296
1.50627265655517
1.50931690815277
1.51237272960808
1.51544017255263
1.51851928888876
1.52161013079124
1.52471275070888
1.52782720136617
1.53095353576492
1.53409180718587
1.53724206919042
1.54040437562226
1.54357878060906
1.54676533856418
1.54996410418834
1.55317513247139
1.556398478694
1.55963419842942
1.5628823475452
1.56614298220501
1.56941615887037
1.57270193430242
1.5760003655638
1.57931151002038
1.58263542534309
1.58597216950982
1.5893218008072
1.59268437783246
1.59605995949536
1.59944860502002
1.60285037394682
1.60626532613435
1.60969352176127
1.6131350213283
1.61658988566013
1.62005817590742
1.62353995354872
1.62703528039251
1.63054421857914
1.63406683058292
1.63760317921407
1.64115332762082
1.64471733929142
1.64829527805625
1.65188720808985
1.65549319391306
1.6591133003951
1.66274759275574
1.66639613656736
1.67005899775718
1.67373624260937
1.67742793776728
1.6811341502356
1.68485494738257
1.68859039694224
1.69234056701667
1.69610552607821
1.69988534297179
1.70368008691715
1.70748982751118
1.71131463473026
1.71515457893252
1.71900973086028
1.72288016164235
1.72676594279642
1.73066714623149
1.73458384425025
1.73851610955152
1.7424640152327
1.74642763479223
1.75040704213209
1.75440231156025
1.75841351779322
1.76244073595859
1.76648404159754
1.77054351066742
1.77461921954438
1.77871124502588
1.7828196643334
1.78694455511501
1.79108599544806
1.79524406384184
1.79941883924028
1.80361040102464
1.80781882901626
1.81204420347931
1.81628660512352
1.82054611510701
1.82482281503907
1.82911678698296
1.83342811345883
1.83775687744647
1.84210316238831
1.84646705219223
1.85084863123453
1.85524798436285
1.85966519689916
1.8641003546427
1.86855354387304
1.87302485135304
1.87751436433195
1.88202217054846
1.88654835823375
1.89109301611468
1.89565623341683
1.90023809986771
1.90483870569995
1.90945814165441
1.91409649898351
1.91875386945439
1.9234303453522
1.9281260194834
1.93284098517905
1.93757533629814
1.94232916723099
1.94710257290256
1.95189564877592
1.95670849085561
1.96154119569117
1.96639386038053
1.9712665825736
1.97615946047569
1.98107259285118
1.98600607902697
1.99096001889616
1.99593451292168
2.00092966213988
2.00594556816424
2.01098233318908
2.01604005999328
2.02111885194402
2.02621881300058
2.03134004771813
2.03648266125158
2.04164675935943
2.04683244840766
2.05203983537366
2.05726902785015
2.06252013404916
2.06779326280605
2.0730885235835
2.0784060264756
2.08374588221194
2.08910820216167
2.09449309833772
2.09990068340092
2.10533107066422
2.11078437409692
2.11626070832896
2.12176018865515
2.12728293103958
2.13282905211989
2.13839866921173
2.14399190031311
2.14960886410893
2.15524967997538
2.1609144679845
2.16660334890872
2.17231644422543
2.1780538761216
2.18381576749843
2.18960224197599
2.19541342389799
2.20124943833649
2.20711041109667
2.21299646872167
2.21890773849744
2.22484434845759
2.23080642738836
2.23679410483353
2.24280751109942
2.24884677725994
2.25491203516163
2.26100341742877
2.26712105746852
2.27326508947607
2.27943564843988
2.28563287014691
2.29185689118793
2.29810784896284
2.30438588168598
2.31069112839163
2.31702372893938
2.32338382401963
2.32977155515913
2.33618706472653
2.34263049593798
2.34910199286277
2.35560170042904
2.36212976442949
2.36868633152714
2.37527154926115
2.3818855660527
2.38852853121083
2.39520059493843
2.40190190833821
2.40863262341872
2.41539289310043
2.42218287122182
2.4290027125456
2.43585257276486
2.44273260850934
2.44964297735174
2.45658383781406
2.46355534937398
2.47055767247133
2.47759096851453
2.48465539988717
2.49175112995456
2.49887832307038
2.50603714458335
2.51322776084399
2.52045033921134
2.52770504805986
2.53499205678627
2.54231153581648
2.5496636566126
2.55704859167995
2.56446651457417
2.57191759990833
2.57940202336019
2.58691996167934
2.59447159269462
2.60205709532141
2.60967664956901
2.61733043654822
2.62501863847873
2.63274143869681
2.64049902166286
2.64829157296916
2.65611927934761
2.6639823286775
2.67188090999344
2.67981521349324
2.6877854305459
2.69579175369969
2.70383437669021
2.71191349444859
2.72002930310972
2.72818200002051
2.73637178374828
2.74459885408917
2.75286341207659
2.7611656599898
2.76950580136251
2.77788404099154
2.78630058494557
2.79475564057397
2.80324941651562
2.8117821227079
2.82035397039566
2.82896517214033
2.83761594182905
2.84630649468386
2.85503704727105
2.86380781751045
2.87261902468487
2.88147088944965
2.89036363384216
2.8992974812915
2.90827265662818
2.91728938609392
2.92634789735156
2.93544841949493
2.94459118305892
2.95377642002957
2.96300436385422
2.97227524945179
2.98158931322308
2.99094679306121
3.00034792836208
3.00979296003495
3.01928213051311
3.02881568376457
3.03839386530293
3.04801692219823
3.05768510308795
3.06739865818809
3.07715783930432
3.08696289984319
3.0968140948235
3.10671168088767
3.11665591631329
3.12664706102466
3.13668537660451
3.14677112630576
3.15690457506336
3.16708598950629
3.17731563796957
3.18759379050642
3.19792071890046
3.20829669667813
3.21872199912101
3.22919690327839
3.23972168797994
3.25029663384833
3.26092202331214
3.27159814061873
3.28232527184726
3.29310370492186
3.30393372962478
3.31481563760979
3.32574972241556
3.33673627947924
3.34777560615009
3.35886800170318
3.37001376735337
3.38121320626913
3.39246662358676
3.40377432642448
3.41513662389675
3.42655382712873
3.43802624927077
3.44955420551304
3.46113801310031
3.47277799134685
3.48447446165134
3.49622774751207
3.50803817454213
3.51990607048474
3.53183176522876
3.54381559082427
3.55585788149828
3.56795897367058
3.58011920596972
3.59233891924909
3.60461845660316
3.6169581633838
3.62935838721681
3.6418194780185
3.65434178801245
3.6669256717464
3.67957148610924
3.6922795903482
3.70505034608607
3.71788411733873
3.73078127053263
3.7437421745225
3.75676720060929
3.76985672255803
3.78301111661607
3.79623076153132
3.80951603857067
3.82286733153861
3.83628502679588
3.84976951327844
3.86332118251643
3.87694042865337
3.89062764846553
3.90438324138135
3.91820760950118
3.93210115761702
3.94606429323251
3.96009742658309
3.97420097065624
3.98837534121198
4.00262095680348
4.01693823879784
4.03132761139706
4.04578950165918
4.06032433951958
4.07493255781241
4.08961459229232
4.10437088165619
4.11920186756523
4.13410799466709
4.14908971061824
4.16414746610655
4.17928171487397
4.19449291373949
4.2097815226222
4.22514800456461
4.24059282575614
4.25611645555676
4.2717193665209
4.28740203442147
4.30316493827415
4.31900856036187
4.3349333862594
4.35093990485831
4.36702860839196
4.38319999246081
4.39945455605792
4.41579280159458
4.43221523492631
4.44872236537888
4.46531470577473
4.48199277245946
4.49875708532863
4.51560816785475
4.5325465471145
4.54957275381616
4.5666873223273
4.58389079070264
4.60118370071223
4.61856659786978
4.63604003146126
4.65360455457377
4.67126072412457
4.68900910089043
4.70685024953719
4.72478473864956
4.74281314076118
4.76093603238493
4.77915399404353
4.79746761030027
4.81587746979016
4.83438416525125
4.85298829355621
4.87169045574421
4.89049125705303
4.90939130695146
4.928391219172
4.94749161174377
4.96669310702576
4.98599633174029
5.00540191700684
5.02491049837608
5.04452271586425
5.0642392139878
5.08406064179829
5.10398765291767
5.12402090557377
5.14416106263617
5.16440879165229
5.18476476488382
5.20522965934352
5.22580415683223
5.24648894397626
5.26728471226505
5.28819215808922
5.30921198277887
5.33034489264225
5.35159159900473
5.37295281824812
5.39442927185035
5.41602168642542
5.43773079376373
5.45955733087278
5.48150204001818
5.50356566876502
5.52574897001959
5.54805270207144
5.57047762863591
5.5930245188968
5.61569414754966
5.63848729484526
5.66140474663354
5.6844472944079
5.70761573534983
5.73091087237405
5.75433351417385
5.77788447526702
5.80156457604204
5.82537464280467
5.84931550782506
5.8733880093851
5.89759299182636
5.92193130559825
5.94640380730677
5.97101135976357
5.99575483203547
6.02063509949444
6.04565304386796
6.07080955328983
6.09610552235147
6.12154185215357
6.1471194503583
6.17283923124191
6.19870211574773
6.22470903153981
6.2508609130568
6.27715870156652
6.3036033452208
6.33019579911099
6.35693702532379
6.3838279929977
6.41086967837986
6.43806306488344
6.46540914314555
6.49290891108563
6.52056337396431
6.54837354444287
6.57634044264317
6.60446509620811
6.63274854036266
6.66119181797534
6.68979597962037
6.71856208364019
6.74749119620876
6.7765843913952
6.8058427512281
6.83526736576043
6.8648593331349
6.89461975965004
6.92454975982674
6.95465045647547
6.98492298076409
7.01536847228614
7.0459880791299
7.07678295794797
7.1077542740275
7.138903201361
7.17023092271783
7.20173862971631
7.23342752289643
7.26529881179333
7.29735371501126
7.32959346029831
7.36201928462183
7.39463243424443
7.42743416480076
7.46042574137484
7.49360843857825
7.52698354062892
7.56055234143057
7.59431614465305
7.62827626381319
7.66243402235649
7.69679075373959
7.7313478015133
7.76610651940658
7.80106827141114
7.83623443186689
7.87160638554806
7.90718552775019
7.94297326437789
7.97897101203328
8.01518019810545
8.05160226086048
8.08823864953245
8.12509082441522
8.16216025695496
8.19944842984371
8.2369568371136
8.27468698423197
8.31264038819749
8.35081857763688
8.38922309290283
8.42785548617256
8.46671732154739
8.50581017515322
8.54513563524183
8.5846953022933
8.62449078911908
8.66452372096632
8.70479573562286
8.74530848352341
8.78606362785654
8.82706284467274
8.86830782299343
8.90980026492104
8.95154188574993
8.99353441407856
9.03577959192244
9.07827917482837
9.12103493198958
9.16404864636185
9.20732211478096
9.25085714808093
9.2946555712136
9.33871922336914
9.3830499580977
9.42764964343231
9.47252016201272
9.51766341121058
9.56308130325558
9.60877576536294
9.65474873986204
9.70100218432603
9.74753807170305
9.79435839044823
9.84146514465727
9.88886035420105
9.9365460548615
9.98452429846895
10.0327971530404
10.0813667029194
10.1302350489172
10.1794043084548
10.2288766157071
10.2786541217475
10.3287389946947
10.3791334198603
10.4298395998977
10.4808597549532
10.5321961228176
10.5838509590796
10.6358265372806
10.6881251490714
10.7407491043693
10.7937007315179
10.8469823774474
10.9005964078371
10.9545452072792
11.0088311794441
11.063456747247
11.1184243530167
11.1737364586655
11.2293955458608
11.2854041161986
11.3417646913781
11.3984798133784
11.4555520446369
11.512983968229
11.5707781880498
11.6289373289977
11.6874640371591
11.7463609799956
11.8056308465324
11.8652763475488
11.9253002157709
11.9857052060649
12.0464940956334
12.1076696842135
12.1692347942762
12.2311922712277
12.2935449836136
12.3562958233239
12.4194477058005
12.4830035702469
12.5469663798393
12.6113391219402
