0.0537901377580751
0.0302949447585322
0.0562946108729835
0.0268574643856219
-0.00219713520679549
-0.00525990564537346
-0.0285040068959701
-0.0568287214526035
-0.0858769536640116
-0.0704425175050438
-0.092414043439301
-0.0798165458913798
-0.0970949114196423
-0.0932018426715585
-0.0814904497859725
-0.10966274002495
-0.0915545729071472
-0.104722815522085
-0.0804825481490856
-0.0809663707656861
-0.105206075271323
-0.134760633249833
-0.14747224180741
-0.0850650655591966
-0.0488104205036292
-0.0311739276053545
-0.0460316797237224
-0.0559629944461844
-0.0286820420124196
0.00376724596830025
0.0145860563184474
0.0178249976653426
-0.00809401700736045
0.00421018788255445
-0.0112278574797198
-0.0369802820182843
-0.0488425972961388
-0.068369208734395
-0.0258943050457028
-0.0295723532029524
-0.0429169802270706
-0.0713997150123675
-0.0959728094467516
-0.108876560622027
-0.131190756087441
-0.00790266644705584
-0.0295433500423328
-0.0578099704151476
-0.0649989496635994
-0.0929480053493807
-0.0949694800148415
-0.0776331363873382
-0.107210748575441
-0.133621043791669
-0.164722508810567
-0.179719434238917
-0.158328615933662
-0.133228467051539
-0.0952149745229105
-0.11476748494753
-0.103115218048981
-0.108069759173379
-0.115139549659734
-0.141900763738512
-0.170149925288231
-0.191602390219999
-0.205459542432934
-0.226424116154861
-0.238893078795744
-0.255671063579276
-0.264061655737359
-0.280478401934886
-0.303217321184861
-0.304351255229145
-0.319956402254355
-0.340133001312465
-0.370638196847282
-0.394684714882411
-0.408694827656178
-0.421272761657122
-0.431666439067909
-0.34274676430174
-0.346066526896749
-0.3610531798953
-0.359035003853581
-0.306887192156979
-0.327859234473239
-0.323326580568709
-0.325181392609548
-0.348531244973151
-0.360054562006058
-0.33182683926734
-0.321996388204734
-0.343178423811924
-0.372195428032692
-0.40202928046768
-0.417281534435903
-0.422110546352651
-0.392686866349941
-0.384348211257891
-0.391888019638273
-0.282587622662315
-0.289655714799965
-0.312558693883357
-0.282063461085576
-0.227517975809112
-0.24337293133968
-0.259565701768119
-0.168908354936153
-0.134650808506048
-0.162591673804622
-0.188644339686529
-0.184723009645528
-0.15857973657944
-0.166571030640521
-0.18101091254886
-0.131198510140293
-0.146407376113099
-0.158656121187329
-0.185117406742312
-0.148795428785525
-0.163716796529084
-0.172554745510431
-0.202961856128492
-0.219274064462143
-0.249288780046135
-0.227710362215442
-0.253971764560813
-0.271669405804986
-0.285374511785283
-0.255444984504469
-0.234258232143324
-0.255547660883434
-0.246948339705235
-0.239547559369111
-0.270063612206662
-0.294589279839933
-0.266381615530674
-0.292167635896775
-0.303476953969128
-0.293879313607217
-0.305956411475047
-0.301103452772202
-0.329148696226162
-0.356571737657704
-0.367570866121938
-0.390761380023025
-0.420611147986952
-0.414658452802495
-0.439756390323494
-0.467747393140114
-0.464374319148925
-0.456277027304393
-0.420242297232535
-0.360665825455144
-0.389061247097281
-0.414680654358052
-0.43200046460348
-0.396648241481804
-0.416828386070383
-0.428138845421091
-0.44867249345844
-0.463145335206264
-0.420894778678261
-0.444419539017399
-0.465948001265216
-0.321708797633729
-0.335414633860766
-0.365783491244943
-0.383659869716864
-0.381605004111073
-0.366832501753926
-0.329051240625994
-0.333608575761888
-0.344890585275611
-0.360365898874326
-0.380393291628118
-0.368750406814398
-0.338729313206112
-0.365737801246184
-0.373390218508088
-0.386301466252196
-0.417141670611609
-0.393945757066919
-0.402880769960104
-0.428485679698292
-0.423042460203597
-0.434824593158353
-0.434457976794294
-0.406857924652773
-0.43790110689872
-0.46662199725915
-0.458041448900419
-0.476321069261735
-0.388944509905678
-0.395715253237888
-0.425800636274314
-0.452622450209017
-0.441712119124457
-0.382575701069204
-0.338213119673467
-0.356078008223469
-0.385510548446312
-0.410722426684564
-0.44129514194646
-0.364723702144415
-0.359103013809762
-0.348888911741438
-0.332436499342215
-0.286459492635991
-0.308357605642207
-0.33383855034454
-0.329641235621139
-0.293194442862949
-0.314406691885308
-0.330778284528191
-0.313263006167941
-0.298689751407131
-0.281138186320083
-0.305930770667316
-0.333703933104661
-0.354843080128467
-0.366744057453842
-0.359753224042467
-0.382631550889426
-0.377812062368577
-0.325669568550812
-0.353295472751832
-0.273812797829557
-0.288903261336066
-0.31202418530821
-0.305658339121378
-0.271925545927128
-0.28078023868908
-0.197938491297396
-0.211156197080995
-0.209527655431251
-0.23734790160797
-0.189984279051926
-0.21484508261037
-0.228254234687238
-0.255350476279633
-0.27313603680021
-0.228283392807034
-0.249304137216182
-0.272347485258571
-0.300481251002967
-0.29144583850162
-0.314114699114267
-0.332336959816395
-0.340548140721226
-0.368967856586425
-0.386958618308144
-0.400541239773155
-0.418880460953363
-0.438355876120631
-0.465456015375135
-0.481625821700619
-0.475620372238019
-0.497495029200104
-0.484915153653779
-0.512219886367351
-0.492502496619911
-0.518884192487729
-0.541029654557397
-0.463526184029245
-0.428278403134913
-0.434075777333225
-0.437334125557824
-0.43084595017098
-0.307246902678473
-0.248271611498545
-0.256457326386148
-0.268256904761383
-0.273807805254728
-0.300027835227903
-0.261802831643834
-0.263952199691579
-0.18392317628418
-0.141421159609537
-0.13991955275857
-0.115568795147819
-0.146833858023072
-0.0681259505106961
-0.0768055100120115
-0.0765794639162412
-0.0587934155342751
-0.0702614850531464
-0.0751080972735121
-0.0913061155926904
-0.10761045785426
-0.0432258174076416
-0.0694935036308983
-0.0860640233501808
-0.103125640320709
-0.128418100972768
-0.130260029838265
-0.141805006879538
-0.162574764329785
-0.124160985081771
-0.145522829114254
-0.140311739558745
-0.0768398216547777
0.000371818289780279
0.00105527785721193
-0.0297612085823342
-0.0604390489662521
-0.0901308480052698
-0.0979160045552678
-0.0738962637257341
-0.0191584774503628
0.0572971754372702
0.0461364235180621
0.0226605776213376
0.00118695419188874
0.01935475256664
0.014790385309615
0.048395764184388
0.0818042435396507
0.0538009848009882
0.0406885902496796
0.0632783831765789
0.110589576612654
0.104018188180978
0.092137976111351
0.098255570076434
0.107570570449449
0.0779519039028376
0.057429373585963
0.0331351566126461
0.0287290773988627
0.00188737238530479
0.00135597128980613
0.0408461085181102
0.045748002260078
0.147931188788284
0.161798892975126
0.249963138453984
0.235959397589072
0.244879777629412
0.220760748634794
0.248231670327765
0.313496875873019
0.292640913836495
0.278490044005091
0.268565155705875
0.290271476456233
0.294867756618057
0.273156189593987
0.275563582171172
0.263416919585859
0.237371844294236
0.221802011948302
0.193797641938588
0.166566336451952
0.14988353970846
0.172899170377553
0.161071117319953
0.133350323106885
0.120977321105771
0.110761425004073
0.102496451251216
0.0803360171486354
0.0561588830276598
0.0467154491968618
0.0269235929181963
0.00017667926258369
-0.0233988868917336
-0.0344119819820694
-0.0627951399243205
-0.0690247717135577
-0.0667839488868296
-0.0406230052345009
0.0551059604213435
0.0437881797240571
0.0302512927200542
9.03286803470849e-05
0.00521011796136861
0.0568802502382422
0.0839459236163407
0.0544370673949572
0.0462876227395093
0.0157937407252984
-0.00571196104144889
-0.035862411721201
-0.0617423135460271
-0.0516671307217997
-0.0103272028002497
-0.0129692310035114
0.143469491290233
0.160763183276615
0.207760520098144
0.180912865855806
0.158254471033832
0.158334328424218
0.170928599089278
0.140181924352577
0.125239423782626
0.126817176368078
0.139071736847892
0.154578805569253
0.137208660510534
0.167318847355434
0.142856405784203
0.131644541231999
0.14155735404975
0.130003692861951
0.214209550288645
0.19237101864517
0.26233015751199
0.23898667502408
0.294357777795582
0.267865088650208
0.240724272127245
0.242214405989433
0.211845407481349
0.216781567982897
0.195779175976485
0.201779757213588
0.200042408470523
0.175459363715127
0.159132397153511
0.144246284201383
0.144453229677767
0.124564678322864
0.158709493720368
0.128806855594604
0.128097994620726
0.101543409820243
0.112057885723228
0.0922835162387337
0.119871391139638
0.101933767373337
0.0781644172574669
0.0966536036991865
0.103541733498021
0.101607923389507
0.0749384021845287
0.0601165872826765
0.0730060474589322
0.0569985122189003
0.0917496797780082
0.0768985088836462
0.107086450727488
0.097873119549968
0.0834919778353118
0.0640706517118517
0.0977801254107984
0.0795641591033149
0.0769644994038945
0.135889018413179
0.109686016043449
0.190023376832444
0.171082907924934
0.146648765160807
0.169631057568155
0.14642901162363
0.12603026074086
0.122314884628285
0.0988927126547647
0.127094122609618
0.106916112587234
0.140918538922785
0.158463954115376
0.13499842695124
0.130801142946703
0.120155140897909
0.122504333855403
0.0962354039850677
0.177542266210969
0.217066454050793
0.200908339733772
0.17649815634484
0.212705770974365
0.197477694516374
0.219092563765392
0.210801200223745
0.182337295303167
0.233763815968279
0.247157126700358
0.218892261445079
0.230984045706844
0.225728226772278
0.232673588130261
0.243983120959559
0.213615491558953
0.191490632373997
0.169346604243508
0.158411734005568
0.134239200060581
0.110556099151317
0.144055047795344
0.160680485154622
0.161964993055253
0.142771337710696
0.124879741229297
0.157211077764508
0.130279088718456
0.12453245206548
0.095968487020361
0.093416853797482
0.0688422344766977
0.0507140047662453
0.110220410967024
0.100830322459958
0.0819860415360125
0.105860750594569
0.0965873819951071
0.126337451102295
0.126552809704183
0.167054147243256
0.15462888674341
0.142648932328218
0.193117378864507
0.283724034217407
0.326465348597839
0.38700194119253
0.356390850076821
0.356765581387013
0.348144009570802
0.330690208911175
0.302547779940149
0.316567842130524
0.342833243359035
0.321146872025579
0.304914801100121
0.304064068252607
0.320135411560013
0.332152214513336
0.395905417911514
0.409765044320451
0.396775445717466
0.378043548917738
0.405409959367752
0.391846583871448
0.42843435684194
0.433809044473243
0.416309639620081
0.409555448026342
0.399967453421784
0.456708379304565
0.428732600126331
0.40538612767385
0.383938891858676
0.363724318986769
0.383793119010235
0.39213137441277
0.363634718671317
0.34739730199097
0.328236963121334
0.415371729434959
0.391885241431915
0.360951232199383
0.331007582824746
0.325299171061644
0.294569359552199
0.269638950206982
0.246129937824097
0.278581307765904
0.352799234153949
0.340521474814857
0.353559964585862
0.32596071867523
0.297888316704785
0.301060837146718
0.303869448692154
0.30188963583624
0.293799226745787
0.401220566201385
0.423646568006284
0.429964805494894
0.406644113951771
0.421212633195307
0.400789195476708
0.370250861756919
0.348402153720528
0.324460612833072
0.317819331904108
0.314012391561914
0.413479684583496
0.405968908948825
0.402964939069484
0.376024599561017
0.369820919323804
0.355580900993175
0.382888009143613
0.360309100706264
0.332924871533621
0.304685040860367
0.319563550167736
0.303306748168033
0.315082708046496
0.289063845190814
0.327234502884256
0.406440451643022
0.387930029141028
0.368605844649739
0.398377256080632
0.379675881096148
0.379584348017648
0.385744000750815
0.38767883991979
0.35756024308434
0.332866871185992
0.316928679393261
0.326789734844763
0.394405405247586
0.379526592301119
0.370860726105747
0.353966818244224
0.331408450043345
0.351809668663588
0.376288827203009
0.372395828523967
0.357468427742166
0.334811279734435
0.409638251176691
0.388955644171858
0.383743186884917
0.408194201273016
0.411670209756384
0.435481957592373
0.427690425415875
0.474420377359451
0.472101219905223
0.510604831690348
0.483875339138581
0.455755417233149
0.451232783641036
0.424860294252941
0.411578021486417
0.383226395035717
0.358961734759188
0.330586560774346
0.332991221067058
0.303027241345138
0.356370182349334
0.382093174296184
0.359983153229003
0.34081930145636
0.330876312871023
0.35077715980513
0.32957865785944
0.368270781907871
0.421650328271131
0.444740912208069
0.418858250243385
0.4313515686998
0.439816546253574
0.408702623763467
0.379663294612822
0.361603583398093
0.358913866615122
0.330424896648228
0.364386792667013
0.382553728372411
0.396195711294546
0.373937515656213
0.390330051651596
0.393134467712066
0.388402492414446
0.461668009686267
0.517775553830123
0.511442600051051
0.487987368709771
0.465419076237652
0.45512342506461
0.427993337138787
0.403408392109878
0.384255394872685
0.434279557585807
0.424194307893757
0.469152923438656
0.456337815491825
0.459237360533148
0.437442431771277
0.427332245061763
0.451353578276418
0.42299738679662
0.404092676920282
0.417384707638508
0.441140588475658
0.438112407555476
0.411955448325944
0.416397805526902
0.389856535254722
0.359412647039228
0.339483131855555
0.309949987733862
0.287614567483221
0.262125045499747
0.235420081900873
0.254939581683232
0.231830000666516
0.203078952508815
0.190208554160161
0.184152906600037
0.181729119705725
0.221327529998565
0.199405399630965
0.184839525476573
0.155891403760471
0.196654350024424
0.170392741925767
0.186717329634611
0.175883195018869
0.167181307761613
0.142267182593663
0.187082726576598
0.182061768074789
0.157868396972265
0.160009618772641
0.28626181067369
0.266187413054002
0.268447020116511
0.242969387627351
0.274650546134684
0.246702338234538
0.229290805605359
0.250252988034099
0.228479300003066
0.247491178339999
0.236298027189733
0.23359081098851
0.323134726986147
0.301427924406436
0.33467093895144
0.30632843479377
0.285125487001409
0.295356603600993
0.278074386141988
0.251420137053444
0.309769633941876
0.287020979277919
0.25739108139512
0.241599635269409
0.21415966177134
0.233451935454685
0.26809831629344
0.240156883268995
0.209190225695401
0.179136682856949
0.263167484725752
0.244412208914611
0.278866137401117
0.265194199548631
0.242181455200036
0.238472871471409
0.412997892091994
0.39263452998096
0.476080149529505
0.471829533547911
0.455329877514746
0.444336424726792
0.485778364063833
0.476014182999645
0.465238430092448
0.447093092938402
0.458145532770331
0.428306657416709
0.3986704708772
0.395012379516139
0.404044118121302
0.468455496226184
0.449447625201778
0.444576068830596
0.447943124108559
0.478163885547549
0.513959664842126
0.539890240840084
0.565746753394958
0.569974353497052
0.682414478327907
0.711000133818882
0.693372277365096
0.663213970504568
0.683849872198866
0.653378399651587
0.732444293347189
0.808468167063438
0.783960995621698
0.804099623854924
0.776167453803637
0.77578432088206
0.751185861853141
0.725148549452854
0.729761470736651
0.797281175724454
0.781598549426807
0.76298987611457
0.752952045823232
0.757695209325966
0.823648703327933
0.808669742497226
0.7984567684788
0.812954493524693
0.822055271256161
0.875142644710714
0.872089553912041
0.860230821687651
0.930290901754116
1.01119467874235
1.00443619674465
0.973168955588292
0.942988541563007
0.931353053287026
0.920675188664731
0.929767088700959
0.936378216655324
0.917945234289199
0.945247141718955
0.91886020804257
1.00459511680897
1.00252308843447
1.09870316916546
1.08955004371656
1.0724217302926
1.04946880131426
1.02473878636913
0.999335852011335
1.02570743395747
1.01658745112335
1.01864332641897
0.989285150099874
1.01387089956665
1.10295281223402
1.07816609335999
1.05055469192839
1.03749310525052
1.02677829332626
1.01558673204438
1.00468159306407
0.999902663435538
0.972211302418522
0.976536326395614
0.977937954580941
0.985227882444288
0.960222218440251
0.988581385938939
0.958004420862085
0.928600414157959
0.905480766492285
0.87549316518944
0.846874436408768
0.917618239063504
0.944594669494716
0.946407414296853
0.946596666218799
0.927759034189972
0.954268993925417
0.927830205051773
0.918912356359154
0.945091645681199
0.921540060805942
0.934609729366315
0.909181634378875
0.918824221443323
1.00849005674591
1.00193767638535
1.0016168651226
1.07866693308904
1.12146608279818
1.09801732208792
1.07266311431884
1.05472968060851
1.02524880412108
1.11038321808864
1.08426881388657
1.08917916119064
1.07410161645961
1.09443909323625
1.13863503261432
1.1130367773817
1.10478622745653
1.09538866024068
1.06716542413827
1.03726134391882
1.02826935877003
1.05391903815974
1.03545932625371
1.00736936778717
1.01981236964174
1.04309262340894
1.01655990196832
0.987042675383027
1.00804677394064
0.989620070546177
0.98637662006567
1.00196492375924
1.02064004098484
1.00273430665675
0.996129726655493
0.981383452175905
0.96210035462413
0.939695844769584
0.927656988206543
0.907727618883893
0.87669444327517
0.84924444896772
0.868542075668881
0.841839766792862
0.823232821240797
0.812432455664752
0.797303175065952
0.772660312132423
0.771993399326039
0.76626048244572
0.737339884171273
0.710899367451965
0.836257934834581
0.809215554638925
0.824154939380467
0.806874212900116
0.777392540380546
0.74888931873538
0.71983240167177
0.699109524136009
0.691974601257392
0.681061935092963
0.690002606191047
0.660330307374988
0.631836136649209
0.615255422001379
0.593796242647269
0.716044987575007
0.70325545774725
0.677522126924352
0.661178358831826
0.673632896305566
0.712814257397998
0.714519958167752
0.733997397895536
0.749018151034686
0.723101090644011
0.699261210294019
0.72166860525866
0.695749229994686
0.690526298229763
0.697089524451044
0.672207122503362
0.700523915226427
0.799795174579582
0.80585140893524
0.797299775509369
0.796237168204225
0.81593703195924
0.78922134005229
0.827922308187365
0.917383203386276
0.932996579751556
0.925516286776581
0.911463518124446
0.937163523762283
0.920547063087536
0.919724017604683
0.968649976753454
1.02631539813733
1.04618612198079
1.08282675845615
1.08313096805445
1.05764065114765
1.03702048590497
1.0417378815257
1.01904466244036
1.03391013312835
1.02589702277845
1.02330832549224
1.0380727459152
1.00953942516684
0.998239614358315
1.01174639477599
0.992824505035955
1.1039652835151
1.10877015419721
1.08269432357551
1.05310217093674
1.07071214553728
1.06684176148051
1.05009167375966
1.02846550964587
1.0041162478086
1.00597170992907
0.983381000838527
1.00810156652647
1.02908913868173
1.08604953753363
1.07196593553901
NaN
NaN
NaN
NaN
NaN
NaN
NaN
NaN
NaN
NaN
NaN
NaN
NaN
NaN
NaN
NaN
NaN
NaN
NaN
NaN
NaN
NaN
NaN
NaN
NaN
NaN
NaN
NaN
NaN
NaN
NaN
NaN
NaN
NaN
NaN
