0.00263147023673067
0.00332141118761609
0.00439693380840159
0.00446670924378183
0.00500704374293507
0.0054493032907958
0.00608050905061829
0.00706865496078755
0.00744961986813984
0.00744975705720461
0.00750702630723382
0.00778388346119681
0.00779394868174902
0.00863485104193223
0.00873719409710337
0.00897556362642552
0.00974320511963664
0.0108849935033239
0.011562653124131
0.0119292260235543
0.0127606478883668
0.0130180021497392
0.0131623338411385
0.0132006439774538
0.0136634861698225
0.0141511114534328
0.0146493408352989
0.0151758217516689
0.0160115408392605
0.0164324631889471
0.0165790480452125
0.0166336003716461
0.0167023010167526
0.0168403324858833
0.0182121623832435
0.0188869121611161
0.0194887712328302
0.0194972808306252
0.0200237099758751
0.0206917509964263
0.0208323947450019
0.0217406463149901
0.021831853885949
0.0222711844545556
0.0223118662744338
0.0224223318066669
0.0228037432636317
0.0235105909042565
0.0241319938364724
0.0243417414547904
0.0247668079218298
0.0248601691732024
0.0249275949197041
0.0257876427838129
0.0262322750493245
0.0263260574838145
0.0270800296593167
0.0273127580920859
0.0273503070514484
0.027363285839463
0.0281194902482608
0.0301028264168367
0.0309620084893889
0.0313238161498531
0.0315742903877042
0.0321899931236645
0.0325646113392904
0.0325786010616091
0.0331826902570313
0.0332230747304149
0.0334920062905781
0.0336761328565272
0.0338361465788713
0.0341881362409386
0.0348023561855063
0.0351598266701928
0.0358279335006783
0.0366440881096779
0.0366814809625857
0.036792476437145
0.0372556826615226
0.0372867127600685
0.0384186729666186
0.0385587877414924
0.0391476469791183
0.0395344770210847
0.0398020870635907
0.0412582016414027
0.0412681407807828
0.0413519229853685
0.0423304371784955
0.042795309387593
0.0434531164767887
0.0438371050560666
0.0440706157828971
0.0440829103417592
0.0441968943365574
0.0448820483839587
0.0454748958315717
0.0454760361480606
0.0457879402303807
0.0457983827701649
0.0461482180898879
0.0462401568745288
0.0463162265751328
0.04655700469461
0.0466110413440387
0.0472395137743172
0.0474597437441103
0.0476032043133683
0.0482293257702776
0.0486701777411901
0.0488531338176342
0.0506835857071028
0.0507285497979522
0.0513033611574943
0.0513722871657147
0.0524899603437111
0.0529308194856571
0.0529359922802613
0.0531041661125165
0.053392312033245
0.054231307815049
0.0545279608414516
0.0547329507379699
0.0549968235941373
0.0553068605665571
0.0554161922990879
0.0572814479152347
0.0577716817251556
0.0587232969772401
0.0596860342210146
0.0597104761926452
0.0598634990319682
0.0601986147920958
0.0607638964017143
0.0607924764656443
0.0608784821431072
0.0611246633020809
0.0618355950669167
0.0628311875979003
0.0638886048441415
0.0646428357968829
0.0647055355193818
0.0648282311590586
0.0656416022697052
0.0668052087569482
0.0672789784362106
0.067379443828009
0.0698289398341528
0.0707562749749121
0.0713230355495754
0.0721675418319826
0.0726284440277582
0.0729524661477801
0.0735432394029282
0.07429177213708
0.0743962510980468
0.0744459987957718
0.0748807666205293
0.0770965878090646
0.0778513444704083
0.0784463699585662
0.078683367377057
0.0790597265919235
0.0803976854555115
0.0809842341637295
0.081161826769
0.0813670468075501
0.0817684387238067
0.08180506387756
0.0825845849521633
0.0842408845556552
0.0842567897153923
0.0848311644132168
0.0850113533410272
0.0850215566374637
0.0850905680065666
0.0851543617215329
0.0857648310705628
0.0863141765207101
0.086974838283726
0.0869958222280724
0.0870159853727986
0.087321665903312
0.0874853392080116
0.0879347839732372
0.0881928628766957
0.0882900011985019
0.0893914715160064
0.0894179189502906
0.090002250174569
0.0904522600602048
0.0905659868756082
0.0909812025693521
0.0912678296558563
0.0913169441166039
0.0922226729248896
0.0927400455499517
0.0939441355576259
0.0940547646739798
0.0948559654091408
0.0964811906220009
0.097365780120341
0.0977194054660108
0.0979222486961186
0.0981058996689627
0.0990676573717036
0.0991765834759179
0.0995958213715021
0.0998259331643228
0.102696942773933
0.102884391226568
0.103552064750993
0.103729324928185
0.103974437187573
0.104955739683388
0.106616229716574
0.108203345154577
0.109087977340183
0.109295071673964
0.109668879188771
0.110153806874445
0.110205307762256
0.110378396931312
0.110383337942153
0.111874118811058
0.112403605956654
0.112724807666248
0.112999154169744
0.113250135229335
0.113615083748501
0.113852385173148
0.114008727850682
0.114058888424577
0.114473127433952
0.116071942317701
0.117016341291098
0.11745045281391
0.118867079323088
0.119115222298815
0.119150570209127
0.119237045103755
0.119266611275427
0.119530846354914
0.120287100773668
0.120472940448995
0.120554996859481
0.121302930888211
0.121317019608218
0.122070472360393
0.12320480043099
0.123584179019021
0.123808939290965
0.123876049116145
0.124414270906778
0.124976265993295
0.125016590642656
0.125350396959545
0.125466403988004
0.125525392189407
0.125867446521748
0.126025189581289
0.126157000592631
0.127439638814144
0.128489995995236
0.128745638858347
0.1288016664935
0.129658542933391
0.130146386767863
0.130568823023735
0.130831526203363
0.131642734088996
0.132125559745828
0.132245273135078
0.132598310623338
0.133164253271136
0.13331660237617
0.134395551422495
0.134697441629866
0.135469254594134
0.135670346456822
0.135821848586465
0.136420723232731
0.137479316698506
0.138047351413575
0.138164625733225
0.138471334453903
0.138776522860938
0.138845506984681
0.140281518608845
0.140615477751149
0.14083352936605
0.140841825118884
0.141090316690987
0.142200385491384
0.143452391519045
0.143777463595583
0.144883630259904
0.145001431019426
0.145252425822106
0.145803749393626
0.145920869596017
0.146322344272284
0.146700235279503
0.146994353367253
0.147719839851198
0.148397014729993
0.148621570687581
0.148702126058438
0.148817029768356
0.1494544402678
0.149579749665262
0.149663755594324
0.149924452555449
0.150073704455042
0.150191930408512
0.150264128923055
0.150375278250801
0.150530560480495
0.150539175078578
0.151207383868457
0.151786370194411
0.152742257943236
0.152951123552666
0.15311833444269
0.153512302676823
0.153840063285424
0.153902063603191
0.154416578071455
0.155120100384761
0.155675037851897
0.156252314698735
0.156489913365519
0.157453892397199
0.157888318183517
0.158342766876644
0.15840661928089
0.159752815841555
0.161052763093134
0.161200968825378
0.161584946017482
0.161597205215725
0.162020792104634
0.163092576484798
0.163375987160533
0.163560874723197
0.163753955286555
0.164759391266683
0.164894004028316
0.165191127768683
0.165240672399044
0.165978230834608
0.166448251570209
0.167161979199112
0.168205844561197
0.169100997580735
0.170848673615672
0.171073272780453
0.172240972864374
0.172298375211954
0.172347199519019
0.172364727648369
0.173098526995898
0.173237111257817
0.173293542005685
0.173896788396444
0.173956188381274
0.175138159351102
0.175724727363327
0.175879219129486
0.176331771872818
0.176378292221975
0.176558138473732
0.177128116540419
0.177643587086309
0.177675356843628
0.179046973342937
0.179093883635698
0.179912960022694
0.180472096325737
0.180665367187336
0.180818066027561
0.180910441039561
0.181086884653016
0.181334455561271
0.181401213824615
0.181642200430192
0.182607067660409
0.182797765150237
0.182912097175167
0.183673784355953
0.18380551773069
0.18531194681934
0.185591504344327
0.185631787026326
0.185713089588804
0.186954828319747
0.187009561734698
0.188231549517033
0.188646648166441
0.188947189770161
0.18903479883613
0.189063648195811
0.189701444679502
0.189746671514821
0.189927082523428
0.19011967612176
0.190412656614907
0.19191951416025
0.192025198789543
0.192047253266174
0.192506707585628
0.192542272116597
0.193514444312922
0.193870179651672
0.194158076459389
0.194946183515717
0.195090430593956
0.19534083707199
0.195381190395932
0.195382039087487
0.195731397269399
0.195877535033505
0.197685279191553
0.197772209937457
0.197891850204698
0.198156761773982
0.198202615201254
0.198290901120474
0.199404322231398
0.199878271554528
0.20017825217489
0.20040747945494
0.201154189398106
0.201696536675513
0.203213923161928
0.203734400802559
0.205949862433541
0.206979059656919
0.207919570462248
0.20809017156094
0.208928489013512
0.209247392475795
0.209888096836792
0.210520602216906
0.210703722547011
0.211028243487769
0.211370427759876
0.212448522298453
0.212518351359501
0.212592974825919
0.213312865657636
0.213561340432162
0.213913416578718
0.213947876199296
0.214263703254388
0.214322852036891
0.214428517939028
0.214816857145972
0.215530153160731
0.21638969061035
0.218390294653089
0.218741452391507
0.219115588733157
0.219180482744116
0.220216995233512
0.22056226958497
0.22091657926364
0.221793515760358
0.221893148745945
0.222021320860914
0.22222093646683
0.222627528650602
0.223968321172357
0.224337415949876
0.225057170650092
0.225280978127083
0.225746129964811
0.226535823049053
0.227087152977658
0.22883441665068
0.230306581540653
0.231831485930838
0.234150709018491
0.234270175174283
0.234527741556708
0.234638291331726
0.235350664376413
0.235778399803776
0.23623216014624
0.236834921650715
0.236930650347758
0.237252076827519
0.23769445469476
0.239159847803726
0.239187831889918
0.239533757739848
0.239923098823064
0.240221521602004
0.240296403666723
0.241147002935607
0.241260298401204
0.241309923223343
0.242369042280667
0.24293982220594
0.243208737474291
0.243258897225378
0.243730939996909
0.244610178264538
0.244972130129557
0.24503104869693
0.246530727901144
0.247093386674049
0.247497407877904
0.247880545747064
0.250394533467722
0.250902393317078
0.251160430366947
0.253033164357344
0.253453918010845
0.255618159458978
0.256287105783155
0.256410793084231
0.256803527424614
0.256943581875904
0.257748359492745
0.257869123112702
0.257989009593787
0.258753267862671
0.259679261475482
0.259761701434601
0.260226578897772
0.260395197536641
0.260686810282589
0.260908637696439
0.260960452534188
0.261259133492558
0.262856293358786
0.263313513057877
0.263969818495713
0.265269639679148
0.266117642403409
0.266305079632771
0.268098493187465
0.268286701963772
0.269561558614402
0.270675594449556
0.270951057788803
0.271528327754469
0.271907333269896
0.272611329639559
0.273317211907943
0.273651843391763
0.273742451708666
0.274165972768512
0.274964721881662
0.275279470161874
0.276009001160401
0.276322041576848
0.276564532965276
0.276730112340724
0.277455399377453
0.277585734602786
0.277671014869591
0.277743836085006
0.279303404109678
0.279420613048463
0.279671942699437
0.280568430163923
0.280907734516321
0.28101291676142
0.281622612957912
0.281680405140644
0.28244196939891
0.283298211823431
0.285359548195977
0.285389263843565
0.28629594739057
0.287002146032582
0.288388281717254
0.288613535700982
0.29025618217839
0.290377844847579
0.290989784337119
0.291267337059052
0.29175575445696
0.293216766983083
0.293630167023536
0.293637118685252
0.2960178281787
0.296060299094685
0.29613234569299
0.296208699402869
0.296831817846263
0.297396560161069
0.297611339286394
0.297735121984549
0.29789895243806
0.297962893876658
0.297988974055979
0.298027811588025
0.298084784930925
0.299473229920005
0.300844942418326
0.300974633536044
0.301164409049512
0.30127990242598
0.301527600230422
0.301893322449458
0.302377448622941
0.302681794808712
0.303126940161233
0.303489839698743
0.303591386504869
0.303943372603499
0.304095804118019
0.305693833020622
0.306111419593317
0.306435120903724
0.306655140820164
0.307294494079326
0.30756318763367
0.308438198160975
0.30883343884777
0.309673761032895
0.310237359737974
0.31095744083842
0.310967559715178
0.313197976391455
0.313218185077788
0.314224441662392
0.314508633716616
0.314647553764083
0.31475683491572
0.31481941190408
0.314858935341647
0.316098736028172
0.319350144380081
0.320860454164923
0.321596570528636
0.322676166466183
0.322911620450248
0.32392291734695
0.32414844158624
0.324299391366106
0.324586956837767
0.324998246627344
0.325152511080828
0.327034463174829
0.328435664569511
0.32867503080794
0.328688190188912
0.329123229968343
0.330338874807362
0.330413852031951
0.33096223176062
0.331030987329899
0.332458543835029
0.332707773749708
0.332744559606932
0.332878023487019
0.333147849022175
0.333154431330153
0.33332672348733
0.333358458820561
0.333647913444319
0.333829521515546
0.334261812117036
0.335428349981579
0.335795119552484
0.336228227350718
0.336562284414975
0.337542044754521
0.337689807415576
0.337907463977127
0.337994273548234
0.33832701437884
0.338595096850075
0.340523477559751
0.340656674876488
0.34070272518213
0.34072596141464
0.341010377763713
0.341015879304348
0.34243520200269
0.342823544044877
0.343311102176105
0.343893919661786
0.34391815366856
0.344234654542093
0.344292376863465
0.344470299676348
0.344676803262743
0.345351911150825
0.346238070123883
0.346426327573409
0.34835834376296
0.348392343396238
0.348532934517787
0.348788668872209
0.349546925961129
0.35005808126418
0.350544687683897
0.35077129940942
0.352033876155184
0.352526844323378
0.352996114555599
0.353437077865894
0.353538049536212
0.353618368186912
0.354294692684135
0.355378267720899
0.355451182614283
0.356963343979024
0.357912059479159
0.358968537654731
0.359674712051507
0.359875918055952
0.361881308934385
0.362067537915467
0.362843274567198
0.363692964150893
0.36382365411783
0.36408700845497
0.364204230300548
0.364498925708285
0.365328832186842
0.366119811874444
0.366664505952456
0.368232736750666
0.368263400120724
0.368334900685842
0.368528190940288
0.370948364108319
0.371894230242778
0.372597445311982
0.373333024521467
0.373415414730464
0.373554325821223
0.3736805661647
0.373979745171822
0.374825840132093
0.375042700300675
0.375403699286007
0.375970316460022
0.376018226730329
0.37630326950833
0.37640353179318
0.376584803845325
0.377376953035487
0.377763891789131
0.379364399443979
0.379762559642573
0.380045033665791
0.380050001238355
0.381316865768941
0.38136508343234
0.381449693299867
0.381495407875158
0.382448469962492
0.382477496438894
0.382553701741086
0.383643312925964
0.383667042024078
0.384515966461519
0.38512278705113
0.386157685875176
0.387075269556271
0.38724065732584
0.387438272876075
0.388216438997129
0.388222917196824
0.388408834419849
0.388654660229802
0.388795567225941
0.389446280663669
0.389565811863198
0.389577024597655
0.389607262159107
0.39031920358263
0.390702978086812
0.39088772095731
0.391029860857173
0.391537055090612
0.392989738083452
0.393203519902143
0.393218399598402
0.393531462562963
0.396266128723766
0.39635914047231
0.397065577582674
0.397106751692258
0.397422880852517
0.397781880351477
0.398202535237132
0.398347628515986
0.398722815203863
0.399201030123739
0.401402120399917
0.401995066933077
0.402391802990868
0.403010886088744
0.40314052131212
0.403579587297311
0.40362588156848
0.404651101648545
0.404690116182167
0.404838252778673
0.405206675887005
0.405862355819817
0.406235855885042
0.406342556979706
0.406696160171766
0.407712437159887
0.408004881366618
0.409107605309505
0.409397505244514
0.410158608411413
0.4108368093236
0.41087977905648
0.411344587053097
0.411659794889368
0.412757340101569
0.412888149837869
0.412973800803835
0.413891210722904
0.414339743677359
0.415192206752356
0.415495309599669
0.416008732065653
0.416367132961108
0.416729836538886
0.416937454737792
0.417016403389556
0.417168316754208
0.417529680152122
0.418838979133417
0.420014444840827
0.420209841499588
0.42230845185492
0.423649257686026
0.424988096419099
0.425082631324152
0.425186761250011
0.425246366925202
0.426027580702281
0.427085770040629
0.42816458114942
0.428304177795717
0.429107452487767
0.429447534491103
0.430436053539471
0.430484357597673
0.431497705024383
0.432291803389949
0.433724894921117
0.43517241242644
0.435765181702971
0.437235869527643
0.437386727086456
0.437452490243007
0.437691325325341
0.438705356054737
0.439637354112925
0.440089996294548
0.440099680698476
0.440793103620265
0.441557721018606
0.442374973747858
0.443127657499062
0.443459367496263
0.443858497483583
0.444183516066476
0.444606283955117
0.44501304793912
0.445594654959682
0.44727362739533
0.447523974727469
0.447595828060891
0.449294681755536
0.450430373207562
0.45049734145468
0.450645077549917
0.450674711705154
0.451124934429312
0.45144771947843
0.451975143038585
0.453395585903631
0.454691831505921
0.454781235215852
0.455318531499094
0.457367465699165
0.457574890610344
0.458685005274848
0.459392791035243
0.459464535140177
0.46030779334604
0.460448631300809
0.460760581983511
0.460979695500477
0.461057285243918
0.4624978453165
0.462780637633794
0.46292542463031
0.463665632370144
0.46480570152701
0.4663661582631
0.466475637571156
0.466499584320392
0.466952280983368
0.467732200786012
0.467942840819043
0.468613600048683
0.468835739105201
0.469002944106741
0.469515607629583
0.471726403009546
0.472589049364416
0.472881668341054
0.474593359706118
0.474949233169427
0.475281112792675
0.475400137749338
0.47556213418787
0.475810893964869
0.4769150337126
0.477020467466885
0.47725062177086
0.47791110200995
0.47815680048405
0.478460726562095
0.478927809604409
0.478931253626818
0.480174794726236
0.480270839161503
0.480729723248757
0.481095832774609
0.48148998261601
0.48159759363429
0.482914446932762
0.483299998012624
0.483738066485303
0.483799972907127
0.484568426145034
0.484729287719925
0.485109637510059
0.485479319905225
0.485556461648878
0.485995213058008
0.486619650148027
0.487351075209366
0.489149159944732
0.489418586732991
0.490004617225196
0.490800772336212
0.491095834913854
0.491223578644195
0.492825303728309
0.492857293960255
0.493035806921957
0.493399777655951
0.493635881647279
0.494029541116196
0.494176475339404
0.495384593424166
0.495419414887507
0.496391629884668
0.496406705122197
0.496605286935951
0.496741693971878
0.496803621378171
0.496827998304045
0.497910525281493
0.498311880774858
0.498481818206032
0.498485779045656
0.49862738559421
0.498745538307634
0.499124912476692
0.500080796891894
0.500387893123282
0.50073120624341
0.500847844124346
0.500864504683247
0.500894263514108
0.501015011205698
0.501376618137088
0.501723883985858
0.502402431810097
0.502468730259203
0.502618407651241
0.502666536149413
0.502737114526983
0.502783665866061
0.502951058593259
0.504302440238042
0.504370245467863
0.504440249725301
0.505480892252085
0.505619414564808
0.506507910793249
0.506706555682791
0.506865512788303
0.506994556734564
0.507297202161933
0.507677518719522
0.507930668178123
0.508124788880854
0.50922451466252
0.509272273549864
0.50942237198663
0.509547882382916
0.509780314907227
0.509980553829417
0.510403043664637
0.510456521084273
0.510554200419062
0.511028266456914
0.511032608442716
0.511632753280215
0.511808697683871
0.511812249145398
0.51188816634978
0.512157191053774
0.513167077903886
0.514724437252391
0.515205736599395
0.515685042545266
0.515889195452892
0.516097691874738
0.516540188124735
0.517843670860077
0.518358014062289
0.5188687574065
0.51931874783795
0.519827142987021
0.520053773429179
0.520344507497011
0.520462022930592
0.520879933480458
0.521835602849605
0.522676550809943
0.523487502509238
0.523583665389279
0.523920750532649
0.524430939486717
0.524439666411612
0.524604355402802
0.525421265198716
0.525752847410445
0.52633860706779
0.527643600727366
0.5276552217079
0.528331590909049
0.528679084879134
0.528845985847524
0.528867741403812
0.529226033230721
0.529375503274572
0.529407137071544
0.529535546093542
0.530008989883889
0.530614888951019
0.530648116243541
0.530932100319246
0.530941371254117
0.531152892773558
0.531239744022221
0.531251255847102
0.531641326157196
0.531762175375205
0.532376988070939
0.532580820282688
0.533108665171424
0.5334088449277
0.533450760783398
0.533592860406472
0.533772229789213
0.534099331110246
0.534138545013636
0.53435797863772
0.534662135329784
0.534823049418353
0.537197176948111
0.537567529314844
0.538166703560214
0.538484344500653
0.538978090784811
0.540144227061255
0.540149071931156
0.540156711370726
0.540347372158502
0.540471354241055
0.540624142900034
0.540818784270548
0.540941141847847
0.541358988322114
0.541634386337257
0.541898356568851
0.541956744952016
0.542200237021885
0.542573067772516
0.543118876880739
0.543429964198256
0.544534129925486
0.545255866080292
0.545258002219868
0.54539096993325
0.546154600790342
0.54758576932021
0.547615180157894
0.547978848231882
0.548790358968908
0.549239065695256
0.549379243677409
0.549660391951776
0.549888721395733
0.55013985137843
0.552105043400014
0.552748707133857
0.553035229902419
0.553648287313795
0.55389752455297
0.554081022564998
0.554514601386846
0.554890220366089
0.555640100258702
0.556107992609053
0.556357642247695
0.556800694003397
0.556956311021163
0.559098439006369
0.559152948204757
0.560788585806778
0.560943652404285
0.561109138149173
0.561125250712981
0.561576128305584
0.561678621976584
0.561683586697697
0.561799339178324
0.562346777191767
0.562531030792144
0.56264603846021
0.563901140454934
0.564544497361265
0.564707286255858
0.564934528065984
0.565349135286278
0.565467061771501
0.56558932583373
0.565624866293806
0.566434406018173
0.567540172767163
0.567809219625269
0.567865166776426
0.56869491807095
0.568903177192486
0.569291140359275
0.570113547654132
0.570590818758881
0.571779600345162
0.572530728951721
0.572625875297696
0.574434281846934
0.575140688342724
0.575550226279967
0.577976158685445
0.578344573340948
0.578866420604811
0.579173864273731
0.579268486173354
0.579760565093528
0.58010870493104
0.580152691111913
0.581262460659876
0.581708778965082
0.58258440192927
0.582837120478052
0.58325049487882
0.583636782392672
0.584100621808185
0.584577213168046
0.585265487407917
0.585269121433625
0.585915540100801
0.585923981507554
0.58745126298179
0.58785588616902
0.587891570992286
0.588212097574714
0.588305140141885
0.588696370680967
0.589548554377765
0.589666031439514
0.589910158709848
0.590106960672039
0.59145246473274
0.59317746184625
0.593752338098703
0.594118372467708
0.594626218915436
0.595196656745348
0.597049088102645
0.597264741532816
0.597702309614246
0.598531343638662
0.598645705870721
0.599430699765493
0.599612800778051
0.600457260518872
0.600796531754743
0.601622806370589
0.603437421066177
0.60400083958063
0.604672243416961
0.604751482646675
0.604791164185347
0.606152928669168
0.606340679271075
0.607909886890812
0.608347708948904
0.608433615720794
0.608829798373424
0.608860548208014
0.609414505423553
0.609961762000559
0.611112688065682
0.611700173134898
0.61233064133158
0.613485749421078
0.614174575864954
0.614800806543356
0.614946776685676
0.615269260666416
0.61588732359837
0.618310958748171
0.620119657838762
0.620993918155989
0.621663728447455
0.622042053996852
0.622729708180767
0.622772114933364
0.623298035989306
0.623553269441035
0.623921736526935
0.624179009521588
0.624419484242041
0.624453937634224
0.625122865808202
0.625448374797285
0.62558017562594
0.625623205571055
0.626039570489373
0.626359700485245
0.626974435311585
0.62794543434041
0.628419774811585
0.628933520234854
0.629091615687811
0.629504723745408
0.629721527278571
0.630553799617212
0.630725984313335
0.631226369536987
0.631721440914379
0.631892941138439
0.632295960341369
0.633873306666652
0.634152313179595
0.635825497962186
0.636792624881374
0.636987158672669
0.637429351600636
0.637843749582875
0.637853354801284
0.638088226994186
0.639145356309552
0.639781394886944
0.64192438720012
0.642238029489796
0.642394597863899
0.643357156165853
0.643729281299309
0.64373686687357
0.643941912667836
0.644429356791339
0.645237090223338
0.646296008504409
0.646371869267237
0.646801377418643
0.648368690682219
0.649088697869406
0.649529629791327
0.649938122081302
0.650126914770908
0.651315723487253
0.6513187970267
0.65196655987251
0.652220432030888
0.652606941246385
0.652754211998821
0.653184453215365
0.653763831760342
0.654366203301236
0.654436016377263
0.655029051082902
0.655289394609313
0.655687923308171
0.655949046452791
0.656094327943169
0.656456126436119
0.657118490206748
0.657899832154385
0.657932403434801
0.657938397895151
0.658757677538133
0.659278610000753
0.660896002352316
0.661293975109482
0.661697148979092
0.662317802054513
0.662722284573849
0.663024731581062
0.663136826498178
0.663289145788506
0.663461547553501
0.663966062949612
0.664067080265371
0.664354384271666
0.666356426014842
0.666562188951795
0.666827565756255
0.666892570153051
0.667896697944745
0.667992715952674
0.668348544101592
0.668812384865234
0.668934056767223
0.6696140351061
0.670700496510447
0.67074599883653
0.671460331319542
0.671938262123293
0.673073153639577
0.67332638180641
0.674543470787787
0.674805766808068
0.675270620954078
0.675912423167047
0.677133232501336
0.678024406907835
0.678680072242176
0.679384790553231
0.680029109258604
0.680319465205764
0.680588573939203
0.680627913086488
0.68098802881686
0.681119894514502
0.68155763286732
0.682450130390549
0.685079371855783
0.685588775227832
0.685726589978214
0.686000362959191
0.686505820570963
0.686512319873845
0.687317972327855
0.688080272930148
0.688718242511013
0.689317966127724
0.689355510595112
0.689460591117281
0.690091658528545
0.691207076243582
0.692235292983249
0.692268445303054
0.692931106944196
0.693127496988713
0.693161835912496
0.693416179672604
0.693905509183797
0.694664209137081
0.695533909420312
0.696022940563355
0.69662481648296
0.697178149603154
0.697776101813698
0.698545907491926
0.698883489155445
0.699604475794682
0.700581755310894
0.701458750116905
0.703449570248823
0.705024656387239
0.705085259935974
0.705209668396471
0.705692752545144
0.705763006760469
0.706697171838855
0.706809184740241
0.707623377723411
0.70948109354907
0.709571580143509
0.709583306574562
0.711126012491319
0.71135374171926
0.712127694013942
0.712130101977167
0.712155692424842
0.712204330658245
0.712372073248256
0.712825221733224
0.712877583698229
0.712910088586299
0.713153784872085
0.713211677791853
0.71353912411116
0.713795324170273
0.714026418448306
0.714420014592971
0.71492612131239
0.715049251871511
0.715496817560906
0.715754739672959
0.715802990363837
0.715885640280401
0.716188517607715
0.716414286051476
0.716550561705499
0.717017508264075
0.717781376511043
0.718689615829019
0.718790726327502
0.718799179767308
0.719207751837304
0.719596687704781
0.720164554376397
0.72026911839416
0.720700492287867
0.720842410085443
0.721405357215334
0.722015179558662
0.722238658682096
0.722340613839849
0.722987590841012
0.723431018357916
0.723665463877039
0.723884244423942
0.724492124967245
0.724539891190905
0.725168643682215
0.725303086945841
0.725369292500701
0.725839787285153
0.726249009882744
0.726780621579174
0.72713567314447
0.728269305942223
0.728596450889774
0.729337095555106
0.730204241655748
0.730392478691603
0.730649220758949
0.730813524074162
0.730929219123325
0.731705416804794
0.731965897399318
0.732250703157037
0.732632017432154
0.73286607085504
0.733496087633075
0.733743209967512
0.733934544824875
0.733956367565497
0.734886877300765
0.735451263592845
0.735941369335814
0.736141631233932
0.736308895913949
0.736660839634169
0.736866643334757
0.737296362591954
0.737380711316996
0.737556970085831
0.740522199851014
0.740840400676231
0.741683434088609
0.741904815809756
0.742641731207621
0.742850215709858
0.743339991610409
0.743616724456212
0.743823074460591
0.744554150558418
0.745055127740775
0.745454111671744
0.7458935735382
0.746060955652991
0.746065316404319
0.746213784375739
0.746580481322942
0.747245334937177
0.747606996752225
0.74764717788186
0.747754581808282
0.747821983893043
0.748017467039732
0.748391910805567
0.748795769311373
0.749085330600921
0.749584439069049
0.74963916257209
0.749979632232164
0.750092251354358
0.750184113002405
0.750358655132974
0.750470278566699
0.750692819558299
0.750968178435044
0.751257820207666
0.751502123402462
0.75160820921696
0.752232871343112
0.75260195566297
0.75288147480485
0.753344148090081
0.753681757087168
0.754226896612317
0.754304294614683
0.755878879800706
0.756213698779612
0.756344039591675
0.757208129806515
0.757838748500245
0.758331778190659
0.758753765460964
0.759070788374053
0.759303726404898
0.759904099015222
0.760365315586277
0.761475780098648
0.763943274674836
0.764497287409222
0.764875507792569
0.765082524986754
0.765268005550695
0.765300512478191
0.765815705978883
0.767500982275029
0.76763121975369
0.767807572105304
0.768728989936522
0.768944549905351
0.769303978137
0.769842880675728
0.769866547592239
0.769939786301913
0.770202257283043
0.770735754589336
0.77083457593987
0.771865625908314
0.773120339283587
0.773160119779762
0.774558909067918
0.774640659994954
0.774673397987684
0.774919147514406
0.776186605248655
0.776903597695451
0.777865309328878
0.778364940861776
0.778583239566421
0.780000895724125
0.780251807816212
0.780385289282771
0.780773565106233
0.780949041549503
0.781004652300623
0.781253889722161
0.782565629881465
0.783116550648703
0.783392061286919
0.783762746753253
0.78388378579126
0.78437268360331
0.7849940924389
0.78550894785001
0.786040321591405
0.786351686919901
0.787045310509352
0.787534427693249
0.787556006536446
0.787561889853757
0.788510583172306
0.788571213633041
0.789362035353
0.78941742412195
0.789670278512344
0.789739932236049
0.789764173424434
0.789841872795269
0.790411702816724
0.790596285464283
0.790606434351879
0.791047910736882
0.791209933630947
0.791363441796456
0.792433551894605
0.792444622641333
0.792504793775735
0.792525859865271
0.793530617976577
0.793607933280315
0.793990444162648
0.794543362901664
0.795395759614222
0.795713524134639
0.796017302826046
0.79602202543164
0.797232405249138
0.79730269140975
0.797713547752767
0.797729519871559
0.798179279508063
0.799096647880609
0.799738854405872
0.80027270564143
0.800475683519003
0.80076929414819
0.8011124117509
0.801126794622866
0.801212312110126
0.801263756016814
0.802368413123347
0.802617365570411
0.803464447547341
0.803970038372633
0.804052063854466
0.805005467109183
0.80505283904751
0.805805367868791
0.806034245027202
0.806808980552393
0.806857662515609
0.807133141527755
0.80886456837309
0.809443676780865
0.810358011568477
0.810418508523632
0.811422052883142
0.811863447653279
0.812105729499846
0.812122218417792
0.812548320407327
0.8136032062595
0.813931007101989
0.814292199963352
0.815796082550988
0.815822761399966
0.81752337865896
0.817821918729371
0.818839768843922
0.819293838241867
0.81998396984002
0.820142229381619
0.822434659463805
0.822644634586956
0.822779318224899
0.824313446851067
0.824656330947705
0.824659352297677
0.82491414339057
0.82737147866556
0.827616815833163
0.827913585745039
0.828651131809946
0.829429339609048
0.829772152716494
0.829883193712823
0.830356401850724
0.830856409465937
0.831437059944937
0.833063950856935
0.833446980505869
0.834128701500635
0.834172098036025
0.834266465932302
0.835366803347337
0.835735923804103
0.836716724377299
0.837155186343429
0.837263486090838
0.838282548566392
0.8383731732167
0.83844603432858
0.839309797547054
0.83941878275726
0.842158922708108
0.842769912996677
0.843776823886744
0.844951738144888
0.845067101197452
0.845958943407184
0.84648093127603
0.846594454517109
0.848252592082612
0.848652385924193
0.850100369104175
0.850115847138386
0.850185707081313
0.850694465734083
0.850880337782451
0.851686658508308
0.85266183764681
0.854560114284129
0.854567139593762
0.855640160442004
0.855970537879399
0.856486671937844
0.857461337127032
0.857853376148957
0.858234198402673
0.858256516504152
0.858517849826688
0.858550621081781
0.858817712654577
0.860706138337413
0.861714636542261
0.861836408186703
0.862020994338303
0.862109778084558
0.862673482681673
0.863208352701933
0.863341441552835
0.865594010376441
0.865798316892899
0.866260174858623
0.867048160585832
0.869151104914841
0.869706969709869
0.86971928024434
0.869765095441493
0.870243538435622
0.871058343937704
0.871717562368329
0.872702404923781
0.872848638500564
0.873008881678293
0.873446740684677
0.874373915159609
0.875615128690519
0.875639614701229
0.876908878890448
0.877328455458643
0.878233223061264
0.878402572328304
0.878790479638956
0.879514900688542
0.87973266841119
0.880680027776102
0.880945669450609
0.881146366953486
0.881264774689335
0.881579036803184
0.88166756089128
0.88208665035545
0.882434805381792
0.882475510733326
0.883112389051523
0.883122636747241
0.884418707618105
0.884710291068714
0.885029941187404
0.88538152537321
0.886023723658685
0.886431538334835
0.887486968681282
0.888698855136422
0.889070964828855
0.89008182631469
0.890511989542262
0.89203319549228
0.892426977661271
0.892496510524976
0.894251344771996
0.89466709809329
0.895212445772382
0.895271587245077
0.895726092552783
0.895901371942245
0.895967120291414
0.896194719673531
0.896379123029929
0.896485087200293
0.896492275206153
0.896594525709658
0.896617729279663
0.896634808684108
0.898998605126608
0.899129721197524
0.899211712726977
0.90016382753984
0.900581050442269
0.901288584372102
0.901679774102212
0.901902599762384
0.903412819258113
0.903415048450416
0.903451100774626
0.904099839973996
0.904280628386698
0.904506506078413
0.90471256080294
0.905272307564435
0.905557067344556
0.905936084080068
0.90641806180011
0.908227303139904
0.908596141210531
0.910188996228663
0.910528577957591
0.91058803043353
0.911673760325375
0.912810518913762
0.913511076728854
0.914306101410769
0.91573881342025
0.915778811877593
0.915860493437203
0.916994697604797
0.917027502329838
0.917393140281161
0.91752153987618
0.918042043576117
0.918614840361934
0.91940552372912
0.919433763128669
0.919622308959714
0.920044734230153
0.920228644732024
0.920769209760035
0.922461124788279
0.922955543800758
0.92330388502105
0.9241410038335
0.924692786251002
0.924812108459034
0.924825038301327
0.925202763234285
0.925594829431797
0.925838660693718
0.926191547972185
0.926693244384668
0.926768602233973
0.926991667184899
0.927816635337643
0.929043563858022
0.929570257891392
0.929941168281345
0.929963035887951
0.929968325432182
0.930298535632642
0.931013865280355
0.931251512321485
0.931305827145626
0.931946459569853
0.9320159108155
0.933791349701114
0.934034510640625
0.934179067217818
0.934205213229393
0.934475493501869
0.935632603471213
0.935948289653943
0.936339701954017
0.936421726386063
0.936946720336277
0.936983938242933
0.937141162436493
0.937395508881801
0.937490852412564
0.938061289434408
0.938375556583719
0.938496288181788
0.938632805355584
0.938686478765005
0.939034200398104
0.939133854035319
0.939288888078226
0.939290698076492
0.939670391410302
0.939747783242449
0.940608155513055
0.94076642042838
0.94081318644289
0.940908953662234
0.941408298217231
0.941944402286032
0.941946500305104
0.942024989000053
0.942208066257073
0.944256241162877
0.945332279812579
0.945726196966867
0.946598765398446
0.947533826439323
0.947727315336893
0.947831326538832
0.94797178853717
0.948542077300341
0.948697701505697
0.948906170192645
0.949505325463545
0.949661156173792
0.95051915872109
0.95087737448837
0.951319509695234
0.951347371942482
0.951492952509094
0.951945757515213
0.952016636687639
0.952368779335755
0.9551749778615
0.955432985061064
0.955736315267178
0.956666615105887
0.957488509893336
0.957535719551429
0.957795201630677
0.959225899617847
0.959274200221722
0.959355999906681
0.959363168320358
0.960241503725737
0.960306051058114
0.96056121232988
0.961362064966653
0.962128886465668
0.963385779570845
0.964614590606514
0.965454231337043
0.96614095444091
0.966573264899747
0.967350451096704
0.967685576279836
0.968259167664227
0.969217178911452
0.96947565265401
0.971906350390178
0.971991814341904
0.972147137532777
0.972235021452407
0.972354283338744
0.975670963370777
0.976148516963458
0.976490985559806
0.976558293925627
0.977042112979107
0.97725945800753
0.97741987376595
0.977483113163234
0.978219745982616
0.978776685060105
0.979462083746667
0.980100395528916
0.980294829857904
0.981048192530814
0.982034652568247
0.982300823990866
0.982586365855515
0.982657578094523
0.983373846053482
0.98353955864742
0.983627201407071
0.984098969006008
0.984487757537246
0.985886241803601
0.986144908557807
0.986915843623607
0.98796387152941
0.990618547467549
0.990933566372807
0.991290443227895
0.99146893608173
0.991906842749766
0.99250785515645
0.992550356867361
0.99302669452213
0.994365172457979
0.994948611695876
0.995147131969271
0.996226603509626
0.99640152355372
0.997189101005591
0.997272162360722
0.998065335057632
0.998214068182958
0.998278074073897
NaN
NaN
NaN
NaN
NaN
NaN
NaN
NaN
NaN
NaN
NaN
NaN
NaN
NaN
NaN
NaN
NaN
NaN
NaN
NaN
NaN
NaN
NaN
NaN
NaN
NaN
NaN
NaN
NaN
NaN
NaN
NaN
NaN
NaN
NaN
NaN
NaN
NaN
NaN
NaN
NaN
NaN
NaN
NaN
NaN
