0.00048828125
0.000553254153289077
0.000612941036410373
0.000667905721139504
0.000718642376027691
0.000765585141850316
0.000809116302199199
0.000849573236230155
0.000887254349393919
0.000922424144367196
0.000955317566898387
0.000986143738719794
0.00101508917112203
0.00104232053748688
0.00106798707042951
0.00109222263872533
0.00111514755049635
0.00113687012189133
0.00115748804445246
0.00117708957931119
0.00119575460212307
0.00121355551909781
0.00123055807149018
0.00124682204339529
0.00126240188556119
0.00127734726612724
0.0012917035576666
0.00130551226860981
0.00131881142601897
0.00133163591573683
0.00134401778512694
0.00135598651292953
0.00136756925016434
0.0013787910355015
0.00138967498808291
0.00140024248039798
0.0014105132934907
0.00142050575649247
0.00143023687222998
0.00143972243044478
0.00144897710997679
0.00145801457110264
0.00146684753907989
0.00147548787982571
0.00148394666855147
0.00149223425208108
0.00150036030549866
0.00150833388369915
0.00151616346835186
0.00152385701073133
0.00153142197082034
0.00153886535304692
0.00154619373897837
0.00155341331726158
0.00156052991106883
0.00156754900328145
0.00157447575962003
0.00158131504990885
0.00158807146764346
0.00159474934801334
0.0016013527845171
0.00160788564429385
0.00161435158228289
0.00162075405431287
0.00162709632921214
0.00163338150002352
0.00163961249439877
0.00164579208424136
0.00165192289465979
0.001658007412288
0.00166404799302461
0.00167004686923787
0.00167600615647927
0.00168192785974483
0.00168781387932006
0.001693666016241
0.00169948597740148
0.00170527538033384
0.00171103575768827
0.00171676856143382
0.00172247516680204
0.00172815687599285
0.00173381492166017
0.00173945047019393
0.00174506462481332
0.00175065842848522
0.00175623286668046
0.00176178886997973
0.0017673273165399
0.00177284903443064
0.00177835480385068
0.00178384535923197
0.00178932139123967
0.00179478354867521
0.00180023244028885
0.00180566863650812
0.00181109267108758
0.00181650504268531
0.00182190621637076
0.00182729662506853
0.00183267667094209
0.00183804672672136
0.00184340713697747
0.00184875821934798
0.00185410026571566
0.00185943354334331
0.00186475829596739
0.00187007474485262
0.00187538308980982
0.00188068351017881
0.00188597616577833
0.00189126119782457
0.00189653872981993
0.00190180886841324
0.00190707170423304
0.0019123273126948
0.00191757575478344
0.00192281707781195
0.00192805131615721
0.00193327849197378
0.00193849861588646
0.0019437116876623
0.00194891769686284
0.00195411662347708
0.00195930843853574
0.00196449310470748
0.00196967057687735
0.0019748408027081
0.0019800037231846
0.0019851592731419
0.00199030738177719
0.00199544797314606
0.00200058096664328
0.00200570627746846
0.00201082381707694
0.002015933493616
0.00202103521234673
0.00202612887605192
0.00203121438542996
0.00203629163947516
0.00204136053584465
0.00204642097121206
0.0020514728416082
0.00205651604274899
0.00206155047035072
0.00206657602043299
0.00207159258960945
0.00207660007536651
0.00208159837633035
0.00208658739252228
0.0020915670256027
0.00209653717910398
0.00210149775865229
0.00210644867217868
0.00211138983011959
0.00211632114560711
0.00212124253464898
0.00212615391629872
0.00213105521281614
0.00213594634981826
0.00214082725642103
0.00214569786537197
0.00215055811317409
0.00215540794020109
0.00216024729080432
0.00216507611341152
0.00216989436061771
0.00217470198926836
0.00217949896053516
0.00218428523998452
0.00218906079763912
0.00219382560803269
0.00219857965025822
0.00220332290800995
0.00220805536961919
0.00221277702808434
0.00221748788109527
0.00222218793105228
0.00222687718507988
0.0022315556550356
0.00223622335751406
0.00224088031384645
0.00224552655009572
0.00225016209704764
0.00225478699019791
0.00225940126973558
0.00226400498052292
0.00226859817207198
0.00227318089851798
0.00227775321858977
0.00228231519557748
0.00228686689729766
0.00229140839605584
0.00229593976860702
0.00230046109611393
0.00230497246410341
0.00230947396242106
0.00231396568518421
0.00231844773073341
0.00232292020158268
0.00232738320436847
0.0023318368497976
0.0023362812525943
0.00234071653144642
0.00234514280895092
0.00234956021155889
0.00235396886952002
0.0023583689168268
0.00236276049115839
0.00236714373382443
0.00237151878970874
0.00237588580721308
0.00238024493820105
0.00238459633794215
0.00238894016505618
0.00239327658145794
0.00239760575230241
0.00240192784593041
0.00240624303381476
0.00241055149050719
0.00241485339358576
0.0024191489236031
0.00242343826403547
0.00242772160123247
0.0024319991243678
0.0024362710253908
0.00244053749897898
0.00244479874249149
0.00244905495592364
0.00245330634186237
0.00245755310544287
0.00246179545430621
0.00246603359855813
0.00247026775072886
0.00247449812573415
0.00247872494083747
0.00248294841561325
0.00248716877191144
0.00249138623382314
0.00249560102764744
0.00249981338185951
0.0025040235270798
0.00250823169604449
0.0025124381235771
0.00251664304656129
0.00252084670391494
0.00252504933656526
0.00252925118742519
0.00253345250137097
0.00253765352522084
0.00254185450771488
0.00254605569949609
0.00255025735309247
0.00255445972290035
0.00255866306516878
0.00256286763798499
0.00256707370126101
0.0025712815167213
0.00257549134789144
0.00257970346008793
0.00258391812040892
0.002588135597726
0.00259235616267698
0.00259658008765967
0.00260080764682651
0.00260503911608028
0.00260927477307063
0.00261351489719155
0.00261775976957968
0.00262200967311357
0.00262626489241367
0.00263052571384323
0.00263479242550993
0.00263906531726838
0.00264334468072329
0.00264763080923344
0.00265192399791634
0.00265622454365361
0.00266053274509701
0.0026648489026752
0.00266917331860102
0.00267350629687949
0.00267784814331639
0.00268219916552732
0.00268655967294747
0.00269092997684179
0.00269531039031575
0.00269970122832655
0.00270410280769483
0.00270851544711681
0.00271293946717686
0.00271737519036051
0.00272182294106781
0.00272628304562709
0.002730755832309
0.00273524163134102
0.00273974077492209
0.00274425359723769
0.00274878043447509
0.00275332162483889
0.00275787750856676
0.0027624484279454
0.00276703472732669
0.002771636753144
0.00277625485392867
0.00278088938032654
0.00278554068511471
0.00279020912321826
0.00279489505172714
0.00279959882991307
0.00280432081924644
0.00280906138341324
0.00281382088833203
0.00281859970217081
0.00282339819536389
0.00282821674062863
0.0028330557129822
0.00283791548975813
0.00284279645062279
0.00284769897759173
0.00285262345504584
0.00285757026974732
0.00286253981085548
0.00286753246994231
0.0028725486410078
0.00287758872049503
0.00288265310730496
0.00288774220281095
0.00289285641087297
0.00289799613785144
0.00290316179262079
0.0029083537865826
0.00291357253367837
0.00291881845040193
0.00292409195581134
0.00292939347154045
0.00293472342180995
0.00294008223343793
0.00294547033585005
0.00295088816108902
0.00295633614382374
0.00296181472135782
0.00296732433363746
0.0029728654232589
0.00297843843547517
0.00298404381820225
0.00298968202202461
0.0029953535002001
0.00300105870866416
0.00300679810603338
0.00301257215360832
0.00301838131537565
0.00302422605800955
0.00303010685087235
0.00303602416601442
0.00304197847817328
0.00304797026477191
0.00305400000591624
0.00306006818439186
0.00306617528565982
0.00307232179785162
0.0030785082117633
0.00308473502084871
0.0030910027212118
0.00309731181159799
0.00310366279338472
0.00311005617057096
0.00311649244976576
0.0031229721401759
0.00312949575359252
0.00313606380437675
0.00314267680944433
0.00314933528824924
0.00315603976276628
0.00316279075747261
0.00316958879932824
0.00317643441775546
0.00318332814461718
0.0031902705141942
0.00319726206316143
0.0032043033305629
0.00321139485778575
0.00321853718853309
0.00322573086879569
0.00323297644682258
0.00324027447309049
0.0032476255002721
0.00325503008320325
0.00326248877884883
0.00327000214626765
0.00327757074657605
0.00328519514291039
0.00329287590038829
0.00330061358606875
0.00330840876891111
0.00331626201973271
0.00332417391116547
0.00333214501761125
0.00334017591519601
0.00334826718172275
0.00335641939662335
0.0033646331409091
0.00337290899712019
0.00338124754927387
0.00338964938281152
0.00339811508454453
0.00340664524259899
0.00341524044635923
0.00342390128641016
0.00343262835447854
0.003441422243373
0.00345028354692296
0.00345921285991648
0.00346821077803687
0.00347727789779829
0.00348641481648019
0.00349562213206063
0.00350490044314865
0.0035142503489154
0.00352367244902432
0.00353316734356029
0.00354273563295767
0.00355237791792739
0.00356209479938306
0.00357188687836602
0.0035817547559695
0.00359169903326182
0.00360172031120865
0.00361181919059434
0.00362199627194242
0.00363225215543521
0.00364258744083254
0.00365300272738969
0.00366349861377455
0.00367407569798394
0.00368473457725922
0.00369547584800116
0.00370630010568406
0.00371720794476929
0.00372819995861809
0.00373927673940373
0.00375043887802318
0.00376168696400807
0.00377302158543521
0.00378444332883656
0.00379595277910868
0.0038075505194218
0.00381923713112839
0.00383101319367139
0.00384287928449204
0.00385483597893743
0.00386688385016769
0.00387902346906295
0.00389125540413008
0.00390358022140921
0.00391599848438011
0.00392851075386836
0.00394111758795158
0.00395381954186545
0.00396661716790978
0.00397951101535458
0.00399250163034617
0.00400558955581337
0.00401877533137386
0.00403205949324056
0.00404544257412841
0.00405892510316116
0.00407250760577861
0.00408619060364404
0.004099974614552
0.00411386015233654
0.00412784772677976
0.00414193784352089
0.00415613100396581
0.00417042770519717
0.00418482843988493
0.00419933369619769
0.00421394395771448
0.00422865970333737
0.00424348140720468
0.00425840953860503
0.00427344456189208
0.00428858693640017
0.00430383711636081
0.00431919555081998
0.00433466268355648
0.00435023895300115
0.00436592479215709
0.004381720628521
0.00439762688400546
0.00441364397486244
0.00442977231160778
0.00444601229894705
0.00446236433570237
0.00447882881474063
0.00449540612290292
0.00451209664093521
0.00452890074342042
0.00454581879871177
0.00456285116886753
0.00457999820958726
0.0045972602701493
0.00461463769334994
0.00463213081544388
0.00464973996608637
0.00466746546827676
0.00468530763830367
0.00470326678569175
0.00472134321315004
0.00473953721652193
0.00475784908473685
0.0047762790997635
0.00479482753656495
0.00481349466305525
0.00483228074005796
0.00485118602126626
0.00487021075320496
0.00488935517519417
0.00490861951931483
0.00492800401037604
0.00494750886588418
0.00496713429601388
0.00498688050358084
0.00500674768401645
0.00502673602534432
0.00504684570815869
0.00506707690560462
0.00508742978336021
0.00510790449962056
0.00512850120508371
0.00514922004293845
0.00517006114885402
0.00519102465097173
0.00521211066989845
0.00523331931870204
0.00525465070290864
0.00527610492050185
0.00529768206192389
0.00531938221007852
0.00534120544033598
0.00536315182053969
0.00538522141101491
0.00540741426457921
0.00542973042655487
0.00545216993478302
0.00547473281963976
0.00549741910405397
0.00552022880352704
0.00554316192615434
0.00556621847264853
0.00558939843636462
0.00561270180332681
0.00563612855225705
0.00565967865460536
0.00568335207458186
0.00570714876919049
0.0057310686882644
0.00575511177450305
0.00577927796351084
0.0058035671838375
0.00582797935701994
0.00585251439762582
0.00587717221329851
0.00590195270480373
0.00592685576607762
0.00595188128427626
0.00597702913982676
0.00600229920647966
0.00602769135136282
0.00605320543503667
0.00607884131155078
0.00610459882850178
0.00613047782709261
0.00615647814219298
0.00618259960240112
0.00620884203010673
0.00623520524155507
0.0062616890469123
0.00628829325033185
0.00631501765002191
0.00634186203831403
0.00636882620173272
0.00639590992106599
0.00642311297143699
0.00645043512237648
0.00647787613789623
0.00650543577656336
0.00653311379157546
0.00656090993083648
0.00658882393703354
0.00661685554771435
0.0066450044953654
0.00667327050749085
0.00670165330669205
0.00673015261074766
0.00675876813269438
0.00678749958090822
0.0068163466591863
0.00684530906682917
0.00687438649872346
0.00690357864542515
0.00693288519324303
0.0069623058243227
0.00699184021673072
0.00702148804453927
0.00705124897791083
0.00708112268318329
0.00711110882295518
0.00714120705617105
0.00717141703820707
0.00720173842095669
0.00723217085291634
0.00726271397927126
0.00729336744198131
0.00732413087986679
0.00735500392869419
0.00738598622126193
0.00741707738748593
0.00744827705448513
0.00747958484666683
0.00751100038581185
0.00754252329115946
0.0075741531794922
0.00760588966522025
0.00763773236046568
0.00766968087514632
0.00770173481705933
0.00773389379196435
0.0077661574036664
0.00779852525409819
0.00783099694340218
0.00786357207001208
0.0078962502307339
0.00792903102082654
0.00796191403408185
0.0079948988629041
0.00802798509838895
0.00806117233040185
0.00809446014765581
0.00812784813778855
0.00816133588743907
0.00819492298232347
0.00822860900731021
0.00826239354649459
0.00829627618327262
0.00833025650041406
0.00836433408013484
0.00839850850416861
0.00843277935383763
0.00846714621012283
0.00850160865373307
0.00853616626517362
0.00857081862481381
0.00860556531295383
0.00864040590989074
0.00867533999598353
0.00871036715171744
0.00874548695776731
0.00878069899506008
0.0088160028448364
0.00885139808871127
0.00888688430873394
0.00892246108744664
0.00895812800794266
0.00899388465392324
0.00902973060975368
0.00906566546051848
0.00910168879207545
0.00913780019110897
0.00917399924518221
0.00921028554278841
0.00924665867340118
0.00928311822752384
0.00931966379673777
0.00935629497374979
0.00939301135243855
0.00942981252789992
0.00946669809649141
0.00950366765587563
0.00954072080506269
0.00957785714445169
0.00961507627587116
0.00965237780261856
0.00968976132949872
0.0097272264628614
0.00976477281063776
0.0098023999823759
0.00984010758927542
0.00987789524422098
0.00991576256181488
0.00995370915840867
0.00999173465213382
0.0100298386629314
0.0100680208125806
0.010106280724727
0.0101446180249087
0.0101830323405826
0.0102215233011491
0.0102600905379762
0.0102987336844224
0.010337452375859
0.0103762462496908
0.0104151149453769
0.0104540581044497
0.0104930753705333
0.0105321663893612
0.0105713308087929
0.0106105682788295
0.0106498784516289
0.0106892609815193
0.0107287155250129
0.0107682417408176
0.0108078392898489
0.0108475078352403
0.0108872470423531
0.0109270565787852
0.0109669361143796
0.0110068853212312
0.0110469038736936
0.0110869914483851
0.011127147724193
0.0111673723822784
0.0112076651060793
0.0112480255813133
0.0112884534959797
0.0113289485403604
0.0113695104070207
0.0114101387908089
0.0114508333888552
0.0114915939005704
0.0115324200276432
0.0115733114740377
0.0116142679459891
0.0116552891519999
0.0116963748028348
0.011737524611515
0.011778738293312
0.0118200155657409
0.0118613561485529
0.0119027597637271
0.0119442261354622
0.0119857549901672
0.0120273460564514
0.0120689990651145
0.0121107137491354
0.0121524898436612
0.0121943270859948
0.0122362252155832
0.0122781839740038
0.0123202031049515
0.0123622823542249
0.0124044214697116
0.0124466202013734
0.0124888783012316
0.0125311955233506
0.0125735716238222
0.0126160063607488
0.0126584994942267
0.0127010507863286
0.012743660001086
0.0127863269044707
0.0128290512643769
0.0128718328506018
0.0129146714348268
0.0129575667905976
0.0130005186933048
0.0130435269201632
0.0130865912501918
0.0131297114641926
0.0131728873447297
0.0132161186761081
0.0132594052443516
0.0133027468371814
0.0133461432439936
0.013389594255837
0.0134330996653903
0.0134766592669395
0.0135202728563545
0.0135639402310661
0.0136076611900425
0.0136514355337652
0.0136952630642059
0.0137391435848019
0.0137830769004321
0.0138270628173925
0.0138711011433722
0.0139151916874282
0.013959334259961
0.0140035286726897
0.0140477747386269
0.0140920722720535
0.0141364210884941
0.0141808210046908
0.0142252718385788
0.0142697734092604
0.0143143255369796
0.0143589280430966
0.0144035807500624
0.0144482834813928
0.014493036061643
0.0145378383163819
0.0145826900721662
0.0146275911565147
0.014672541397883
0.0147175406256372
0.0147625886700283
0.0148076853621668
0.0148528305339969
0.0148980240182705
0.0149432656485222
0.0149885552590431
0.0150338926848558
0.0150792777616887
0.0151247103259504
0.015170190214705
0.0152157172656459
0.0152612913170717
0.0153069122078602
0.0153525797774439
0.015398293865785
0.0154440543133506
0.0154898609610879
0.0155357136503999
0.0155816122231208
0.0156275565214916
0.0156735463881361
0.0157195816660368
0.0157656621985109
0.0158117878291867
0.01585795840198
0.0159041737610706
0.015950433750879
0.0159967382160432
0.0160430870013963
0.016089479951943
0.0161359169128376
0.0161823977293614
0.0162289222469006
0.0162754903109242
0.0163221017669622
0.0163687564605842
0.0164154542373779
0.0164621949429281
0.0165089784227954
0.0165558045224959
0.0166026730874804
0.0166495839631144
0.0166965369946579
0.0167435320272456
0.0167905689058675
0.0168376474753493
0.0168847675803338
0.0169319290652617
0.0169791317743533
0.01702637555159
0.0170736602406963
0.0171209856851223
0.0171683517280259
0.0172157582122557
0.0172632049803339
0.01731069187444
0.0173582187363938
0.0174057854076399
0.0174533917292315
0.0175010375418147
0.0175487226856139
0.0175964470004161
0.0176442103255565
0.0176920124999043
0.0177398533618483
0.0177877327492835
0.0178356504995971
0.017883606449656
0.017931600435793
0.0179796322937954
0.0180277018588917
0.0180758089657402
0.0181239534484174
0.0181721351404063
0.0182203538745859
0.0182686094832201
0.0183169017979475
0.0183652306497714
0.0184135958690501
0.0184619972854873
0.0185104347281233
0.0185589080253259
0.0186074170047824
0.018655961493491
0.0187045413177536
0.0187531563031678
0.0188018062746202
0.0188504910562792
0.018899210471589
0.018947964343263
0.0189967524932785
0.0190455747428707
0.0190944309125278
0.0191433208219865
0.0191922442902267
0.0192412011354683
0.0192901911751668
0.0193392142260097
0.0193882701039139
0.0194373586240223
0.0194864796007016
0.0195356328475401
0.0195848181773458
0.0196340354021449
0.0196832843331806
0.0197325647809121
0.0197818765550145
0.0198312194643779
0.0198805933171083
0.0199299979205275
0.0199794330811739
0.0200288986048037
0.0200783942963925
0.0201279199601366
0.0201774753994554
0.0202270604169935
0.0202766748146235
0.020326318393449
0.0203759909538079
0.020425692295276
0.0204754222166708
0.0205251805160561
0.0205749669907459
0.0206247814373098
0.0206746236515782
0.0207244934286472
0.0207743905628847
0.0208243148479365
0.0208742660767325
0.0209242440414934
0.0209742485337375
0.0210242793442881
0.0210743362632808
0.0211244190801715
0.0211745275837442
0.0212246615621196
0.0212748208027636
0.0213250050924961
0.0213752142175003
0.0214254479633321
0.0214757061149299
0.0215259884566243
0.0215762947721486
0.0216266248446491
0.021676978456696
0.0217273553902943
0.0217777554268948
0.0218281783474063
0.0218786239322064
0.0219290919611542
0.0219795822136023
0.0220300944684089
0.0220806285039512
0.0221311840981374
0.0221817610284208
0.0222323590718121
0.022282978004894
0.0223336176038343
0.0223842776443999
0.0224349579019715
0.0224856581515576
0.0225363781678091
0.0225871177250342
0.0226378765972135
0.022688654558015
0.0227394513808095
0.0227902668386863
0.0228411007044688
0.0228919527507302
0.0229428227498102
0.0229937104738305
0.0230446156947118
0.0230955381841899
0.0231464777138329
0.0231974340550576
0.0232484069791469
0.0232993962572667
0.0233504016604833
0.023401422959781
0.0234524599260793
0.0235035123302512
0.0235545799431403
0.0236056625355794
0.0236567598784079
0.0237078717424908
0.0237589978987363
0.0238101381181144
0.0238612921716755
0.0239124598305688
0.0239636408660611
0.0240148350495558
0.024066042152611
0.0241172619469592
0.024168494204526
0.0242197386974491
0.0242709951980977
0.0243222634790911
0.0243735433133189
0.0244248344739594
0.0244761367344995
0.0245274498687541
0.0245787736508852
0.0246301078554218
0.0246814522572792
0.0247328066317786
0.0247841707546666
0.024835544402135
0.0248869273508404
0.0249383193779236
0.0249897202610294
0.0250411297783265
0.0250925477085266
0.0251439738309046
0.0251954079253178
0.025246849772226
0.0252982991527107
0.0253497558484949
0.0254012196419628
0.025452690316179
0.0255041676549084
0.0255556514426355
0.0256071414645839
0.0256586375067357
0.025710139355851
0.025761646799487
0.0258131596260174
0.0258646776246516
0.0259162005854539
0.0259677282993626
0.0260192605582088
0.0260707971547356
0.0261223378826172
0.0261738825364769
0.0262254309119069
0.026276982805486
0.0263285380147987
0.0263800963384534
0.0264316575761011
0.0264832215284532
0.0265347879973
0.0265863567855288
0.0266379276971416
0.0266895005372731
0.0267410751122085
0.0267926512294009
0.0268442286974891
0.0268958073263148
0.0269473869269397
0.026998967311663
0.0270505482940381
0.0271021296888896
0.0271537113123297
0.0272052929817753
0.0272568745159642
0.0273084557349713
0.0273600364602246
0.0274116165145219
0.0274631957220456
0.0275147739083794
0.0275663509005231
0.0276179265269084
0.0276695006174139
0.0277210730033801
0.0277726435176245
0.0278242119944561
0.0278757782696902
0.0279273421806623
0.0279789035662428
0.0280304622668506
0.0280820181244673
0.0281335709826504
0.0281851206865474
0.0282366670829083
0.0282882100200995
0.0283397493481159
0.0283912849185943
0.0284428165848257
0.0284943442017673
0.0285458676260552
0.0285973867160159
0.0286489013316784
0.0287004113347852
0.0287519165888044
0.02880341695894
0.0288549123121436
0.0289064025171248
0.0289578874443615
0.0290093669661106
0.0290608409564179
0.0291123092911282
0.0291637718478948
0.029215228506189
0.0292666791473094
0.0293181236543912
0.0293695619124147
0.029420993808214
0.0294724192304855
0.0295238380697964
0.029575250218592
0.0296266555712042
0.0296780540238584
0.0297294454746814
0.0297808298237083
0.0298322069728892
0.0298835768260964
0.0299349392891302
0.0299862942697257
0.0300376416775587
0.0300889814242512
0.0301403134233775
0.0301916375904691
0.0302429538430203
0.0302942621004926
0.0303455622843199
0.0303968543179129
0.0304481381266631
0.0304994136379472
0.0305506807811305
0.0306019394875712
0.0306531896906232
0.0307044313256394
0.0307556643299749
0.0308068886429896
0.0308581042060507
0.0309093109625351
0.0309605088578313
0.0310116978393417
0.0310628778564838
0.031114048860692
0.0311652108054185
0.0312163636461349
0.0312675073403322
0.0313186418475223
0.0313697671292376
0.0314208831490317
0.0314719898724793
0.0315230872671756
0.0315741753027365
0.0316252539507972
0.031676323185012
0.0317273829810529
0.0317784333166084
0.0318294741713821
0.0318805055270907
0.0319315273674629
0.0319825396782363
0.0320335424471561
0.0320845356639719
0.0321355193204355
0.0321864934102978
0.0322374579293059
0.0322884128751997
0.0323393582477086
0.0323902940485476
0.0324412202814141
0.0324921369519831
0.0325430440679036
0.0325939416387939
0.0326448296762373
0.0326957081937769
0.0327465772069113
0.032797436733089
0.0328482867917033
0.0328991274040866
0.0329499585935054
0.0330007803851535
0.033051592806147
0.0331023958855175
0.0331531896542058
0.0332039741450558
0.0332547493928075
0.0333055154340901
0.0333562723074152
0.0334070200531696
0.0334577587136079
0.0335084883328451
0.0335592089568487
0.0336099206334313
0.0336606234122423
0.03371131734476
0.0337620024842831
0.0338126788859226
0.0338633466065929
0.0339140057050031
0.0339646562416487
0.0340152982788017
0.034065931880502
0.0341165571125481
0.0341671740424876
0.0342177827396073
0.034268383274924
0.0343189757211744
0.0343695601528049
0.034420136645962
0.0344707052784816
0.0345212661298787
0.034571819281337
0.0346223648156985
0.034672902817452
0.034723433372723
0.0347739565692623
0.0348244724964348
0.0348749812452087
0.0349254829081435
0.0349759775793791
0.0350264653546238
0.0350769463311428
0.0351274206077463
0.0351778882847777
0.0352283494641013
0.0352788042490904
0.0353292527446149
0.0353796950570291
0.0354301312941589
0.0354805615652897
0.0355309859811535
0.0355814046539161
0.0356318176971642
0.0356822252258927
0.0357326273564914
0.0357830242067321
0.035833415895755
0.0358838025440559
0.0359341842734722
0.0359845612071699
0.0360349334696297
0.0360853011866336
0.036135664485251
0.0361860234938247
0.0362363783419572
0.0362867291604969
0.0363370760815236
0.0363874192383345
0.0364377587654304
0.0364880947985005
0.0365384274744091
0.0365887569311804
0.0366390833079842
0.0366894067451215
0.0367397273840095
0.0367900453671674
0.0368403608382011
0.0368906739417888
0.0369409848236656
0.0369912936306091
0.0370416005104239
0.037091905611927
0.0371422090849322
0.037192511080235
0.0372428117495976
0.0372931112457334
0.0373434097222916
0.037393707333842
0.0374440042358592
0.0374943005847075
0.037544596537625
0.037594892252708
0.0376451878888958
0.0376954836059543
0.0377457795644608
0.0377960759257879
0.0378463728520881
0.0378966705062772
0.037946969052019
0.0379972686537092
0.0380475694764592
0.0380978716860804
0.0381481754490679
0.0381984809325844
0.0382487883044442
0.038299097733097
0.0383494093876116
0.0383997234376596
0.0384500400534995
0.0385003594059601
0.0385506816664242
0.0386010070068122
0.0386513355995661
0.0387016676176325
0.0387520032344469
0.0388023426239164
0.038852685960404
0.0389030334187117
0.0389533851740639
0.0390037414020913
0.0390541022788138
0.0391044679806243
0.039154838684272
0.0392052145668457
0.0392555958057575
0.0393059825787254
0.0393563750637577
0.0394067734391355
0.0394571778833963
0.0395075885753173
0.0395580056938988
0.0396084294183471
0.0396588599280583
0.0397092974026012
0.0397597420217008
0.039810193965221
0.0398606534131487
0.0399111205455763
0.0399615955426854
0.0400120785847298
0.0400625698520185
0.0401130695248995
0.0401635777837427
0.040214094808923
0.0402646207808036
0.0403151558797194
0.0403657002859601
0.0404162541797533
0.040466817741248
0.0405173911504975
0.040567974587443
0.0406185682318966
0.0406691722635245
0.0407197868618305
0.0407704122061392
0.040821048475579
0.0408716958490658
0.040922354505286
0.04097302462268
0.0410237063794253
0.0410743999534199
0.041125105522266
0.0411758232632527
0.0412265533533401
0.0412772959691421
0.04132805128691
0.0413788194825162
0.0414296007314374
0.0414803952087379
0.0415312030890534
0.0415820245465745
0.04163285975503
0.0416837088876706
0.0417345721172525
0.041785449616021
0.0418363415556942
0.0418872481074462
0.0419381694418917
0.0419891057290687
0.042040057138423
0.0420910238387916
0.0421420059983867
0.0421930037847792
0.0422440173648831
0.042295046904939
0.0423460925704981
0.0423971545264065
0.0424482329367887
0.042499327965032
0.0425504397737707
0.0426015685248699
0.0426527143794098
0.04270387749767
0.0427550580391138
0.0428062561623723
0.0428574720252288
0.0429087057846036
0.0429599575965377
0.0430112276161781
0.0430625159977617
0.0431138228946002
0.0431651484590647
0.0432164928425704
0.0432678561955614
0.0433192386674954
0.0433706404068286
0.0434220615610007
0.0434735022764197
0.0435249626984472
0.0435764429713833
0.0436279432384517
0.0436794636417853
0.043731004322411
0.0437825654202354
0.0438341470740301
0.043885749421417
0.0439373725988545
0.0439890167416222
0.0440406819838073
0.0440923684582902
0.0441440762967302
0.0441958056295516
0.0442475565859296
0.0442993292937762
0.0443511238797269
0.0444029404691263
0.0444547791860148
0.044506640153115
0.0445585234918178
0.0446104293221697
0.0446623577628585
0.0447143089312009
0.0447662829431289
0.0448182799131768
0.0448702999544683
0.0449223431787035
0.044974409696146
0.0450264996156107
0.0450786130444505
0.0451307500885444
0.0451829108522847
0.0452350954385651
0.045287303948768
0.0453395364827527
0.0453917931388437
0.0454440740138182
0.0454963792028949
0.0455487087997218
0.0456010628963654
0.0456534415832984
0.0457058449493891
0.0457582730818899
0.0458107260664262
0.0458632039869855
0.0459157069259065
0.0459682349638686
0.0460207881798811
0.0460733666512726
0.046125970453681
0.0461785996610433
0.046231254345585
0.0462839345778107
0.0463366404264942
0.0463893719586685
0.0464421292396165
0.0464949123328616
0.0465477213001585
0.0466005562014838
0.0466534170950272
0.0467063040371826
0.0467592170825395
0.0468121562838743
0.0468651216921422
0.0469181133564683
0.0469711313241402
0.0470241756405998
0.0470772463494353
0.0471303434923738
0.0471834671092738
0.0472366172381176
0.0472897939150045
0.0473429971741438
0.0473962270478474
0.0474494835665239
0.0475027667586714
0.0475560766508716
0.0476094132677835
0.0476627766321374
0.0477161667647288
0.0477695836844133
0.0478230274081005
0.0478764979507492
0.0479299953253617
0.0479835195429797
0.0480370706126784
0.048090648541563
0.0481442533347634
0.0481978849954305
0.0482515435247322
0.0483052289218489
0.0483589411839707
0.0484126803062932
0.0484664462820146
0.0485202391023325
0.048574058756441
0.048627905231528
0.0486817785127725
0.0487356785833425
0.0487896054243928
0.0488435590150631
0.0488975393324763
0.0489515463517367
0.0490055800459291
0.0490596403861174
0.0491137273413437
0.0491678408786277
0.0492219809629662
0.0492761475573326
0.0493303406226771
0.0493845601179265
0.0494388059999848
0.0494930782237337
0.0495473767420332
0.0496017015057226
0.049656052463622
0.0497104295625331
0.0497648327472413
0.0498192619605175
0.0498737171431198
0.0499281982337962
0.0499827051692866
0.0500372378843259
0.050091796311647
0.0501463803819832
0.0502009900240726
0.0502556251646609
0.0503102857285054
0.0503649716383793
0.0504196828150757
0.050474419177412
0.0505291806422348
0.0505839671244249
0.050638778536902
0.0506936147906307
0.0507484757946254
0.0508033614559568
0.0508582716797576
0.0509132063692288
0.0509681654256461
0.051023148748367
0.0510781562348374
0.0511331877805989
0.0511882432792964
0.0512433226226853
0.0512984257006399
0.0513535524011611
0.051408702610385
0.051463876212591
0.0515190730902112
0.051574293123839
0.0516295361922384
0.0516848021723535
0.051740090939318
0.0517954023664656
0.0518507363253395
0.0519060926857032
0.0519614713155509
0.0520168720811183
0.0520722948468939
0.0521277394756297
0.0521832058283533
0.052238693764379
0.0522942031413205
0.052349733815102
0.0524052856399716
0.0524608584685131
0.0525164521516592
0.0525720665387045
0.0526277014773185
0.0526833568135593
0.0527390323918871
0.0527947280551781
0.0528504436447387
0.0529061790003198
0.052961933960131
0.0530177083608558
0.053073502037666
0.0531293148242374
0.0531851465527647
0.0532409970539773
0.0532968661571549
0.0533527536901436
0.0534086594793718
0.0534645833498669
0.0535205251252715
0.0535764846278605
0.0536324616785579
0.0536884560969536
0.0537444677013213
0.0538004963086357
0.0538565417345903
0.053912603793615
0.0539686822988947
0.0540247770623872
0.0540808878948416
0.0541370146058174
0.0541931570037025
0.054249314895733
0.0543054880880119
0.0543616763855283
0.0544178795921773
0.0544740975107794
0.0545303299431005
0.0545865766898716
0.0546428375508092
0.0546991123246355
0.054755400809099
0.054811702800995
0.0548680180961864
0.0549243464896247
0.0549806877753707
0.0550370417466165
0.0550934081957061
0.0551497869141573
0.0552061776926833
0.0552625803212143
0.0553189945889196
0.0553754202842298
0.0554318571948583
0.0554883051078246
0.055544763809476
0.0556012330855101
0.0556577127209981
0.055714202500407
0.0557707022076226
0.0558272116259729
0.0558837305382506
0.0559402587267367
0.0559967959732239
0.0560533420590397
0.0561098967650701
0.0561664598717833
0.0562230311592532
0.0562796104071833
0.0563361973949306
0.0563927919015294
0.0564493937057157
0.0565060025859508
0.056562618320446
0.0566192406871864
0.0566758694639557
0.0567325044283602
0.0567891453578533
0.0568457920297604
0.0569024442213029
0.0569591017096233
0.0570157642718096
0.0570724316849201
0.0571291037260083
0.0571857801721475
0.0572424608004556
0.0572991453881203
0.0573558337124239
0.0574125255507678
0.0574692206806981
0.0575259188799304
0.0575826199263746
0.0576393235981599
0.0576960296736604
0.0577527379315194
0.0578094481506751
0.0578661601103851
0.057922873590252
0.0579795883702481
0.0580363042307405
0.0580930209525165
0.0581497383168081
0.0582064561053174
0.0582631741002416
0.0583198920842978
0.0583766098407481
0.0584333271534246
0.0584900438067543
0.0585467595857837
0.0586034742762041
0.0586601876643761
0.0587168995373547
0.0587736096829134
0.0588303178895697
0.0588870239466091
0.05894372764411
0.0590004287729681
0.059057127124921
0.0591138224925724
0.0591705146694168
0.0592272034498633
0.0592838886292602
0.0593405700039191
0.0593972473711388
0.0594539205292295
0.0595105892775363
0.0595672534164636
0.0596239127474985
0.0596805670732345
0.0597372161973952
0.0597938599248574
0.059850498061675
0.0599071304151019
0.0599637567936154
0.0600203770069391
0.060076990866066
0.0601335981832813
0.060190198772185
0.0602467924477151
0.0603033790261693
0.0603599583252283
0.0604165301639772
0.0604730943629283
0.0605296507440431
0.0605861991307538
0.0606427393479854
0.0606992712221775
0.0607557945813055
0.060812309254902
0.0608688150740784
0.0609253118715456
0.0609817994816355
0.061038277740321
0.0610947464852376
0.0611512055557034
0.0612076547927395
0.0612640940390905
0.0613205231392444
0.0613769419394526
0.0614333502877497
0.0614897480339729
0.0615461350297819
0.0616025111286778
0.0616588761860224
0.0617152300590572
0.0617715726069224
0.0618279036906749
0.0618842231733077
0.0619405309197673
0.0619968267969725
0.0620531106738322
0.0621093824212629
0.0621656419122069
0.062221889021649
0.0622781236266344
0.0623343456062855
0.0623905548418191
0.0624467512165625
0.0625029346159709
0.0625591049276429
0.0626152620413374
0.0626714058489894
0.0627275362447255
0.06278365312488
0.06283975638801
0.0628958459349108
0.062951921668631
0.0630079834944875
0.0630640313200799
0.0631200650553051
0.063176084612372
0.0632320899058151
0.0632880808525087
0.0633440573716805
0.0634000193849256
0.0634559668162192
0.0635118995919304
0.0635678176408346
0.0636237208941268
0.063679609285434
0.0637354827508275
0.0637913412288351
0.0638471846604536
0.0639030129891597
0.0639588261609228
0.0640146241242152
0.0640704068300244
0.0641261742318636
0.0641819262857825
0.0642376629503786
0.0642933841868066
0.0643490899587899
0.0644047802326297
0.0644604549772155
0.0645161141640345
0.0645717577671814
0.0646273857633674
0.0646829981319296
0.0647385948548396
0.064794175916713
0.0648497413048169
0.0649052910090793
0.0649608250220967
0.0650163433391422
0.0650718459581735
0.0651273328798404
0.0651828041074923
0.0652382596471853
0.0652936995076897
0.0653491237004964
0.0654045322398241
0.0654599251426253
0.0655153024285933
0.0655706641201678
0.0656260102425413
0.0656813408236647
0.0657366558942532
0.0657919554877913
0.0658472396405388
0.0659025083915352
0.0659577617826053
0.0660129998583634
0.0660682226662185
0.0661234302563783
0.0661786226818537
0.0662337999984627
0.0662889622648347
0.0663441095424141
0.0663992418954637
0.0664543593910687
0.0665094620991393
0.0665645500924146
0.0666196234464649
0.0666746822396951
0.0667297265533471
0.066784756471502
0.0668397720810832
0.0668947734718581
0.0669497607364403
0.0670047339702915
0.0670596932717233
0.0671146387418989
0.0671695704848344
0.0672244886074004
0.0672793932193229
0.0673342844331847
0.0673891623644262
0.0674440271313458
0.0674988788551013
0.06755371765971
0.0676085436720488
0.0676633570218551
0.0677181578417266
0.0677729462671211
0.067827722436357
0.0678824864906123
0.0679372385739248
0.0679919788331915
0.0680467074181676
0.0681014244814664
0.0681561301785581
0.0682108246677689
0.0682655081102797
0.0683201806701257
0.0683748425141941
0.0684294938122233
0.0684841347368015
0.0685387654633647
0.0685933861701953
0.0686479970384199
0.0687025982520081
0.0687571899977697
0.068811772465353
0.0688663458472428
0.0689209103387576
0.0689754661380475
0.0690300134460919
0.0690845524666964
0.0691390834064909
0.0691936064749261
0.0692481218842711
0.0693026298496105
0.0693571305888413
0.0694116243226698
0.0694661112746086
0.0695205916709733
0.0695750657408791
0.0696295337162376
0.0696839958317533
0.0697384523249201
0.0697929034360176
0.0698473494081076
0.0699017904870304
0.0699562269214009
0.0700106589626046
0.0700650868647943
0.0701195108848853
0.0701739312825522
0.070228348320224
0.0702827622630808
0.0703371733790488
0.0703915819387967
0.070445988215731
0.0705003924859918
0.0705547950284484
0.0706091961246947
0.0706635960590448
0.0707179951185287
0.0707723935928872
0.0708267917745677
0.0708811899587193
0.070935588443188
0.0709899875285125
0.0710443875179184
0.0710987887173144
0.0711531914352868
0.0712075959830946
0.071262002674665
0.0713164118265879
0.0713708237581112
0.0714252387911357
0.0714796572502101
0.0715340794625255
0.0715885057579108
0.0716429364688273
0.0716973719303634
0.0717518124802296
0.0718062584587531
0.0718607102088727
0.0719151680761332
0.0719696324086807
0.0720241035572564
0.072078581875192
0.072133067718404
0.0721875614453885
0.0722420634172153
0.0722965739975231
0.0723510935525137
0.0724056224509465
0.0724601610641333
0.0725147097659326
0.0725692689327438
0.0726238389435024
0.0726784201796738
0.072733013025248
0.0727876178667342
0.0728422350931547
0.07289686509604
0.0729515082694225
0.0730061650098315
0.0730608357162871
0.0731155207902949
0.0731702206358399
0.0732249356593815
0.0732796662698471
0.073334412878627
0.0733891758995684
0.0734439557489698
0.0734987528455752
0.0735535676105686
0.0736084004675678
0.0736632518426192
0.0737181221641918
0.0737730118631713
0.0738279213728548
0.0738828511289443
0.0739378015695416
0.0739927731351422
0.0740477662686293
0.0741027814152684
0.0741578190227011
0.0742128795409397
0.0742679634223609
0.0743230711216999
0.0743782030960452
0.074433359804832
0.0744885417098366
0.0745437492751705
0.0745989829672744
0.0746542432549125
0.0747095306091662
0.0747648455034283
0.0748201884133973
0.0748755598170709
0.0749309601947404
0.0749863900289846
0.0750418498046636
0.0750973400089129
0.0751528611311374
0.0752084136630052
0.0752639980984415
0.0753196149336223
0.0753752646669688
0.0754309477991406
0.07548666483303
0.0755424162737554
0.0755982026286554
0.0756540244072823
0.0757098821213961
0.0757657762849577
0.0758217074141231
0.0758776760272367
0.0759336826448252
0.0759897277895907
0.0760458119864047
0.0761019357623014
0.0761580996464712
0.0762143041702543
0.0762705498671337
0.0763268372727292
0.07638316692479
0.0764395393631887
0.076495955129914
0.0765524147690643
0.0766089188268406
0.0766654678515396
0.0767220623935473
0.0767787030053313
0.0768353902414342
0.0768921246584664
0.0769489068150993
0.0770057372720575
0.0770626165921122
0.0771195453400735
0.0771765240827833
0.0772335533891077
0.0772906338299299
0.0773477659781421
0.0774049504086385
0.0774621876983073
0.0775194784260232
0.0775768231726393
0.0776342225209795
0.0776916770558306
0.0777491873639341
0.0778067540339784
0.0778643776565901
0.0779220588243266
0.077979798131667
0.0780375961750041
0.0780954535526359
0.0781533708647568
0.0782113487134493
0.0782693877026749
0.0783274884382655
0.0783856515279142
0.0784438775811666
0.0785021672094115
0.0785605210258716
0.0786189396455941
0.0786774236854417
0.0787359737640825
0.0787945905019805
0.0788532745213862
0.0789120264463261
0.0789708469025933
0.0790297365177369
0.0790886959210522
0.07914772574357
0.0792068266180461
0.079265999178951
0.0793252440624591
0.0793845619064374
0.0794439533504353
0.0795034190356725
0.0795629596050285
0.0796225757030309
0.0796822679758438
0.0797420370712561
0.0798018836386699
0.0798618083290881
0.0799218117951025
0.0799818946908816
0.0800420576721579
0.0801023013962153
0.0801626265218765
0.0802230337094899
0.0802835236209167
0.0803440969195172
0.0804047542701379
0.0804654963390974
0.0805263237941729
0.0805872373045859
0.0806482375409887
0.0807093251754491
0.0807705008814367
0.0808317653338078
0.0808931192087906
0.0809545631839699
0.0810160979382721
0.0810777241519496
0.0811394425065648
0.0812012536849748
0.0812631583713147
0.0813251572509816
0.0813872510106181
0.0814494403380955
0.0815117259224965
0.0815741084540987
0.0816365886243565
0.0816991671258842
0.0817618446524375
0.0818246218988956
0.0818874995612433
0.0819504783365518
0.0820135589229606
0.0820767420196578
0.0821400283268615
0.0822034185457998
0.0822669133786912
0.0823305135287248
0.0823942197000398
0.0824580325977051
0.0825219529276984
0.0825859813968856
0.0826501187129991
0.0827143655846162
0.0827787227211379
0.082843190832766
0.0829077706304816
0.0829724628260216
0.0830372681318567
0.0831021872611674
0.0831672209278213
0.0832323698463489
0.0832976347319195
0.0833630163003174
0.083428515267917
0.0834941323516576
0.0835598682690189
0.083625723737995
0.083691699477069
0.0837577962051866
0.0838240146417301
0.0838903555064911
0.0839568195196445
0.0840234074017203
0.0840901198735765
0.084156957656371
0.0842239214715336
0.0842910120407372
0.084358230085869
0.0844255763290017
0.0844930514923634
0.0845606562983083
0.0846283914692863
0.0846962577278128
0.0847642557964375
0.0848323863977135
0.0849006502541661
0.0849690480882607
0.0850375806223706
0.0851062485787451
0.085175052679476
0.0852439936464651
0.0853130722013904
0.0853822890656723
0.0854516449604396
0.085521140606495
0.0855907767242803
0.0856605540338411
0.0857304732547913
0.0858005351062773
0.085870740306942
0.0859410895748879
0.0860115836276402
0.08608222318211
0.086153008954556
0.0862239416605471
0.0862950220149241
0.0863662507317607
0.0864376285243244
0.0865091561050379
0.0865808341854384
0.0866526634761383
0.0867246446867843
0.086796778526017
0.0868690657014294
0.0869415069195256
0.0870141028856791
0.0870868543040904
0.0871597618777444
0.0872328263083678
0.0873060482963857
0.0873794285408778
0.0874529677395349
0.0875266665886142
0.0876005257828947
0.0876745460156323
0.0877487279785149
0.0878230723616155
0.0878975798533476
0.0879722511404176
0.088047086907779
0.0881220878385847
0.0881972546141399
0.0882725879138541
0.0883480884151935
0.0884237567936318
0.0884995937226023
0.088575599873448
0.0886517759153728
0.0887281225153915
0.0888046403382796
0.0888813300465229
0.0889581923002671
0.0890352277572662
0.0891124370728319
0.0891898208997809
0.0892673798883839
0.0893451146863125
0.0894230259385871
0.0895011142875237
0.089579380372681
0.0896578248308062
0.089736448295782
0.089815251398572
0.0898942347671663
0.0899733990265272
0.0900527447985337
0.0901322727019266
0.090211983352253
0.0902918773618103
0.0903719553395905
0.0904522178912233
0.0905326656189201
0.0906132991214171
0.0906941189939179
0.0907751258280364
0.0908563202117393
0.0909377027292882
0.0910192739611818
0.0911010344840972
0.0911829848708319
0.0912651256902451
0.0913474575071983
0.0914299808824971
0.0915126963728309
0.0915956045307143
0.091678705904427
0.091762001037954
0.0918454904709257
0.0919291747385576
0.0920130543715901
0.0920971298962278
0.0921814018340791
0.0922658707020953
0.0923505370125096
0.0924354012727763
0.0925204639855092
0.0926057256484208
0.0926911867542606
0.0927768477907537
0.0928627092405393
0.0929487715811089
0.0930350352847445
0.093121500818457
0.0932081686439243
0.0932950392174291
0.0933821129897973
0.0934693904063356
0.0935568719067698
0.0936445579251825
0.0937324488899513
0.0938205452236863
0.0939088473431684
0.093997355659287
0.0940860705769782
0.0941749924951625
0.0942641218066831
0.0943534588982439
0.0944430041503472
0.094532757937233
0.0946227206268159
0.0947128925806247
0.09480327415374
0.0948938656947333
0.0949846675456054
0.0950756800417254
0.0951669035117694
0.09525833827766
0.0953499846545053
0.0954418429505383
0.0955339134670564
0.0956261964983617
0.0957186923317003
0.095811401247203
0.0959043235178256
0.0959974594092894
0.096090809180022
0.096184373081099
0.0962781513561847
0.0963721442414741
0.096466351965635
0.0965607747497501
0.0966554128072592
0.096750266343903
0.0968453355576651
0.0969406206387167
0.0970361217693598
0.0971318391239716
0.0972277728689491
0.0973239231626545
0.0974202901553602
0.0975168739891946
0.0976136747980888
0.0977106927077229
0.0978079278354732
0.0979053802903598
0.098003050172995
0.0981009375755312
0.0981990425816104
0.0982973652663137
0.098395905696111
0.0984946639288122
0.0985936400135176
0.0986928339905701
0.0987922458915073
0.0988918757390142
0.0989917235468767
0.0990917893199354
0.0991920730540406
0.0992925747360073
0.0993932943435707
0.0994942318453435
0.0995953872007723
0.099696760360096
0.0997983512643041
0.0999001598450956
0.10000218602484
0.100104429716535
0.100206890823774
0.1003095692407
0.100412464851975
0.100515577532742
0.100618907148586
0.100722453555504
0.100826216599868
0.100930196118393
0.101034391938105
0.101138803876308
0.101243431740552
0.101348275328608
0.101453334428436
0.101558608818155
0.101664098266018
0.101769802530388
0.101875721359707
0.101981854492475
0.102088201657227
0.102194762572508
0.102301536946853
0.102408524478766
0.102515724856699
0.102623137759034
0.102730762854067
0.102838599799987
0.102946648244865
0.103054907826635
0.103163378173082
0.103272058901832
0.103380949620334
0.103490049925854
0.103599359405467
0.103708877636041
0.10381860418424
0.103928538606506
0.104038680449065
0.104149029247913
0.104259584528822
0.104370345807329
0.104481312588744
0.104592484368142
0.104703860630372
0.104815440850052
0.104927224491581
0.105039211009137
0.105151399846685
0.105263790437988
0.105376382206608
0.105489174565924
0.105602166919136
0.105715358659279
0.105828749169239
0.105942337821762
0.106056123979476
0.1061701069949
0.10628428621047
0.106398660958551
0.106513230561464
0.106627994331502
0.106742951570955
0.106858101572135
0.1069734436174
0.107088976979183
0.107204700920015
0.107320614692557
0.107436717539632
0.107553008694252
0.107669487379655
0.107786152809337
0.107903004187086
0.108020040707021
0.108137261553628
0.1082546659018
0.108372252916874
0.108490021754679
0.108607971561573
0.108726101474486
0.108844410620971
0.108962898119247
0.109081563078244
0.109200404597658
0.109319421767994
0.109438613670625
0.109557979377836
0.109677517952887
0.109797228450059
0.109917109914717
0.110037161383364
0.110157381883701
0.110277770434686
0.110398326046595
0.110519047721084
0.110639934451256
0.110760985221717
0.110882199008653
0.111003574779888
0.111125111494956
0.11124680810517
0.111368663553691
0.111490676775601
0.111612846697977
0.111735172239959
0.111857652312833
0.111980285820102
0.112103071657561
0.112226008713383
0.112349095868192
0.112472331995144
0.11259571596001
0.11271924662126
0.112842922830144
0.112966743430775
0.11309070726022
0.113214813148583
0.113339059919094
0.113463446388194
0.113587971365632
0.113712633654549
0.113837432051572
0.113962365346907
0.114087432324431
0.11421263176179
0.114337962430488
0.114463423095991
0.114589012517816
0.114714729449635
0.114840572639372
0.114966540829302
0.115092632756151
0.115218847151201
0.115345182740386
0.1154716382444
0.115598212378799
0.115724903854106
0.115851711375913
0.115978633644992
0.116105669357399
0.116232817204579
0.11636007587348
0.116487444046654
0.116614920402374
0.116742503614738
0.116870192353782
0.116997985285593
0.117125881072417
0.117253878372772
0.117381975841564
0.117510172130198
0.11763846588669
0.117766855755788
0.117895340379078
0.118023918395106
0.118152588439491
0.118281349145042
0.118410199141874
0.118539137057527
0.118668161517081
0.118797271143273
0.118926464556619
0.119055740375529
0.119185097216428
0.119314533693871
0.119444048420669
0.119573640008002
0.119703307065541
0.11983304820157
0.119962862023104
0.120092747136008
0.120222702145122
0.120352725654376
0.120482816266916
0.12061297258522
0.120743193211223
0.120873476746436
0.121003821792065
0.121134226949137
0.121264690818617
0.121395212001529
0.121525789099081
0.121656420712782
0.121787105444562
0.121917841896897
0.122048628672926
0.122179464376576
0.122310347612675
0.12244127698708
0.122572251106792
0.122703268580078
0.122834328016591
0.122965428027487
0.123096567225547
0.123227744225295
0.123358957643115
0.123490206097371
0.123621488208526
0.123752802599257
0.123884147894573
0.124015522721933
0.124146925711363
0.12427835549557
0.124409810710058
0.124541289993246
0.12467279198658
0.124804315334646
0.124935858685291
0.125067420689725
0.125199000002646
0.125330595282343
0.12546220519081
0.125593828393862
0.125725463561239
0.125857109366719
0.125988764488227
0.126120427607946
0.126252097412419
0.126383772592663
0.126515451844271
0.126647133867523
0.126778817367484
0.126910501054117
0.127042183642379
0.127173863852332
0.127305540409239
0.127437212043666
0.12756887749159
0.127700535494489
0.127832184799449
0.127963824159258
0.128095452332506
0.12822706808368
0.128358670183262
0.128490257407822
0.128621828540113
0.128753382369164
0.128884917690373
0.129016433305599
0.12914792802325
0.129279400658376
0.129410850032753
0.129542274974977
0.129673674320545
0.129805046911946
0.129936391598741
0.13006770723765
0.130198992692633
0.130330246834973
0.130461468543358
0.130592656703959
0.130723810210508
0.130854927964379
0.130986008874662
0.131117051858241
0.131248055839865
0.131379019752227
0.131509942536032
0.131640823140071
0.131771660521291
0.131902453644863
0.132033201484252
0.132163903021285
0.132294557246214
0.132425163157783
0.132555719763293
0.132686226078663
0.132816681128494
0.132947083946126
0.133077433573701
0.13320772906222
0.133337969471601
0.133468153870733
0.133598281337536
0.133728350959009
0.133858361831288
0.133988313059694
0.134118203758785
0.134248033052408
0.134377800073743
0.134507503965353
0.13463714387923
0.13476671897684
0.134896228429165
0.135025671416749
0.135155047129738
0.135284354767919
0.135413593540765
0.135542762667464
0.135671861376967
0.135800888908015
0.135929844509181
0.136058727438899
0.136187536965499
0.136316272367239
0.136444932932334
0.136573517958988
0.136702026755419
0.136830458639892
0.136958812940737
0.137087088996383
0.137215286155377
0.137343403776405
0.137471441228323
0.137599397890166
0.137727273151179
0.137855066410828
0.137982777078822
0.138110404575128
0.138237948329986
0.138365407783928
0.138492782387785
0.138620071602707
0.138747274900168
0.138874391761981
0.139001421680307
0.139128364157661
0.139255218706925
0.139381984851349
0.13950866212456
0.139635250070566
0.139761748243762
0.139888156208928
0.140014473541236
0.140140699826248
0.140266834659919
0.140392877648592
0.140518828409001
0.140644686568265
0.140770451763886
0.140896123643746
0.141021701866097
0.141147186099561
0.14127257602312
0.141397871326107
0.141523071708202
0.141648176879417
0.141773186560089
0.141898100480868
0.142022918382707
0.142147640016847
0.142272265144804
0.142396793538357
0.142521224979528
0.142645559260574
0.142769796183964
0.142893935562364
0.14301797721862
0.143141920985738
0.143265766706867
0.143389514235276
0.143513163434334
0.143636714177492
0.143760166348257
0.14388351984017
0.144006774556785
0.144129930411643
0.144252987328248
0.144375945240041
0.144498804090377
0.144621563832495
0.144744224429493
0.144866785854303
0.144989248089656
0.14511161112806
0.145233874971768
0.14535603963275
0.145478105132659
0.145600071502804
0.145721938784119
0.145843707027126
0.145965376291911
0.146086946648084
0.146208418174751
0.146329790960474
0.146451065103247
0.14657224071045
0.146693317898824
0.14681429679443
0.146935177532613
0.14705596025797
0.147176645124311
0.14729723229462
0.147417721941023
0.147538114244747
0.147658409396079
0.147778607594337
0.147898709047821
0.148018713973781
0.148138622598376
0.148258435156632
0.148378151892407
0.148497773058346
0.148617298915844
0.148736729735005
0.148856065794598
0.148975307382021
0.149094454793255
0.149213508332826
0.149332468313761
0.149451335057545
0.149570108894084
0.149688790161656
0.149807379206872
0.149925876384634
0.150044282058091
0.150162596598593
0.150280820385654
0.150398953806902
0.150516997258042
0.150634951142807
0.150752815872917
0.150870591868033
0.150988279555716
0.151105879371382
0.151223391758256
0.151340817167329
0.151458156057315
0.151575408894604
0.15169257615322
0.151809658314775
0.151926655868424
0.152043569310824
0.152160399146083
0.152277145885723
0.152393810048628
0.152510392161005
0.152626892756337
0.152743312375336
0.152859651565904
0.152975910883083
0.153092090889012
0.153208192152885
0.153324215250902
0.153440160766227
0.153556029288944
0.15367182141601
0.153787537751213
0.153903178905126
0.154018745495065
0.154134238145042
0.15424965748572
0.154365004154373
0.15448027879484
0.154595482057479
0.154710614599126
0.154825677083049
0.154940670178906
0.155055594562701
0.155170450916739
0.155285239929585
0.155399962296018
0.155514618716992
0.155629209899587
0.155743736556971
0.155858199408357
0.155972599178956
0.156086936599939
0.156201212408393
0.156315427347278
0.156429582165385
0.156543677617296
0.15665771446334
0.156771693469551
0.156885615407628
0.156999481054895
0.157113291194254
0.157227046614151
0.157340748108529
0.157454396476792
0.157567992523763
0.15768153705964
0.157795030899961
0.157908474865561
0.158021869782533
0.158135216482187
0.158248515801011
0.158361768580635
0.158474975667785
0.158588137914249
0.158701256176837
0.158814331317341
0.158927364202499
0.159040355703954
0.159153306698218
0.159266218066631
0.159379090695327
0.159491925475194
0.159604723301837
0.15971748507554
0.159830211701232
0.159942904088446
0.160055563151283
0.16016818980838
0.160280784982868
0.160393349602338
0.160505884598804
0.160618390908672
0.160730869472697
0.160843321235951
0.160955747147792
0.161068148161819
0.161180525235847
0.161292879331867
0.16140521141601
0.16151752245852
0.161629813433709
0.161742085319934
0.161854339099553
0.161966575758901
0.162078796288246
0.162191001681767
0.16230319293751
0.162415371057362
0.162527537047015
0.162639691915936
0.162751836677329
0.16286397234811
0.162976099948867
0.163088220503833
0.163200335040853
0.163312444591352
0.163424550190302
0.16353665287619
0.16364875369099
0.163760853680128
0.163872953892455
0.163985055380209
0.164097159198992
0.164209266407733
0.164321378068662
0.164433495247276
0.164545619012309
0.164657750435704
0.164769890592581
0.164882040561206
0.164994201422963
0.165106374262322
0.165218560166813
0.16533076022699
0.165442975536406
0.165555207191585
0.165667456291986
0.165779723939979
0.165892011240815
0.166004319302594
0.16611664923624
0.166229002155468
0.166341379176755
0.166453781419316
0.166566210005069
0.16667866605861
0.16679115070718
0.166903665080643
0.167016210311451
0.167128787534616
0.167241397887685
0.167354042510709
0.167466722546213
0.167579439139169
0.167692193436968
0.167804986589389
0.167917819748573
0.168030694068993
0.168143610707425
0.16825657082292
0.168369575576776
0.168482626132508
0.168595723655819
0.168708869314574
0.168822064278769
0.168935309720501
0.169048606813944
0.169161956735314
0.169275360662844
0.169388819776756
0.169502335259226
0.169615908294364
0.169729540068175
0.169843231768539
0.169956984585175
0.170070799709613
0.170184678335167
0.170298621656905
0.170412630871616
0.170526707177784
0.170640851775556
0.170755065866712
0.170869350654637
0.17098370734429
0.17109813714217
0.171212641256292
0.171327220896151
0.171441877272693
0.171556611598288
0.17167142508669
0.171786318953015
0.171901294413706
0.172016352686499
0.172131494990395
0.172246722545627
0.172362036573629
0.172477438297
0.172592928939478
0.172708509725899
0.172824181882174
0.172939946635247
0.173055805213069
0.173171758844559
0.173287808759573
0.173403956188872
0.173520202364085
0.173636548517674
0.173752995882904
0.173869545693802
0.17398619918513
0.17410295759234
0.174219822151547
0.17433679409949
0.174453874673494
0.174571065111435
0.174688366651708
0.174805780533182
0.174923307995168
0.175040950277383
0.175158708619906
0.175276584263147
0.175394578447804
0.175512692414828
0.175630927405379
0.175749284660792
0.175867765422536
0.175986370932171
0.176105102431312
0.176223961161588
0.176342948364596
0.176462065281869
0.176581313154824
0.176700693224729
0.176820206732657
0.176939854919442
0.177059639025637
0.177179560291475
0.177299619956818
0.177419819261119
0.177540159443374
0.177660641742078
0.177781267395184
0.177902037640049
0.178022953713397
0.178144016851265
0.178265228288963
0.178386589261023
0.178508101001151
0.178629764742182
0.178751581716029
0.178873553153637
0.17899568028493
0.179117964338766
0.179240406542884
0.179363008123854
0.179485770307028
0.179608694316485
0.179731781374984
0.179855032703908
0.179978449523216
0.180102033051385
0.180225784505358
0.180349705100493
0.180473796050507
0.180598058567419
0.180722493861499
0.180847103141211
0.180971887613152
0.181096848482006
0.181221986950476
0.181347304219235
0.181472801486861
0.181598479949787
0.181724340802233
0.181850385236155
0.181976614441181
0.182103029604551
0.182229631911058
0.182356422542985
0.182483402680045
0.18261057349932
0.182737936175196
0.182865491879303
0.182993241780447
0.183121187044553
0.183249328834595
0.183377668310533
0.183506206629252
0.183634944944487
0.183763884406768
0.183893026163344
0.184022371358123
0.184151921131602
0.184281676620795
0.184411638959173
0.184541809276589
0.18467218869921
0.184802778349449
0.184933579345894
0.185064592803237
0.185195819832203
0.185327261539479
0.185458919027643
0.185590793395091
0.185722885735962
0.18585519714007
0.185987728692826
0.186120481475166
0.186253456563476
0.186386655029518
0.186520077940354
0.18665372635827
0.186787601340703
0.186921703940159
0.187056035204144
0.187190596175079
0.187325387890226
0.187460411381614
0.187595667675952
0.187731157794558
0.187866882753277
0.188002843562401
0.188139041226591
0.188275476744796
0.188412151110173
0.188549065310006
0.188686220325625
0.188823617132325
0.188961256699283
0.189099139989479
0.189237267959612
0.189375641560016
0.189514261734579
0.189653129420661
0.189792245549007
0.189931611043667
0.190071226821911
0.190211093794143
0.190351212863821
0.190491584927366
0.190632210874085
0.19077309158608
0.190914227938164
0.191055620797779
0.191197271024905
0.191339179471979
0.191481346983806
0.191623774397477
0.191766462542278
0.191909412239604
0.192052624302879
0.192196099537462
0.192339838740563
0.192483842701157
0.192628112199899
0.19277264800903
0.192917450892301
0.193062521604875
0.193207860893248
0.193353469495158
0.1934993481395
0.193645497546237
0.193791918426314
0.193938611481573
0.194085577404663
0.194232816878954
0.194380330578452
0.19452811916771
0.194676183301742
0.194824523625939
0.194973140775977
0.195122035377739
0.195271208047221
0.195420659390449
0.195570390003395
0.195720400471892
0.195870691371542
0.19602126326764
0.196172116715082
0.196323252258285
0.1964746704311
0.19662637175673
0.196778356747642
0.196930625905489
0.197083179721025
0.19723601867402
0.19738914323318
0.197542553856064
0.197696250989002
0.197850235067015
0.198004506513734
0.198159065741318
0.198313913150374
0.198469049129882
0.19862447405711
0.198780188297539
0.198936192204785
0.199092486120519
0.199249070374393
0.199405945283965
0.199563111154617
0.199720568279487
0.199878316939389
0.200036357402745
0.200194689925506
0.200353314751082
0.200512232110272
0.200671442221189
0.200830945289192
0.200990741506819
0.201150831053711
0.201311214096552
0.201471890788995
0.2016328612716
0.201794125671766
0.201955684103667
0.20211753666819
0.202279683452866
0.202442124531816
0.202604859965682
0.202767889801572
0.202931214073
0.203094832799825
0.203258745988195
0.20342295363049
0.203587455705271
0.203752252177218
0.203917342997082
0.204082728101633
0.204248407413605
0.20441438084165
0.204580648280287
0.204747209609855
0.204914064696466
0.20508121339196
0.20524865553386
0.205416390945329
0.205584419435131
0.205752740797584
0.205921354812529
0.206090261245284
0.206259459846615
0.206428950352692
0.206598732485064
0.206768805950617
0.20693917044155
0.207109825635341
0.20728077119472
0.207452006767639
0.207623531987251
0.207795346471879
0.207967449824999
0.208139841635214
0.208312521476238
0.208485488906872
0.208658743470993
0.208832284697531
0.209006112100463
0.209180225178793
0.209354623416547
0.209529306282758
0.209704273231463
0.209879523701692
0.210055057117467
0.210230872887798
0.210406970406678
0.210583349053088
0.210760008190995
0.210936947169358
0.21111416532213
0.211291661968268
0.211469436411739
0.211647487941529
0.211825815831659
0.212004419341194
0.212183297714259
0.212362450180059
0.212541875952894
0.212721574232179
0.212901544202469
0.213081785033482
0.213262295880122
0.213443075882507
0.213624124166003
0.213805439841248
0.213987022004186
0.214168869736107
0.214350982103676
0.214533358158975
0.214715996939541
0.21489889746841
0.215082058754156
0.21526547979094
0.215449159558558
0.215633097022483
0.215817291133924
0.216001740829873
0.216186445033159
0.216371402652509
0.216556612582601
0.216742073704123
0.216927784883841
0.217113744974654
0.217299952815664
0.217486407232244
0.217673107036101
0.217860051025353
0.218047237984596
0.218234666684981
0.21842233588429
0.218610244327013
0.218798390744427
0.218986773854676
0.219175392362857
0.219364244961105
0.219553330328674
0.219742647132033
0.21993219402495
0.220121969648585
0.220311972631588
0.220502201590187
0.220692655128292
0.220883331837587
0.221074230297635
0.22126534907598
0.221456686728249
0.221648241798255
0.221840012818111
0.222031998308332
0.222224196777948
0.222416606724617
0.222609226634736
0.222802054983559
0.22299509023531
0.223188330843307
0.223381775250075
0.223575421887473
0.223769269176813
0.223963315528989
0.224157559344596
0.224351999014066
0.224546632917789
0.224741459426248
0.224936476900149
0.225131683690557
0.225327078139024
0.225522658577732
0.225718423329627
0.225914370708558
0.226110499019417
0.226306806558279
0.226503291612548
0.226699952461097
0.226896787374415
0.227093794614753
0.227290972436272
0.22748831908519
0.227685832799933
0.227883511811286
0.228081354342545
0.228279358609669
0.228477522821437
0.228675845179599
0.228874323879037
0.229072957107918
0.229271743047855
0.229470679874066
0.229669765755534
0.229868998855165
0.230068377329954
0.230267899331148
0.230467563004406
0.230667366489965
0.230867307922807
0.231067385432822
0.231267597144977
0.231467941179482
0.231668415651959
0.231869018673609
0.232069748351386
0.232270602788158
0.232471580082889
0.232672678330798
0.232873895623541
0.233075230049377
0.233276679693342
0.233478242637422
0.233679916960726
0.233881700739662
0.234083592048106
0.234285588957583
0.234487689537434
0.234689891855
0.23489219397579
0.235094593963657
0.235297089880979
0.23549967978883
0.235702361747156
0.235905133814953
0.236107994050443
0.236310940511247
0.236513971254566
0.236717084337354
0.236920277816493
0.237123549748972
0.237326898192063
0.237530321203493
0.237733816841624
0.237937383165626
0.238141018235652
0.238344720113016
0.238548486860365
0.238752316541852
0.238956207223317
0.239160156972453
0.239364163858984
0.239568225954836
0.239772341334313
0.239976508074264
0.240180724254261
0.240384987956764
0.240589297267295
0.240793650274611
0.240998045070866
0.241202479751787
0.24140695241684
0.241611461169397
0.241816004116904
0.242020579371045
0.242225185047913
0.242429819268169
0.242634480157208
0.242839165845325
0.243043874467874
0.24324860416543
0.243453353083952
0.243658119374941
0.243862901195599
0.244067696708986
0.244272504084181
0.244477321496434
0.244682147127321
0.244886979164902
0.245091815803869
0.2452966552457
0.245501495698812
0.245706335378707
0.245911172508121
0.246116005317176
0.246320832043519
0.246525650932474
0.246730460237178
0.246935258218733
0.24714004314634
0.247344813297442
0.247549566957861
0.247754302421939
0.247959017992672
0.248163711981841
0.248368382710156
0.248573028507375
0.248777647712445
0.248982238673627
0.249186799748624
0.24939132930471
0.24959582571885
0.249800287377831
0.250004712678377
0.250209100027273
0.250413447841487
0.250617754548283
0.250822018585337
0.251026238400857
0.251230412453692
0.251434539213444
0.251638617160579
0.251842644786535
0.252046620593828
0.252250543096161
0.252454410818522
0.252658222297291
0.252861976080339
0.253065670727126
0.253269304808798
0.253472876908286
0.253676385620396
0.253879829551902
0.25408320732164
0.254286517560593
0.254489758911982
0.254692930031348
0.254896029586638
0.25509905625829
0.255302008739308
0.255504885735345
0.25570768596478
0.255910408158793
0.256113051061439
0.256315613429719
0.256518094033654
0.256720491656351
0.256922805094071
0.257125033156294
0.257327174665784
0.25752922845865
0.257731193384407
0.257933068306036
0.258134852100035
0.258336543656485
0.258538141879094
0.258739645685252
0.258941054006085
0.259142365786497
0.259343579985221
0.259544695574867
0.259745711541958
0.259946626886977
0.260147440624408
0.260348151782771
0.260548759404661
0.260749262546786
0.260949660279993
0.261149951689308
0.261350135873962
0.261550211947422
0.261750179037415
0.261950036285958
0.262149782849376
0.262349417898331
0.262548940617839
0.262748350207288
0.262947645880459
0.263146826865538
0.263345892405135
0.263544841756294
0.263743674190505
0.263942388993712
0.264140985466326
0.264339462923228
0.264537820693774
0.264736058121803
0.264934174565632
0.265132169398066
0.265330042006391
0.265527791792372
0.265725418172255
0.265922920576755
0.266120298451056
0.266317551254798
0.266514678462072
0.266711679561407
0.26690855405576
0.267105301462501
0.267301921313401
0.267498413154612
0.267694776546654
0.267891011064396
0.268087116297032
0.268283091848066
0.268478937335285
0.268674652390739
0.268870236660712
0.269065689805701
0.269261011500385
0.269456201433596
0.269651259308295
0.269846184841534
0.270040977764428
0.270235637822123
0.270430164773759
0.270624558392434
0.270818818465174
0.271012944792884
0.271206937190323
0.271400795486054
0.271594519522406
0.271788109155435
0.271981564254879
0.272174884704115
0.272368070400111
0.272561121253387
0.272754037187962
0.27294681814131
0.27313946406431
0.273331974921196
0.273524350689507
0.273716591360039
0.273908696936788
0.274100667436898
0.27429250289061
0.274484203341205
0.27467576884495
0.274867199471038
0.275058495301536
0.275249656431325
0.27544068296804
0.275631575032012
0.275822332756208
0.276012956286171
0.276203445779955
0.276393801408069
0.276584023353406
0.276774111811187
0.276964066988892
0.277153889106198
0.277343578394912
0.277533135098904
0.277722559474044
0.277911851788131
0.278101012320827
0.278290041363588
0.278478939219595
0.278667706203687
0.278856342642286
0.279044848873333
0.279233225246211
0.279421472121677
0.27960958987179
0.279797578879837
0.279985439540263
0.280173172258595
0.280360777451368
0.280548255546055
0.280735606980989
0.280922832205289
0.281109931678786
0.281296905871946
0.281483755265793
0.281670480351839
0.281857081631998
0.282043559618518
0.282229914833898
0.282416147810813
0.282602259092037
0.282788249230362
0.282974118788524
0.283159868339121
0.283345498464536
0.283531009756858
0.283716402817801
0.283901678258627
0.284086836700067
0.284271878772238
0.284456805114566
0.284641616375703
0.284826313213451
0.285010896294679
0.28519536629524
0.285379723899896
0.285563969802232
0.285748104704578
0.285932129317929
0.286116044361859
0.286299850564445
0.286483548662183
0.286667139399906
0.286850623530707
0.287034001815851
0.287217275024698
0.28740044393462
0.287583509330921
0.287766472006751
0.287949332763031
0.288132092408363
0.288314751758956
0.288497311638541
0.288679772878288
0.288862136316727
0.289044402799663
0.289226573180099
0.28940864831815
0.289590629080964
0.28977251634264
0.289954310984144
0.290136013893232
0.290317625964365
0.290499148098629
0.290680581203654
0.290861926193534
0.291043183988741
0.29122435551605
0.291405441708454
0.291586443505085
0.291767361851133
0.291948197697765
0.292128952002044
0.292309625726849
0.292490219840797
0.292670735318156
0.292851173138774
0.293031534287992
0.293211819756566
0.293392030540591
0.293572167641414
0.293752232065562
0.293932224824659
0.294112146935345
0.294291999419202
0.294471783302671
0.294651499616976
0.294831149398041
0.295010733686419
0.295190253527205
0.295369709969967
0.295549104068659
0.29572843688155
0.295907709471143
0.296086922904101
0.296266078251163
0.296445176587076
0.296624218990509
0.296803206543984
0.296982140333794
0.297161021449931
0.297339850986004
0.297518630039169
0.297697359710052
0.297876041102668
0.298054675324354
0.298233263485686
0.298411806700409
0.29859030608536
0.298768762760395
0.298947177848312
0.299125552474778
0.299303887768256
0.299482184859928
0.299660444883627
0.299838668975756
0.300016858275221
0.300195013923354
0.300373137063843
0.300551228842658
0.300729290407977
0.300907322910116
0.301085327501455
0.301263305336369
0.301441257571154
0.301619185363955
0.301797089874696
0.30197497226501
0.302152833698164
0.302330675338996
0.302508498353835
0.302686303910437
0.302864093177915
0.303041867326667
0.303219627528305
0.30339737495559
0.303575110782359
0.30375283618346
0.303930552334678
0.304108260412669
0.304285961594895
0.304463657059549
0.304641347985494
0.304819035552188
0.304996720939624
0.305174405328258
0.305352089898943
0.305529775832863
0.305707464311463
0.305885156516389
0.306062853629415
0.306240556832381
0.306418267307126
0.306595986235423
0.306773714798911
0.306951454179035
0.307129205556976
0.307306970113589
0.307484749029337
0.307662543484229
0.307840354657754
0.308018183728817
0.308196031875677
0.308373900275881
0.308551790106204
0.308729702542584
0.30890763876006
0.30908559993271
0.309263587233585
0.309441601834655
0.309619644906737
0.309797717619442
0.30997582114111
0.310153956638748
0.31033212527797
0.310510328222938
0.3106885666363
0.310866841679129
0.311045154510865
0.311223506289255
0.311401898170293
0.311580331308159
0.311758806855164
0.311937325961688
0.312115889776124
0.312294499444819
0.312473156112013
0.312651860919786
0.312830615008
0.313009419514237
0.31318827557375
0.313367184319398
0.313546146881595
0.313725164388255
0.313904237964731
0.314083368733764
0.314262557815424
0.31444180632706
0.314621115383241
0.314800486095703
0.314979919573297
0.315159416921932
0.315338979244521
0.315518607640934
0.315698303207938
0.315878067039148
0.316057900224974
0.316237803852571
0.316417779005783
0.316597826765096
0.316777948207585
0.316958144406864
0.317138416433037
0.317318765352644
0.317499192228617
0.317679698120227
0.317860284083035
0.318040951168846
0.318221700425659
0.318402532897621
0.318583449624977
0.318764451644024
0.318945539987067
0.319126715682368
0.319307979754106
0.319489333222324
0.319670777102893
0.319852312407459
0.320033940143405
0.320215661313803
0.320397476917374
0.320579387948442
0.320761395396894
0.320943500248138
0.321125703483058
0.321308006077978
0.321490409004616
0.321672913230049
0.321855519716669
0.322038229422146
0.322221043299391
0.322403962296512
0.322586987356782
0.3227701194186
0.322953359415452
0.32313670827588
0.323320166923439
0.323503736276668
0.323687417249055
0.323871210748998
0.324055117679777
0.324239138939517
0.324423275421159
0.324607528012427
0.324791897595795
0.32497638504846
0.325160991242306
0.325345717043883
0.325530563314371
0.325715530909555
0.325900620679796
0.326085833470008
0.326271170119624
0.326456631462581
0.326642218327283
0.326827931536587
0.327013771907774
0.327199740252527
0.327385837376909
0.327572064081342
0.327758421160584
0.327944909403713
0.328131529594102
0.328318282509405
0.328505168921537
0.328692189596657
0.328879345295151
0.329066636771618
0.329254064774852
0.329441630047832
0.329629333327703
0.329817175345771
0.330005156827483
0.330193278492421
0.33038154105429
0.330569945220912
0.33075849169421
0.330947181170208
0.331136014339021
0.331324991884847
0.331514114485966
0.33170338281473
0.331892797537568
0.332082359314974
0.332272068801511
0.33246192664581
0.332651933490568
0.33284208997255
0.333032396722592
0.333222854365602
0.333413463520564
0.333604224800545
0.333795138812698
0.33398620615827
0.334177427432609
0.334368803225173
0.33456033411954
0.334752020693415
0.334943863518649
0.335135863161242
0.335328020181364
0.335520335133366
0.335712808565796
0.335905441021416
0.33609823303722
0.336291185144448
0.336484297868614
0.33667757172952
0.336871007241278
0.337064604912336
0.3372583652455
0.337452288737958
0.337646375881306
0.337840627161579
0.338035043059272
0.338229624049373
0.338424370601396
0.338619283179406
0.338814362242055
0.339009608242618
0.33920502162902
0.33940060284388
0.339596352324542
0.339792270503115
0.339988357806513
0.340184614656493
0.340381041469696
0.340577638657694
0.340774406627027
0.34097134577925
0.341168456510982
0.34136573921395
0.341563194275033
0.341760822076321
0.341958622995155
0.342156597404185
0.34235474567142
0.342553068160283
0.342751565229664
0.342950237233976
0.343149084523215
0.343348107443015
0.343547306334708
0.343746681535387
0.343946233377965
0.344145962191238
0.34434586829995
0.344545952024856
0.344746213682795
0.344946653586745
0.345147272045905
0.345348069365755
0.345549045848131
0.345750201791295
0.34595153749001
0.346153053235615
0.346354749316094
0.346556626016161
0.346758683617331
0.346960922398002
0.347163342633531
0.347365944596323
0.347568728555901
0.347771694778999
0.347974843529642
0.348178175069232
0.348381689656632
0.348585387548257
0.34878926899816
0.348993334258123
0.349197583577745
0.349402017204537
0.349606635384013
0.349811438359781
0.350016426373644
0.350221599665689
0.350426958474389
0.350632503036696
0.350838233588146
0.351044150362951
0.351250253594106
0.351456543513489
0.351663020351963
0.35186968433948
0.352076535705183
0.352283574677518
0.352490801484335
0.352698216352996
0.352905819510486
0.35311361118352
0.353321591598654
0.353529760982395
0.353738119561315
0.353946667562162
0.354155405211973
0.354364332738191
0.354573450368779
0.354782758332334
0.354992256858209
0.355201946176626
0.355411826518794
0.355621898117035
0.355832161204897
0.356042616017276
0.356253262790541
0.356464101762653
0.356675133173289
0.356886357263967
0.357097774278167
0.357309384461459
0.357521188061627
0.357733185328798
0.357945376515564
0.358157761877115
0.358370341671363
0.358583116159072
0.358796085603989
0.359009250272972
0.359222610436121
0.359436166366907
0.359649918342308
0.359863866642937
0.360078011553174
0.360292353361303
0.360506892359642
0.360721628844676
0.360936563117195
0.361151695482424
0.361367026250161
0.361582555734914
0.361798284256031
0.362014212137842
0.362230339709789
0.36244666730657
0.362663195268272
0.362879923940505
0.363096853674548
0.363313984827478
0.363531317762313
0.363748852848149
0.363966590460298
0.364184530980425
0.364402674796691
0.364621022303888
0.364839573903579
0.365058330004236
0.365277291021382
0.365496457377726
0.365715829503307
0.36593540783563
0.366155192819805
0.366375184908688
0.36659538456302
0.366815792251566
0.367036408451252
0.367257233647309
0.367478268333407
0.367699513011797
0.367920968193448
0.368142634398187
0.368364512154835
0.36858660200135
0.368808904484961
0.369031420162306
0.369254149599572
0.369477093372631
0.369700252067177
0.369923626278862
0.370147216613437
0.37037102368688
0.370595048125543
0.370819290566274
0.371043751656567
0.371268432054683
0.371493332429794
0.371718453462114
0.371943795843029
0.372169360275236
0.372395147472871
0.372621158161644
0.372847393078968
0.373073852974092
0.373300538608231
0.373527450754694
0.373754590199016
0.373981957739087
0.374209554185276
0.374437380360562
0.374665437100662
0.374893725254152
0.375122245682596
0.375350999260673
0.375579986876294
0.375809209430733
0.376038667838743
0.376268363028682
0.376498295942633
0.376728467536523
0.376958878780241
0.377189530657762
0.377420424167258
0.377651560321217
0.377882940146561
0.378114564684759
0.37834643499194
0.378578552139006
0.378810917211746
0.379043531310947
0.3792763955525
0.379509511067513
0.379742879002419
0.379976500519079
0.380210376794892
0.380444509022897
0.380678898411878
0.380913546186464
0.381148453587234
0.381383621870815
0.381619052309981
0.381854746193749
0.382090704827479
0.382326929532967
0.382563421648539
0.382800182529144
0.383037213546446
0.383274516088913
0.383512091561906
0.383749941387767
0.383988067005904
0.384226469872878
0.384465151462481
0.384704113265824
0.384943356791413
0.385182883565229
0.385422695130806
0.385662793049306
0.385903178899595
0.386143854278311
0.386384820799943
0.386626080096892
0.386867633819546
0.38710948363634
0.387351631233827
0.387594078316737
0.387836826608038
0.388079877848999
0.388323233799243
0.388566896236807
0.388810866958194
0.389055147778427
0.389299740531098
0.38954464706842
0.389789869261266
0.390035408999226
0.390281268190637
0.390527448762636
0.390773952661189
0.391020781851136
0.391267938316219
0.391515424059121
0.391763241101495
0.39201139148399
0.392259877266282
0.392508700527094
0.392757863364222
0.393007367894556
0.393257216254091
0.39350741059795
0.393757953100395
0.394008845954836
0.394260091373841
0.394511691589143
0.394763648851641
0.395015965431405
0.395268643617674
0.395521685718848
0.395775094062487
0.396028870995301
0.396283018883137
0.396537540110965
0.396792437082863
0.397047712221997
0.397303367970597
0.397559406789934
0.397815831160292
0.398072643580936
0.39832984657008
0.398587442664849
0.398845434421241
0.399103824414084
0.399362615236989
0.399621809502305
0.399881409841063
0.400141418902924
0.400401839356121
0.400662673887395
0.400923925201934
0.401185596023301
0.401447689093367
0.401710207172235
0.401973153038157
0.402236529487461
0.402500339334458
0.402764585411357
0.403029270568174
0.40329439767263
0.403559969610058
0.403825989283294
0.404092459612573
0.404359383535416
0.404626764006515
0.404894603997613
0.405162906497384
0.405431674511298
0.4057009110615
0.405970619186666
0.406240801941866
0.406511462398421
0.406782603643752
0.407054228781228
0.40732634093001
0.407598943224888
0.407872038816112
0.408145630869228
0.408419722564892
0.4086943170987
0.408969417680995
0.409245027536681
0.409521149905026
0.409797788039464
0.410074945207388
0.41035262468994
0.410630829781798
0.410909563790952
0.411188830038484
0.411468631858328
0.411748972597044
0.412029855613568
0.412311284278969
0.412593261976196
0.412875792099815
0.413158878055751
0.413442523261015
0.413726731143426
0.414011505141334
0.414296848703327
0.414582765287944
0.414869258363368
0.415156331407125
0.415443987905771
0.415732231354571
0.416021065257179
0.416310493125304
0.41660051847837
0.416891144843177
0.417182375753548
0.417474214749971
0.417766665379237
0.418059731194067
0.418353415752733
0.418647722618681
0.41894265536013
0.41923821754968
0.419534412763902
0.41983124458293
0.420128716590037
0.420426832371209
0.420725595514712
0.421025009610647
0.421325078250504
0.421625805026703
0.42192719353213
0.422229247359666
0.422531970101705
0.422835365349669
0.423139436693512
0.423444187721217
0.423749622018283
0.424055743167212
0.424362554746974
0.424670060332482
0.424978263494038
0.425287167796793
0.425596776800181
0.425907094057353
0.426218123114604
0.426529867510785
0.426842330776717
0.427155516434583
0.427469427997327
0.427784068968031
0.428099442839293
0.428415553092592
0.428732403197643
0.429049996611751
0.429368336779149
0.429687427130328
0.430007271081364
0.430327872033231
0.430649233371107
0.430971358463675
0.431294250662407
0.431617913300851
0.431942349693895
0.43226756313704
0.432593556905647
0.432920334254189
0.433247898415485
0.433576252599931
0.433905399994723
0.434235343763066
0.43456608704338
0.434897632948495
0.43522998456484
0.435563144951619
0.435897117139986
0.436231904132202
0.436567508900794
0.436903934387701
0.437241183503409
0.437579259126083
0.437918164100693
0.438257901238121
0.438598473314273
0.438939883069181
0.439282133206085
0.439625226390527
0.439969165249421
0.440313952370129
0.440659590299514
0.441006081543005
0.44135342856364
0.441701633781109
0.442050699570789
0.442400628262771
0.442751422140887
0.443103083441719
0.443455614353614
0.443809017015686
0.444163293516817
0.444518445894644
0.444874476134554
0.445231386168658
0.445589177874777
0.445947853075408
0.446307413536695
0.446667860967393
0.447029197017825
0.447391423278841
0.447754541280766
0.448118552492356
0.448483458319733
0.448849260105339
0.449215959126866
0.449583556596201
0.449952053658358
0.450321451390411
0.450691750800431
0.451062952826411
0.451435058335203
0.451808068121439
0.452181982906471
0.452556803337291
0.452932529985467
0.453309163346071
0.453686703836612
0.454065151795967
0.454444507483322
0.4548247710771
0.455205942673912
0.455588022287489
0.455971009847638
0.456354905199185
0.456739708100933
0.45712541822462
0.457512035153883
0.457899558383226
0.458287987316997
0.458677321268372
0.459067559458337
0.459458701014688
0.459850744971035
0.460243690265812
0.460637535741297
0.46103228014264
0.461427922116908
0.461824460212125
0.46222189287634
0.462620218456693
0.463019435198499
0.463419541244341
0.46382053463318
0.464222413299475
0.464625175072313
0.465028817674563
0.465433338722035
0.465838735722662
0.46624500607569
0.466652147070895
0.467060155887802
0.46746902959494
0.467878765149096
0.468289359394607
0.468700809062652
0.469113110770577
0.469526261021237
0.469940256202358
0.470355092585918
0.470770766327557
0.471187273466002
0.471604609922518
0.472022771500389
0.472441753884407
0.472861552640409
0.473282163214816
0.473703580934218
0.474125801004967
0.474548818512817
0.474972628422571
0.475397225577775
0.475822604700427
0.476248760390724
0.476675687126832
0.477103379264694
0.477531831037864
0.477961036557368
0.478390989811611
0.478821684666303
0.479253114864424
0.479685274026218
0.480118155649233
0.480551753108376
0.480986059656025
0.481421068422156
0.48185677241452
0.482293164518853
0.482730237499116
0.483167983997783
0.483606396536158
0.484045467514734
0.484485189213589
0.484925553792822
0.485366553293028
0.485808179635811
0.486250424624338
0.486693279943932
0.487136737162708
0.487580787732246
0.488025422988311
0.488470634151605
0.488916412328568
0.489362748512222
0.489809633583048
0.490257058309913
0.490705013351037
0.491153489255003
0.491602476461808
0.492051965303958
0.492501946007603
0.492952408693723
0.493403343379343
0.493854739978808
0.494306588305083
0.494758878071113
0.495211598891213
0.495664740282506
0.496118291666407
0.496572242370141
0.497026581628314
0.497481298584514
0.497936382292971
0.49839182172024
0.498847605746942
0.499303723169535
0.499760162702135
0.500216912978372
0.500673962553287
0.501131299905278
0.501588913438071
0.502046791482744
0.502504922299784
0.502963294081187
0.503421894952585
0.503880712975431
0.504339736149198
0.504798952413636
0.50525834965105
0.505717915688623
0.506177638300766
0.506637505211514
0.507097504096942
0.507557622587626
0.508017848271131
0.508478168694528
0.508938571366951
0.509399043762173
0.509859573321223
0.51032014745502
0.510780753547048
0.511241378956044
0.511702011018722
0.512162637052521
0.512623244358372
0.513083820223499
0.513544351924224
0.51400482672882
0.514465231900356
0.514925554699586
0.51538578238784
0.515845902229942
0.516305901497139
0.516765767470048
0.51722548744162
0.51768504872011
0.518144438632067
0.51860364452533
0.519062653772039
0.519521453771646
0.519980031953946
0.520438375782103
0.520896472755693
0.521354310413737
0.521811876337753
0.522269158154797
0.522726143540513
0.523182820222177
0.523639175981745
0.524095198658898
0.524550876154073
0.525006196431504
0.525461147522245
0.525915717527195
0.526369894620102
0.526823667050574
0.527277023147063
0.527729951319846
0.528182440063992
0.52863447796231
0.529086053688289
0.529537156009014
0.529987773788069
0.530437895988417
0.530887511675266
0.531336610018908
0.531785180297541
0.532233211900062
0.532680694328838
0.53312761720246
0.533573970258454
0.534019743355982
0.5344649264785
0.534909509736402
0.535353483369615
0.535796837750186
0.536239563384812
0.536681650917361
0.53712309113134
0.53756387495234
0.538003993450446
0.538443437842598
0.538882199494935
0.539320269925083
0.539757640804418
0.540194303960282
0.540630251378165
0.54106547520384
0.541499967745465
0.54193372147564
0.542366729033422
0.542798983226296
0.543230477032108
0.543661203600951
0.544091156257008
0.544520328500353
0.544948714008705
0.545376306639138
0.545803100429749
0.546229089601277
0.546654268558677
0.547078631892652
0.547502174381138
0.547924890990737
0.548346776878117
0.548767827391352
0.549188038071228
0.549607404652493
0.550025923065072
0.550443589435226
0.550860400086671
0.551276351541651
0.551691440521968
0.552105663949959
0.552519018949439
0.552931502846591
0.553343113170817
0.553753847655545
0.554163704238987
0.554572681064862
0.554980776483071
0.555387989050337
0.555794317530788
0.556199760896523
0.556604318328112
0.557007989215077
0.557410773156324
0.557812669960533
0.558213679646523
0.558613802443566
0.559013038791676
0.559411389341854
0.559808854956303
0.560205436708608
0.560601135883884
0.560995953978889
0.561389892702109
0.561782953973808
0.562175139926056
0.562566452902721
0.562956895459438
0.563346470363547
0.563735180594014
0.564123029341317
0.564510020007315
0.564896156205096
0.565281441758796
0.565665880703408
0.56604947728456
0.566432235958292
0.566814161390793
0.567195258458148
0.567575532246048
0.567954988049503
0.568333631372531
0.568711467927848
0.569088503636536
0.56946474462771
0.569840197238179
0.570214868012095
0.570588763700599
0.570961891261468
0.571334257858756
0.571705870862431
0.572076737848018
0.572446866596244
0.572816265092675
0.573184941527372
0.57355290429454
0.573920161992193
0.574286723421817
0.574652597588051
0.575017793698373
0.575382321162801
0.575746189593601
0.576109408805017
0.576471988813009
0.576833939835014
0.577195272289719
0.577555996796856
0.57791612417702
0.5782756654515
0.578634631842141
0.57899303477123
0.579350885861397
0.579708196935557
0.580064980016863
0.580421247328707
0.58077701129473
0.58113228453888
0.581487079885492
0.581841410359407
0.582195289186118
0.582548729791961
0.582901745804334
0.583254351051961
0.583606559565184
0.583958385576312
0.584309843519988
0.584660948033619
0.585011713957834
0.585362156336994
0.585712290419743
0.586062131659605
0.586411695715628
0.586760998453073
0.587110055944157
0.58745888446884
0.587807500515663
0.588155920782637
0.588504162178185
0.588852241822135
0.589200177046764
0.589547985397902
0.589895684636084
0.590243292737759
0.590590827896559
0.590938308524619
0.591285753253954
0.5916331809379
0.591980610652606
0.59232806169859
0.592675553602346
0.593023106118023
0.593370739229151
0.593718473150439
0.594066328329622
0.594414325449376
0.594762485429296
0.595110829427928
0.595459378844867
0.595808155322916
0.596157180750308
0.596506477262985
0.596856067246943
0.597205973340637
0.597556218437445
0.597906825688197
0.598257818503764
0.598609220557703
0.598961055788968
0.599313348404677
0.599666122882939
0.600019403975739
0.600373216711885
0.600727586400001
0.601082538631591
0.601438099284146
0.601794294524313
0.60215115081111
0.602508694899204
0.602866953842225
0.603225954996143
0.603585726022682
0.603946294892792
0.604307689890149
0.604669939614715
0.605033072986329
0.605397119248333
0.605762107971248
0.606128069056468
0.606495032739996
0.606863029596207
0.607232090541635
0.607602246838779
0.607973530099942
0.608345972291069
0.608719605735616
0.609094463118411
0.609470577489535
0.609847982268196
0.610226711246604
0.610606798593834
0.610988278859686
0.611371186978519
0.611755558273064
0.61214142845822
0.612528833644801
0.612917810343256
0.613308395467341
0.613700626337733
0.6140945406856
0.614490176656088
0.614887572811748
0.615286768135879
0.615687802035785
0.616090714345928
0.616495545330988
0.616902335688796
0.617311126553158
0.617721959496529
0.618134876532564
0.6185499201185
0.618967133157379
0.619386559000101
0.61980824144728
0.620232224750913
0.620658553615829
0.621087273200917
0.621518429120119
0.62195206744317
0.622388234696072
0.62282697786129
0.623268344377655
0.623712382139954
0.624159139498194
0.624608665256525
0.625061008671802
0.625516219451771
0.62597434775286
0.626435444177551
0.626899559771333
0.627366746019185
0.627837054841607
0.628310538590138
0.62878725004238
0.629267242396475
0.629750569265031
0.630237284668468
0.630727443027765
0.631221099156577
0.631718308252707
0.63221912588891
0.63272360800299
0.633231810887187
0.633743791176802
0.634259605838068
0.634779312155203
0.635302967716654
0.635830630400476
0.636362358358845
0.636898210001655
0.63743824397919
0.63798251916383
0.638531094630773
0.639084029637744
0.639641383603655
0.640203216086206
0.640769586758372
0.641340555383787
0.641916181790958
0.642496525846312
0.643081647426037
0.643671606386692
0.644266462534561
0.644866275593727
0.64547110517285
0.646081010730604
0.646696051539779
0.647316286650002
0.647941774849073
0.648572574622891
0.649208744113945
0.649850341078374
0.650497422841558
0.651150046252237
0.651808267635154
0.6524721427422
0.653141726702057
0.653817073968346
0.65449823826625
0.655185272537647
0.655878228884723
0.656577158512091
0.657282111667417
0.657993137580559
0.658710284401246
0.659433599135304
0.66016312757945
0.660898914254689
0.661641002338338
0.662389433594699
0.663144248304443
0.663905485192718
0.664673181356057
0.665447372188101
0.666228091304235
0.667015370465159
0.667809239499487
0.668609726225425
0.669416856371622
0.67023065349727
0.671051138911519
0.671878331592348
0.672712248104937
0.673552902519682
0.67440030632995
0.675254468369685
0.676115394731002
0.676983088681885
0.677857550584124
0.67873877781164
0.679626764669339
0.680521502312636
0.68142297866783
0.68233117835347
0.683246082602901
0.684167669188138
0.685095912345281
0.686030782701618
0.686972247204643
0.687920269053142
0.688874807630583
0.689835818440981
0.690803253047456
0.691777059013695
0.692757179848513
0.693743554953746
0.694736119575667
0.695734804760166
0.696739537311878
0.697750239757511
0.698766830313557
0.69978922285862
0.700817326910569
0.701851047608724
0.70289028570128
0.703934937538175
0.704984895069606
0.70604004585037
0.707100273050241
0.708165455470532
0.709235467567048
0.710310179479563
0.711389457067999
0.71247316195544
0.713561151578106
0.71465327924244
0.715749394189367
0.716849341665875
0.717952963003954
0.719060095706992
0.720170573543658
0.721284226649321
0.722400881635008
0.723520361703923
0.724642486775484
0.725767073616864
0.726893935981966
0.728022884757766
0.729153728117927
0.73028627168356
0.731420318691026
0.73255567016658
0.733692125107733
0.734829480671083
0.735967532366446
0.737106074257018
0.738244899165336
0.739383798884742
0.740522564396066
0.741660986089229
0.742798853989403
0.743935957987419
0.745072088074027
0.746207034577664
0.747340588405297
0.748472541285987
0.749602686016704
0.750730816710015
0.751856729043176
0.752980220508204
0.754101090662471
0.75521914137938
0.75633417709865
0.757446005075771
0.75855443563017
0.759659282391631
0.760760362544531
0.761857497069446
0.762950510981707
0.764039233566465
0.765123498609888
0.76620314462607
0.767278015079295
0.768347958601296
0.769412829203155
0.770472486481574
0.771526795819174
0.772575628578611
0.773618862290236
0.774656380833124
0.775688074609289
0.776713840710939
0.777733583080694
0.778747212664671
0.779754647558441
0.780755813145829
0.781750642230668
0.782739075161543
0.783721059949718
0.784696552380388
0.785665516117528
0.786627922802582
0.787583752147357
0.788532992021465
0.789475638534774
0.790411696115331
0.791341177583302
0.792264104221528
0.793180505843319
0.794090420858237
0.794993896336592
0.795890988073519
0.7967817606535
0.797666287516321
0.798544651025479
0.799416942540154
0.800283262491934
0.801143720467555
0.801998435299007
0.802847535162462
0.803691157687565
0.804529450078736
0.805362569250256
0.806190681977026
0.807013965063022
0.807832605529623
0.808646800826138
0.809456759065053
0.810262699284688
0.811064851742194
0.811863458240029
0.812658772489344
0.813451060513968
0.81424060109903
0.815027686288604
0.815812621937159
0.816595728320055
0.817377340808818
0.818157810617487
0.818937505626967
0.819716811295002
0.820496131660207
0.821275890449457
0.822056532298958
0.822838524100452
0.823622356485273
0.824408545460448
0.825197634212609
0.825990195097433
0.826786831834306
0.827588181928407
0.828394919345029
0.829207757464112
0.830027452346426
0.830854806346904
0.831690672115208
0.832535957028848
0.833391628110262
0.83425871748613
0.835138328455218
0.836031642240198
0.836939925509495
0.837864538767464
0.838806945725361
0.839768723782025
0.840751575762309
0.841757343083496
0.842788020545903
0.843845772974183
0.844932953971228
0.846052127088296
0.847206089763742
0.848397900440405
0.849630909339602
0.850908793450025
0.852235596385102
0.853615773875467
0.855054245797883
0.856556455802608
0.858128439793482
0.859776904745302
0.861509319620155
0.863334020477884
0.865260332279058
0.867298710366762
0.869460905206314
0.871760154683516
0.874211409143026
0.876831595426958
0.879639927498079
0.88265827286259
0.885911586021371
0.889428422673614
0.893241551496828
0.897388684192353
0.901913349318672
0.906865941499887
0.912304985232036
0.918298662155861
0.924926662893085
0.932282440101077
0.940475959266925
0.949637069223823
0.959919647131271
0.971506714969359
0.984616779459612
0.99951171875
