0.001953125
0.00196018160572677
0.00196723718716934
0.00197429176849115
0.00198134537381669
0.00198839802723179
0.00199544975278391
0.00200250057448237
0.00200955051629868
0.00201659960216678
0.00202364785598332
0.00203069530160791
0.00203774196286343
0.00204478786353624
0.00205183302737652
0.00205887747809845
0.00206592123938057
0.00207296433486595
0.00208000678816252
0.0020870486228433
0.00209408986244666
0.0021011305304766
0.00210817065040299
0.00211521024566181
0.00212224933965544
0.00212928795575293
0.00213632611729019
0.00214336384757028
0.00215040116986368
0.0021574381074085
0.00216447468341076
0.00217151092104464
0.0021785468434527
0.00218558247374615
0.0021926178350051
0.00219965295027879
0.00220668784258581
0.00221372253491443
0.00222075705022272
0.0022277914114389
0.00223482564146153
0.00224185976315972
0.00224889379937344
0.00225592777291371
0.00226296170656283
0.00226999562307465
0.00227702954517477
0.0022840634955608
0.00229109749690257
0.00229813157184239
0.00230516574299526
0.00231220003294908
0.00231923446426495
0.00232626905947731
0.00233330384109422
0.0023403388315976
0.00234737405344338
0.00235440952906184
0.00236144528085771
0.0023684813312105
0.00237551770247463
0.00238255441697975
0.00238959149703087
0.00239662896490861
0.00240366684286945
0.00241070515314591
0.0024177439179468
0.00242478315945739
0.00243182289983967
0.00243886316123253
0.00244590396575203
0.00245294533549153
0.00245998729252198
0.00246702985889208
0.00247407305662852
0.00248111690773618
0.00248816143419834
0.00249520665797689
0.00250225260101251
0.00250929928522496
0.00251634673251317
0.00252339496475554
0.00253044400381009
0.00253749387151471
0.00254454458968732
0.00255159618012609
0.00255864866460965
0.00256570206489726
0.00257275640272907
0.00257981169982626
0.00258686797789127
0.00259392525860798
0.00260098356364195
0.00260804291464054
0.00261510333323319
0.00262216484103155
0.00262922745962973
0.00263629121060444
0.00264335611551524
0.00265042219590467
0.00265748947329849
0.00266455796920587
0.00267162770511954
0.00267869870251604
0.00268577098285584
0.00269284456758361
0.00269991947812832
0.00270699573590351
0.00271407336230742
0.00272115237872319
0.00272823280651907
0.00273531466704858
0.00274239798165069
0.00274948277165002
0.00275656905835703
0.00276365686306817
0.00277074620706611
0.00277783711161987
0.00278492959798502
0.0027920236874039
0.00279911940110574
0.00280621676030685
0.00281331578621084
0.00282041650000876
0.00282751892287929
0.00283462307598891
0.00284172898049207
0.0028488366575314
0.00285594612823783
0.00286305741373083
0.00287017053511853
0.00287728551349789
0.00288440236995495
0.00289152112556489
0.0028986418013923
0.00290576441849128
0.00291288899790566
0.00292001556066915
0.00292714412780551
0.00293427472032869
0.00294140735924306
0.00294854206554354
0.00295567886021577
0.00296281776423627
0.00296995879857261
0.00297710198418362
0.00298424734201947
0.0029913948930219
0.00299854465812438
0.00300569665825223
0.00301285091432284
0.00302000744724579
0.00302716627792303
0.00303432742724903
0.00304149091611098
0.00304865676538889
0.00305582499595579
0.00306299562867789
0.00307016868441473
0.00307734418401933
0.00308452214833836
0.00309170259821231
0.00309888555447561
0.00310607103795683
0.00311325906947881
0.00312044966985882
0.00312764285990873
0.00313483866043513
0.00314203709223954
0.0031492381761185
0.00315644193286379
0.00316364838326251
0.00317085754809732
0.0031780694481465
0.00318528410418417
0.00319250153698043
0.00319972176730147
0.00320694481590978
0.00321417070356425
0.00322139945102035
0.00322863107903026
0.00323586560834305
0.00324310305970479
0.00325034345385873
0.00325758681154541
0.00326483315350286
0.00327208250046671
0.00327933487317033
0.003286590292345
0.00329384877872005
0.00330111035302301
0.00330837503597973
0.00331564284831455
0.00332291381075042
0.0033301879440091
0.00333746526881123
0.0033447458058765
0.00335202957592382
0.00335931659967143
0.00336660689783706
0.00337390049113806
0.00338119740029154
0.00338849764601452
0.00339580124902406
0.00340310823003744
0.00341041860977221
0.00341773240894642
0.00342504964827872
0.00343237034848851
0.00343969453029606
0.00344702221442265
0.00345435342159072
0.00346168817252403
0.00346902648794774
0.00347636838858858
0.00348371389517499
0.00349106302843725
0.0034984158091076
0.00350577225792041
0.00351313239561226
0.00352049624292215
0.00352786382059156
0.00353523514936462
0.00354261024998825
0.00354998914321227
0.00355737184978955
0.00356475839047613
0.00357214878603136
0.00357954305721805
0.00358694122480255
0.00359434330955493
0.00360174933224909
0.0036091593136629
0.00361657327457831
0.00362399123578151
0.00363141321806303
0.00363883924221789
0.00364626932904571
0.00365370349935087
0.00366114177394261
0.00366858417363514
0.00367603071924784
0.0036834814316053
0.00369093633153752
0.00369839543987998
0.0037058587774738
0.00371332636516586
0.00372079822380892
0.00372827437426175
0.00373575483738926
0.00374323963406261
0.00375072878515934
0.00375822231156352
0.00376572023416583
0.00377322257386371
0.00378072935156148
0.00378824058817049
0.00379575630460918
0.00380327652180325
0.00381080126068577
0.00381833054219732
0.00382586438728608
0.00383340281690797
0.00384094585202676
0.00384849351361423
0.00385604582265022
0.00386360280012283
0.00387116446702847
0.00387873084437202
0.00388630195316697
0.00389387781443547
0.00390145844920852
0.00390904387852604
0.00391663412343701
0.00392422920499962
0.0039318291442813
0.00393943396235894
0.00394704368031894
0.00395465831925735
0.00396227790027999
0.00396990244450256
0.00397753197305076
0.00398516650706041
0.00399280606767757
0.00400045067605862
0.00400810035337044
0.00401575512079046
0.00402341499950683
0.00403108001071851
0.00403875017563536
0.0040464255154783
0.00405410605147942
0.00406179180488204
0.00406948279694089
0.0040771790489222
0.00408488058210379
0.00409258741777523
0.0041002995772379
0.00410801708180515
0.00411573995280238
0.00412346821156718
0.0041312018794494
0.00413894097781131
0.0041466855280277
0.00415443555148594
0.00416219106958619
0.00416995210374141
0.00417771867537755
0.00418549080593358
0.0041932685168617
0.00420105182962735
0.00420884076570941
0.00421663534660024
0.00422443559380581
0.00423224152884584
0.00424005317325387
0.00424787054857739
0.00425569367637793
0.00426352257823121
0.00427135727572719
0.00427919779047023
0.00428704414407914
0.00429489635818739
0.00430275445444308
0.00431061845450917
0.00431848838006352
0.00432636425279899
0.00433424609442361
0.00434213392666062
0.00435002777124862
0.00435792764994163
0.00436583358450927
0.0043737455967368
0.00438166370842522
0.00438958794139145
0.00439751831746835
0.00440545485850489
0.00441339758636622
0.00442134652293377
0.00442930169010537
0.00443726310979538
0.00444523080393472
0.00445320479447107
0.00446118510336888
0.00446917175260955
0.00447716476419147
0.00448516416013018
0.00449316996245844
0.00450118219322634
0.0045092008745014
0.00451722602836867
0.00452525767693086
0.0045332958423084
0.00454134054663956
0.00454939181208058
0.00455744966080572
0.0045655141150074
0.00457358519689628
0.00458166292870139
0.00458974733267019
0.0045978384310687
0.00460593624618159
0.00461404080031229
0.00462215211578309
0.00463027021493522
0.00463839512012897
0.00464652685374378
0.00465466543817835
0.00466281089585074
0.00467096324919844
0.00467912252067852
0.00468728873276768
0.00469546190796239
0.00470364206877894
0.0047118292377536
0.00472002343744266
0.00472822469042258
0.00473643301929004
0.00474464844666207
0.00475287099517613
0.00476110068749023
0.00476933754628301
0.00477758159425384
0.0047858328541229
0.00479409134863134
0.00480235710054128
0.00481063013263598
0.00481891046771994
0.00482719812861893
0.00483549313818016
0.00484379551927234
0.00485210529478575
0.00486042248763241
0.00486874712074611
0.00487707921708252
0.00488541879961932
0.00489376589135623
0.00490212051531518
0.00491048269454035
0.00491885245209829
0.004927229811078
0.00493561479459104
0.00494400742577161
0.00495240772777667
0.00496081572378599
0.00496923143700228
0.00497765489065127
0.00498608610798183
0.00499452511226601
0.00500297192679917
0.00501142657490008
0.005019889079911
0.00502835946519776
0.00503683775414987
0.00504532397018061
0.00505381813672713
0.00506232027725053
0.00507083041523596
0.00507934857419268
0.00508787477765422
0.00509640904917842
0.00510495141234752
0.00511350189076828
0.00512206050807205
0.00513062728791487
0.00513920225397758
0.00514778542996586
0.00515637683961037
0.00516497650666681
0.00517358445491604
0.00518220070816415
0.00519082529024255
0.00519945822500805
0.00520809953634301
0.00521674924815533
0.00522540738437865
0.00523407396897233
0.00524274902592163
0.00525143257923776
0.00526012465295798
0.00526882527114565
0.00527753445789038
0.0052862522373081
0.0052949786335411
0.00530371367075821
0.00531245737315479
0.0053212097649529
0.00532997087040134
0.00533874071377574
0.00534751931937868
0.00535630671153976
0.00536510291461567
0.0053739079529903
0.00538272185107483
0.00539154463330781
0.00540037632415523
0.00540921694811063
0.0054180665296952
0.00542692509345782
0.00543579266397519
0.00544466926585191
0.00545355492372053
0.00546244966224169
0.00547135350610418
0.00548026648002501
0.00548918860874953
0.00549811991705149
0.00550706042973314
0.00551601017162531
0.0055249691675875
0.00553393744250796
0.00554291502130376
0.00555190192892093
0.00556089819033448
0.00556990383054853
0.00557891887459634
0.0055879433475405
0.00559697727447288
0.00560602068051481
0.00561507359081716
0.00562413603056037
0.00563320802495456
0.00564228959923964
0.00565138077868537
0.00566048158859143
0.00566959205428755
0.00567871220113352
0.00568784205451937
0.00569698163986536
0.00570613098262212
0.00571529010827071
0.00572445904232272
0.00573363781032035
0.00574282643783645
0.00575202495047469
0.00576123337386954
0.00577045173368643
0.00577968005562181
0.00578891836540321
0.00579816668878936
0.00580742505157023
0.00581669347956715
0.00582597199863286
0.00583526063465162
0.00584455941353928
0.00585386836124334
0.00586318750374306
0.00587251686704955
0.0058818564772058
0.00589120636028682
0.00590056654239967
0.00590993704968359
0.00591931790831004
0.0059287091444828
0.00593811078443804
0.0059475228544444
0.0059569453808031
0.00596637838984797
0.00597582190794557
0.00598527596149526
0.00599474057692924
0.00600421578071271
0.00601370159934388
0.00602319805935406
0.00603270518730778
0.00604222300980283
0.00605175155347032
0.00606129084497484
0.00607084091101444
0.00608040177832077
0.00608997347365917
0.00609955602382868
0.00610914945566217
0.00611875379602643
0.0061283690718222
0.00613799530998429
0.00614763253748162
0.00615728078131734
0.00616694006852887
0.006176610426188
0.00618629188140095
0.00619598446130848
0.00620568819308591
0.00621540310394326
0.00622512922112527
0.00623486657191154
0.00624461518361652
0.00625437508358969
0.00626414629921553
0.0062739288579137
0.00628372278713901
0.0062935281143816
0.00630334486716693
0.00631317307305591
0.00632301275964495
0.00633286395456604
0.00634272668548682
0.00635260098011069
0.00636248686617682
0.00637238437146029
0.00638229352377212
0.00639221435095937
0.0064021468809052
0.00641209114152895
0.00642204716078622
0.00643201496666892
0.00644199458720539
0.00645198605046042
0.00646198938453536
0.00647200461756819
0.00648203177773357
0.00649207089324293
0.00650212199234457
0.00651218510332367
0.00652226025450243
0.00653234747424007
0.00654244679093299
0.00655255823301478
0.00656268182895629
0.00657281760726574
0.00658296559648878
0.00659312582520854
0.00660329832204572
0.00661348311565867
0.00662368023474343
0.00663388970803385
0.00664411156430161
0.00665434583235633
0.00666459254104561
0.00667485171925514
0.00668512339590873
0.0066954075999684
0.00670570436043446
0.00671601370634555
0.00672633566677876
0.00673667027084964
0.00674701754771233
0.00675737752655956
0.0067677502366228
0.00677813570717227
0.00678853396751704
0.00679894504700508
0.00680936897502333
0.0068198057809978
0.00683025549439359
0.00684071814471502
0.00685119376150562
0.00686168237434827
0.00687218401286525
0.00688269870671828
0.0068932264856086
0.00690376737927707
0.0069143214175042
0.00692488863011023
0.00693546904695521
0.00694606269793904
0.00695666961300156
0.00696728982212262
0.00697792335532214
0.00698857024266014
0.00699923051423689
0.0070099042001929
0.00702059133070901
0.0070312919360065
0.00704200604634707
0.00705273369203298
0.00706347490340708
0.0070742297108529
0.00708499814479469
0.0070957802356975
0.00710657601406722
0.00711738551045072
0.00712820875543581
0.00713904577965138
0.00714989661376745
0.00716076128849522
0.00717163983458712
0.00718253228283694
0.00719343866407981
0.00720435900919232
0.00721529334909258
0.00722624171474025
0.00723720413713664
0.00724818064732476
0.00725917127638936
0.00727017605545706
0.00728119501569633
0.00729222818831761
0.00730327560457333
0.00731433729575804
0.00732541329320839
0.00733650362830325
0.00734760833246376
0.00735872743715337
0.00736986097387792
0.0073810089741857
0.00739217146966754
0.00740334849195678
0.00741454007272947
0.00742574624370428
0.0074369670366427
0.00744820248334898
0.00745945261567029
0.00747071746549673
0.00748199706476136
0.00749329144544035
0.00750460063955295
0.0075159246791616
0.00752726359637199
0.00753861742333309
0.00754998619223722
0.00756136993532013
0.00757276868486104
0.0075841824731827
0.00759561133265145
0.00760705529567728
0.0076185143947139
0.00762998866225877
0.00764147813085318
0.0076529828330823
0.00766450280157525
0.00767603806900513
0.00768758866808911
0.00769915463158848
0.00771073599230866
0.00772233278309933
0.00773394503685445
0.00774557278651231
0.00775721606505558
0.00776887490551142
0.00778054934095147
0.00779223940449192
0.00780394512929362
0.00781566654856206
0.00782740369554747
0.00783915660354486
0.00785092530589409
0.00786270983597991
0.007874510227232
0.00788632651312508
0.0078981587271789
0.00791000690295832
0.00792187107407338
0.00793375127417933
0.00794564753697669
0.00795755989621133
0.00796948838567445
0.00798143303920273
0.00799339389067831
0.00800537097402887
0.00801736432322769
0.00802937397229368
0.00804139995529144
0.00805344230633133
0.00806550105956951
0.00807757624920797
0.00808966790949461
0.00810177607472328
0.00811390077923384
0.0081260420574122
0.00813819994369036
0.00815037447254649
0.00816256567850495
0.00817477359613638
0.00818699826005769
0.00819923970493217
0.00821149796546949
0.00822377307642579
0.00823606507260372
0.00824837398885244
0.00826069986006775
0.00827304272119208
0.00828540260721455
0.00829777955317103
0.00831017359414418
0.00832258476526351
0.00833501310170538
0.00834745863869313
0.00835992141149705
0.00837240145543446
0.00838489880586977
0.00839741349821448
0.0084099455679273
0.00842249505051411
0.00843506198152807
0.00844764639656965
0.00846024833128664
0.00847286782137426
0.00848550490257514
0.00849815961067941
0.00851083198152473
0.00852352205099633
0.00853622985502705
0.0085489554295974
0.00856169881073559
0.00857446003451758
0.00858723913706713
0.00860003615455581
0.00861285112320309
0.00862568407927636
0.00863853505909097
0.00865140409901027
0.00866429123544565
0.0086771965048566
0.00869011994375074
0.00870306158868386
0.00871602147625996
0.0087289996431313
0.00874199612599843
0.00875501096161023
0.00876804418676396
0.0087810958383053
0.00879416595312838
0.00880725456817582
0.00882036172043877
0.00883348744695697
0.00884663178481877
0.00885979477116114
0.00887297644316978
0.00888617683807909
0.00889939599317225
0.00891263394578122
0.00892589073328684
0.00893916639311878
0.00895246096275566
0.00896577447972503
0.00897910698160344
0.00899245850601647
0.00900582909063874
0.00901921877319399
0.00903262759145505
0.00904605558324398
0.00905950278643199
0.00907296923893954
0.00908645497873637
0.00909996004384154
0.00911348447232341
0.00912702830229974
0.00914059157193771
0.00915417431945391
0.00916777658311443
0.00918139840123485
0.00919503981218031
0.00920870085436551
0.00922238156625474
0.00923608198636196
0.00924980215325077
0.0092635421055345
0.00927730188187616
0.00929108152098858
0.00930488106163434
0.00931870054262587
0.00933254000282545
0.00934639948114522
0.00936027901654725
0.00937417864804357
0.00938809841469614
0.00940203835561695
0.00941599850996803
0.00942997891696143
0.00944397961585931
0.00945800064597393
0.00947204204666772
0.00948610385735323
0.00950018611749326
0.00951428886660078
0.00952841214423905
0.00954255599002159
0.00955672044361219
0.00957090554472503
0.00958511133312458
0.00959933784862574
0.00961358513109375
0.00962785322044434
0.00964214215664365
0.00965645197970832
0.00967078272970547
0.00968513444675274
0.00969950717101833
0.00971390094272101
0.00972831580213013
0.00974275178956566
0.0097572089453982
0.009771687310049
0.00978618692399002
0.00980070782774389
0.00981525006188398
0.00982981366703439
0.00984439868386998
0.00985900515311641
0.00987363311555012
0.0098882826119984
0.00990295368333935
0.00991764637050196
0.00993236071446608
0.00994709675626247
0.00996185453697278
0.00997663409772964
0.00999143547971658
0.0100062587241681
0.0100211038723698
0.0100359709656581
0.0100508600454205
0.0100657711530957
0.0100807043301732
0.0100956596181937
0.0101106370587489
0.0101256366934818
0.0101406585640862
0.0101557027123073
0.0101707691799413
0.0101858580088356
0.0102009692408886
0.0102161029180502
0.0102312590823213
0.0102464377757539
0.0102616390404514
0.0102768629185683
0.0102921094523105
0.010307378683935
0.01032267065575
0.0103379854101153
0.0103533229894415
0.010368683436191
0.0103840667928771
0.0103994731020646
0.0104149024063696
0.0104303547484594
0.0104458301710529
0.0104613287169202
0.0104768504288826
0.0104923953498129
0.0105079635226354
0.0105235549903256
0.0105391697959103
0.010554807982468
0.0105704695931282
0.0105861546710721
0.0106018632595322
0.0106175954017924
0.0106333511411879
0.0106491305211056
0.0106649335849835
0.0106807603763112
0.0106966109386297
0.0107124853155315
0.0107283835506603
0.0107443056877114
0.0107602517704316
0.010776221842619
0.0107922159481232
0.0108082341308452
0.0108242764347374
0.0108403429038039
0.0108564335820998
0.0108725485137319
0.0108886877428586
0.0109048513136893
0.0109210392704852
0.0109372516575588
0.0109534885192739
0.010969749900046
0.0109860358443419
0.0110023463966796
0.0110186816016289
0.0110350415038108
0.0110514261478975
0.0110678355786131
0.0110842698407327
0.0111007289790829
0.0111172130385417
0.0111337220640385
0.0111502561005541
0.0111668151931204
0.0111833993868211
0.0112000087267909
0.011216643258216
0.0112333030263338
0.0112499880764332
0.0112666984538543
0.0112834342039886
0.0113001953722787
0.0113169820042186
0.0113337941453537
0.0113506318412805
0.0113674951376468
0.0113843840801516
0.0114012987145452
0.0114182390866292
0.011435205242256
0.0114521972273297
0.0114692150878053
0.011486258869689
0.0115033286190381
0.0115204243819611
0.0115375462046177
0.0115546941332185
0.0115718682140253
0.0115890684933511
0.0116062950175596
0.0116235478330658
0.0116408269863357
0.0116581325238863
0.0116754644922855
0.0116928229381521
0.0117102079081562
0.0117276194490183
0.0117450576075103
0.0117625224304546
0.0117800139647246
0.0117975322572448
0.01181507735499
0.0118326493049863
0.0118502481543102
0.0118678739500893
0.0118855267395016
0.011903206569776
0.011920913488192
0.0119386475420799
0.0119564087788205
0.0119741972458451
0.011992012990636
0.0120098560607256
0.012027726503697
0.0120456243671839
0.0120635496988704
0.0120815025464911
0.0120994829578309
0.0121174909807253
0.0121355266630599
0.0121535900527709
0.0121716811978446
0.0121898001463177
0.0122079469462771
0.01222612164586
0.0122443242932537
0.0122625549366956
0.0122808136244734
0.0122991004049247
0.0123174153264373
0.012335758437449
0.0123541297864475
0.0123725294219705
0.0123909573926057
0.0124094137469905
0.0124278985338125
0.0124464118018087
0.0124649535997661
0.0124835239765214
0.0125021229809611
0.0125207506620212
0.0125394070686875
0.0125580922499952
0.0125768062550293
0.012595549132924
0.0126143209328633
0.0126331217040803
0.0126519514958579
0.0126708103575279
0.0126896983384718
0.0127086154881202
0.0127275618559528
0.0127465374914987
0.012765542444336
0.012784576764092
0.012803640500443
0.0128227337031143
0.0128418564218802
0.0128610087065639
0.0128801906070373
0.0128994021732215
0.0129186434550861
0.0129379145026494
0.0129572153659787
0.0129765460951895
0.0129959067404461
0.0130152973519616
0.013034717979997
0.0130541686748623
0.0130736494869156
0.0130931604665634
0.0131127016642605
0.0131322731305098
0.0131518749158626
0.0131715070709182
0.0131911696463241
0.0132108626927755
0.013230586261016
0.0132503404018369
0.0132701251660773
0.0132899406046241
0.0133097867684122
0.0133296637084239
0.0133495714756893
0.0133695101212859
0.013389479696339
0.0134094802520211
0.0134295118395522
0.0134495745101998
0.0134696683152784
0.0134897933061498
0.0135099495342232
0.0135301370509545
0.0135503559078471
0.013570606156451
0.0135908878483633
0.0136112010352278
0.0136315457687354
0.0136519221006233
0.0136723300826758
0.0136927697667234
0.0137132412046434
0.0137337444483595
0.0137542795498416
0.0137748465611064
0.0137954455342163
0.0138160765212803
0.0138367395744533
0.0138574347459365
0.0138781620879768
0.0138989216528672
0.0139197134929465
0.0139405376605994
0.0139613942082561
0.0139822831883925
0.0140032046535302
0.0140241586562361
0.0140451452491227
0.0140661644848477
0.0140872164161141
0.0141083010956702
0.0141294185763093
0.0141505689108697
0.0141717521522349
0.0141929683533331
0.0142142175671373
0.0142354998466653
0.0142568152449796
0.0142781638151873
0.0142995456104398
0.0143209606839332
0.0143424090889077
0.0143638908786479
0.0143854061064825
0.0144069548257844
0.0144285370899704
0.0144501529525014
0.0144718024668819
0.0144934856866603
0.0145152026654288
0.014536953456823
0.0145587381145222
0.0145805566922489
0.014602409243769
0.0146242958228919
0.0146462164834699
0.0146681712793984
0.0146901602646159
0.0147121834931037
0.0147342410188861
0.0147563328960298
0.0147784591786443
0.0148006199208818
0.0148228151769367
0.0148450450010459
0.0148673094474886
0.0148896085705858
0.0149119424247012
0.01493431106424
0.0149567145436494
0.0149791529174185
0.015001626240078
0.0150241345662003
0.0150466779503991
0.0150692564473299
0.015091870111689
0.0151145189982143
0.0151372031616847
0.0151599226569201
0.0151826775387812
0.0152054678621698
0.0152282936820282
0.0152511550533393
0.0152740520311266
0.0152969846704539
0.0153199530264255
0.0153429571541858
0.0153659971089192
0.0153890729458502
0.0154121847202431
0.0154353324874021
0.0154585163026711
0.0154817362214333
0.0155049922991117
0.0155282845911685
0.015551613153105
0.015574978040462
0.0155983793088189
0.0156218170137944
0.0156452912110458
0.0156688019562691
0.0156923493051989
0.0157159333136083
0.0157395540373088
0.0157632115321501
0.01578690585402
0.0158106370588443
0.0158344052025868
0.0158582103412491
0.0158820525308703
0.0159059318275273
0.0159298482873342
0.0159538019664425
0.015977792921041
0.0160018212073556
0.0160258868816489
0.0160499900002207
0.0160741306194073
0.0160983087955816
0.0161225245851531
0.0161467780445676
0.0161710692303071
0.0161953981988898
0.0162197650068699
0.0162441697108373
0.0162686123674179
0.016293093033273
0.0163176117650994
0.0163421686196296
0.0163667636536308
0.0163913969239058
0.016416068487292
0.016440778400662
0.0164655267209228
0.0164903135050163
0.0165151388099187
0.0165400026926405
0.0165649052102265
0.0165898464197555
0.0166148263783403
0.0166398451431275
0.0166649027712974
0.0166899993200637
0.0167151348466737
0.0167403094084078
0.0167655230625796
0.0167907758665357
0.0168160678776557
0.0168413991533517
0.0168667697510684
0.0168921797282831
0.0169176291425054
0.0169431180512769
0.0169686465121713
0.0169942145827943
0.0170198223207832
0.017045469783807
0.0170711570295661
0.0170968841157922
0.0171226511002483
0.0171484580407284
0.0171743049950572
0.0172001920210903
0.0172261191767139
0.0172520865198446
0.0172780941084294
0.0173041420004452
0.0173302302538993
0.0173563589268285
0.0173825280772994
0.0174087377634083
0.0174349880432807
0.0174612789750716
0.0174876106169649
0.0175139830271736
0.0175403962639392
0.0175668503855323
0.0175933454502517
0.0176198815164246
0.0176464586424064
0.0176730768865804
0.0176997363073581
0.0177264369631783
0.0177531789125078
0.0177799622138403
0.0178067869256972
0.0178336531066267
0.017860560815204
0.0178875101100312
0.0179145010497368
0.0179415336929759
0.0179686080984297
0.0179957243248058
0.0180228824308374
0.0180500824752838
0.0180773245169298
0.0181046086145856
0.0181319348270869
0.0181593032132944
0.0181867138320937
0.0182141667423952
0.0182416620031342
0.0182691996732702
0.0182967798117871
0.0183244024776928
0.0183520677300194
0.0183797756278226
0.0184075262301817
0.0184353195961996
0.0184631557850024
0.0184910348557392
0.0185189568675822
0.0185469218797263
0.0185749299513888
0.0186029811418097
0.0186310755102511
0.0186592131159971
0.0186873940183538
0.0187156182766488
0.0187438859502315
0.0187721970984724
0.0188005517807633
0.018828950056517
0.018857391985167
0.0188858776261675
0.0189144070389932
0.018942980283139
0.0189715974181198
0.0190002585034706
0.019028963598746
0.0190577127635201
0.0190865060573864
0.0191153435399576
0.0191442252708654
0.01917315130976
0.0192021217163107
0.0192311365502048
0.019260195871148
0.0192892997388641
0.0193184482130947
0.019347641353599
0.0193768792201538
0.0194061618725531
0.0194354893706079
0.0194648617741463
0.0194942791430131
0.0195237415370694
0.0195532490161928
0.0195828016402771
0.0196123994692318
0.0196420425629823
0.0196717309814695
0.0197014647846498
0.0197312440324945
0.01976106878499
0.0197909391021374
0.0198208550439524
0.0198508166704651
0.0198808240417196
0.0199108772177742
0.0199409762587007
0.0199711212245848
0.0200013121755251
0.0200315491716337
0.0200618322730356
0.0200921615398684
0.0201225370322825
0.0201529588104403
0.0201834269345167
0.0202139414646982
0.0202445024611832
0.0202751099841817
0.0203057640939148
0.0203364648506149
0.0203672123145251
0.0203980065458993
0.0204288476050019
0.0204597355521074
0.0204906704475007
0.0205216523514761
0.0205526813243379
0.0205837574263997
0.0206148807179841
0.020646051259423
0.0206772691110569
0.020708534333235
0.0207398469863147
0.0207712071306616
0.0208026148266493
0.020834070134659
0.0208655731150794
0.0208971238283065
0.0209287223347433
0.0209603686947997
0.0209920629688921
0.0210238052174435
0.0210555955008829
0.0210874338796453
0.0211193204141714
0.0211512551649074
0.0211832381923049
0.0212152695568204
0.0212473493189154
0.0212794775390559
0.0213116542777123
0.0213438795953593
0.0213761535524753
0.0214084762095426
0.021440847627047
0.0214732678654774
0.0215057369853259
0.0215382550470872
0.0215708221112589
0.0216034382383406
0.0216361034888343
0.0216688179232436
0.021701581602074
0.0217343945858324
0.0217672569350267
0.0218001687101659
0.0218331299717597
0.0218661407803184
0.0218992011963524
0.0219323112803721
0.021965471092888
0.0219986806944096
0.0220319401454463
0.0220652495065063
0.0220986088380965
0.0221320182007227
0.022165477654889
0.0221989872610974
0.0222325470798481
0.0222661571716387
0.0222998175969644
0.0223335284163175
0.0223672896901871
0.0224011014790592
0.0224349638434162
0.0224688768437365
0.0225028405404947
0.0225368549941611
0.0225709202652012
0.022605036414076
0.0226392035012415
0.0226734215871482
0.0227076907322413
0.0227420109969601
0.022776382441738
0.0228108051270021
0.0228452791131731
0.0228798044606647
0.0229143812298838
0.02294900948123
0.0229836892750955
0.0230184206718646
0.0230532037319137
0.0230880385156108
0.0231229250833157
0.023157863495379
0.0231928538121427
0.0232278960939394
0.023262990401092
0.023298136793914
0.0233333353327085
0.0233685860777685
0.0234038890893765
0.0234392444278041
0.023474652153312
0.0235101123261494
0.023545625006554
0.0235811902547517
0.0236168081309564
0.0236524786953695
0.02368820200818
0.0237239781295637
0.0237598071196837
0.0237956890386894
0.0238316239467166
0.0238676119038874
0.0239036529703095
0.0239397472060763
0.0239758946712664
0.0240120954259435
0.0240483495301562
0.0240846570439373
0.0241210180273042
0.0241574325402581
0.0241939006427839
0.0242304223948499
0.0242669978564078
0.024303627087392
0.0243403101477197
0.0243770470972904
0.0244138379959856
0.0244506829036689
0.0244875818801852
0.024524534985361
0.0245615422790036
0.024598603820901
0.024635719670822
0.0246728898885153
0.0247101145337098
0.0247473936661139
0.0247847273454154
0.0248221156312814
0.0248595585833576
0.0248970562612685
0.0249346087246168
0.0249722160329832
0.0250098782459263
0.025047595422982
0.0250853676236635
0.025123194907461
0.0251610773338411
0.0251990149622471
0.0252370078520981
0.0252750560627891
0.0253131596536908
0.0253513186841489
0.0253895332134844
0.0254278033009926
0.0254661290059435
0.0255045103875812
0.0255429475051235
0.025581440417762
0.0256199891846615
0.0256585938649597
0.0256972545177672
0.0257359712021669
0.0257747439772139
0.0258135729019353
0.0258524580353297
0.0258913994363669
0.0259303971639879
0.0259694512771043
0.0260085618345984
0.0260477288953223
0.0260869525180983
0.026126232761718
0.0261655696849427
0.0262049633465023
0.0262444138050958
0.0262839211193903
0.0263234853480213
0.0263631065495921
0.0264027847826736
0.0264425201058039
0.0264823125774882
0.0265221622561983
0.0265620692003725
0.0266020334684152
0.0266420551186967
0.0266821342095528
0.0267222707992845
0.0267624649461577
0.0268027167084032
0.026843026144216
0.0268833933117551
0.0269238182691436
0.0269643010744678
0.0270048417857772
0.0270454404610845
0.0270860971583646
0.0271268119355551
0.0271675848505553
0.0272084159612264
0.0272493053253911
0.0272902530008329
0.0273312590452966
0.027372323516487
0.0274134464720697
0.0274546279696699
0.0274958680668724
0.0275371668212215
0.0275785242902205
0.0276199405313315
0.027661415601975
0.0277029495595295
0.0277445424613317
0.0277861943646754
0.0278279053268122
0.02786967540495
0.027911504656254
0.0279533931378452
0.027995340906801
0.0280373480201543
0.0280794145348937
0.0281215405079627
0.0281637259962599
0.028205971056638
0.0282482757459044
0.0282906401208201
0.0283330642381
0.0283755481544121
0.0284180919263774
0.0284606956105698
0.0285033592635155
0.0285460829416928
0.0285888667015317
0.028631710599414
0.0286746146916723
0.0287175790345903
0.0287606036844023
0.0288036886972928
0.0288468341293963
0.0288900400367968
0.0289333064755279
0.028976633501572
0.0290200211708605
0.029063469539273
0.0291069786626373
0.0291505485967289
0.0291941793972711
0.0292378711199341
0.0292816238203352
0.029325437554038
0.0293693123765526
0.029413248343335
0.0294572455097869
0.0295013039312553
0.0295454236630321
0.0295896047603541
0.0296338472784025
0.0296781512723025
0.0297225167971231
0.0297669439078769
0.0298114326595195
0.0298559831069494
0.0299005953050079
0.029945269308478
0.0299900051720853
0.0300348029504964
0.0300796626983195
0.0301245844701038
0.0301695683203391
0.0302146143034555
0.0302597224738234
0.0303048928857525
0.0303501255934925
0.0303954206512316
0.0304407781130973
0.0304861980331554
0.0305316804654097
0.0305772254638021
0.030622833082212
0.030668503374456
0.0307142363942874
0.0307600321953966
0.0308058908314099
0.0308518123558896
0.0308977968223338
0.0309438442841759
0.0309899547947843
0.0310361284074621
0.0310823651754469
0.0311286651519103
0.0311750283899576
0.0312214549426278
0.0312679448628928
0.0313144982036574
0.0313611150177591
0.0314077953579672
0.0314545392769833
0.0315013468274402
0.0315482180619023
0.0315951530328647
0.0316421517927531
0.0316892143939236
0.0317363408886623
0.031783531329185
0.0318307857676367
0.0318781042560915
0.0319254868465523
0.0319729335909503
0.0320204445411449
0.0320680197489232
0.0321156592659998
0.0321633631440163
0.0322111314345414
0.0322589641890699
0.0323068614590233
0.0323548232957485
0.0324028497505182
0.0324509408745304
0.0324990967189078
0.032547317334698
0.0325956027728725
0.0326439530843271
0.0326923683198812
0.0327408485302775
0.0327893937661816
0.0328380040781821
0.0328866795167896
0.0329354201324372
0.0329842259754793
0.0330330970961922
0.0330820335447731
0.0331310353713399
0.0331801026259312
0.0332292353585055
0.0332784336189416
0.0333276974570375
0.0333770269225103
0.0334264220649965
0.0334758829340507
0.033525409579146
0.0335750020496735
0.0336246603949418
0.033674384664177
0.033724174906522
0.0337740311710365
0.0338239535066967
0.0338739419623946
0.0339239965869382
0.0339741174290507
0.0340243045373706
0.0340745579604511
0.0341248777467599
0.0341752639446788
0.0342257166025037
0.0342762357684437
0.0343268214906213
0.0343774738170719
0.0344281927957434
0.0344789784744962
0.0345298309011024
0.0345807501232458
0.0346317361885216
0.034682789144436
0.0347339090384059
0.0347850959177586
0.0348363498297313
0.0348876708214713
0.034939058940035
0.0349905142323881
0.0350420367454051
0.0350936265258689
0.0351452836204709
0.0351970080758099
0.0352487999383926
0.0353006592546328
0.0353525860708515
0.0354045804332759
0.0354566423880397
0.0355087719811828
0.0355609692586504
0.0356132342662935
0.0356655670498677
0.0357179676550338
0.0357704361273566
0.0358229725123054
0.0358755768552531
0.0359282492014761
0.0359809895961542
0.0360337980843698
0.0360866747111081
0.0361396195212564
0.036192632559604
0.0362457138708418
0.0362988634995623
0.0363520814902585
0.0364053678873246
0.036458722735055
0.0365121460776442
0.0365656379591864
0.0366191984236755
0.0366728275150043
0.0367265252769647
0.036780291753247
0.0368341269874398
0.0368880310230296
0.0369420039034005
0.0369960456718341
0.0370501563715089
0.0371043360455
0.0371585847367791
0.0372129024882139
0.0372672893425678
0.0373217453424998
0.0373762705305642
0.03743086494921
0.0374855286407808
0.0375402616475145
0.0375950640115429
0.0376499357748916
0.0377048769794795
0.0377598876671184
0.0378149678795132
0.0378701176582608
0.0379253370448507
0.0379806260806639
0.0380359848069731
0.0380914132649423
0.0381469114956262
0.0382024795399706
0.0382581174388111
0.0383138252328736
0.038369602962774
0.0384254506690171
0.0384813683919972
0.0385373561719975
0.0385934140491896
0.0386495420636332
0.0387057402552763
0.0387620086639544
0.0388183473293903
0.0388747562911938
0.0389312355888618
0.0389877852617773
0.0390444053492096
0.039101095890314
0.0391578569241313
0.0392146884895876
0.0392715906254938
0.0393285633705459
0.0393856067633241
0.0394427208422925
0.0394999056457995
0.0395571612120767
0.039614487579239
0.0396718847852843
0.0397293528680932
0.0397868918654285
0.0398445018149353
0.0399021827541403
0.039959934720452
0.0400177577511597
0.0400756518834339
0.0401336171543257
0.0401916536007666
0.0402497612595681
0.0403079401674213
0.0403661903608972
0.0404245118764456
0.0404829047503956
0.0405413690189546
0.0405999047182085
0.0406585118841214
0.0407171905525349
0.0407759407591684
0.0408347625396183
0.0408936559293581
0.0409526209637379
0.0410116576779841
0.0410707661071993
0.0411299462863619
0.0411891982503259
0.0412485220338203
0.0413079176714495
0.0413673851976923
0.041426924646902
0.041486536053306
0.0415462194510057
0.0416059748739761
0.0416658023560654
0.0417257019309949
0.0417856736323587
0.0418457174936234
0.0419058335481278
0.0419660218290826
0.0420262823695704
0.042086615202545
0.0421470203608315
0.0422074978771256
0.0422680477839939
0.0423286701138733
0.0423893648990705
0.0424501321717623
0.0425109719639949
0.0425718843076837
0.0426328692346132
0.0426939267764366
0.0427550569646755
0.0428162598307198
0.0428775354058273
0.0429388837211234
0.0430003048076009
0.04306179869612
0.0431233654174075
0.0431850050020569
0.0432467174805281
0.043308502883147
0.0433703612401055
0.043432292581461
0.0434942969371362
0.0435563743369189
0.0436185248104618
0.043680748387282
0.043743045096761
0.0438054149681442
0.0438678580305411
0.0439303743129244
0.0439929638441302
0.0440556266528578
0.0441183627676691
0.0441811722169885
0.0442440550291028
0.0443070112321607
0.0443700408541729
0.0444331439230114
0.0444963204664095
0.0445595705119618
0.0446228940871233
0.0446862912192098
0.0447497619353974
0.0448133062627222
0.0448769242280801
0.0449406158582266
0.0450043811797764
0.0450682202192036
0.0451321330028407
0.0451961195568791
0.0452601799073687
0.0453243140802171
0.0453885221011901
0.0454528039959111
0.0455171597898609
0.0455815895083773
0.0456460931766555
0.0457106708197469
0.0457753224625596
0.0458400481298581
0.0459048478462625
0.0459697216362492
0.0460346695241496
0.0460996915341509
0.0461647876902951
0.0462299580164792
0.0462952025364547
0.0463605212738276
0.0464259142520581
0.0464913814944603
0.046556923024202
0.0466225388643047
0.0466882290376429
0.0467539935669444
0.0468198324747897
0.0468857457836119
0.0469517335156967
0.0470177956931818
0.0470839323380568
0.0471501434721634
0.0472164291171943
0.047282789294694
0.0473492240260578
0.0474157333325319
0.0474823172352135
0.0475489757550498
0.0476157089128385
0.0476825167292273
0.0477493992247137
0.0478163564196449
0.0478833883342173
0.0479504949884767
0.0480176764023179
0.0480849325954844
0.0481522635875682
0.0482196693980099
0.048287150046098
0.0483547055509693
0.0484223359316081
0.0484900412068464
0.0485578213953635
0.0486256765156859
0.0486936065861871
0.0487616116250874
0.0488296916504537
0.048897846680199
0.0489660767320828
0.0490343818237107
0.0491027619725336
0.0491712171958485
0.0492397475107976
0.0493083529343684
0.0493770334833933
0.0494457891745498
0.0495146200243599
0.04958352604919
0.0496525072652509
0.0497215636885977
0.0497906953351289
0.0498599022205874
0.0499291843605591
0.0499985417704736
0.0500679744656035
0.0501374824610646
0.0502070657718155
0.0502767244126574
0.0503464583982339
0.0504162677430311
0.0504861524613772
0.0505561125674422
0.0506261480752382
0.0506962589986185
0.0507664453512783
0.0508367071467537
0.0509070443984221
0.0509774571195018
0.0510479453230519
0.0511185090219721
0.0511891482290026
0.0512598629567238
0.0513306532175561
0.0514015190237601
0.0514724603874361
0.051543477320524
0.0516145698348033
0.0516857379418925
0.0517569816532496
0.0518283009801716
0.051899695933794
0.0519711665250915
0.0520427127648768
0.0521143346638015
0.0521860322323551
0.0522578054808653
0.0523296544194977
0.0524015790582558
0.0524735794069807
0.052545655475351
0.0526178072728825
0.0526900348089285
0.0527623380926791
0.0528347171331616
0.0529071719392398
0.0529797025196143
0.0530523088828223
0.0531249910372371
0.0531977489910686
0.0532705827523625
0.0533434923290005
0.0534164777287003
0.0534895389590151
0.0535626760273339
0.0536358889408809
0.0537091777067157
0.0537825423317332
0.0538559828226631
0.0539294991860704
0.0540030914283544
0.0540767595557495
0.0541505035743246
0.0542243234899828
0.0542982193084617
0.0543721910353332
0.0544462386760029
0.0545203622357108
0.0545945617195304
0.0546688371323691
0.0547431884789679
0.0548176157639014
0.0548921189915773
0.0549666981662368
0.0550413532919543
0.055116084372637
0.0551908914120255
0.0552657744136928
0.0553407333810448
0.0554157683173202
0.0554908792255901
0.0555660661087579
0.0556413289695595
0.055716667810563
0.0557920826341688
0.0558675734426089
0.0559431402379478
0.0560187830220813
0.0560945017967374
0.0561702965634754
0.0562461673236865
0.0563221140785932
0.0563981368292493
0.0564742355765402
0.0565504103211821
0.0566266610637226
0.0567029878045405
0.0567793905438451
0.0568558692816769
0.0569324240179072
0.0570090547522379
0.0570857614842016
0.0571625442131613
0.0572394029383108
0.0573163376586741
0.0573933483731054
0.0574704350802895
0.0575475977787412
0.0576248364668053
0.0577021511426568
0.0577795418043007
0.0578570084495719
0.057934551076135
0.0580121696814846
0.0580898642629449
0.0581676348176696
0.0582454813426424
0.0583234038346761
0.0584014022904132
0.0584794767063257
0.0585576270787147
0.0586358534037109
0.058714155677274
0.0587925338951929
0.058870988053086
0.0589495181464004
0.0590281241704123
0.0591068061202272
0.0591855639907792
0.0592643977768314
0.059343307472976
0.0594222930736337
0.0595013545730541
0.0595804919653156
0.0596597052443253
0.0597389944038188
0.0598183594373604
0.0598978003383431
0.0599773170999883
0.060056909715346
0.0601365781772947
0.0602163224785413
0.0602961426116211
0.0603760385688978
0.0604560103425637
0.060536057924639
0.0606161813069727
0.0606963804812417
0.0607766554389515
0.0608570061714355
0.0609374326698556
0.0610179349252019
0.0610985129282926
0.0611791666697741
0.061259896140121
0.0613407013296359
0.0614215822284499
0.0615025388265218
0.0615835711136387
0.061664679079416
0.061745862713297
0.0618271220045529
0.0619084569422835
0.0619898675154163
0.0620713537127069
0.0621529155227392
0.062234552933925
0.0623162659345042
0.062398054512545
0.0624799186559434
0.0625618583524236
0.0626438735895381
0.0627259643546672
0.0628081306350196
0.0628903724176319
0.062972689689369
0.063055082436924
0.0631375506468179
0.0632200943054002
0.0633027133988485
0.0633854079131685
0.0634681778341943
0.0635510231475883
0.0636339438388409
0.0637169398932712
0.0638000112960263
0.0638831580320819
0.0639663800862419
0.0640496774431387
0.0641330500872332
0.0642164980028146
0.0643000211740008
0.0643836195847382
0.0644672932188017
0.0645510420597948
0.0646348660911498
0.0647187652961274
0.0648027396578175
0.0648867891591382
0.0649709137828369
0.0650551135114896
0.0651393883275012
0.0652237382131056
0.0653081631503657
0.0653926631211735
0.06547723810725
0.0655618880901454
0.0656466130512391
0.0657314129717397
0.0658162878326851
0.0659012376149426
0.0659862622992091
0.0660713618660107
0.0661565362957031
0.0662417855684718
0.0663271096643318
0.0664125085631279
0.0664979822445346
0.0665835306880564
0.0666691538730277
0.0667548517786129
0.0668406243838064
0.066926471667433
0.0670123936081473
0.0670983901844346
0.0671844613746104
0.0672706071568206
0.0673568275090419
0.0674431224090813
0.0675294918345766
0.0676159357629965
0.0677024541716404
0.0677890470376387
0.0678757143379529
0.0679624560493756
0.0680492721485305
0.0681361626118728
0.068223127415689
0.068310166536097
0.0683972799490463
0.0684844676303184
0.0685717295555262
0.0686590657001145
0.0687464760393604
0.0688339605483728
0.0689215192020928
0.0690091519752939
0.0690968588425819
0.0691846397783952
0.0692724947570047
0.0693604237525141
0.0694484267388598
0.0695365036898113
0.0696246545789711
0.0697128793797748
0.0698011780654914
0.0698895506092231
0.0699779969839059
0.0700665171623092
0.0701551111170363
0.0702437788205243
0.0703325202450444
0.0704213353627018
0.0705102241454361
0.0705991865650213
0.0706882225930656
0.0707773322010123
0.0708665153601392
0.070955772041559
0.0710451022162196
0.071134505854904
0.0712239829282304
0.0713135334066528
0.0714031572604603
0.0714928544597782
0.0715826249745674
0.071672468774625
0.071762385829584
0.071852376108914
0.071942439581921
0.0720325762177474
0.0721227859853727
0.072213068853613
0.0723034247911216
0.0723938537663891
0.0724843557477433
0.0725749307033497
0.0726655786012113
0.0727562994091691
0.0728470930949021
0.0729379596259274
0.0730288989696004
0.0731199110931152
0.0732109959635042
0.0733021535476391
0.0733933838122302
0.0734846867238272
0.0735760622488189
0.073667510353434
0.0737590310037405
0.0738506241656465
0.0739422898049
0.0740340278870893
0.074125838377643
0.0742177212418303
0.0743096764447614
0.074401703951387
0.0744938037264993
0.0745859757347316
0.0746782199405586
0.074770536308297
0.0748629248021052
0.0749553853859835
0.0750479180237747
0.075140522679164
0.0752331993156791
0.0753259478966907
0.0754187683854123
0.075511660744901
0.0756046249380569
0.0756976609276241
0.0757907686761904
0.0758839481461874
0.0759771992998914
0.0760705220994227
0.0761639165067465
0.0762573824836729
0.0763509199918568
0.0764445289927988
0.0765382094478445
0.0766319613181856
0.0767257845648597
0.0768196791487501
0.0769136450305871
0.077007682170947
0.0771017905302533
0.0771959700687763
0.0772902207466337
0.0773845425237904
0.0774789353600591
0.0775733992151007
0.0776679340484238
0.0777625398193856
0.0778572164871919
0.0779519640108972
0.0780467823494053
0.078141671461469
0.0782366313056908
0.078331661840523
0.0784267630242678
0.0785219348150777
0.0786171771709556
0.0787124900497553
0.0788078734091815
0.0789033272067899
0.0789988513999879
0.0790944459460345
0.0791901108020407
0.0792858459249697
0.0793816512716371
0.0794775267987111
0.0795734724627131
0.0796694882200175
0.0797655740268523
0.079861729839299
0.0799579556132932
0.0800542513046249
0.0801506168689384
0.0802470522617326
0.0803435574383617
0.0804401323540351
0.0805367769638177
0.0806334912226302
0.0807302750852493
0.0808271285063083
0.0809240514402967
0.0810210438415614
0.0811181056643059
0.0812152368625916
0.0813124373903373
0.0814097072013198
0.0815070462491744
0.0816044544873947
0.0817019318693331
0.0817994783482012
0.0818970938770699
0.0819947784088698
0.0820925318963914
0.0821903542922854
0.0822882455490632
0.0823862056190967
0.082484234454619
0.0825823320077247
0.0826804982303699
0.0827787330743727
0.0828770364914136
0.0829754084330354
0.0830738488506438
0.0831723576955078
0.0832709349187598
0.0833695804713956
0.0834682943042756
0.083567076368124
0.0836659266135299
0.0837648449909473
0.0838638314506956
0.0839628859429594
0.0840620084177895
0.0841611988251027
0.0842604571146823
0.0843597832361784
0.0844591771391081
0.0845586387728561
0.0846581680866748
0.0847577650296844
0.0848574295508738
0.0849571615991003
0.0850569611230903
0.0851568280714395
0.0852567623926133
0.085356764034947
0.0854568329466461
0.0855569690757868
0.0856571723703163
0.0857574427780529
0.0858577802466865
0.085958184723779
0.0860586561567645
0.0861591944929496
0.086259799679514
0.0863604716635103
0.086461210391865
0.0865620158113784
0.086662887868725
0.0867638265104538
0.0868648316829889
0.0869659033326295
0.0870670414055506
0.0871682458478028
0.0872695166053133
0.0873708536238858
0.0874722568492009
0.0875737262268167
0.0876752617021688
0.0877768632205709
0.0878785307272149
0.0879802641671717
0.088082063485391
0.0881839286267019
0.0882858595358136
0.0883878561573151
0.0884899184356759
0.0885920463152465
0.0886942397402585
0.0887964986548249
0.0888988230029409
0.0890012127284838
0.0891036677752135
0.089206188086773
0.0893087736066886
0.0894114242783703
0.0895141400451122
0.0896169208500929
0.0897197666363758
0.0898226773469095
0.0899256529245281
0.0900286933119517
0.0901317984517867
0.0902349682865261
0.0903382027585501
0.0904415018101262
0.0905448653834097
0.0906482934204441
0.0907517858631616
0.090855342653383
0.0909589637328188
0.0910626490430689
0.0911663985256235
0.0912702121218631
0.091374089773059
0.091478031420374
0.0915820370048622
0.0916861064674699
0.0917902397490356
0.091894436790291
0.0919986975318603
0.0921030219142619
0.0922074098779077
0.0923118613631042
0.0924163763100525
0.0925209546588489
0.0926255963494852
0.0927303013218491
0.0928350695157245
0.0929399008707923
0.0930447953266303
0.0931497528227139
0.0932547732984163
0.0933598566930091
0.0934650029456626
0.0935702119954462
0.0936754837813289
0.0937808182421795
0.0938862153167673
0.0939916749437623
0.0940971970617354
0.0942027816091594
0.0943084285244089
0.0944141377457609
0.0945199092113953
0.0946257428593949
0.0947316386277465
0.0948375964543407
0.0949436162769725
0.0950496980333419
0.0951558416610542
0.0952620470976203
0.0953683142804572
0.0954746431468885
0.0955810336341447
0.0956874856793637
0.0957939992195912
0.0959005741917812
0.0960072105327961
0.0961139081794076
0.0962206670682969
0.0963274871360548
0.0964343683191828
0.0965413105540931
0.096648313777109
0.0967553779244655
0.0968625029323095
0.0969696887367007
0.0970769352736114
0.0971842424789275
0.0972916102884485
0.0973990386378882
0.0975065274628752
0.0976140766989529
0.0977216862815805
0.0978293561461329
0.0979370862279017
0.0980448764620952
0.0981527267838388
0.098260637128176
0.0983686074300682
0.0984766376243954
0.0985847276459568
0.098692877429471
0.0988010869095765
0.0989093560208323
0.0990176846977181
0.0991260728746349
0.0992345204859055
0.0993430274657747
0.0994515937484102
0.0995602192679025
0.0996689039582657
0.0997776477534379
0.0998864505872816
0.0999953123935841
0.100104233106058
0.100213212658342
0.100322250984001
0.100431348016526
0.100540503689335
0.100649717935776
0.100758990689121
0.100868321882573
0.100977711449265
0.101087159322258
0.101196665434541
0.101306229719038
0.101415852108599
0.101525532536008
0.101635270933981
0.101745067235165
0.10185492137214
0.101964833277418
0.102074802883447
0.102184830122608
0.102294914927216
0.10240505722952
0.102515256961708
0.102625514055901
0.102735828444156
0.10284620005847
0.102956628830773
0.103067114692937
0.10317765757677
0.103288257414018
0.103398914136369
0.103509627675449
0.103620397962823
0.103731224929999
0.103842108508424
0.10395304862949
0.104064045224526
0.104175098224807
0.104286207561552
0.10439737316592
0.104508594969016
0.10461987290189
0.104731206895536
0.104842596880893
0.104954042788847
0.105065544550231
0.105177102095822
0.105288715356348
0.105400384262482
0.105512108744846
0.105623888734011
0.105735724160499
0.105847614954779
0.105959561047272
0.106071562368349
0.106183618848332
0.106295730417495
0.106407897006066
0.106520118544223
0.106632394962098
0.106744726189778
0.106857112157302
0.106969552794665
0.107082048031817
0.107194597798665
0.107307202025069
0.107419860640847
0.107532573575776
0.107645340759589
0.107758162121976
0.107871037592587
0.107983967101032
0.108096950576878
0.108209987949655
0.108323079148851
0.108436224103916
0.108549422744263
0.108662674999266
0.10877598079826
0.108889340070545
0.109002752745384
0.109116218752006
0.1092297380196
0.109343310477324
0.109456936054301
0.109570614679618
0.109684346282331
0.109798130791463
0.109911968136001
0.110025858244905
0.110139801047101
0.110253796471483
0.110367844446918
0.11048194490224
0.110596097766254
0.110710302967738
0.11082456043544
0.110938870098081
0.111053231884353
0.111167645722923
0.111282111542431
0.111396629271491
0.111511198838692
0.111625820172597
0.111740493201746
0.111855217854654
0.111969994059815
0.112084821745697
0.112199700840748
0.112314631273394
0.112429612972038
0.112544645865065
0.112659729880837
0.112774864947697
0.11289005099397
0.113005287947962
0.11312057573796
0.113235914292233
0.113351303539034
0.113466743406599
0.113582233823147
0.113697774716881
0.113813366015992
0.113929007648653
0.114044699543025
0.114160441627253
0.114276233829472
0.114392076077802
0.114507968300352
0.11462391042522
0.114739902380491
0.114855944094243
0.11497203549454
0.115088176509439
0.115204367066988
0.115320607095226
0.115436896522184
0.115553235275886
0.115669623284349
0.115786060475582
0.115902546777593
0.116019082118378
0.116135666425935
0.116252299628252
0.116368981653316
0.116485712429111
0.116602491883618
0.116719319944816
0.11683619654068
0.116953121599187
0.117070095048312
0.11718711681603
0.117304186830316
0.117421305019147
0.1175384713105
0.117655685632355
0.117772947912695
0.117890258079505
0.118007616060774
0.118125021784494
0.118242475178663
0.118359976171285
0.118477524690366
0.118595120663921
0.118712764019973
0.118830454686548
0.118948192591683
0.119065977663422
0.119183809829819
0.119301689018936
0.119419615158844
0.119537588177627
0.119655608003378
0.119773674564202
0.119891787788215
0.120009947603547
0.12012815393834
0.12024640672075
0.120364705878945
0.120483051341112
0.120601443035448
0.120719880890169
0.120838364833506
0.120956894793706
0.121075470699035
0.121194092477775
0.121312760058226
0.121431473368709
0.121550232337562
0.121669036893143
0.121787886963833
0.121906782478029
0.122025723364155
0.122144709550652
0.122263740965986
0.122382817538647
0.122501939197145
0.122621105870017
0.122740317485823
0.122859573973149
0.122978875260606
0.123098221276832
0.12321761195049
0.123337047210271
0.123456526984895
0.123576051203108
0.123695619793687
0.123815232685435
0.123934889807189
0.124054591087813
0.124174336456203
0.124294125841288
0.124413959172025
0.124533836377408
0.12465375738646
0.124773722128241
0.124893730531842
0.12501378252639
0.125133878041047
0.125254017005011
0.125374199347515
0.125494424997829
0.125614693885262
0.125735005939157
0.125855361088899
0.12597575926391
0.12609620039365
0.126216684407622
0.126337211235367
0.126457780806467
0.126578393050546
0.12669904789727
0.126819745276347
0.126940485117529
0.127061267350609
0.127182091905426
0.127302958711864
0.127423867699851
0.12754481879936
0.127665811940413
0.127786847053074
0.127907924067459
0.128029042913729
0.128150203522093
0.128271405822809
0.128392649746187
0.128513935222582
0.128635262182403
0.128756630556109
0.12887804027421
0.128999491267267
0.129120983465896
0.129242516800763
0.129364091202589
0.129485706602149
0.129607362930273
0.129729060117844
0.129850798095803
0.129972576795145
0.130094396146924
0.130216256082249
0.130338156532287
0.130460097428264
0.130582078701465
0.130704100283233
0.13082616210497
0.130948264098141
0.131070406194271
0.131192588324944
0.131314810421808
0.131437072416573
0.131559374241012
0.131681715826961
0.131804097106321
0.131926518011054
0.132048978473192
0.132171478424829
0.132294017798125
0.13241659652531
0.132539214538676
0.132661871770587
0.132784568153472
0.132907303619831
0.133030078102231
0.133152891533309
0.133275743845775
0.133398634972406
0.133521564846051
0.133644533399633
0.133767540566145
0.133890586278654
0.134013670470298
0.134136793074292
0.134259954023924
0.134383153252555
0.134506390693625
0.134629666280646
0.13475297994721
0.134876331626984
0.134999721253711
0.135123148761214
0.135246614083395
0.135370117154234
0.135493657907789
0.135617236278201
0.135740852199688
0.135864505606553
0.135988196433177
0.136111924614025
0.136235690083644
0.136359492776665
0.136483332627801
0.13660720957185
0.136731123543694
0.136855074478302
0.136979062310727
0.137103086976107
0.13722714840967
0.137351246546729
0.137475381322684
0.137599552673024
0.137723760533329
0.137848004839265
0.137972285526588
0.138096602531147
0.138220955788878
0.138345345235812
0.138469770808069
0.138594232441863
0.138718730073499
0.138843263639377
0.138967833075991
0.139092438319927
0.139217079307869
0.139341755976593
0.139466468262974
0.13959121610398
0.13971599943668
0.139840818198237
0.139965672325914
0.140090561757069
0.140215486429164
0.140340446279756
0.140465441246504
0.140590471267167
0.140715536279604
0.140840636221778
0.140965771031751
0.141090940647689
0.14121614500786
0.141341384050636
0.141466657714493
0.141591965938011
0.141717308659876
0.141842685818878
0.141968097353914
0.142093543203986
0.142219023308204
0.142344537605787
0.142470086036058
0.142595668538452
0.142721285052512
0.142846935517889
0.142972619874345
0.143098338061753
0.143224090020097
0.14334987568947
0.14347569501008
0.143601547922245
0.143727434366399
0.143853354283085
0.143979307612963
0.144105294296808
0.144231314275507
0.144357367490065
0.144483453881602
0.144609573391353
0.144735725960672
0.14486191153103
0.144988130044015
0.145114381441333
0.14524066566481
0.145366982656391
0.145493332358141
0.145619714712245
0.145746129661008
0.145872577146859
0.145999057112345
0.146125569500138
0.146252114253032
0.146378691313945
0.146505300625917
0.146631942132114
0.146758615775826
0.146885321500468
0.147012059249581
0.147138828966832
0.147265630596015
0.147392464081051
0.147519329365988
0.147646226395004
0.147773155112404
0.147900115462622
0.148027107390223
0.1481541308399
0.148281185756479
0.148408272084916
0.148535389770297
0.148662538757842
0.148789718992903
0.148916930420965
0.149044172987646
0.149171446638699
0.14929875132001
0.1494260869776
0.149553453557627
0.149680851006384
0.149808279270299
0.149935738295939
0.150063228030007
0.150190748419345
0.150318299410931
0.150445880951884
0.15057349298946
0.150701135471059
0.150828808344215
0.150956511556608
0.151084245056055
0.151212008790519
0.151339802708101
0.151467626757047
0.151595480885745
0.151723365042726
0.151851279176667
0.151979223236388
0.152107197170853
0.152235200929173
0.152363234460605
0.152491297714552
0.152619390640562
0.152747513188333
0.152875665307708
0.153003846948682
0.153132058061395
0.153260298596138
0.153388568503351
0.153516867733625
0.153645196237701
0.15377355396647
0.153901940870976
0.154030356902415
0.154158802012134
0.154287276151635
0.154415779272571
0.15454431132675
0.154672872266135
0.154801462042844
0.154930080609147
0.155058727917474
0.155187403920409
0.155316108570693
0.155444841821222
0.155573603625054
0.155702393935402
0.155831212705637
0.155960059889291
0.156088935440054
0.156217839311776
0.156346771458469
0.156475731834302
0.15660472039361
0.156733737090885
0.156862781880786
0.156991854718131
0.157120955557902
0.157250084355245
0.15737924106547
0.157508425644051
0.157637638046628
0.157766878229005
0.157896146147152
0.158025441757207
0.158154765015472
0.158284115878418
0.158413494302684
0.158542900245076
0.158672333662569
0.158801794512308
0.158931282751605
0.159060798337945
0.15919034122898
0.159319911382537
0.15944950875661
0.159579133309367
0.159708784999149
0.159838463784468
0.15996816962401
0.160097902476634
0.160227662301372
0.160357449057434
0.160487262704201
0.160617103201231
0.160746970508259
0.160876864585194
0.161006785392122
0.161136732889308
0.161266707037193
0.161396707796396
0.161526735127716
0.161656788992129
0.161786869350792
0.161916976165041
0.162047109396391
0.162177269006541
0.162307454957368
0.162437667210933
0.162567905729477
0.162698170475424
0.162828461411383
0.162958778500143
0.16308912170468
0.163219490988152
0.163349886313903
0.163480307645462
0.163610754946542
0.163741228181045
0.163871727313057
0.164002252306853
0.164132803126892
0.164263379737825
0.164393982104488
0.164524610191907
0.164655263965298
0.164785943390065
0.164916648431802
0.165047379056296
0.165178135229521
0.165308916917644
0.165439724087026
0.165570556704218
0.165701414735962
0.165832298149196
0.165963206911051
0.166094140988852
0.166225100350115
0.166356084962557
0.166487094794084
0.166618129812803
0.166749189987013
0.166880275285212
0.167011385676094
0.167142521128551
0.167273681611672
0.167404867094746
0.167536077547258
0.167667312938895
0.167798573239542
0.167929858419285
0.168061168448409
0.168192503297401
0.168323862936949
0.168455247337943
0.168586656471476
0.168718090308841
0.168849548821537
0.168981031981265
0.16911253975993
0.169244072129641
0.169375629062714
0.169507210531667
0.169638816509226
0.169770446968322
0.169902101882092
0.170033781223882
0.170165484967243
0.170297213085935
0.170428965553927
0.170560742345395
0.170692543434725
0.170824368796512
0.170956218405561
0.171088092236889
0.171219990265721
0.171351912467495
0.17148385881786
0.171615829292678
0.171747823868022
0.17187984252018
0.172011885225651
0.172143951961149
0.172276042703603
0.172408157430155
0.172540296118162
0.172672458745199
0.172804645289054
0.172936855727733
0.173069090039459
0.173201348202669
0.173333630196023
0.173465935998394
0.173598265588877
0.173730618946784
0.173862996051646
0.173995396883215
0.174127821421464
0.174260269646583
0.174392741538987
0.17452523707931
0.174657756248408
0.174790299027361
0.17492286539747
0.17505545534026
0.175188068837478
0.175320705871098
0.175453366423315
0.175586050476552
0.175718758013454
0.175851489016894
0.17598424346997
0.176117021356008
0.176249822658559
0.176382647361403
0.176515495448546
0.176648366904223
0.176781261712899
0.176914179859267
0.177047121328248
0.177180086104995
0.177313074174891
0.177446085523548
0.177579120136812
0.177712178000758
0.177845259101694
0.177978363426161
0.178111490960932
0.178244641693014
0.178377815609647
0.178511012698305
0.178644232946698
0.178777476342769
0.178910742874697
0.179044032530898
0.179177345300023
0.17931068117096
0.179444040132834
0.179577422175007
0.17971082728708
0.179844255458892
0.17997770668052
0.180111180942281
0.180244678234731
0.180378198548667
0.180511741875125
0.180645308205384
0.180778897530961
0.180912509843619
0.181046145135358
0.181179803398426
0.181313484625311
0.181447188808743
0.181580915941699
0.181714666017399
0.181848439029307
0.181982234971133
0.182116053836832
0.182249895620605
0.1823837603169
0.18251764792041
0.182651558426078
0.182785491829093
0.182919448124891
0.183053427309159
0.183187429377831
0.18332145432709
0.183455502153372
0.183589572853359
0.183723666423987
0.18385778286244
0.183991922166156
0.184126084332823
0.184260269360384
0.184394477247031
0.184528707991212
0.184662961591628
0.184797238047234
0.184931537357238
0.185065859521104
0.185200204538553
0.185334572409559
0.185468963134353
0.185603376713423
0.185737813147514
0.185872272437629
0.186006754585026
0.186141259591226
0.186275787458004
0.186410338187397
0.186544911781701
0.186679508243472
0.186814127575525
0.18694876978094
0.187083434863052
0.187218122825464
0.187352833672037
0.187487567406896
0.187622324034428
0.187757103559287
0.187891905986386
0.188026731320905
0.188161579568289
0.188296450734248
0.188431344824755
0.188566261846053
0.18870120180465
0.188836164707319
0.188971150561103
0.189106159373311
0.189241191151521
0.189376245903581
0.189511323637605
0.189646424361979
0.189781548085358
0.189916694816668
0.190051864565105
0.190187057340136
0.190322273151502
0.190457512009214
0.190592773923555
0.190728058905083
0.19086336696463
0.190998698113298
0.191134052362468
0.191269429723793
0.191404830209202
0.191540253830899
0.191675700601366
0.191811170533359
0.191946663639914
0.192082179934341
0.192217719430231
0.192353282141451
0.192488868082149
0.19262447726675
0.192760109709961
0.192895765426766
0.193031444432433
0.193167146742508
0.193302872372822
0.193438621339484
0.193574393658888
0.19371018934771
0.193846008422909
0.193981850901729
0.194117716801695
0.194253606140622
0.194389518936604
0.194525455208025
0.194661414973553
0.194797398252143
0.194933405063036
0.195069435425762
0.195205489360139
0.19534156688627
0.19547766802455
0.195613792795662
0.195749941220578
0.195886113320563
0.196022309117168
0.196158528632239
0.196294771887911
0.196431038906613
0.196567329711064
0.196703644324278
0.196839982769562
0.196976345070515
0.197112731251033
0.197249141335304
0.197385575347814
0.197522033313341
0.197658515256964
0.197795021204055
0.197931551180284
0.198068105211618
0.198204683324323
0.198341285544964
0.198477911900404
0.198614562417805
0.19875123712463
0.198887936048641
0.199024659217904
0.199161406660781
0.199298178405942
0.199434974482355
0.199571794919292
0.199708639746329
0.199845508993344
0.199982402690522
0.20011932086835
0.200256263557622
0.200393230789437
0.2005302225952
0.200667239006623
0.200804280055725
0.200941345774833
0.201078436196581
0.201215551353914
0.201352691280083
0.201489856008651
0.201627045573491
0.201764260008785
0.201901499349027
0.202038763629022
0.20217605288389
0.20231336714906
0.202450706460274
0.202588070853592
0.202725460365383
0.202862875032333
0.203000314891443
0.20313777998003
0.203275270335725
0.203412785996479
0.203550327000557
0.203687893386544
0.203825485193341
0.20396310246017
0.204100745226569
0.2042384135324
0.204376107417841
0.204513826923393
0.204651572089879
0.20478934295844
0.204927139570544
0.205064961967979
0.205202810192857
0.205340684287614
0.205478584295009
0.205616510258128
0.205754462220381
0.205892440225505
0.206030444317562
0.206168474540943
0.206306530940364
0.206444613560872
0.20658272244784
0.206720857646972
0.206859019204301
0.206997207166189
0.20713542157933
0.207273662490751
0.207411929947807
0.207550223998188
0.207688544689917
0.207826892071349
0.207965266191174
0.208103667098417
0.208242094842436
0.208380549472928
0.208519031039924
0.208657539593791
0.208796075185236
0.208934637865301
0.209073227685369
0.209211844697161
0.209350488952736
0.209489160504496
0.209627859405182
0.209766585707876
0.209905339466003
0.210044120733329
0.210182929563965
0.210321766012363
0.210460630133322
0.210599521981982
0.210738441613832
0.210877389084705
0.21101636445078
0.211155367768585
0.211294399094993
0.211433458487227
0.211572546002858
0.211711661699807
0.211850805636344
0.21198997787109
0.212129178463018
0.212268407471451
0.212407664956066
0.212546950976892
0.212686265594312
0.212825608869061
0.212964980862233
0.213104381635273
0.213243811249984
0.213383269768526
0.213522757253415
0.213662273767526
0.213801819374091
0.213941394136701
0.214080998119308
0.214220631386223
0.214360294002118
0.214499986032028
0.214639707541348
0.214779458595837
0.214919239261616
0.215059049605172
0.215198889693355
0.215338759593381
0.215478659372831
0.215618589099654
0.215758548842165
0.215898538669048
0.216038558649353
0.216178608852502
0.216318689348286
0.216458800206864
0.216598941498769
0.216739113294904
0.216879315666546
0.217019548685343
0.217159812423318
0.217300106952869
0.217440432346766
0.217580788678158
0.217721176020569
0.2178615944479
0.218002044034428
0.218142524854813
0.218283036984089
0.218423580497672
0.218564155471359
0.218704761981326
0.218845400104133
0.218986069916722
0.219126771496416
0.219267504920925
0.219408270268341
0.219549067617143
0.219689897046194
0.219830758634746
0.219971652462436
0.220112578609291
0.220253537155726
0.220394528182544
0.220535551770941
0.220676608002502
0.220817696959204
0.220958818723416
0.221099973377901
0.221241161005815
0.221382381690708
0.221523635516527
0.221664922567613
0.221806242928705
0.221947596684939
0.222088983921849
0.222230404725369
0.222371859181831
0.222513347377969
0.222654869400916
0.22279642533821
0.222938015277789
0.223079639307996
0.223221297517578
0.223362989995685
0.223504716831876
0.223646478116114
0.223788273938771
0.223930104390626
0.224071969562866
0.224213869547089
0.224355804435304
0.22449777431993
0.224639779293797
0.22478181945015
0.224923894882646
0.225066005685356
0.225208151952769
0.225350333779786
0.225492551261728
0.225634804494331
0.225777093573751
0.225919418596563
0.226061779659762
0.226204176860763
0.226346610297404
0.226489080067944
0.226631586271066
0.226774129005877
0.22691670837191
0.227059324469122
0.227201977397898
0.227344667259051
0.227487394153819
0.227630158183874
0.227772959451314
0.227915798058671
0.228058674108906
0.228201587705414
0.228344538952024
0.228487527952998
0.228630554813035
0.228773619637268
0.22891672253127
0.229059863601047
0.229203042953049
0.229346260694163
0.229489516931715
0.229632811773477
0.229776145327659
0.229919517702916
0.230062929008347
0.230206379353497
0.230349868848355
0.230493397603357
0.23063696572939
0.230780573337785
0.230924220540327
0.231067907449248
0.231211634177233
0.231355400837421
0.231499207543402
0.231643054409222
0.23178694154938
0.231930869078834
0.232074837112997
0.232218845767741
0.232362895159398
0.232506985404759
0.232651116621076
0.232795288926063
0.232939502437898
0.233083757275222
0.23322805355714
0.233372391403225
0.233516770933516
0.23366119226852
0.233805655529212
0.233950160837039
0.234094708313918
0.234239298082236
0.234383930264856
0.234528604985113
0.234673322366818
0.234818082534257
0.234962885612195
0.235107731725873
0.235252621001012
0.235397553563813
0.235542529540959
0.235687549059615
0.235832612247428
0.23597771923253
0.236122870143541
0.236268065109564
0.236413304260191
0.236558587725503
0.236703915636071
0.236849288122955
0.23699470531771
0.237140167352381
0.237285674359509
0.237431226472129
0.237576823823774
0.237722466548473
0.237868154780755
0.238013888655646
0.238159668308676
0.238305493875875
0.238451365493776
0.238597283299418
0.238743247430343
0.238889258024601
0.23903531522075
0.239181419157856
0.239327569975494
0.239473767813753
0.239620012813231
0.239766305115041
0.239912644860813
0.240059032192688
0.240205467253328
0.240351950185912
0.240498481134138
0.240645060242224
0.240791687654912
0.240938363517467
0.241085087975674
0.24123186117585
0.241378683264833
0.241525554389993
0.241672474699226
0.241819444340962
0.241966463464159
0.242113532218311
0.242260650753445
0.242407819220122
0.242555037769443
0.242702306553044
0.242849625723102
0.242996995432334
0.243144415833998
0.243291887081898
0.24343940933038
0.243586982734336
0.243734607449206
0.243882283630978
0.244030011436189
0.244177791021928
0.244325622545836
0.244473506166109
0.244621442041496
0.244769430331304
0.244917471195396
0.245065564794197
0.245213711288689
0.24536191084042
0.245510163611497
0.245658469764594
0.245806829462952
0.245955242870376
0.246103710151244
0.246252231470502
0.246400806993666
0.246549436886829
0.246698121316655
0.246846860450387
0.246995654455842
0.247144503501418
0.247293407756094
0.247442367389428
0.247591382571563
0.247740453473227
0.247889580265733
0.248038763120982
0.248188002211463
0.248337297710259
0.248486649791041
0.248636058628076
0.248785524396225
0.248935047270946
0.249084627428295
0.249234265044928
0.249383960298102
0.249533713365676
0.249683524426115
0.249833393658487
0.249983321242471
0.250133307358351
0.250283352187026
0.250433455910003
0.250583618709405
0.250733840767969
0.250884122269051
0.251034463396623
0.251184864335279
0.251335325270233
0.251485846387324
0.251636427873016
0.251787069914397
0.251937772699187
0.252088536415735
0.252239361253018
0.252390247400652
0.252541195048884
0.252692204388598
0.252843275611318
0.252994408909208
0.253145604475072
0.253296862502358
0.25344818318516
0.253599566718218
0.253751013296923
0.253902523117312
0.254054096376078
0.254205733270567
0.25435743399878
0.254509198759374
0.25466102775167
0.254812921175644
0.254964879231939
0.255116902121861
0.255268990047384
0.255421143211147
0.255573361816462
0.255725646067312
0.255877996168354
0.256030412324919
0.256182894743018
0.256335443629339
0.256488059191253
0.256640741636814
0.256793491174758
0.256946308014512
0.257099192366189
0.257252144440594
0.257405164449224
0.257558252604271
0.257711409118623
0.257864634205866
0.258017928080287
0.258171290956877
0.258324723051327
0.258478224580039
0.258631795760121
0.258785436809391
0.25893914794638
0.259092929390332
0.259246781361211
0.259400704079695
0.259554697767184
0.259708762645802
0.259862898938396
0.260017106868539
0.260171386660534
0.260325738539414
0.260480162730946
0.260634659461631
0.260789228958706
0.26094387145015
0.26109858716468
0.26125337633176
0.261408239181596
0.261563175945145
0.261718186854112
0.261873272140955
0.262028432038886
0.262183666781874
0.262338976604645
0.262494361742689
0.262649822432255
0.262805358910363
0.262960971414795
0.263116660184106
0.263272425457624
0.263428267475448
0.263584186478458
0.263740182708309
0.263896256407441
0.264052407819075
0.264208637187218
0.264364944756668
0.264521330773011
0.264677795482627
0.264834339132692
0.264990961971179
0.265147664246861
0.265304446209314
0.265461308108919
0.265618250196864
0.265775272725148
0.265932375946581
0.266089560114788
0.266246825484211
0.266404172310113
0.266561600848578
0.266719111356514
0.266876704091658
0.267034379312575
0.267192137278663
0.267349978250154
0.267507902488119
0.267665910254467
0.267824001811951
0.267982177424167
0.268140437355561
0.268298781871427
0.268457211237914
0.268615725722024
0.268774325591619
0.268933011115421
0.269091782563016
0.269250640204855
0.26940958431226
0.269568615157422
0.269727733013407
0.269886938154158
0.2700462308545
0.270205611390135
0.270365080037656
0.270524637074541
0.270684282779159
0.270844017430772
0.27100384130954
0.271163754696521
0.271323757873675
0.271483851123868
0.271644034730872
0.271804308979372
0.271964674154963
0.27212513054416
0.272285678434395
0.272446318114024
0.272607049872326
0.272767873999509
0.272928790786714
0.273089800526013
0.273250903510417
0.273412100033876
0.273573390391285
0.273734774878483
0.273896253792258
0.274057827430353
0.274219496091463
0.274381260075244
0.274543119682311
0.274705075214247
0.274867126973598
0.275029275263886
0.275191520389603
0.27535386265622
0.275516302370189
0.275678839838943
0.275841475370906
0.276004209275488
0.276167041863093
0.276329973445124
0.276493004333982
0.276656134843071
0.276819365286801
0.276982695980592
0.277146127240879
0.27730965938511
0.277473292731756
0.277637027600308
0.277800864311286
0.277964803186239
0.27812884454775
0.278292988719436
0.278457236025959
0.27862158679302
0.27878604134737
0.278950600016809
0.279115263130194
0.279280031017436
0.27944490400951
0.279609882438454
0.279774966637377
0.279940156940457
0.280105453682949
0.280270857201188
0.280436367832591
0.280601985915661
0.280767711789992
0.280933545796273
0.281099488276289
0.281265539572926
0.281431700030177
0.281597969993143
0.281764349808037
0.281930839822189
0.282097440384051
0.282264151843195
0.282430974550325
0.282597908857274
0.282764955117014
0.282932113683652
0.283099384912443
0.283266769159787
0.283434266783236
0.283601878141497
0.283769603594436
0.283937443503086
0.284105398229641
0.284273468137473
0.284441653591125
0.284609954956322
0.284778372599971
0.284946906890169
0.285115558196203
0.285284326888557
0.285453213338915
0.285622217920167
0.28579134100641
0.285960582972953
0.286129944196326
0.286299425054276
0.28646902592578
0.286638747191043
0.286808589231503
0.286978552429839
0.287148637169974
0.287318843837075
0.287489172817565
0.287659624499121
0.28783019927068
0.288000897522448
0.288171719645897
0.288342666033775
0.28851373708011
0.288684933180212
0.288856254730679
0.289027702129402
0.289199275775569
0.289370976069671
0.289542803413504
0.289714758210177
0.289886840864113
0.290059051781057
0.290231391368079
0.29040386003358
0.290576458187294
0.290749186240297
0.29092204460501
0.291095033695201
0.291268153925994
0.291441405713872
0.291614789476683
0.291788305633643
0.291961954605344
0.292135736813756
0.292309652682232
0.292483702635516
0.292657887099746
0.29283220650246
0.293006661272598
0.293181251840514
0.293355978637973
0.293530842098161
0.293705842655691
0.293880980746605
0.294056256808379
0.294231671279935
0.294407224601637
0.294582917215301
0.294758749564203
0.294934722093079
0.295110835248132
0.295287089477042
0.295463485228964
0.29564002295454
0.295816703105899
0.295993526136667
0.296170492501972
0.296347602658446
0.296524857064234
0.296702256179
0.29687980046393
0.297057490381739
0.297235326396677
0.297413308974535
0.297591438582651
0.297769715689913
0.297948140766769
0.298126714285231
0.298305436718878
0.298484308542868
0.298663330233938
0.298842502270414
0.299021825132216
0.299201299300862
0.299380925259478
0.299560703492798
0.299740634487177
0.299920718730594
0.300100956712657
0.30028134892461
0.30046189585934
0.300642598011384
0.300823455876933
0.30100446995384
0.301185640741626
0.301366968741484
0.301548454456291
0.30173009839061
0.301911901050695
0.302093862944504
0.302275984581698
0.302458266473655
0.302640709133468
0.302823313075961
0.303006078817687
0.303189006876942
0.303372097773767
0.303555352029956
0.303738770169062
0.303922352716408
0.304106100199087
0.304290013145975
0.304474092087735
0.304658337556824
0.304842750087499
0.305027330215828
0.305212078479694
0.3053969954188
0.305582081574681
0.30576733749071
0.3059527637121
0.306138360785919
0.306324129261092
0.306510069688409
0.306696182620534
0.306882468612012
0.307068928219275
0.30725556200065
0.307442370516367
0.307629354328568
0.30781651400131
0.308003850100577
0.308191363194286
0.308379053852294
0.308566922646407
0.308754970150386
0.308943196939958
0.309131603592819
0.309320190688646
0.309508958809104
0.309697908537851
0.30988704046055
0.310076355164874
0.310265853240517
0.310455535279198
0.310645401874674
0.310835453622742
0.311025691121255
0.311216114970123
0.311406725771325
0.311597524128917
0.311788510649038
0.311979685939923
0.312171050611907
0.312362605277436
0.312554350551074
0.312746287049512
0.312938415391578
0.313130736198244
0.313323250092633
0.313515957700033
0.313708859647902
0.313901956565876
0.31409524908578
0.314288737841636
0.314482423469673
0.314676306608334
0.314870387898286
0.31506466798243
0.315259147505909
0.315453827116118
0.315648707462711
0.315843789197614
0.31603907297503
0.316234559451452
0.31643024928567
0.316626143138783
0.316822241674205
0.317018545557678
0.317215055457277
0.317411772043426
0.317608695988902
0.317805827968848
0.318003168660781
0.318200718744602
0.318398478902608
0.3185964498195
0.31879463218239
0.31899302668082
0.31919163400676
0.319390454854629
0.319589489921298
0.319788739906104
0.319988205510858
0.320187887439858
0.320387786399896
0.32058790310027
0.320788238252796
0.320988792571815
0.321189566774208
0.321390561579401
0.321591777709383
0.321793215888709
0.321994876844515
0.322196761306532
0.322398870007087
0.322601203681125
0.322803763066212
0.323006548902552
0.323209561932992
0.323412802903038
0.323616272560865
0.323819971657327
0.324023900945969
0.324228061183039
0.324432453127501
0.32463707754104
0.324841935188082
0.3250470268358
0.325252353254127
0.325457915215769
0.325663713496217
0.325869748873754
0.326076022129475
0.326282534047292
0.326489285413948
0.326696277019033
0.32690350965499
0.327110984117131
0.327318701203649
0.327526661715628
0.327734866457059
0.32794331623485
0.328152011858839
0.328360954141807
0.328570143899489
0.328779581950591
0.328989269116797
0.329199206222785
0.329409394096242
0.329619833567873
0.329830525471414
0.330041470643651
0.330252669924424
0.33046412415665
0.330675834186328
0.330887800862556
0.331100025037548
0.331312507566639
0.331525249308307
0.331738251124182
0.33195151387906
0.332165038440918
0.332378825680929
0.332592876473472
0.332807191696151
0.333021772229804
0.333236618958521
0.333451732769658
0.333667114553848
0.333882765205019
0.334098685620406
0.334314876700568
0.334531339349399
0.334748074474148
0.334965082985427
0.335182365797232
0.335399923826953
0.335617757995394
0.335835869226784
0.336054258448791
0.336272926592545
0.336491874592642
0.33671110338717
0.336930613917718
0.337150407129391
0.337370483970832
0.337590845394232
0.337811492355344
0.338032425813508
0.338253646731657
0.338475156076338
0.338696954817728
0.338919043929648
0.339141424389582
0.339364097178692
0.339587063281834
0.339810323687574
0.340033879388207
0.340257731379772
0.340481880662069
0.340706328238675
0.340931075116963
0.341156122308117
0.341381470827152
0.341607121692926
0.341833075928164
0.34205933455947
0.342285898617347
0.342512769136213
0.342739947154421
0.342967433714277
0.343195229862052
0.343423336648009
0.343651755126414
0.343880486355556
0.344109531397768
0.344338891319441
0.344568567191046
0.344798560087151
0.345028871086438
0.345259501271725
0.345490451729985
0.345721723552359
0.345953317834182
0.346185235675
0.346417478178587
0.346650046452966
0.34688294161043
0.347116164767558
0.347349717045238
0.347583599568684
0.347817813467458
0.348052359875489
0.348287239931093
0.348522454776994
0.348758005560343
0.348993893432738
0.349230119550249
0.34946668507343
0.349703591167349
0.349940839001603
0.35017842975034
0.350416364592282
0.350654644710744
0.350893271293656
0.351132245533584
0.351371568627753
0.351611241778067
0.35185126619113
0.352091643078272
0.352332373655566
0.352573459143852
0.35281490076876
0.353056699760732
0.353298857355043
0.353541374791826
0.353784253316092
0.354027494177755
0.354271098631655
0.354515067937577
0.354759403360281
0.355004106169519
0.355249177640062
0.355494619051724
0.35574043168938
0.355986616843
0.356233175807661
0.356480109883582
0.35672742037614
0.356975108595899
0.357223175858634
0.357471623485351
0.35772045280232
0.357969665141092
0.358219261838529
0.358469244236826
0.358719613683538
0.358970371531605
0.359221519139379
0.359473057870647
0.359724989094656
0.359977314186146
0.360230034525367
0.36048315149811
0.360736666495735
0.360990580915192
0.361244896159055
0.361499613635541
0.361754734758543
0.362010260947655
0.362266193628198
0.362522534231249
0.362779284193668
0.363036444958127
0.363294017973137
0.363552004693074
0.36381040657821
0.364069225094741
0.364328461714812
0.364588117916554
0.364848195184102
0.365108695007631
0.365369618883385
0.365630968313703
0.36589274480705
0.366154949878047
0.366417585047502
0.366680651842438
0.366944151796121
0.367208086448096
0.367472457344213
0.367737266036659
0.36800251408399
0.368268203051159
0.368534334509549
0.368800910037005
0.369067931217865
0.369335399642989
0.369603316909795
0.369871684622289
0.370140504391097
0.370409777833497
0.370679506573453
0.370949692241647
0.371220336475511
0.371491440919262
0.371763007223934
0.37203503704741
0.372307532054459
0.372580493916769
0.372853924312979
0.373127824928712
0.373402197456617
0.373677043596395
0.373952365054838
0.374228163545864
0.374504440790549
0.374781198517168
0.375058438461227
0.375336162365497
0.375614371980055
0.375893069062315
0.376172255377068
0.376451932696519
0.37673210280032
0.37701276747561
0.377293928517053
0.377575587726872
0.37785774691489
0.378140407898566
0.378423572503034
0.378707242561142
0.378991419913487
0.379276106408459
0.379561303902275
0.379847014259023
0.380133239350695
0.380419981057235
0.380707241266572
0.380995021874661
0.381283324785529
0.381572151911307
0.381861505172277
0.382151386496911
0.382441797821914
0.382732741092261
0.383024218261244
0.383316231290509
0.383608782150104
0.383901872818516
0.384195505282717
0.384489681538205
0.384784403589048
0.38507967344793
0.385375493136189
0.385671864683865
0.385968790129745
0.386266271521404
0.386564310915252
0.386862910376579
0.3871620719796
0.387461797807498
0.387762089952474
0.38806295051579
0.388364381607817
0.388666385348081
0.388968963865307
0.389272119297473
0.38957585379185
0.389880169505052
0.390185068603088
0.390490553261404
0.390796625664936
0.391103288008155
0.39141054249512
0.391718391339525
0.392026836764749
0.392335881003906
0.392645526299895
0.39295577490545
0.393266629083194
0.393578091105684
0.39389016325547
0.394202847825138
0.394516147117371
0.394830063444995
0.395144599131032
0.395459756508758
0.39577553792175
0.396091945723944
0.396408982279685
0.396726649963785
0.397044951161576
0.397363888268962
0.397683463692481
0.398003679849352
0.398324539167538
0.398646044085797
0.398968197053742
0.399291000531896
0.39961445699175
0.399938568915818
0.400263338797699
0.400588769142132
0.400914862465056
0.401241621293666
0.401569048166479
0.401897145633383
0.402225916255709
0.40255536260628
0.402885487269481
0.403216292841312
0.403547781929457
0.403879957153338
0.404212821144183
0.404546376545087
0.404880626011073
0.405215572209155
0.405551217818406
0.405887565530017
0.406224618047363
0.40656237808607
0.406900848374076
0.4072400316517
0.407579930671704
0.407920548199366
0.408261887012539
0.408603949901723
0.408946739670131
0.409290259133757
0.409634511121445
0.409979498474956
0.410325224049039
0.410671690711499
0.41101890134327
0.41136685883848
0.411715566104528
0.412065026062151
0.412415241645496
0.412766215802197
0.413117951493439
0.413470451694038
0.413823719392514
0.41417775759116
0.414532569306122
0.41488815756747
0.415244525419275
0.415601675919685
0.415959612140999
0.416318337169746
0.416677854106763
0.417038166067269
0.417399276180945
0.417761187592013
0.418123903459314
0.418487426956391
0.418851761271561
0.419216909608006
0.419582875183844
0.419949661232219
0.420317271001376
0.420685707754748
0.421054974771037
0.4214250753443
0.421796012784029
0.422167790415237
0.422540411578547
0.422913879630271
0.423288197942502
0.423663369903195
0.424039398916262
0.42441628840165
0.424794041795438
0.42517266254992
0.425552154133698
0.425932520031769
0.426313763745619
0.426695888793309
0.427078898709572
0.427462797045903
0.42784758737065
0.428233273269109
0.428619858343619
0.429007346213655
0.429395740515923
0.429785044904456
0.430175263050711
0.430566398643665
0.430958455389913
0.431351437013766
0.431745347257348
0.432140189880701
0.432535968661876
0.432932687397042
0.433330349900582
0.433728960005198
0.434128521562013
0.434529038440669
0.43493051452944
0.435332953735328
0.435736359984175
0.436140737220763
0.436546089408923
0.436952420531642
0.437359734591174
0.43776803560914
0.438177327626646
0.438587614704389
0.438998900922767
0.439411190381992
0.439824487202199
0.440238795523563
0.44065411950641
0.441070463331329
0.441487831199293
0.441906227331766
0.442325655970828
0.442746121379285
0.443167627840791
0.443590179659966
0.444013781162514
0.444438436695342
0.444864150626686
0.445290927346226
0.445718771265213
0.446147686816589
0.446577678455116
0.447008750657493
0.447440907922489
0.447874154771065
0.448308495746503
0.448743935414532
0.449180478363461
0.449618129204303
0.450056892570909
0.4504967731201
0.450937775531797
0.451379904509153
0.451823164778693
0.452267561090439
0.452713098218056
0.45315978095898
0.453607614134561
0.454056602590198
0.45450675119548
0.454958064844325
0.455410548455123
0.455864206970873
0.456319045359331
0.456775068613153
0.457232281750037
0.45769068981287
0.458150297869875
0.45861111101476
0.45907313436686
0.459536373071297
0.46000083229912
0.460466517247463
0.460933433139697
0.461401585225579
0.46187097878141
0.46234161911019
0.462813511541775
0.463286661433032
0.463761074168001
0.464236755158051
0.464713709842043
0.465191943686489
0.465671462185722
0.466152270862047
0.466634375265919
0.467117780976102
0.467602493599835
0.468088518773005
0.468575862160313
0.469064529455444
0.469554526381242
0.470045858689878
0.470538532163027
0.471032552612042
0.47152792587813
0.472024657832531
0.472522754376693
0.473022221442453
0.473523064992221
0.474025291019158
0.474528905547359
0.475033914632042
0.47554032435973
0.476048140848439
0.476557370247864
0.477068018739573
0.477580092537195
0.478093597886611
0.478608541066149
0.479124928386778
0.479642766192305
0.48016206085957
0.480682818798645
0.481205046453037
0.481728750299885
0.482253936850165
0.482780612648893
0.483308784275329
0.483838458343189
0.484369641500846
0.484902340431543
0.485436561853606
0.485972312520651
0.486509599221803
0.487048428781907
0.487588808061748
0.488130743958268
0.488674243404783
0.48921931337121
0.489765960864282
0.490314192927778
0.490864016642748
0.491415439127736
0.491968467539013
0.492523109070807
0.493079370955531
0.493637260464022
0.49419678490577
0.49475795162916
0.495320768021708
0.495885241510298
0.49645137956143
0.497019189681456
0.497588679416831
0.498159856354354
0.498732728121422
0.499307302386275
0.499883586858248
0.500461589288029
0.501041317467907
0.501622779232037
0.502205982456691
0.502790935060522
0.503377645004826
0.503966120293807
0.504556368974841
0.505148399138742
0.505742218920036
0.506337836497231
0.506935260093086
0.507534497974893
0.508135558454747
0.508738449889831
0.509343180682694
0.509949759281532
0.510558194180478
0.511168493919883
0.51178066708661
0.512394722314321
0.51301066828377
0.513628513723101
0.514248267408142
0.514869938162705
0.515493534858887
0.516119066417374
0.516746541807744
0.517375970048776
0.51800736020876
0.51864072140581
0.519276062808173
0.51991339363455
0.520552723154414
0.521194060688326
0.521837415608265
0.522482797337947
0.523130215353155
0.52377967918207
0.524431198405599
0.525084782657714
0.525740441625786
0.526398185050925
0.527058022728322
0.527719964507591
0.528384020293118
0.529050200044408
0.529718513776436
0.530388971560004
0.531061583522091
0.531736359846221
0.532413310772816
0.533092446599562
0.53377377768178
0.534457314432791
0.535143067324285
0.535831046886706
0.536521263709615
0.537213728442081
0.53790845179306
0.538605444531777
0.53930471748812
0.540006281553025
0.540710147678872
0.541416326879884
0.542124830232521
0.542835668875888
0.543548854012133
0.544264396906861
0.544982308889544
0.545702601353929
0.546425285758465
0.547150373626711
0.547877876547769
0.548607806176705
0.549340174234975
0.550074992510865
0.550812272859919
0.55155202720538
0.552294267538634
0.553039005919648
0.553786254477426
0.554536025410452
0.555288330987152
0.556043183546347
0.556800595497713
0.557560579322251
0.558323147572751
0.559088312874259
0.559856087924562
0.560626485494656
0.561399518429234
0.562175199647168
0.562953542141997
0.563734558982423
0.564518263312802
0.565304668353646
0.566093787402129
0.566885633832585
0.567680221097028
0.568477562725661
0.569277672327394
0.570080563590368
0.57088625028248
0.571694746251911
0.572506065427661
0.573320221820084
0.574137229521435
0.574957102706406
0.575779855632685
0.576605502641502
0.577434058158191
0.57826553669275
0.579099952840405
0.579937321282183
0.580777656785485
0.581620974204662
0.582467288481603
0.583316614646316
0.584168967817524
0.585024363203257
0.585882816101457
0.586744341900576
0.587608956080194
0.588476674211623
0.589347511958534
0.590221485077573
0.591098609418992
0.591978900927283
0.59286237564181
0.593749049697457
0.594638939325268
0.595532060853102
0.596428430706291
0.597328065408298
0.598230981581382
0.599137195947277
0.600046725327857
0.600959586645827
0.601875796925403
0.602795373293008
0.603718332977968
0.604644693313209
0.605574471735974
0.606507685788526
0.607444353118874
0.608384491481491
0.609328118738045
0.610275252858136
0.611225911920033
0.612180114111418
0.613137877730145
0.614099221184988
0.615064162996412
0.616032721797335
0.617004916333907
0.617980765466288
0.618960288169436
0.619943503533898
0.620930430766612
0.621921089191704
0.622915498251306
0.623913677506372
0.624915646637495
0.625921425445746
0.626931033853501
0.627944491905288
0.628961819768636
0.629983037734925
0.631008166220256
0.632037225766312
0.633070237041237
0.634107220840517
0.635148198087866
0.636193189836129
0.637242217268172
0.638295301697805
0.639352464570688
0.64041372746526
0.641479112093666
0.642548640302699
0.643622334074739
0.644700215528714
0.645782306921051
0.646868630646645
0.647959209239843
0.649054065375409
0.650153221869532
0.651256701680812
0.652364527911267
0.653476723807352
0.654593312760972
0.655714318310518
0.656839764141901
0.657969674089594
0.659104072137695
0.660242982420978
0.661386429225967
0.66253443699202
0.663687030312402
0.664844233935397
0.666006072765401
0.667172571864034
0.668343756451271
0.669519651906559
0.670700283769967
0.67188567774333
0.673075859691404
0.674270855643034
0.675470691792332
0.676675394499855
0.677884990293808
0.679099505871237
0.680318968099252
0.681543404016243
0.682772840833115
0.684007305934531
0.685246826880159
0.686491431405939
0.687741147425354
0.688996003030709
0.690256026494429
0.691521246270352
0.692791690995053
0.694067389489158
0.695348370758684
0.696634663996382
0.697926298583089
0.699223304089097
0.700525710275532
0.701833547095737
0.703146844696676
0.70446563342034
0.705789943805173
0.707119806587502
0.708455252702982
0.709796313288054
0.711143019681412
0.712495403425479
0.713853496267908
0.715217330163075
0.716586937273601
0.717962349971879
0.719343600841614
0.720730722679376
0.722123748496165
0.723522711518989
0.724927645192455
0.726338583180373
0.727755559367372
0.729178607860532
0.730607762991023
0.732043059315767
0.733484531619098
0.734932214914462
0.736386144446096
0.737846355690749
0.739312884359409
0.740785766399035
0.742265037994313
0.743750735569426
0.745242895789831
0.746741555564062
0.748246752045534
0.749758522634376
0.751276904979267
0.752801936979294
0.754333656785824
0.755872102804389
0.75741731369659
0.758969328382017
0.760528186040174
0.762093926112439
0.763666588304024
0.765246212585958
0.766832839197086
0.768426508646082
0.770027261713481
0.771635139453732
0.773250183197251
0.774872434552519
0.776501935408168
0.778138727935104
0.779782854588646
0.781434358110665
0.783093281531768
0.784759668173479
0.786433561650443
0.78811500587266
0.789804045047717
0.791500723683056
0.79320508658826
0.794917178877336
0.796637045971054
0.798364733599273
0.800100287803299
0.801843754938274
0.803595181675555
0.80535461500515
0.807122102238145
0.808897691009165
0.810681429278856
0.812473365336382
0.814273547801943
0.816082025629327
0.81789884810846
0.819724064868005
0.821557725877959
0.823399881452286
0.82525058225157
0.827109879285681
0.828977823916481
0.830854467860538
0.832739863191865
0.834634062344696
0.836537118116257
0.838449083669599
0.840370012536419
0.842299958619925
0.844238976197724
0.846187119924728
0.848144444836084
0.850111006350146
0.852086860271441
0.854072062793695
0.85606667050286
0.858070740380174
0.860084329805259
0.862107496559217
0.86414029882779
0.866182795204514
0.868235044693918
0.870297106714748
0.872369041103213
0.874450908116265
0.876542768434903
0.878644683167509
0.880756713853211
0.882878922465273
0.885011371414515
0.887154123552772
0.889307242176358
0.891470791029596
0.893644834308345
0.895829436663574
0.898024663204972
0.900230579504566
0.902447251600405
0.904674746000243
0.90691312968527
0.909162470113881
0.911422835225459
0.913694293444209
0.91597691368302
0.918270765347349
0.92057591833916
0.92289244306088
0.925220410419396
0.92755989183009
0.929910959220896
0.932273685036419
0.934648142242058
0.937034404328184
0.93943254531436
0.941842639753575
0.94426476273654
0.946698989896006
0.949145397411123
0.951604062011849
0.954075060983373
0.956558472170602
0.959054373982681
0.961562845397531
0.96408396596647
0.966617815818831
0.969164475666646
0.971724026809371
0.974296551138633
0.976882131143051
0.979480849913068
0.982092791145844
0.984718039150192
0.987356678851546
0.990008795796986
0.992674476160308
0.995353806747115
0.998046875
