0.000798384574806002
0.001836606819764
0.00219704978268059
0.00228017066479613
0.00233246763700919
0.00299098537939337
0.00329761653100042
0.00343416622891696
0.00402691014657556
0.00654325059167472
0.00886794934105256
0.0099572546440409
0.0102591712802104
0.0133147036250136
0.0155486368232882
0.0169186356826445
0.017342068753251
0.0189606168565466
0.0216963318563972
0.0224569974284115
0.022743719035674
0.0230501002265368
0.0239230969967586
0.0245157556924021
0.0248317766023862
0.0258570176304886
0.0266957226343672
0.0269240906974185
0.028776950559283
0.028961798202802
0.0294121430654436
0.0307144594362444
0.0320129468585701
0.0329780691884663
0.0330127303220241
0.0343664517568
0.0344756605303148
0.0349630640363374
0.0359870888616904
0.036401696107066
0.0368691216305784
0.0370069704597597
0.0384536609549818
0.0386475106634905
0.0388591278316896
0.0439865641175258
0.0451935681510846
0.0453852783789621
0.0474397778677144
0.0497730835644925
0.0520143590901014
0.0521103185891674
0.0522385633314441
0.053367019816697
0.0556271749307195
0.058458628569268
0.0598129954607829
0.0600719385532815
0.0604805340495311
0.0609938689933488
0.0615333174362658
0.0625631351940131
0.0632489811165422
0.0635949475156984
0.0655960792193792
0.0664062901728662
0.0681972011389815
0.0688962780530652
0.0701432015392765
0.0707175779004888
0.0715382648416527
0.0731700704402462
0.0748417881404252
0.0751644413016442
0.0753589812467753
0.0754853826304337
0.0772793460679564
0.0781245033630738
0.0791611046808963
0.0796609474733108
0.0820389747860412
0.0837541159230282
0.0844996909137378
0.084532378710223
0.0863398702591684
0.0875734239449722
0.0889623392115364
0.0889639149652853
0.0909798735782354
0.0915048953431967
0.0927196277207009
0.0929719514438753
0.0938967646076945
0.0947906847306382
0.0957375502340967
0.095867756131407
0.0979504540051596
0.098001715370082
0.0992369853314413
0.0992599287276332
0.0993076222455055
0.0993802911588241
0.0995897103460906
0.099629429527401
0.099910923264935
0.100515860531861
0.100961475095422
0.101407158280476
0.103453300631297
0.104272044067623
0.105048734991346
0.108107356185246
0.109134279363215
0.109211512920656
0.109936881137507
0.11039040243343
0.11109065579821
0.111266492424755
0.111536086355736
0.111675259620074
0.111826887165045
0.112040902568278
0.113174768819703
0.113186494369114
0.11359384569907
0.11418841078128
0.114911023349085
0.114939853442933
0.115323477166202
0.115845461380024
0.115870544646391
0.116134794179275
0.116451105518923
0.118408036979912
0.11876119701897
0.119388374717082
0.12062253352864
0.121134311137386
0.121183844576674
0.122510874099402
0.124709336455547
0.125932089168932
0.125952543587684
0.126450263726592
0.126468828963992
0.126645315429828
0.127179077469327
0.127354054097197
0.127522733446957
0.129260930701907
0.129660665598457
0.131577017780868
0.131611088340855
0.131842793106368
0.132283326077945
0.132369581258767
0.132487892237102
0.13275182049834
0.13494700614738
0.135150470842759
0.135979080986466
0.136129752728989
0.136345198340407
0.138760687101421
0.13917553233599
0.139240164305451
0.139850452993472
0.140015543882994
0.141513848681549
0.141539829966201
0.141633605212162
0.142247658141214
0.142534729916358
0.143682881327951
0.144009767978102
0.144242613880626
0.145384081810217
0.146732537656349
0.148756858147283
0.151706540707228
0.152745272086842
0.152760935363216
0.152887310590135
0.153416038988571
0.154076113322736
0.154098965623869
0.156150131344821
0.156325338688672
0.156655006013612
0.156782212120249
0.159328194869643
0.159590025411989
0.160658303172186
0.161060650470497
0.161501033117674
0.162037692934741
0.162676815895491
0.164435485471927
0.165874902262688
0.166256688916568
0.167494580139131
0.16795848140861
0.167972454185815
0.168044454482143
0.169205256269961
0.17012162052584
0.171513708129074
0.171838154267463
0.172327054954763
0.172600971071519
0.173667872217504
0.175404127891909
0.176801748361642
0.177923594697308
0.17847320320756
0.179173213546441
0.180132469298355
0.181650415165976
0.182456037921184
0.182511553692988
0.18612318366875
0.186601235170575
0.187024034179598
0.187304491160829
0.188274041155156
0.189005394907267
0.190778105632524
0.191380667264522
0.192126047856859
0.194645276217634
0.194893692129178
0.19583410715634
0.196063653990329
0.197721631829656
0.197943316197617
0.199345768398698
0.199908972264946
0.203056396485342
0.203563834652709
0.204756533116157
0.205233385372927
0.206509821510409
0.20740692217415
0.207801079829418
0.208298875817671
0.211443607370889
0.21167345055752
0.212673539072357
0.21298889862877
0.213351033265867
0.214207162638638
0.216376910583173
0.217215301099711
0.217329253067791
0.218892145009023
0.219375210684259
0.220185456772934
0.22048038242979
0.221290890487343
0.224197329896553
0.224503528198602
0.224993133517902
0.225588135559811
0.225991187259064
0.227832636464902
0.227901712118913
0.229664705615325
0.2302616400524
0.231226908645181
0.232257354171532
0.232496462137304
0.23458990449517
0.235693392192291
0.236782117074267
0.237076101540566
0.237184932211571
0.238225436737517
0.238674297946449
0.239157181785365
0.239352846783902
0.239458352602056
0.239706377983267
0.240298228952435
0.247992639651593
0.25033013869928
0.250455200189222
0.25071867611208
0.252527610299879
0.252566982765776
0.253241839558325
0.253320196160174
0.254434260369065
0.25481182641219
0.255734544740541
0.255746968057487
0.258808100255261
0.25963286981626
0.260599059429808
0.261898297784545
0.264175646819983
0.264898011993338
0.266163175377308
0.268170036991544
0.268284776044987
0.271905858272926
0.273058565132809
0.273526512554282
0.274792754914422
0.274924647185115
0.277297963760891
0.277637898851332
0.277904308769848
0.278289236800519
0.278927017937588
0.280832449364425
0.281428983164629
0.281729276961324
0.281964411930158
0.283462796215473
0.283679641469809
0.284417103693755
0.285946625997946
0.286996223484451
0.28896706757324
0.289491909239903
0.28949914831969
0.290468948283676
0.290496115277422
0.292174421227999
0.292456416632156
0.293919147238407
0.294484694980413
0.297996515329531
0.298159407304047
0.299043070432954
0.299411728509771
0.300391027970608
0.300666870520774
0.301092368403767
0.301463860545575
0.302933424447967
0.303526711514327
0.304381475096778
0.305107578113321
0.305268147073328
0.305856241511767
0.306596783433436
0.309004027738197
0.310539003113828
0.311476327857768
0.312397153105351
0.312519988588151
0.315722814686498
0.316531939886407
0.320642196550303
0.321999608086429
0.322710772613579
0.32406556686167
0.324439604859746
0.32578453798151
0.325987198105104
0.327553106296204
0.328078427726499
0.328329495115937
0.328894049047098
0.329120242461478
0.329327010753365
0.330321068420387
0.330707306715346
0.331587415934782
0.33276138171629
0.333601412042536
0.333997535301259
0.334228975314834
0.334910479805499
0.335206902322663
0.336213079933384
0.336650028389522
0.337872806139753
0.338893184337308
0.340311980242418
0.34047111877807
0.340511542715848
0.341100982991715
0.341389726447109
0.341702133741649
0.342090082329001
0.342510843463356
0.343318456877515
0.34361731615757
0.344360779153786
0.34531761112098
0.345748444534673
0.346317261104301
0.3466166819927
0.346939271489107
0.347762414917666
0.348158437858143
0.34841927340922
0.349177942077473
0.349967056943997
0.352402495643148
0.353015845821215
0.353589348323089
0.354437375002045
0.355109343530365
0.35511005362351
0.355840782204131
0.356232698010584
0.359047011004826
0.359622662628683
0.362235493387269
0.362296610776049
0.365719722385526
0.365980834713861
0.366161940048549
0.366668139213964
0.367250369290987
0.368192670870831
0.368571747034483
0.369913094259966
0.370308127345762
0.370827402527483
0.371696069616142
0.371925348458287
0.372683586816167
0.373154882481759
0.374209930080991
0.375622320395523
0.375845091751776
0.376628127796012
0.376785858800795
0.377305703352417
0.377824819205587
0.379214745327444
0.379700561580059
0.380027740445733
0.380277393706168
0.380640986766944
0.383356044632066
0.383908053394461
0.385093184265532
0.385642622079227
0.386359590583406
0.386659985119091
0.386859167461047
0.387045795590936
0.388617673582212
0.388899541934129
0.391806775964753
0.393399881198009
0.394420865262699
0.394756385922619
0.395188459661233
0.395365836033927
0.395720487603473
0.395987746159269
0.398051051840472
0.399925941876349
0.400025244889831
0.40146341697339
0.403612604838222
0.405233101451071
0.405628494919248
0.406075585390599
0.407578739890008
0.407692348389399
0.407744108059364
0.409496448710347
0.410204343969883
0.410698211648353
0.413217632768151
0.413270126676169
0.41350796191148
0.415471503999036
0.416543535740974
0.41856341580459
0.418591319789084
0.419598149132069
0.4202304712346
0.420502309214964
0.421305386526883
0.422104569342095
0.422115036434162
0.423518828952245
0.424167889855942
0.425051740287587
0.427567907794692
0.427701266392004
0.428303636389318
0.428837229065889
0.431287386208107
0.431919157782504
0.43414111396341
0.43486299511958
0.43487916927878
0.434955146731208
0.435253637151579
0.435479441737715
0.435995572165153
0.436628934264994
0.436809878428685
0.437658539901596
0.438190599062515
0.440194049860593
0.440386815920194
0.440508722598766
0.440836678463619
0.44255861467579
0.44286932253392
0.444265847300957
0.44451662700559
0.44677141314168
0.449637867023219
0.450004598718487
0.450395608989936
0.454892223121626
0.454945007477492
0.456739654325442
0.457344882291502
0.458188174933428
0.458312207377877
0.45867699135697
0.460591150482035
0.461622517920974
0.462472099399896
0.466357976769156
0.467469140411351
0.468097707624965
0.468855862881328
0.46901456491313
0.469913029482968
0.470241485101437
0.470504956966349
0.470669001435905
0.474720384140828
0.47546022681329
0.475494425730089
0.477557172825319
0.478550192523255
0.479808988628496
0.480236723510398
0.480249601387007
0.480741754895086
0.482777578329043
0.482882193725595
0.483059808688544
0.48441007206315
0.485179009766987
0.48567219101714
0.486205154527681
0.487584961564331
0.488486609505813
0.489121945890885
0.489122678057156
0.489347482141329
0.489902658331288
0.490702709374532
0.490838988688643
0.491149421044798
0.491453409932938
0.492537650210669
0.49358837271482
0.494336520860236
0.494358402462342
0.497055190785729
0.497442184739264
0.497547561292106
0.499257067034678
0.501605137627842
0.502413688629254
0.503368127866737
0.504059159136232
0.504786126120671
0.506785583230359
0.507693655374107
0.508408754384257
0.509807338282532
0.509897772795446
0.510343705103156
0.510748693653407
0.511074051480032
0.511251215092937
0.513211601055044
0.513326021241171
0.514646035148704
0.51556360209602
0.515686986867162
0.516905125694584
0.517938732610883
0.518071922064933
0.519009531479779
0.52030816068646
0.520969237787044
0.521365513055743
0.521492735326154
0.522433516061232
0.524218486158891
0.524510529665324
0.5259620449323
0.526632120946762
0.530148358273102
0.53044297412798
0.531411623034843
0.531543219775758
0.533047346339795
0.533226151589952
0.534328696388642
0.534349712993695
0.535530839374091
0.535684640722256
0.535702480307646
0.536449106666677
0.53750864774969
0.537640494721663
0.537701555841259
0.537916179976794
0.537974531272143
0.539564172336896
0.539922903236994
0.540137122382168
0.54089125652602
0.541403841975783
0.541896596907499
0.542100989471459
0.543198339470119
0.543591088160046
0.543663987268676
0.543667012289346
0.543803213367132
0.544058262120072
0.544736647750327
0.54554037340665
0.547309469830559
0.548112745509622
0.548736409700048
0.549913558086508
0.55017921038239
0.552281607135862
0.554301236418307
0.556536694951907
0.558413166413658
0.559591876474012
0.559824973497043
0.560215364366741
0.561746628281621
0.562212010705069
0.563748202006127
0.563984341078646
0.565011639055092
0.565548160770823
0.567844269507579
0.568308969917195
0.568387385481455
0.568702601568787
0.569159597313542
0.56937865727751
0.569498001442621
0.570582113029071
0.570981627376313
0.572839456438948
0.573276742629921
0.573666076322894
0.574130221542138
0.576636123002024
0.57854543461727
0.579031869893355
0.580851343195627
0.581959228112959
0.58243678553463
0.585916633520674
0.586673218492681
0.587259678165559
0.58753299173155
0.587996114949128
0.589901710788245
0.590364538762783
0.590746036778404
0.59179076362852
0.593257577475476
0.593475666451455
0.593482727253222
0.594185588354984
0.59489345882646
0.595566390970263
0.596208511350725
0.596528056198337
0.597185351863231
0.598113221001932
0.601650316196717
0.602286156089276
0.602625500040096
0.602972957763475
0.603924617136803
0.60519700924182
0.606239844673124
0.606648955597032
0.607435788769202
0.607554137442967
0.609981804116319
0.611984403161819
0.612058958122663
0.6146892365121
0.616449882660049
0.61682083741762
0.617479346814475
0.617711447887749
0.61775676161962
0.619059203907017
0.619605848325694
0.620292534496845
0.621336027089825
0.62726149974941
0.630178722653751
0.631388865192495
0.631393026674805
0.632129698793599
0.632571576052457
0.632983168741394
0.633696780193009
0.634193734064239
0.635035556968553
0.63537811147956
0.6361936239272
0.636934346332506
0.637254960225528
0.637767963782315
0.638663183916223
0.639262569404569
0.63940508362175
0.639720925137245
0.639786664819943
0.643213910092008
0.646082493007023
0.648465485194903
0.64852337616988
0.648883485705117
0.649533291500586
0.64970067134713
0.650183154331556
0.650261179557393
0.650495508707985
0.650510138786661
0.651239249812132
0.651416013193584
0.652492831661577
0.655925087611902
0.657474797564235
0.657868969045466
0.65932259846187
0.659613741606922
0.660056138254444
0.66077713819893
0.663898576056225
0.664394660961328
0.665254694209361
0.665424331025777
0.666284777765015
0.667202678658844
0.667983746500866
0.66872324309931
0.669151407335942
0.669401583696098
0.669645950650473
0.670985087970909
0.67103957808671
0.671126768235709
0.671159226848353
0.674930128579473
0.674980524718418
0.675006730941127
0.677118435027502
0.677153878484634
0.680054578447963
0.680712311311258
0.680856222040037
0.681226840145317
0.681249004948603
0.68176984449923
0.684485073162438
0.684662229372409
0.684685020106144
0.684829859561697
0.684916201191674
0.684963147317413
0.686039343480012
0.687445987665298
0.687824486249208
0.688031139353898
0.688208007089372
0.69307368113236
0.693247123908598
0.695139017580359
0.695157111237134
0.695815652226905
0.69598429304415
0.696369823626429
0.696849525058889
0.698863455097164
0.699054474198745
0.699291328013264
0.700369869722041
0.701001135290342
0.703117414843024
0.703666286850571
0.704363900630004
0.707487291430642
0.707702474565239
0.709953970289529
0.710729981255897
0.714552805809847
0.714801355292248
0.714840662098301
0.715169673891308
0.715362331403718
0.715863140957391
0.717684121172239
0.720764182768783
0.721641553478167
0.721999967912281
0.722159534655059
0.722768221869597
0.723024883765768
0.723513827620142
0.724125610395917
0.724216190596645
0.725440962545309
0.725503764182262
0.725927089902696
0.726244686194205
0.726510607650307
0.726916547168767
0.727753818335361
0.728599783069598
0.729058688836932
0.729601759198709
0.730091849429891
0.730993434206852
0.731750982297426
0.732045639075712
0.732422111509958
0.733493065506001
0.734245838909291
0.736684039594647
0.738433838857446
0.73847675941074
0.740048338119248
0.740354999678771
0.741694051192948
0.74172915246187
0.742866652701439
0.744524720327859
0.744885140022601
0.745877329330072
0.745915798223662
0.745980172414453
0.746489912777826
0.746569861199923
0.748383079722387
0.748482628293504
0.749994041163544
0.750645425514804
0.750928098525038
0.751720046496788
0.751756178794151
0.753014419332646
0.753155980993189
0.753395506238696
0.755389158935659
0.755467585505898
0.755760216253093
0.756001326668379
0.757343471141297
0.757942356772645
0.758444993318061
0.760538448482775
0.760550868744822
0.760935956797506
0.761259551447449
0.761447890718778
0.763223853617583
0.764122751921129
0.765730275139336
0.766230218073616
0.766786329584674
0.766938148825262
0.767270042701783
0.770317565002753
0.772138614561965
0.772241262377925
0.773072405893676
0.773392738493103
0.775013913411625
0.775906631535922
0.776045540472358
0.776960347897357
0.77717070468208
0.777209199389793
0.777684012265593
0.778594519432327
0.778963552609777
0.779817808794663
0.779837394248206
0.78006596370215
0.780364003598571
0.782072540770444
0.785767140562702
0.786021351380844
0.78686795485159
0.787997859180023
0.790009862341771
0.790653488508185
0.791456519806335
0.792176164011439
0.792348734792557
0.792690631122684
0.79278789225117
0.793153383678715
0.794158866758457
0.794355320492068
0.794487579112863
0.795644665835839
0.797229389278882
0.798190115691736
0.798688551741916
0.799514466646076
0.79979433123823
0.802075979275301
0.805834194398242
0.805982729703178
0.806484952995498
0.806937554157727
0.807890295163704
0.808307468686302
0.809323202150495
0.810037121015812
0.810529109102672
0.81066557438118
0.810769334449483
0.810926482611575
0.810935964999364
0.811239699916808
0.81188414126206
0.812823187541835
0.813363002195468
0.81457395083142
0.814593692307705
0.815080070416436
0.815838551074216
0.815927673428811
0.815993740407109
0.816151189255764
0.816186475292804
0.816287907385544
0.816993215077472
0.818301122590407
0.818696035546231
0.82017109806374
0.821600246945299
0.824678999402372
0.826820770872011
0.827117477070393
0.827823621326446
0.828009344110604
0.829342719614287
0.82960306245232
0.830682879258465
0.831061316576992
0.831278693014862
0.831418622297362
0.834838691475973
0.836465978584044
0.836477369300714
0.837018399175513
0.837189782047877
0.837758096781214
0.838735878597923
0.838953297082658
0.840107105602627
0.841432396794486
0.841967642253868
0.843784086668061
0.843880558680605
0.844149397235476
0.845218371242022
0.845521412079545
0.848682761415195
0.849060948109813
0.850854067015577
0.850899486959467
0.851844840365265
0.851991751372148
0.854208156227413
0.855822697197653
0.8568831502685
0.85692456290607
0.85710146709618
0.857140676898698
0.857168123712654
0.857571734966916
0.85808675169873
0.860417978843313
0.860988693519167
0.861171277838552
0.862758781235377
0.862841979382784
0.864134925441219
0.864338650993
0.864707306550249
0.864802791513675
0.865684955431963
0.866064699089973
0.866780857354455
0.867236929877406
0.867412597864745
0.867483045908374
0.867889369769673
0.871265154706807
0.871605299665854
0.87197898819348
0.872394575513821
0.873095929326121
0.873165232318711
0.874116266712557
0.874343594189914
0.874417937794782
0.875404857022999
0.875451519006722
0.876306507924594
0.878309551445965
0.879677058528915
0.880601489910859
0.881120794284301
0.881602811174841
0.881832338493395
0.882152736381731
0.885740375732696
0.887309079117338
0.888069625922325
0.888175467672359
0.88828761226762
0.889979364121212
0.890042295528721
0.890617368757072
0.890698859471311
0.891906283154405
0.892173459422431
0.892245483896042
0.892652055112268
0.892763817415799
0.893124844613228
0.893582115979759
0.893914956496412
0.89392230821112
0.894611226479638
0.895439072229562
0.895815214726306
0.896226626562011
0.898362660638086
0.898472594725497
0.898670207065308
0.899052181498355
0.900582560909935
0.90071472218708
0.900759415774957
0.900973501961375
0.901906275592996
0.903414284431416
0.904878553269398
0.906552448943361
0.907258150966042
0.908297897294461
0.908821786748242
0.908916248393198
0.909133211705013
0.912475952689225
0.913555827942041
0.915703197696882
0.918110864991027
0.918244317299741
0.920211295179121
0.920295965258164
0.920546270344901
0.921407902359613
0.921542759718483
0.922139532289939
0.922217976152835
0.924343603885332
0.925215793161904
0.925651302558493
0.92569579754605
0.925761343043481
0.925784318506819
0.925965783979749
0.926378957409004
0.926497469396965
0.926717838555611
0.92761511001089
0.928465362973662
0.928626170460787
0.930588428944297
0.930978725806607
0.93142715331042
0.931995967607053
0.932996694848148
0.933093316883918
0.933182802016087
0.933344860291747
0.934110600664627
0.934111161027642
0.934438585014446
0.934894168178162
0.935414787016312
0.936449095743135
0.936859075814679
0.937010930448626
0.937481657059729
0.937629811775606
0.939720796631104
0.94030886722626
0.94048388813681
0.940966802032178
0.94107053845943
0.941423998667608
0.941500454808831
0.941509463429439
0.941579868153099
0.941629090179974
0.942014670038425
0.943269023309722
0.943497019679343
0.943577605661113
0.943608474955183
0.943615429947526
0.944040223280524
0.944450340358902
0.945835222490214
0.946077148075396
0.946091555504076
0.946721063739262
0.947200750015014
0.948013710912496
0.948273020595471
0.949229429096898
0.949585553119428
0.949642477589214
0.949975601885756
0.950127231325757
0.950258442844345
0.950535427464598
0.950948882382546
0.951208610741879
0.95121602630609
0.952223343122609
0.952691943870492
0.952992062606803
0.953227406027935
0.953359181039093
0.953727160365725
0.953908386161979
0.953941735264473
0.954907483894681
0.955532165796301
0.9559197651374
0.956168990926525
0.956493447032308
0.956794961302001
0.957606605012459
0.957677931037844
0.958265462880385
0.958542308084513
0.958870080521218
0.958936979503799
0.959057788562061
0.959168501036791
0.959432059045494
0.959903927014191
0.960536879044331
0.960813545181909
0.961727632623267
0.962160120625982
0.962180830399355
0.962524354758864
0.962710726202138
0.962902081323748
0.963146184431303
0.963389407660981
0.964000294679002
0.964290243451596
0.964323551788279
0.964543596624922
0.964804225592621
0.964965859969193
0.96502684878132
0.965099323760412
0.965187781646883
0.96532457643807
0.965667670546451
0.965712143594149
0.96578552872749
0.966111039240667
0.966365588381321
0.966777615065364
0.967451240004603
0.967480474941555
0.967884581241795
0.968344484447208
0.96842780601925
0.968769311849232
0.968773353491648
0.969003300100097
0.969644494275381
0.970064864441446
0.970462439041891
0.970718298090036
0.970851709144426
0.971423153399211
0.971518142039697
0.971989899949631
0.972070103888951
0.972735763477472
0.972928857676555
0.973567739743549
0.973693045760424
0.973893940680653
0.974151960521792
0.974154045135298
0.974714740805788
0.975115410673335
0.975408240608616
0.975729344084867
0.975968400155719
0.976172661939447
0.976188969281321
0.976323723021878
0.97632610454144
0.97636146575726
0.976483466019632
0.976567556543141
0.976713977102525
0.977577507664181
0.977681854655466
0.978201988831845
0.978356961648644
0.978362746949182
0.97837131006414
0.978654878681835
0.978682972357901
0.978690262910327
0.978888642165726
0.979003130239669
0.979208835483472
0.97927805587924
0.979495795487931
0.979631309540302
0.979747065803818
0.97977714730065
0.979920786824942
0.979981668928029
0.980221193929698
0.980536951893348
0.98060314125259
0.981108648750085
0.981391802690507
0.981640483788497
0.982059530205061
0.982147669599944
0.982489046143825
0.982829269333951
0.982835132595441
0.982837007060976
0.983015663810479
0.983176804533906
0.983277356292701
0.983419100416314
0.983497488651601
0.9841322928875
0.984217322356583
0.984235612156143
0.98454511476082
0.984647163572659
0.984709888596769
0.985195278070659
0.985314123345806
0.985980637817258
0.985986776268754
0.986027065284873
0.986088062964865
0.986155115191729
0.986228096257174
0.98626803536914
0.986420873173424
0.986519829004604
0.986551857541298
0.986552754027558
0.986891636425247
0.986928740107002
0.986972771293922
0.987104167254738
0.987345962649547
0.987576964349716
0.987730946225453
0.987826923373351
0.987916675024729
0.988003498041398
0.988211286615417
0.988309825525059
0.98846220178136
0.988507664926646
0.988672560674987
0.988971596824888
0.988986651820071
0.989010949128897
0.9892224766096
0.989275812785048
0.989333591387518
0.989412854472993
0.989442898912861
0.989538113492652
0.989889499492375
0.989954344969536
0.990182121972583
0.990385402491879
0.990692829217379
0.991025591648342
0.991069632791755
0.991527273448249
0.991718805069806
0.991796369170599
0.991819517917637
0.991842068360031
0.991887779433835
0.991942432341428
0.992027814502249
0.992274330788026
0.992284175799351
0.992339449423454
0.992429415849291
0.992484098902711
0.992595018524311
0.992607397132604
0.992821985395665
0.992903663193212
0.993145373592893
0.993157702975103
0.993196612411941
0.993305784032715
0.993415374750001
0.993483355337466
0.993637281098856
0.993747287976566
0.993776471490454
0.99381659263651
0.993860624125989
0.993942490312902
0.994027873162532
0.994049708959792
0.99420686130189
0.994214967419498
0.994252620093888
0.994293780904761
0.994367244668399
0.994407390455384
0.994467912561609
0.994509715939694
0.994691329849336
0.994721261026398
0.994738398084974
0.995023928599678
0.995121624327296
0.995397009610771
0.995439009858154
0.995452393927526
0.99558220734548
0.995618483951445
0.99588659843096
0.995937581518843
0.99599479230236
0.996128814356549
0.996193053298602
0.996214123827398
0.9962500120035
0.996259605933778
0.996305288434627
0.996334631120105
0.996440018657101
0.996447286351466
0.99650320373094
0.996555242087107
0.996573674497971
0.99671850343423
0.996779884932439
0.996854639445811
0.996858830364509
0.996864504249924
0.996871574350263
0.996984117695067
0.997053043399816
0.997055073442885
0.997149274151629
0.997270248915259
0.997318707371129
0.997336799328264
0.997343346071237
0.997400232636547
0.997501121537222
0.99768391817956
0.997702669700111
0.997720532536256
0.997761554680206
0.997792345986438
0.997819086678846
0.997936268665972
0.998012467025781
0.998122054518738
0.998149295295268
0.998149533234694
0.998150068351961
0.998180269173168
0.998349816793744
0.998427300167329
0.998457246555865
0.99850396905365
0.998517714424561
0.998519143853239
0.998529492657455
0.998579067831424
0.998580441779727
0.998596307018408
0.99859809295745
0.998612500421059
0.998619456370298
0.998648338057328
0.998729678827935
0.998789600825433
0.99881245779436
0.99885022029781
0.998862079408193
0.998870341993001
0.998905693906813
0.998907140839367
0.998939070043495
0.998980849267778
0.999014247123666
0.999023266944985
0.999028107590612
0.999049909189903
0.999058327735128
0.999074972580462
0.999119095127743
0.999132373009921
0.999135013598646
0.999140231140668
0.999150588596449
0.999173651988605
0.999179438001211
0.999183063525736
0.999185030275683
0.999209125704121
0.999239701576076
0.999281401124924
0.999287110815886
0.999321220025533
0.999324920543932
0.999333291890339
0.999342982466765
0.999344807020011
0.999362224819113
0.999377236482599
0.999380427062753
0.999388356809228
0.999393683755652
0.999399097747438
0.999400594831949
0.999410228567766
0.999413759299606
0.99943482427557
0.999462596731366
0.99946989534174
0.999482815882732
0.999496030149203
0.999508372312411
0.999514645394148
0.999539191522347
0.999541485970659
0.999542330030268
0.999565827012187
0.999566331585529
0.999577051674526
0.999582670873339
0.99958663253556
0.999586740802305
0.999605708479632
0.999606697844814
0.999614224333662
0.999616229324439
0.999626598617377
0.999647740744511
0.999655213712701
0.99965773370487
0.999668893330573
0.999677024894186
0.999701117127542
0.999704569797457
0.99970723550329
0.999713318951742
0.99972475421225
0.999727063805058
0.999729928821916
0.999731932994867
0.999731935163171
0.999734725843027
0.999735361009028
0.999735472602941
0.999746395997179
0.999748102285402
0.999748325352683
0.999752632475127
0.999752725060569
0.999753356658814
0.999753568428684
0.999754015670377
0.999754205903057
0.999754634930339
0.999754821909446
0.999755207481909
0.999755466102001
0.999755469503917
0.999755604609711
0.999755659865528
0.999755773373939
0.999755791584111
0.999755842705382
0.999755856366693
0.999755857807904
0.999755859374998
0.999755859375
0.999755859375
0.999755859375
0.999755859375
0.999755859375
0.999755859375
0.999755859375
0.999755859375
0.999755859375
0.999755859375
0.999755859375
0.999755859375
0.999755859375
0.999755859375
0.999755859375
0.999755859375
0.999755859375
0.999755859375
0.999755859375
0.999755859375
0.999755859375
0.999755859375
0.999755859375
0.999755859375
0.999755859375
0.999755859375
0.999755859375
0.999755859375
0.999755859375
0.999755859375
0.999755859375
0.999755859375
0.999755859375
0.999755859375
0.999755859375
0.999755859375
0.999755859375
0.999755859375
0.999755859375
0.999755859375
0.999755859375
0.999755859375
0.999755859375
0.999755859375
0.999755859375
0.999755859375
0.999755859375
0.999755859375
0.999755859375
0.999755859375
0.999755859375
0.999755859375
0.999755859375
0.999755859375
0.999755859375
0.999755859375
0.999755859375
0.999755859375
0.999755859375
0.999755859375
0.999755859375
0.999755859375
0.999755859375
0.999755859375
0.999755859375
0.999755859375
0.999755859375
0.999755859375
0.999755859375
0.999755859375
0.999755859375
0.999755859375
0.999755859375
0.999755859375
0.999755859375
0.999755859375
0.999755859375
0.999755859375
0.999755859375
0.999755859375
0.999755859375
0.999755859375
0.999755859375
0.999755859375
0.999755859375
0.999755859375
0.999755859375
0.999755859375
0.999755859375
0.999755859375
0.999755859375
0.999755859375
0.999755859375
0.999755859375
0.999755859375
0.999755859375
0.999755859375
0.999755859375
0.999755859375
0.999755859375
0.999755859375
0.999755859375
0.999755859375
0.999755859375
0.999755859375
0.999755859375
0.999755859375
0.999755859375
0.999755859375
0.999755859375
0.999755859375
0.999755859375
0.999755859375
0.999755859375
0.999755859375
0.999755859375
0.999755859375
0.999755859375
0.999755859375
0.999755859375
0.999755859375
0.999755859375
0.999755859375
0.999755859375
0.999755859375
0.999755859375
0.999755859375
0.999755859375
0.999755859375
0.999755859375
0.999755859375
0.999755859375
0.999755859375
0.999755859375
0.999755859375
0.999755859375
0.999755859375
0.999755859375
0.999755859375
0.999755859375
0.999755859375
0.999755859375
0.999755859375
0.999755859375
0.999755859375
0.999755859375
0.999755859375
0.999755859375
0.999755859375
0.999755859375
0.999755859375
0.999755859375
0.999755859375
0.999755859375
0.999755859375
0.999755859375
0.999755859375
0.999755859375
0.999755859375
0.999755859375
0.999755859375
0.999755859375
0.999755859375
0.999755859375
0.999755859375
0.999755859375
0.999755859375
0.999755859375
0.999755859375
0.999755859375
0.999755859375
0.999755859375
0.999755859375
0.999755859375
0.999755859375
0.999755859375
0.999755859375
0.999755859375
0.999755859375
0.999755859375
0.999755859375
0.999755859375
0.999755859375
0.999755859375
0.999755859375
0.999755859375
0.999755859375
0.999755859375
0.999755859375
0.999755859375
0.999755859375
0.999755859375
0.999755859375
0.999755859375
0.999755859375
0.999755859375
0.999755859375
0.999755859375
0.999755859375
0.999755859375
0.999755859375
0.999755859375
0.999755859375
0.999755859375
0.999755859375
0.999755859375
0.999755859375
0.999755859375
0.999755859375
0.999755859375
0.999755859375
0.999755859375
0.999755859375
0.999755859375
0.999755859375
0.999755859375
0.999755859375
0.999755859375
0.999755859375
0.999755859375
0.999755859375
0.999755859375
0.999755859375
0.999755859375
0.999755859375
0.999755859375
0.999755859375
0.999755859375
0.999755859375
0.999755859375
0.999755859375
0.999755859375
0.999755859375
0.999755859375
0.999755859375
0.999755859375
0.999755859375
0.999755859375
0.999755859375
0.999755859375
0.999755859375
0.999755859375
0.999755859375
0.999755859375
0.999755859375
0.999755859375
0.999755859375
0.999755859375
0.999755859375
0.999755859375
0.999755859375
0.999755859375
0.999755859375
0.999755859375
0.999755859375
0.999755859375
0.999755859375
0.999755859375
0.999755859375
0.999755859375
0.999755859375
0.999755859375
0.999755859375
0.999755859375
0.999755859375
0.999755859375
0.999755859375
0.999755859375
0.999755859375
0.999755859375
0.999755859375
0.999755859375
0.999755859375
0.999755859375
0.999755859375
0.999755859375
0.999755859375
0.999755859375
0.999755859375
0.999755859375
0.999755859375
0.999755859375
0.999755859375
0.999755859375
0.999755859375
0.999755859375
0.999755859375
0.999755859375
0.999755859375
0.999755859375
0.999755859375
0.999755859375
0.999755859375
0.999755859375
0.999755859375
0.999755859375
0.999755859375
0.999755859375
0.999755859375
0.999755859375
0.999755859375
0.999755859375
0.999755859375
0.999755859375
0.999755859375
0.999755859375
0.999755859375
0.999755859375
0.999755859375
0.999755859375
0.999755859375
0.999755859375
0.999755859375
0.999755859375
0.999755859375
0.999755859375
0.999755859375
0.999755859375
0.999755859375
0.999755859375
0.999755859375
0.999755859375
0.999755859375
0.999755859375
0.999755859375
0.999755859375
0.999755859375
0.999755859375
0.999755859375
0.999755859375
0.999755859375
0.999755859375
0.999755859375
0.999755859375
0.999755859375
0.999755859375
0.999755859375
0.999755859375
0.999755859375
0.999755859375
0.999755859375
0.999755859375
0.999755859375
0.999755859375
0.999755859375
0.999755859375
0.999755859375
0.999755859375
0.999755859375
0.999755859375
0.999755859375
0.999755859375
0.999755859375
0.999755859375
0.999755859375
0.999755859375
0.999755859375
0.999755859375
0.999755859375
0.999755859375
0.999755859375
0.999755859375
0.999755859375
0.999755859375
0.999755859375
0.999755859375
0.999755859375
0.999755859375
0.999755859375
0.999755859375
0.999755859375
0.999755859375
0.999755859375
0.999755859375
0.999755859375
0.999755859375
0.999755859375
0.999755859375
0.999755859375
0.999755859375
0.999755859375
0.999755859375
0.999755859375
0.999755859375
0.999755859375
0.999755859375
0.999755859375
0.999755859375
0.999755859375
0.999755859375
0.999755859375
0.999755859375
0.999755859375
0.999755859375
0.999755859375
0.999755859375
0.999755859375
0.999755859375
0.999755859375
0.999755859375
0.999755859375
0.999755859375
0.999755859375
0.999755859375
0.999755859375
0.999755859375
0.999755859375
0.999755859375
0.999755859375
0.999755859375
0.999755859375
0.999755859375
0.999755859375
0.999755859375
0.999755859375
0.999755859375
0.999755859375
0.999755859375
0.999755859375
0.999755859375
0.999755859375
0.999755859375
0.999755859375
0.999755859375
0.999755859375
0.999755859375
0.999755859375
0.999755859375
0.999755859375
0.999755859375
0.999755859375
0.999755859375
0.999755859375
0.999755859375
0.999755859375
0.999755859375
0.999755859375
0.999755859375
0.999755859375
0.999755859375
0.999755859375
0.999755859375
0.999755859375
0.999755859375
0.999755859375
0.999755859375
0.999755859375
0.999755859375
0.999755859375
0.999755859375
0.999755859375
0.999755859375
0.999755859375
NaN
NaN
NaN
NaN
NaN
NaN
NaN
NaN
NaN
NaN
NaN
NaN
NaN
NaN
NaN
NaN
NaN
NaN
NaN
NaN
NaN
NaN
NaN
NaN
NaN
NaN
NaN
NaN
NaN
NaN
NaN
NaN
NaN
NaN
NaN
NaN
NaN
NaN
NaN
NaN
NaN
NaN
NaN
NaN
NaN
NaN
NaN
NaN
NaN
NaN
NaN
NaN
NaN
NaN
NaN
NaN
NaN
