-0.000149553411265824
5.41766005547895e-05
0.000257906612375458
0.000461636624196071
0.00066536663601674
0.000869096647837408
0.00107282665965802
0.00127655667147869
0.00148028668329936
0.00168401669511997
0.00188774670694064
0.00209147671876125
0.00229520673058192
0.00249893674240259
0.0027026667542232
0.00290639676604387
0.00311012677786449
0.00331385678968515
0.00351758680150582
0.00372131681332644
0.0039250468251471
0.00412877683696772
0.00433250684878839
0.00453623686060906
0.00473996687242967
0.00494369688425034
0.00514742689607095
0.00535115690789162
0.00555488691971229
0.0057586169315329
0.00596234694335357
0.00616607695517418
0.00636980696699485
0.00657353697881552
0.00677726699063613
0.0069809970024568
0.00718472701427741
0.00738845702609808
0.00759218703791875
0.00779591704973936
0.00799964706156003
0.00820337707338065
0.00840710708520132
0.00861083709702198
0.0088145671088426
0.00901829712066327
0.00922202713248388
0.00942575714430455
0.00962948715612522
0.00983321716794583
0.0100369471797665
0.0102406771915871
0.0104444072034078
0.0106481372152284
0.0108518672270491
0.0110555972388697
0.0112593272506904
0.011463057262511
0.0116667872743317
0.0118705172861523
0.012074247297973
0.0122779773097936
0.0124817073216142
0.0126854373334349
0.0128891673452555
0.0130928973570762
0.0132966273688969
0.0135003573807175
0.0137040873925381
0.0139078174043588
0.0141115474161794
0.0143152774280001
0.0145190074398207
0.0147227374516414
0.014926467463462
0.0151301974752827
0.0153339274871033
0.0155376574989239
0.0157413875107446
0.0159451175225652
0.0161488475343859
0.0163525775462066
0.0165563075580272
0.0167600375698478
0.0169637675816685
0.0171674975934891
0.0173712276053098
0.0175749576171304
0.0177786876289511
0.0179824176407717
0.0181861476525924
0.018389877664413
0.0185936076762336
0.0187973376880543
0.0190010676998749
0.0192047977116956
0.0194085277235163
0.0196122577353369
0.0198159877471575
0.0200197177589782
0.0202234477707988
0.0204271777826195
0.0206309077944401
0.0208346378062608
0.0210383678180814
0.0212420978299021
0.0214458278417227
0.0216495578535433
0.021853287865364
0.0220570178771847
0.0222607478890053
0.022464477900826
0.0226682079126466
0.0228719379244672
0.0230756679362879
0.0232793979481085
0.0234831279599292
0.0236868579717498
0.0238905879835705
0.0240943179953911
0.0242980480072117
0.0245017780190324
0.024705508030853
0.0249092380426737
0.0251129680544944
0.025316698066315
0.0255204280781356
0.0257241580899563
0.0259278881017769
0.0261316181135976
0.0263353481254182
0.0265390781372389
0.0267428081490595
0.0269465381608802
0.0271502681727008
0.0273539981845214
0.0275577281963421
0.0277614582081627
0.0279651882199834
0.0281689182318041
0.0283726482436247
0.0285763782554453
0.028780108267266
0.0289838382790866
0.0291875682909073
0.0293912983027279
0.0295950283145486
0.0297987583263692
0.0300024883381899
0.0302062183500105
0.0304099483618311
0.0306136783736518
0.0308174083854724
0.0310211383972931
0.0312248684091138
0.0314285984209344
0.031632328432755
0.0318360584445757
0.0320397884563963
0.032243518468217
0.0324472484800376
0.0326509784918583
0.0328547085036789
0.0330584385154996
0.0332621685273202
0.0334658985391408
0.0336696285509615
0.0338733585627822
0.0340770885746028
0.0342808185864235
0.0344845485982441
0.0346882786100647
0.0348920086218854
0.035095738633706
0.0352994686455267
0.0355031986573473
0.035706928669168
0.0359106586809886
0.0361143886928093
0.0363181187046299
0.0365218487164505
0.0367255787282712
0.0369293087400919
0.0371330387519125
0.0373367687637332
0.0375404987755538
0.0377442287873744
0.0379479587991951
0.0381516888110157
0.0383554188228364
0.038559148834657
0.0387628788464777
0.0389666088582983
0.0391703388701189
0.0393740688819396
0.0395777988937602
0.0397815289055809
0.0399852589174016
0.0401889889292222
0.0403927189410428
0.0405964489528635
0.0408001789646841
0.0410039089765048
0.0412076389883254
0.0414113690001461
0.0416150990119667
0.0418188290237874
0.042022559035608
0.0422262890474286
0.0424300190592493
0.04263374907107
0.0428374790828906
0.0430412090947113
0.0432449391065319
0.0434486691183525
0.0436523991301732
0.0438561291419938
0.0440598591538145
0.0442635891656351
0.0444673191774558
0.0446710491892764
0.0448747792010971
0.0450785092129177
0.0452822392247383
0.045485969236559
0.0456896992483797
0.0458934292602003
0.046097159272021
0.0463008892838416
0.0465046192956622
0.0467083493074829
0.0469120793193035
0.0471158093311242
0.0473195393429448
0.0475232693547655
0.0477269993665861
0.0479307293784068
0.0481344593902274
0.048338189402048
0.0485419194138687
0.0487456494256894
0.04894937943751
0.0491531094493307
0.0493568394611513
0.0495605694729719
0.0497642994847926
0.0499680294966132
0.0501717595084339
0.0503754895202545
0.0505792195320752
0.0507829495438958
0.0509866795557165
0.0511904095675371
0.0513941395793578
0.0515978695911784
0.0518015996029991
0.0520053296148197
0.0522090596266404
0.052412789638461
0.0526165196502816
0.0528202496621023
0.0530239796739229
0.0532277096857436
0.0534314396975643
0.0536351697093849
0.0538388997212055
0.0540426297330261
0.0542463597448468
0.0544500897566675
0.0546538197684881
0.0548575497803088
0.0550612797921294
0.05526500980395
0.0554687398157707
0.0556724698275913
0.055876199839412
0.0560799298512326
0.0562836598630533
0.056487389874874
0.0566911198866946
0.0568948498985152
0.0570985799103358
0.0573023099221565
0.0575060399339772
0.0577097699457978
0.0579134999576185
0.0581172299694391
0.0583209599812597
0.0585246899930804
0.058728420004901
0.0589321500167217
0.0591358800285423
0.059339610040363
0.0595433400521836
0.0597470700640043
0.0599508000758249
0.0601545300876455
0.0603582600994662
0.0605619901112869
0.0607657201231075
0.0609694501349282
0.0611731801467488
0.0613769101585694
0.0615806401703901
0.0617843701822107
0.0619881001940314
0.0621918302058521
0.0623955602176727
0.0625992902294933
0.062803020241314
0.0630067502531346
0.0632104802649553
0.0634142102767759
0.0636179402885966
0.0638216703004172
0.0640254003122379
0.0642291303240585
0.0644328603358791
0.0646365903476998
0.0648403203595204
0.0650440503713411
0.0652477803831618
0.0654515103949824
0.065655240406803
0.0658589704186237
0.0660627004304443
0.066266430442265
0.0664701604540856
0.0666738904659063
0.0668776204777269
0.0670813504895476
0.0672850805013682
0.0674888105131888
0.0676925405250095
0.0678962705368301
0.0681000005486508
0.0683037305604715
0.0685074605722921
0.0687111905841127
0.0689149205959333
0.069118650607754
0.0693223806195747
0.0695261106313953
0.069729840643216
0.0699335706550366
0.0701373006668572
0.0703410306786779
0.0705447606904985
0.0707484907023192
0.0709522207141398
0.0711559507259605
0.0713596807377812
0.0715634107496018
0.0717671407614224
0.0719708707732431
0.0721746007850637
0.0723783307968844
0.072582060808705
0.0727857908205257
0.0729895208323463
0.0731932508441669
0.0733969808559876
0.0736007108678082
0.0738044408796289
0.0740081708914496
0.0742119009032702
0.0744156309150908
0.0746193609269115
0.0748230909387321
0.0750268209505528
0.0752305509623734
0.0754342809741941
0.0756380109860147
0.0758417409978354
0.076045471009656
0.0762492010214766
0.0764529310332973
0.0766566610451179
0.0768603910569386
0.0770641210687593
0.0772678510805799
0.0774715810924005
0.0776753111042212
0.0778790411160418
0.0780827711278625
0.0782865011396831
0.0784902311515038
0.0786939611633244
0.0788976911751451
0.0791014211869657
0.0793051511987863
0.079508881210607
0.0797126112224276
0.0799163412342483
0.080120071246069
0.0803238012578896
0.0805275312697102
0.0807312612815309
0.0809349912933515
0.0811387213051722
0.0813424513169928
0.0815461813288135
0.0817499113406341
0.0819536413524548
0.0821573713642754
0.082361101376096
0.0825648313879167
0.0827685613997374
0.082972291411558
0.0831760214233787
0.0833797514351993
0.0835834814470199
0.0837872114588406
0.0839909414706612
0.0841946714824819
0.0843984014943025
0.0846021315061232
0.0848058615179438
0.0850095915297644
0.0852133215415851
0.0854170515534057
0.0856207815652264
0.0858245115770471
0.0860282415888677
0.0862319716006884
0.086435701612509
0.0866394316243296
0.0868431616361503
0.0870468916479709
0.0872506216597916
0.0874543516716122
0.0876580816834329
0.0878618116952535
0.0880655417070741
0.0882692717188948
0.0884730017307154
0.0886767317425361
0.0888804617543568
0.0890841917661774
0.089287921777998
0.0894916517898187
0.0896953818016393
0.08989911181346
0.0901028418252806
0.0903065718371013
0.0905103018489219
0.0907140318607426
0.0909177618725632
0.0911214918843838
0.0913252218962045
0.0915289519080252
0.0917326819198458
0.0919364119316665
0.0921401419434871
0.0923438719553077
0.0925476019671284
0.092751331978949
0.0929550619907697
0.0931587920025903
0.093362522014411
0.0935662520262316
0.0937699820380523
0.0939737120498729
0.0941774420616935
0.0943811720735142
0.0945849020853349
0.0947886320971555
0.0949923621089762
0.0951960921207968
0.0953998221326174
0.0956035521444381
0.0958072821562587
0.0960110121680794
0.0962147421799
0.0964184721917207
0.0966222022035413
0.096825932215362
0.0970296622271826
0.0972333922390032
0.0974371222508239
0.0976408522626446
0.0978445822744652
0.0980483122862859
0.0982520422981065
0.0984557723099271
0.0986595023217478
0.0988632323335684
0.0990669623453891
0.0992706923572097
0.0994744223690304
0.099678152380851
0.0998818823926717
0.100085612404492
0.100289342416313
0.100493072428134
0.100696802439954
0.100900532451775
0.101104262463596
0.101307992475416
0.101511722487237
0.101715452499058
0.101919182510878
0.102122912522699
0.102326642534519
0.10253037254634
0.102734102558161
0.102937832569981
0.103141562581802
0.103345292593623
0.103549022605443
0.103752752617264
0.103956482629085
0.104160212640905
0.104363942652726
0.104567672664547
0.104771402676367
0.104975132688188
0.105178862700008
0.105382592711829
0.10558632272365
0.10579005273547
0.105993782747291
0.106197512759112
0.106401242770932
0.106604972782753
0.106808702794574
0.107012432806394
0.107216162818215
0.107419892830036
0.107623622841856
0.107827352853677
0.108031082865498
0.108234812877318
0.108438542889139
0.108642272900959
0.10884600291278
0.109049732924601
0.109253462936421
0.109457192948242
0.109660922960063
0.109864652971883
0.110068382983704
0.110272112995525
0.110475843007345
0.110679573019166
0.110883303030987
0.111087033042807
0.111290763054628
0.111494493066449
0.111698223078269
0.11190195309009
0.11210568310191
0.112309413113731
0.112513143125552
0.112716873137372
0.112920603149193
0.113124333161014
0.113328063172834
0.113531793184655
0.113735523196476
0.113939253208296
0.114142983220117
0.114346713231938
0.114550443243758
0.114754173255579
0.1149579032674
0.11516163327922
0.115365363291041
0.115569093302861
0.115772823314682
0.115976553326503
0.116180283338323
0.116384013350144
0.116587743361965
0.116791473373785
0.116995203385606
0.117198933397427
0.117402663409247
0.117606393421068
0.117810123432889
0.118013853444709
0.11821758345653
0.11842131346835
0.118625043480171
0.118828773491992
0.119032503503812
0.119236233515633
0.119439963527454
0.119643693539274
0.119847423551095
0.120051153562916
0.120254883574736
0.120458613586557
0.120662343598378
0.120866073610198
0.121069803622019
0.12127353363384
0.12147726364566
0.121680993657481
0.121884723669302
0.122088453681122
0.122292183692943
0.122495913704763
0.122699643716584
0.122903373728405
0.123107103740225
0.123310833752046
0.123514563763867
0.123718293775687
0.123922023787508
0.124125753799329
0.124329483811149
0.12453321382297
0.124736943834791
0.124940673846611
0.125144403858432
0.125348133870253
0.125551863882073
0.125755593893894
0.125959323905714
0.126163053917535
0.126366783929356
0.126570513941176
0.126774243952997
0.126977973964818
0.127181703976638
0.127385433988459
0.12758916400028
0.1277928940121
0.127996624023921
0.128200354035742
0.128404084047562
0.128607814059383
0.128811544071203
0.129015274083024
0.129219004094845
0.129422734106665
0.129626464118486
0.129830194130307
0.130033924142127
0.130237654153948
0.130441384165769
0.130645114177589
0.13084884418941
0.131052574201231
0.131256304213051
0.131460034224872
0.131663764236693
0.131867494248513
0.132071224260334
0.132274954272154
0.132478684283975
0.132682414295796
0.132886144307616
0.133089874319437
0.133293604331258
0.133497334343078
0.133701064354899
0.13390479436672
0.13410852437854
0.134312254390361
0.134515984402182
0.134719714414002
0.134923444425823
0.135127174437644
0.135330904449464
0.135534634461285
0.135738364473105
0.135942094484926
0.136145824496747
0.136349554508567
0.136553284520388
0.136757014532209
0.136960744544029
0.13716447455585
0.137368204567671
0.137571934579491
0.137775664591312
0.137979394603133
0.138183124614953
0.138386854626774
0.138590584638595
0.138794314650415
0.138998044662236
0.139201774674056
0.139405504685877
0.139609234697698
0.139812964709518
0.140016694721339
0.14022042473316
0.14042415474498
0.140627884756801
0.140831614768622
0.141035344780442
0.141239074792263
0.141442804804084
0.141646534815904
0.141850264827725
0.142053994839546
0.142257724851366
0.142461454863187
0.142665184875007
0.142868914886828
0.143072644898649
0.143276374910469
0.14348010492229
0.143683834934111
0.143887564945931
0.144091294957752
0.144295024969573
0.144498754981393
0.144702484993214
0.144906215005035
0.145109945016855
0.145313675028676
0.145517405040497
0.145721135052317
0.145924865064138
0.146128595075958
0.146332325087779
0.1465360550996
0.14673978511142
0.146943515123241
0.147147245135062
0.147350975146882
0.147554705158703
0.147758435170524
0.147962165182344
0.148165895194165
0.148369625205986
0.148573355217806
0.148777085229627
0.148980815241448
0.149184545253268
0.149388275265089
0.149592005276909
0.14979573528873
0.149999465300551
0.150203195312371
0.150406925324192
0.150610655336013
0.150814385347833
0.151018115359654
0.151221845371475
0.151425575383295
0.151629305395116
0.151833035406937
0.152036765418757
0.152240495430578
0.152444225442398
0.152647955454219
0.15285168546604
0.15305541547786
0.153259145489681
0.153462875501502
0.153666605513322
0.153870335525143
0.154074065536964
0.154277795548784
0.154481525560605
0.154685255572426
0.154888985584246
0.155092715596067
0.155296445607888
0.155500175619708
0.155703905631529
0.155907635643349
0.15611136565517
0.156315095666991
0.156518825678811
0.156722555690632
0.156926285702453
0.157130015714273
0.157333745726094
0.157537475737915
0.157741205749735
0.157944935761556
0.158148665773377
0.158352395785197
0.158556125797018
0.158759855808839
0.158963585820659
0.15916731583248
0.159371045844301
0.159574775856121
0.159778505867942
0.159982235879762
0.160185965891583
0.160389695903404
0.160593425915224
0.160797155927045
0.161000885938866
0.161204615950686
0.161408345962507
0.161612075974328
0.161815805986148
0.162019535997969
0.16222326600979
0.16242699602161
0.162630726033431
0.162834456045251
0.163038186057072
0.163241916068893
0.163445646080713
0.163649376092534
0.163853106104355
0.164056836116175
0.164260566127996
0.164464296139817
0.164668026151637
0.164871756163458
0.165075486175279
0.165279216187099
0.16548294619892
0.165686676210741
0.165890406222561
0.166094136234382
0.166297866246202
0.166501596258023
0.166705326269844
0.166909056281664
0.167112786293485
0.167316516305306
0.167520246317126
0.167723976328947
0.167927706340768
0.168131436352588
0.168335166364409
0.16853889637623
0.16874262638805
0.168946356399871
0.169150086411692
0.169353816423512
0.169557546435333
0.169761276447153
0.169965006458974
0.170168736470795
0.170372466482615
0.170576196494436
0.170779926506257
0.170983656518077
0.171187386529898
0.171391116541719
0.171594846553539
0.17179857656536
0.172002306577181
0.172206036589001
0.172409766600822
0.172613496612643
0.172817226624463
0.173020956636284
0.173224686648104
0.173428416659925
0.173632146671746
0.173835876683566
0.174039606695387
0.174243336707208
0.174447066719028
0.174650796730849
0.17485452674267
0.17505825675449
0.175261986766311
0.175465716778132
0.175669446789952
0.175873176801773
0.176076906813594
0.176280636825414
0.176484366837235
0.176688096849055
0.176891826860876
0.177095556872697
0.177299286884517
0.177503016896338
0.177706746908159
0.177910476919979
0.1781142069318
0.178317936943621
0.178521666955441
0.178725396967262
0.178929126979083
0.179132856990903
0.179336587002724
0.179540317014544
0.179744047026365
0.179947777038186
0.180151507050006
0.180355237061827
0.180558967073648
0.180762697085468
0.180966427097289
0.18117015710911
0.18137388712093
0.181577617132751
0.181781347144572
0.181985077156392
0.182188807168213
0.182392537180034
0.182596267191854
0.182799997203675
0.183003727215496
0.183207457227316
0.183411187239137
0.183614917250957
0.183818647262778
0.184022377274599
0.184226107286419
0.18442983729824
0.184633567310061
0.184837297321881
0.185041027333702
0.185244757345523
0.185448487357343
0.185652217369164
0.185855947380985
0.186059677392805
0.186263407404626
0.186467137416446
0.186670867428267
0.186874597440088
0.187078327451908
0.187282057463729
0.18748578747555
0.18768951748737
0.187893247499191
0.188096977511012
0.188300707522832
0.188504437534653
0.188708167546474
0.188911897558294
0.189115627570115
0.189319357581936
0.189523087593756
0.189726817605577
0.189930547617397
0.190134277629218
0.190338007641039
0.190541737652859
0.19074546766468
0.190949197676501
0.191152927688321
0.191356657700142
0.191560387711963
0.191764117723783
0.191967847735604
0.192171577747425
0.192375307759245
0.192579037771066
0.192782767782887
0.192986497794707
0.193190227806528
0.193393957818349
0.193597687830169
0.19380141784199
0.19400514785381
0.194208877865631
0.194412607877452
0.194616337889272
0.194820067901093
0.195023797912914
0.195227527924734
0.195431257936555
0.195634987948376
0.195838717960196
0.196042447972017
0.196246177983838
0.196449907995658
0.196653638007479
0.196857368019299
0.19706109803112
0.197264828042941
0.197468558054761
0.197672288066582
0.197876018078403
0.198079748090223
0.198283478102044
0.198487208113865
0.198690938125685
0.198894668137506
0.199098398149327
0.199302128161147
0.199505858172968
0.199709588184789
0.199913318196609
0.20011704820843
0.20032077822025
0.200524508232071
0.200728238243892
0.200931968255712
0.201135698267533
0.201339428279354
0.201543158291174
0.201746888302995
0.201950618314816
0.202154348326636
0.202358078338457
0.202561808350278
0.202765538362098
0.202969268373919
0.20317299838574
0.20337672839756
0.203580458409381
0.203784188421201
0.203987918433022
0.204191648444843
0.204395378456663
0.204599108468484
0.204802838480305
0.205006568492125
0.205210298503946
0.205414028515767
0.205617758527587
0.205821488539408
0.206025218551229
0.206228948563049
0.20643267857487
0.206636408586691
0.206840138598511
0.207043868610332
0.207247598622152
0.207451328633973
0.207655058645794
0.207858788657614
0.208062518669435
0.208266248681256
0.208469978693076
0.208673708704897
0.208877438716718
0.209081168728538
0.209284898740359
0.20948862875218
0.209692358764
0.209896088775821
0.210099818787642
0.210303548799462
0.210507278811283
0.210711008823103
0.210914738834924
0.211118468846745
0.211322198858565
0.211525928870386
0.211729658882207
0.211933388894027
0.212137118905848
0.212340848917669
0.212544578929489
0.21274830894131
0.212952038953131
0.213155768964951
0.213359498976772
0.213563228988592
0.213766959000413
0.213970689012234
0.214174419024054
0.214378149035875
0.214581879047696
0.214785609059516
0.214989339071337
0.215193069083158
0.215396799094978
0.215600529106799
0.21580425911862
0.21600798913044
0.216211719142261
0.216415449154082
0.216619179165902
0.216822909177723
0.217026639189544
0.217230369201364
0.217434099213185
0.217637829225005
0.217841559236826
0.218045289248647
0.218249019260467
0.218452749272288
0.218656479284109
0.218860209295929
0.21906393930775
0.219267669319571
0.219471399331391
0.219675129343212
0.219878859355033
0.220082589366853
0.220286319378674
0.220490049390494
0.220693779402315
0.220897509414136
0.221101239425956
0.221304969437777
0.221508699449598
0.221712429461418
0.221916159473239
0.22211988948506
0.22232361949688
0.222527349508701
0.222731079520522
0.222934809532342
0.223138539544163
0.223342269555984
0.223545999567804
0.223749729579625
0.223953459591445
0.224157189603266
0.224360919615087
0.224564649626907
0.224768379638728
0.224972109650549
0.225175839662369
0.22537956967419
0.225583299686011
0.225787029697831
0.225990759709652
0.226194489721473
0.226398219733293
0.226601949745114
0.226805679756935
0.227009409768755
0.227213139780576
0.227416869792396
0.227620599804217
0.227824329816038
0.228028059827858
0.228231789839679
0.2284355198515
0.22863924986332
0.228842979875141
0.229046709886962
0.229250439898782
0.229454169910603
0.229657899922424
0.229861629934244
0.230065359946065
0.230269089957886
0.230472819969706
0.230676549981527
0.230880279993347
0.231084010005168
0.231287740016989
0.231491470028809
0.23169520004063
0.231898930052451
0.232102660064271
0.232306390076092
0.232510120087913
0.232713850099733
0.232917580111554
0.233121310123375
0.233325040135195
0.233528770147016
0.233732500158837
0.233936230170657
0.234139960182478
0.234343690194298
0.234547420206119
0.23475115021794
0.23495488022976
0.235158610241581
0.235362340253402
0.235566070265222
0.235769800277043
0.235973530288864
0.236177260300684
0.236380990312505
0.236584720324326
0.236788450336146
0.236992180347967
0.237195910359787
0.237399640371608
0.237603370383429
0.237807100395249
0.23801083040707
0.238214560418891
0.238418290430711
0.238622020442532
0.238825750454353
0.239029480466173
0.239233210477994
0.239436940489815
0.239640670501635
0.239844400513456
0.240048130525277
0.240251860537097
0.240455590548918
0.240659320560739
0.240863050572559
0.24106678058438
0.2412705105962
0.241474240608021
0.241677970619842
0.241881700631662
0.242085430643483
0.242289160655304
0.242492890667124
0.242696620678945
0.242900350690766
0.243104080702586
0.243307810714407
0.243511540726228
0.243715270738048
0.243919000749869
0.244122730761689
0.24432646077351
0.244530190785331
0.244733920797151
0.244937650808972
0.245141380820793
0.245345110832613
0.245548840844434
0.245752570856255
0.245956300868075
0.246160030879896
0.246363760891717
0.246567490903537
0.246771220915358
0.246974950927179
0.247178680938999
0.24738241095082
0.24758614096264
0.247789870974461
0.247993600986282
0.248197330998102
0.248401061009923
0.248604791021744
0.248808521033564
0.249012251045385
0.249215981057206
0.249419711069026
0.249623441080847
0.249827171092668
0.250030901104488
0.250234631116309
0.25043836112813
0.25064209113995
0.250845821151771
0.251049551163592
0.251253281175412
0.251457011187233
0.251660741199053
0.251864471210874
0.252068201222695
0.252271931234515
0.252475661246336
0.252679391258157
0.252883121269977
0.253086851281798
0.253290581293619
0.253494311305439
0.25369804131726
0.253901771329081
0.254105501340901
0.254309231352722
0.254512961364542
0.254716691376363
0.254920421388184
0.255124151400004
0.255327881411825
0.255531611423646
0.255735341435466
0.255939071447287
0.256142801459108
0.256346531470928
0.256550261482749
0.25675399149457
0.25695772150639
0.257161451518211
0.257365181530032
0.257568911541852
0.257772641553673
0.257976371565493
0.258180101577314
0.258383831589135
0.258587561600955
0.258791291612776
0.258995021624597
0.259198751636417
0.259402481648238
0.259606211660059
0.259809941671879
0.2600136716837
0.260217401695521
0.260421131707341
0.260624861719162
0.260828591730982
0.261032321742803
0.261236051754624
0.261439781766444
0.261643511778265
0.261847241790086
0.262050971801906
0.262254701813727
0.262458431825548
0.262662161837368
0.262865891849189
0.26306962186101
0.26327335187283
0.263477081884651
0.263680811896472
0.263884541908292
0.264088271920113
0.264292001931934
0.264495731943754
0.264699461955575
0.264903191967395
0.265106921979216
0.265310651991037
0.265514382002857
0.265718112014678
0.265921842026499
0.266125572038319
0.26632930205014
0.266533032061961
0.266736762073781
0.266940492085602
0.267144222097423
0.267347952109243
0.267551682121064
0.267755412132885
0.267959142144705
0.268162872156526
0.268366602168346
0.268570332180167
0.268774062191988
0.268977792203808
0.269181522215629
0.26938525222745
0.26958898223927
0.269792712251091
0.269996442262912
0.270200172274732
0.270403902286553
0.270607632298374
0.270811362310194
0.271015092322015
0.271218822333836
0.271422552345656
0.271626282357477
0.271830012369297
0.272033742381118
0.272237472392939
0.272441202404759
0.27264493241658
0.272848662428401
0.273052392440221
0.273256122452042
0.273459852463863
0.273663582475683
0.273867312487504
0.274071042499325
0.274274772511145
0.274478502522966
0.274682232534787
0.274885962546607
0.275089692558428
0.275293422570248
0.275497152582069
0.27570088259389
0.27590461260571
0.276108342617531
0.276312072629352
0.276515802641172
0.276719532652993
0.276923262664814
0.277126992676634
0.277330722688455
0.277534452700276
0.277738182712096
0.277941912723917
0.278145642735737
0.278349372747558
0.278553102759379
0.278756832771199
0.27896056278302
0.279164292794841
0.279368022806661
0.279571752818482
0.279775482830303
0.279979212842123
0.280182942853944
0.280386672865765
0.280590402877585
0.280794132889406
0.280997862901227
0.281201592913047
0.281405322924868
0.281609052936688
0.281812782948509
0.28201651296033
0.28222024297215
0.282423972983971
0.282627702995792
0.282831433007612
0.283035163019433
0.283238893031254
0.283442623043074
0.283646353054895
0.283850083066716
0.284053813078536
0.284257543090357
0.284461273102178
0.284665003113998
0.284868733125819
0.285072463137639
0.28527619314946
0.285479923161281
0.285683653173101
0.285887383184922
0.286091113196743
0.286294843208563
0.286498573220384
0.286702303232205
0.286906033244025
0.287109763255846
0.287313493267667
0.287517223279487
0.287720953291308
0.287924683303129
0.288128413314949
0.28833214332677
0.28853587333859
0.288739603350411
0.288943333362232
0.289147063374052
0.289350793385873
0.289554523397694
0.289758253409514
0.289961983421335
0.290165713433156
0.290369443444976
0.290573173456797
0.290776903468618
0.290980633480438
0.291184363492259
0.29138809350408
0.2915918235159
0.291795553527721
0.291999283539541
0.292203013551362
0.292406743563183
0.292610473575003
0.292814203586824
0.293017933598645
0.293221663610465
0.293425393622286
0.293629123634107
0.293832853645927
0.294036583657748
0.294240313669569
0.294444043681389
0.29464777369321
0.294851503705031
0.295055233716851
0.295258963728672
0.295462693740492
0.295666423752313
0.295870153764134
0.296073883775954
0.296277613787775
0.296481343799596
0.296685073811416
0.296888803823237
0.297092533835058
0.297296263846878
0.297499993858699
0.29770372387052
0.29790745388234
0.298111183894161
0.298314913905982
0.298518643917802
0.298722373929623
0.298926103941443
0.299129833953264
0.299333563965085
0.299537293976905
0.299741023988726
0.299944754000547
0.300148484012367
0.300352214024188
0.300555944036009
0.300759674047829
0.30096340405965
0.301167134071471
0.301370864083291
0.301574594095112
0.301778324106933
0.301982054118753
0.302185784130574
0.302389514142394
0.302593244154215
0.302796974166036
0.303000704177856
0.303204434189677
0.303408164201498
0.303611894213318
0.303815624225139
0.30401935423696
0.30422308424878
0.304426814260601
0.304630544272422
0.304834274284242
0.305038004296063
0.305241734307883
0.305445464319704
0.305649194331525
0.305852924343345
0.306056654355166
0.306260384366987
0.306464114378807
0.306667844390628
0.306871574402449
0.307075304414269
0.30727903442609
0.307482764437911
0.307686494449731
0.307890224461552
0.308093954473373
0.308297684485193
0.308501414497014
0.308705144508834
0.308908874520655
0.309112604532476
0.309316334544296
0.309520064556117
0.309723794567938
0.309927524579758
0.310131254591579
0.3103349846034
0.31053871461522
0.310742444627041
0.310946174638862
0.311149904650682
0.311353634662503
0.311557364674324
0.311761094686144
0.311964824697965
0.312168554709785
0.312372284721606
0.312576014733427
0.312779744745247
0.312983474757068
0.313187204768889
0.313390934780709
0.31359466479253
0.313798394804351
0.314002124816171
0.314205854827992
0.314409584839813
0.314613314851633
0.314817044863454
0.315020774875275
0.315224504887095
0.315428234898916
0.315631964910736
0.315835694922557
0.316039424934378
0.316243154946198
0.316446884958019
0.31665061496984
0.31685434498166
0.317058074993481
0.317261805005302
0.317465535017122
0.317669265028943
0.317872995040764
0.318076725052584
0.318280455064405
0.318484185076226
0.318687915088046
0.318891645099867
0.319095375111688
0.319299105123508
0.319502835135329
0.319706565147149
0.31991029515897
0.320114025170791
0.320317755182611
0.320521485194432
0.320725215206253
0.320928945218073
0.321132675229894
0.321336405241715
0.321540135253535
0.321743865265356
0.321947595277177
0.322151325288997
0.322355055300818
0.322558785312638
0.322762515324459
0.32296624533628
0.3231699753481
0.323373705359921
0.323577435371742
0.323781165383562
0.323984895395383
0.324188625407204
0.324392355419024
0.324596085430845
0.324799815442666
0.325003545454486
0.325207275466307
0.325411005478128
0.325614735489948
0.325818465501769
0.326022195513589
0.32622592552541
0.326429655537231
0.326633385549051
0.326837115560872
0.327040845572693
0.327244575584513
0.327448305596334
0.327652035608155
0.327855765619975
0.328059495631796
0.328263225643617
0.328466955655437
0.328670685667258
0.328874415679078
0.329078145690899
0.32928187570272
0.32948560571454
0.329689335726361
0.329893065738182
0.330096795750002
0.330300525761823
0.330504255773644
0.330707985785464
0.330911715797285
0.331115445809106
0.331319175820926
0.331522905832747
0.331726635844568
0.331930365856388
0.332134095868209
0.332337825880029
0.33254155589185
0.332745285903671
0.332949015915491
0.333152745927312
0.333356475939133
0.333560205950953
0.333763935962774
0.333967665974595
0.334171395986415
0.334375125998236
0.334578856010057
0.334782586021877
0.334986316033698
0.335190046045519
0.335393776057339
0.33559750606916
0.335801236080981
0.336004966092801
0.336208696104622
0.336412426116442
0.336616156128263
0.336819886140084
0.337023616151904
0.337227346163725
0.337431076175546
0.337634806187366
0.337838536199187
0.338042266211008
0.338245996222828
0.338449726234649
0.33865345624647
0.33885718625829
0.339060916270111
0.339264646281931
0.339468376293752
0.339672106305573
0.339875836317393
0.340079566329214
0.340283296341035
0.340487026352855
0.340690756364676
0.340894486376497
0.341098216388317
0.341301946400138
0.341505676411959
0.341709406423779
0.3419131364356
0.342116866447421
0.342320596459241
0.342524326471062
0.342728056482883
0.342931786494703
0.343135516506524
0.343339246518344
0.343542976530165
0.343746706541986
0.343950436553806
0.344154166565627
0.344357896577448
0.344561626589268
0.344765356601089
0.34496908661291
0.34517281662473
0.345376546636551
0.345580276648372
0.345784006660192
0.345987736672013
0.346191466683833
0.346395196695654
0.346598926707475
0.346802656719295
0.347006386731116
0.347210116742937
0.347413846754757
0.347617576766578
0.347821306778399
0.348025036790219
0.34822876680204
0.348432496813861
0.348636226825681
0.348839956837502
0.349043686849323
0.349247416861143
0.349451146872964
0.349654876884784
0.349858606896605
0.350062336908426
0.350266066920246
0.350469796932067
0.350673526943888
0.350877256955708
0.351080986967529
0.35128471697935
0.35148844699117
0.351692177002991
0.351895907014812
0.352099637026632
0.352303367038453
0.352507097050273
0.352710827062094
0.352914557073915
0.353118287085735
0.353322017097556
0.353525747109377
0.353729477121197
0.353933207133018
0.354136937144839
0.354340667156659
0.35454439716848
0.354748127180301
0.354951857192121
0.355155587203942
0.355359317215763
0.355563047227583
0.355766777239404
0.355970507251224
0.356174237263045
0.356377967274866
0.356581697286686
0.356785427298507
0.356989157310328
0.357192887322148
0.357396617333969
0.35760034734579
0.35780407735761
0.358007807369431
0.358211537381252
0.358415267393072
0.358618997404893
0.358822727416714
0.359026457428534
0.359230187440355
0.359433917452176
0.359637647463996
0.359841377475817
0.360045107487637
0.360248837499458
0.360452567511279
0.360656297523099
0.36086002753492
0.361063757546741
0.361267487558561
0.361471217570382
0.361674947582203
0.361878677594023
0.362082407605844
0.362286137617665
0.362489867629485
0.362693597641306
0.362897327653126
0.363101057664947
0.363304787676768
0.363508517688588
0.363712247700409
0.36391597771223
0.36411970772405
0.364323437735871
0.364527167747692
0.364730897759512
0.364934627771333
0.365138357783154
0.365342087794974
0.365545817806795
0.365749547818616
0.365953277830436
0.366157007842257
0.366360737854078
0.366564467865898
0.366768197877719
0.366971927889539
0.36717565790136
0.367379387913181
0.367583117925001
0.367786847936822
0.367990577948643
0.368194307960463
0.368398037972284
0.368601767984105
0.368805497995925
0.369009228007746
0.369212958019567
0.369416688031387
0.369620418043208
0.369824148055029
0.370027878066849
0.37023160807867
0.37043533809049
0.370639068102311
0.370842798114132
0.371046528125952
0.371250258137773
0.371453988149594
0.371657718161414
0.371861448173235
0.372065178185056
0.372268908196876
0.372472638208697
0.372676368220518
0.372880098232338
0.373083828244159
0.373287558255979
0.3734912882678
0.373695018279621
0.373898748291441
0.374102478303262
0.374306208315083
0.374509938326903
0.374713668338724
0.374917398350545
0.375121128362365
0.375324858374186
0.375528588386007
0.375732318397827
0.375936048409648
0.376139778421469
0.376343508433289
0.37654723844511
0.37675096845693
0.376954698468751
0.377158428480572
0.377362158492392
0.377565888504213
0.377769618516034
0.377973348527854
0.378177078539675
0.378380808551496
0.378584538563316
0.378788268575137
0.378991998586958
0.379195728598778
0.379399458610599
0.37960318862242
0.37980691863424
0.380010648646061
0.380214378657881
0.380418108669702
0.380621838681523
0.380825568693343
0.381029298705164
0.381233028716985
0.381436758728805
0.381640488740626
0.381844218752447
0.382047948764267
0.382251678776088
0.382455408787909
0.382659138799729
0.38286286881155
0.383066598823371
0.383270328835191
0.383474058847012
0.383677788858832
0.383881518870653
0.384085248882474
0.384288978894294
0.384492708906115
0.384696438917936
0.384900168929756
0.385103898941577
0.385307628953398
0.385511358965218
0.385715088977039
0.38591881898886
0.38612254900068
0.386326279012501
0.386530009024321
0.386733739036142
0.386937469047963
0.387141199059783
0.387344929071604
0.387548659083425
0.387752389095245
0.387956119107066
0.388159849118887
0.388363579130707
0.388567309142528
0.388771039154349
0.388974769166169
0.38917849917799
0.389382229189811
0.389585959201631
0.389789689213452
0.389993419225273
0.390197149237093
0.390400879248914
0.390604609260734
0.390808339272555
0.391012069284376
0.391215799296196
0.391419529308017
0.391623259319838
0.391826989331658
0.392030719343479
0.3922344493553
0.39243817936712
0.392641909378941
0.392845639390762
0.393049369402582
0.393253099414403
0.393456829426224
0.393660559438044
0.393864289449865
0.394068019461685
0.394271749473506
0.394475479485327
0.394679209497147
0.394882939508968
0.395086669520789
0.395290399532609
0.39549412954443
0.395697859556251
0.395901589568071
0.396105319579892
0.396309049591713
0.396512779603533
0.396716509615354
0.396920239627174
0.397123969638995
0.397327699650816
0.397531429662636
0.397735159674457
0.397938889686278
0.398142619698098
0.398346349709919
0.39855007972174
0.39875380973356
0.398957539745381
0.399161269757202
0.399364999769022
0.399568729780843
0.399772459792664
0.399976189804484
0.400179919816305
0.400383649828125
0.400587379839946
0.400791109851767
0.400994839863587
0.401198569875408
0.401402299887229
0.401606029899049
0.40180975991087
0.402013489922691
0.402217219934511
0.402420949946332
0.402624679958153
0.402828409969973
0.403032139981794
0.403235869993615
0.403439600005435
0.403643330017256
0.403847060029076
0.404050790040897
0.404254520052718
0.404458250064538
0.404661980076359
0.40486571008818
0.4050694401
0.405273170111821
0.405476900123642
0.405680630135462
0.405884360147283
0.406088090159104
0.406291820170924
0.406495550182745
0.406699280194566
0.406903010206386
0.407106740218207
0.407310470230027
0.407514200241848
0.407717930253669
0.407921660265489
0.40812539027731
0.408329120289131
0.408532850300951
0.408736580312772
0.408940310324593
0.409144040336413
0.409347770348234
0.409551500360055
0.409755230371875
0.409958960383696
0.410162690395517
0.410366420407337
0.410570150419158
0.410773880430978
0.410977610442799
0.41118134045462
0.41138507046644
0.411588800478261
0.411792530490082
0.411996260501902
0.412199990513723
0.412403720525544
0.412607450537364
0.412811180549185
0.413014910561006
0.413218640572826
0.413422370584647
0.413626100596468
0.413829830608288
0.414033560620109
0.414237290631929
0.41444102064375
0.414644750655571
0.414848480667391
0.415052210679212
0.415255940691033
0.415459670702853
0.415663400714674
0.415867130726495
0.416070860738315
0.416274590750136
0.416478320761957
0.416682050773777
0.416885780785598
0.417089510797419
0.417293240809239
0.41749697082106
0.41770070083288
0.417904430844701
0.418108160856522
0.418311890868342
0.418515620880163
0.418719350891984
0.418923080903804
0.419126810915625
0.419330540927446
0.419534270939266
0.419738000951087
0.419941730962908
0.420145460974728
0.420349190986549
0.420552920998369
0.42075665101019
0.420960381022011
0.421164111033831
0.421367841045652
0.421571571057473
0.421775301069293
0.421979031081114
0.422182761092935
0.422386491104755
0.422590221116576
0.422793951128397
0.422997681140217
0.423201411152038
0.423405141163859
0.423608871175679
0.4238126011875
0.42401633119932
0.424220061211141
0.424423791222962
0.424627521234782
0.424831251246603
0.425034981258424
0.425238711270244
0.425442441282065
0.425646171293886
0.425849901305706
0.426053631317527
0.426257361329348
0.426461091341168
0.426664821352989
0.42686855136481
0.42707228137663
0.427276011388451
0.427479741400272
0.427683471412092
0.427887201423913
0.428090931435733
0.428294661447554
0.428498391459375
0.428702121471195
0.428905851483016
0.429109581494837
0.429313311506657
0.429517041518478
0.429720771530299
0.429924501542119
0.43012823155394
0.430331961565761
0.430535691577581
0.430739421589402
0.430943151601222
0.431146881613043
0.431350611624864
0.431554341636684
0.431758071648505
0.431961801660326
0.432165531672146
0.432369261683967
0.432572991695788
0.432776721707608
0.432980451719429
0.43318418173125
0.43338791174307
0.433591641754891
0.433795371766711
0.433999101778532
0.434202831790353
0.434406561802173
0.434610291813994
0.434814021825815
0.435017751837635
0.435221481849456
0.435425211861277
0.435628941873097
0.435832671884918
0.436036401896739
0.436240131908559
0.43644386192038
0.4366475919322
0.436851321944021
0.437055051955842
0.437258781967662
0.437462511979483
0.437666241991304
0.437869972003124
0.438073702014945
0.438277432026766
0.438481162038586
0.438684892050407
0.438888622062227
0.439092352074048
0.439296082085869
0.439499812097689
0.43970354210951
0.439907272121331
0.440111002133151
0.440314732144972
0.440518462156793
0.440722192168613
0.440925922180434
0.441129652192255
0.441333382204075
0.441537112215896
0.441740842227716
0.441944572239537
0.442148302251358
0.442352032263178
0.442555762274999
0.44275949228682
0.44296322229864
0.443166952310461
0.443370682322282
0.443574412334102
0.443778142345923
0.443981872357743
0.444185602369564
0.444389332381385
0.444593062393205
0.444796792405026
0.445000522416847
0.445204252428667
0.445407982440488
0.445611712452309
0.445815442464129
0.44601917247595
0.446222902487771
0.446426632499591
0.446630362511412
0.446834092523232
0.447037822535053
0.447241552546874
0.447445282558694
0.447649012570515
0.447852742582336
0.448056472594156
0.448260202605977
0.448463932617798
0.448667662629618
0.448871392641439
0.449075122653259
0.44927885266508
0.449482582676901
0.449686312688721
0.449890042700542
0.450093772712363
0.450297502724183
0.450501232736004
0.450704962747825
0.450908692759645
0.451112422771466
0.451316152783287
0.451519882795107
0.451723612806928
0.451927342818748
0.452131072830569
0.45233480284239
0.45253853285421
0.452742262866031
0.452945992877852
0.453149722889672
0.453353452901493
0.453557182913314
0.453760912925134
0.453964642936955
0.454168372948775
0.454372102960596
0.454575832972417
0.454779562984237
0.454983292996058
0.455187023007879
0.455390753019699
0.45559448303152
0.455798213043341
0.456001943055161
0.456205673066982
0.456409403078803
0.456613133090623
0.456816863102444
0.457020593114264
0.457224323126085
0.457428053137906
0.457631783149726
0.457835513161547
0.458039243173368
0.458242973185188
0.458446703197009
0.45865043320883
0.45885416322065
0.459057893232471
0.459261623244291
0.459465353256112
0.459669083267933
0.459872813279753
0.460076543291574
0.460280273303395
0.460484003315215
0.460687733327036
0.460891463338857
0.461095193350677
0.461298923362498
0.461502653374319
0.461706383386139
0.46191011339796
0.46211384340978
0.462317573421601
0.462521303433422
0.462725033445242
0.462928763457063
0.463132493468884
0.463336223480704
0.463539953492525
0.463743683504346
0.463947413516166
0.464151143527987
0.464354873539807
0.464558603551628
0.464762333563449
0.464966063575269
0.46516979358709
0.465373523598911
0.465577253610731
0.465780983622552
0.465984713634373
0.466188443646193
0.466392173658014
0.466595903669835
0.466799633681655
0.467003363693476
0.467207093705296
0.467410823717117
0.467614553728938
0.467818283740758
0.468022013752579
0.4682257437644
0.46842947377622
0.468633203788041
0.468836933799862
0.469040663811682
0.469244393823503
0.469448123835324
0.469651853847144
0.469855583858965
0.470059313870785
0.470263043882606
0.470466773894427
0.470670503906247
0.470874233918068
0.471077963929889
0.471281693941709
0.47148542395353
0.471689153965351
0.471892883977171
0.472096613988992
0.472300344000813
0.472504074012633
0.472707804024454
0.472911534036275
0.473115264048095
0.473318994059916
0.473522724071736
0.473726454083557
0.473930184095378
0.474133914107198
0.474337644119019
0.47454137413084
0.47474510414266
0.474948834154481
0.475152564166302
0.475356294178122
0.475560024189943
0.475763754201763
0.475967484213584
0.476171214225405
0.476374944237225
0.476578674249046
0.476782404260867
0.476986134272687
0.477189864284508
0.477393594296329
0.477597324308149
0.47780105431997
0.478004784331791
0.478208514343611
0.478412244355432
0.478615974367253
0.478819704379073
0.479023434390894
0.479227164402714
0.479430894414535
0.479634624426356
0.479838354438176
0.480042084449997
0.480245814461818
0.480449544473638
0.480653274485459
0.48085700449728
0.4810607345091
0.481264464520921
0.481468194532741
0.481671924544562
0.481875654556383
0.482079384568203
0.482283114580024
0.482486844591845
0.482690574603665
0.482894304615486
0.483098034627307
0.483301764639127
0.483505494650948
0.483709224662769
0.483912954674589
0.48411668468641
0.484320414698231
0.484524144710051
0.484727874721872
0.484931604733692
0.485135334745513
0.485339064757334
0.485542794769154
0.485746524780975
0.485950254792796
0.486153984804616
0.486357714816437
0.486561444828258
0.486765174840078
0.486968904851899
0.48717263486372
0.48737636487554
0.487580094887361
0.487783824899181
0.487987554911002
0.488191284922823
0.488395014934643
0.488598744946464
0.488802474958285
0.489006204970105
0.489209934981926
0.489413664993747
0.489617395005567
0.489821125017388
0.490024855029209
0.490228585041029
0.49043231505285
0.49063604506467
0.490839775076491
0.491043505088312
0.491247235100132
0.491450965111953
0.491654695123774
0.491858425135594
0.492062155147415
0.492265885159236
0.492469615171056
0.492673345182877
0.492877075194698
0.493080805206518
0.493284535218339
0.493488265230159
0.49369199524198
0.493895725253801
0.494099455265621
0.494303185277442
0.494506915289263
0.494710645301083
0.494914375312904
0.495118105324725
0.495321835336545
0.495525565348366
0.495729295360187
0.495933025372007
0.496136755383828
0.496340485395648
0.496544215407469
0.49674794541929
0.49695167543111
0.497155405442931
0.497359135454752
0.497562865466572
0.497766595478393
0.497970325490214
0.498174055502034
0.498377785513855
0.498581515525676
0.498785245537496
0.498988975549317
0.499192705561137
0.499396435572958
0.499600165584779
0.499803895596599
0.50000762560842
0.500211355620241
0.500415085632061
0.500618815643882
0.500822545655703
0.501026275667523
0.501230005679344
0.501433735691165
0.501637465702985
0.501841195714806
0.502044925726626
0.502248655738447
0.502452385750268
0.502656115762088
0.502859845773909
0.50306357578573
0.50326730579755
0.503471035809371
0.503674765821192
0.503878495833012
0.504082225844833
0.504285955856653
0.504489685868474
0.504693415880295
0.504897145892115
0.505100875903936
0.505304605915757
0.505508335927577
0.505712065939398
0.505915795951219
0.506119525963039
0.50632325597486
0.506526985986681
0.506730715998501
0.506934446010322
0.507138176022143
0.507341906033963
0.507545636045784
0.507749366057604
0.507953096069425
0.508156826081246
0.508360556093066
0.508564286104887
0.508768016116708
0.508971746128528
0.509175476140349
0.50937920615217
0.50958293616399
0.509786666175811
0.509990396187632
0.510194126199452
0.510397856211273
0.510601586223093
0.510805316234914
0.511009046246735
0.511212776258555
0.511416506270376
0.511620236282197
0.511823966294017
0.512027696305838
0.512231426317659
0.512435156329479
0.5126388863413
0.512842616353121
0.513046346364941
0.513250076376762
0.513453806388583
0.513657536400403
0.513861266412224
0.514064996424044
0.514268726435865
0.514472456447686
0.514676186459506
0.514879916471327
0.515083646483148
0.515287376494968
0.515491106506789
0.51569483651861
0.51589856653043
0.516102296542251
0.516306026554071
0.516509756565892
0.516713486577713
0.516917216589533
0.517120946601354
0.517324676613175
0.517528406624995
0.517732136636816
0.517935866648637
0.518139596660457
0.518343326672278
0.518547056684099
0.518750786695919
0.51895451670774
0.51915824671956
0.519361976731381
0.519565706743202
0.519769436755022
0.519973166766843
0.520176896778664
0.520380626790484
0.520584356802305
0.520788086814126
0.520991816825946
0.521195546837767
0.521399276849588
0.521603006861408
0.521806736873229
0.522010466885049
0.52221419689687
0.522417926908691
0.522621656920511
0.522825386932332
0.523029116944153
0.523232846955973
0.523436576967794
0.523640306979615
0.523844036991435
0.524047767003256
0.524251497015077
0.524455227026897
0.524658957038718
0.524862687050539
0.525066417062359
0.52527014707418
0.525473877086
0.525677607097821
0.525881337109642
0.526085067121462
0.526288797133283
0.526492527145104
0.526696257156924
0.526899987168745
0.527103717180565
0.527307447192386
0.527511177204207
0.527714907216027
0.527918637227848
0.528122367239669
0.528326097251489
0.52852982726331
0.528733557275131
0.528937287286951
0.529141017298772
0.529344747310593
0.529548477322413
0.529752207334234
0.529955937346055
0.530159667357875
0.530363397369696
0.530567127381516
0.530770857393337
0.530974587405158
0.531178317416978
0.531382047428799
0.53158577744062
0.53178950745244
0.531993237464261
0.532196967476081
0.532400697487902
0.532604427499723
0.532808157511543
0.533011887523364
0.533215617535185
0.533419347547005
0.533623077558826
0.533826807570647
0.534030537582467
0.534234267594288
0.534437997606109
0.534641727617929
0.53484545762975
0.535049187641571
0.535252917653391
0.535456647665212
0.535660377677032
0.535864107688853
0.536067837700674
0.536271567712494
0.536475297724315
0.536679027736136
0.536882757747956
0.537086487759777
0.537290217771597
0.537493947783418
0.537697677795239
0.537901407807059
0.53810513781888
0.538308867830701
0.538512597842521
0.538716327854342
0.538920057866163
0.539123787877983
0.539327517889804
0.539531247901625
0.539734977913445
0.539938707925266
0.540142437937086
0.540346167948907
0.540549897960728
0.540753627972548
0.540957357984369
0.54116108799619
0.54136481800801
0.541568548019831
0.541772278031652
0.541976008043472
0.542179738055293
0.542383468067114
0.542587198078934
0.542790928090755
0.542994658102575
0.543198388114396
0.543402118126217
0.543605848138037
0.543809578149858
0.544013308161679
0.544217038173499
0.54442076818532
0.544624498197141
0.544828228208961
0.545031958220782
0.545235688232602
0.545439418244423
0.545643148256244
0.545846878268064
0.546050608279885
0.546254338291706
0.546458068303526
0.546661798315347
0.546865528327168
0.547069258338988
0.547272988350809
0.547476718362629
0.54768044837445
0.547884178386271
0.548087908398091
0.548291638409912
0.548495368421733
0.548699098433553
0.548902828445374
0.549106558457195
0.549310288469015
0.549514018480836
0.549717748492657
0.549921478504477
0.550125208516298
0.550328938528118
0.550532668539939
0.55073639855176
0.55094012856358
0.551143858575401
0.551347588587222
0.551551318599042
0.551755048610863
0.551958778622684
0.552162508634504
0.552366238646325
0.552569968658146
0.552773698669966
0.552977428681787
0.553181158693607
0.553384888705428
0.553588618717249
0.553792348729069
0.55399607874089
0.554199808752711
0.554403538764531
0.554607268776352
0.554810998788173
0.555014728799993
0.555218458811814
0.555422188823634
0.555625918835455
0.555829648847276
0.556033378859096
0.556237108870917
0.556440838882738
0.556644568894558
0.556848298906379
0.5570520289182
0.55725575893002
0.557459488941841
0.557663218953662
0.557866948965482
0.558070678977303
0.558274408989124
0.558478139000944
0.558681869012765
0.558885599024585
0.559089329036406
0.559293059048227
0.559496789060047
0.559700519071868
0.559904249083689
0.560107979095509
0.56031170910733
0.560515439119151
0.560719169130971
0.560922899142792
0.561126629154613
0.561330359166433
0.561534089178254
0.561737819190074
0.561941549201895
0.562145279213716
0.562349009225536
0.562552739237357
0.562756469249178
0.562960199260998
0.563163929272819
0.56336765928464
0.56357138929646
0.563775119308281
0.563978849320102
0.564182579331922
0.564386309343743
0.564590039355564
0.564793769367384
0.564997499379205
0.565201229391025
0.565404959402846
0.565608689414667
0.565812419426487
0.566016149438308
0.566219879450129
0.566423609461949
0.56662733947377
0.566831069485591
0.567034799497411
0.567238529509232
0.567442259521053
0.567645989532873
0.567849719544694
0.568053449556515
0.568257179568335
0.568460909580156
0.568664639591977
0.568868369603797
0.569072099615618
0.569275829627438
0.569479559639259
0.56968328965108
0.5698870196629
0.570090749674721
0.570294479686542
0.570498209698362
0.570701939710183
0.570905669722004
0.571109399733824
0.571313129745645
0.571516859757466
0.571720589769286
0.571924319781107
0.572128049792928
0.572331779804748
0.572535509816569
0.572739239828389
0.57294296984021
0.573146699852031
0.573350429863851
0.573554159875672
0.573757889887493
0.573961619899313
0.574165349911134
0.574369079922955
0.574572809934775
0.574776539946596
0.574980269958417
0.575183999970237
0.575387729982058
0.575591459993879
0.575795190005699
0.57599892001752
0.57620265002934
0.576406380041161
0.576610110052982
0.576813840064802
0.577017570076623
0.577221300088444
0.577425030100264
0.577628760112085
0.577832490123906
0.578036220135726
0.578239950147547
0.578443680159368
0.578647410171188
0.578851140183009
0.579054870194829
0.57925860020665
0.579462330218471
0.579666060230291
0.579869790242112
0.580073520253933
0.580277250265753
0.580480980277574
0.580684710289395
0.580888440301215
0.581092170313036
0.581295900324857
0.581499630336677
0.581703360348498
0.581907090360319
0.582110820372139
0.58231455038396
0.58251828039578
0.582722010407601
0.582925740419422
0.583129470431242
0.583333200443063
0.583536930454884
0.583740660466704
0.583944390478525
0.584148120490346
0.584351850502166
0.584555580513987
0.584759310525808
0.584963040537628
0.585166770549449
0.585370500561269
0.58557423057309
0.585777960584911
0.585981690596731
0.586185420608552
0.586389150620373
0.586592880632193
0.586796610644014
0.587000340655835
0.587204070667655
0.587407800679476
0.587611530691297
0.587815260703117
0.588018990714938
0.588222720726759
0.588426450738579
0.5886301807504
0.58883391076222
0.589037640774041
0.589241370785862
0.589445100797682
0.589648830809503
0.589852560821324
0.590056290833144
0.590260020844965
0.590463750856786
0.590667480868606
0.590871210880427
0.591074940892248
0.591278670904068
0.591482400915889
0.59168613092771
0.59188986093953
0.592093590951351
0.592297320963171
0.592501050974992
0.592704780986813
0.592908510998633
0.593112241010454
0.593315971022275
0.593519701034095
0.593723431045916
0.593927161057737
0.594130891069557
0.594334621081378
0.594538351093199
0.594742081105019
0.59494581111684
0.595149541128661
0.595353271140481
0.595557001152302
0.595760731164123
0.595964461175943
0.596168191187764
0.596371921199584
0.596575651211405
0.596779381223226
0.596983111235046
0.597186841246867
0.597390571258688
0.597594301270508
0.597798031282329
0.59800176129415
0.59820549130597
0.598409221317791
0.598612951329612
0.598816681341432
0.599020411353253
0.599224141365074
0.599427871376894
0.599631601388715
0.599835331400535
0.600039061412356
0.600242791424177
0.600446521435997
0.600650251447818
0.600853981459639
0.601057711471459
0.60126144148328
0.601465171495101
0.601668901506921
0.601872631518742
0.602076361530563
0.602280091542383
0.602483821554204
0.602687551566024
0.602891281577845
0.603095011589666
0.603298741601486
0.603502471613307
0.603706201625128
0.603909931636948
0.604113661648769
0.60431739166059
0.60452112167241
0.604724851684231
0.604928581696052
0.605132311707872
0.605336041719693
0.605539771731514
0.605743501743334
0.605947231755155
0.606150961766975
0.606354691778796
0.606558421790617
0.606762151802437
0.606965881814258
0.607169611826079
0.607373341837899
0.60757707184972
0.607780801861541
0.607984531873361
0.608188261885182
0.608391991897003
0.608595721908823
0.608799451920644
0.609003181932464
0.609206911944285
0.609410641956106
0.609614371967926
0.609818101979747
0.610021831991568
0.610225562003388
0.610429292015209
0.61063302202703
0.61083675203885
0.611040482050671
0.611244212062492
0.611447942074312
0.611651672086133
0.611855402097954
0.612059132109774
0.612262862121595
0.612466592133415
0.612670322145236
0.612874052157057
0.613077782168877
0.613281512180698
0.613485242192519
0.613688972204339
0.61389270221616
0.614096432227981
0.614300162239801
0.614503892251622
0.614707622263443
0.614911352275263
0.615115082287084
0.615318812298905
0.615522542310725
0.615726272322546
0.615930002334367
0.616133732346187
0.616337462358008
0.616541192369829
0.616744922381649
0.61694865239347
0.61715238240529
0.617356112417111
0.617559842428932
0.617763572440752
0.617967302452573
0.618171032464394
0.618374762476214
0.618578492488035
0.618782222499856
0.618985952511676
0.619189682523497
0.619393412535318
0.619597142547138
0.619800872558959
0.620004602570779
0.6202083325826
0.620412062594421
0.620615792606241
0.620819522618062
0.621023252629883
0.621226982641703
0.621430712653524
0.621634442665345
0.621838172677165
0.622041902688986
0.622245632700807
0.622449362712627
0.622653092724448
0.622856822736269
0.623060552748089
0.62326428275991
0.62346801277173
0.623671742783551
0.623875472795372
0.624079202807192
0.624282932819013
0.624486662830834
0.624690392842654
0.624894122854475
0.625097852866296
0.625301582878116
0.625505312889937
0.625709042901758
0.625912772913578
0.626116502925399
0.62632023293722
0.62652396294904
0.626727692960861
0.626931422972681
0.627135152984502
0.627338882996323
0.627542613008143
0.627746343019964
0.627950073031785
0.628153803043605
0.628357533055426
0.628561263067247
0.628764993079067
0.628968723090888
0.629172453102709
0.629376183114529
0.62957991312635
0.62978364313817
0.629987373149991
0.630191103161812
0.630394833173632
0.630598563185453
0.630802293197274
0.631006023209094
0.631209753220915
0.631413483232736
0.631617213244556
0.631820943256377
0.632024673268198
0.632228403280018
0.632432133291839
0.63263586330366
0.63283959331548
0.633043323327301
0.633247053339121
0.633450783350942
0.633654513362763
0.633858243374583
0.634061973386404
0.634265703398225
0.634469433410045
0.634673163421866
0.634876893433687
0.635080623445507
0.635284353457328
0.635488083469149
0.635691813480969
0.63589554349279
0.63609927350461
0.636303003516431
0.636506733528252
0.636710463540072
0.636914193551893
0.637117923563714
0.637321653575534
0.637525383587355
0.637729113599176
0.637932843610996
0.638136573622817
0.638340303634638
0.638544033646458
0.638747763658279
0.6389514936701
0.63915522368192
0.639358953693741
0.639562683705561
0.639766413717382
0.639970143729203
0.640173873741023
0.640377603752844
0.640581333764665
0.640785063776485
0.640988793788306
0.641192523800127
0.641396253811947
0.641599983823768
0.641803713835589
0.642007443847409
0.64221117385923
0.642414903871051
0.642618633882871
0.642822363894692
0.643026093906513
0.643229823918333
0.643433553930154
0.643637283941975
0.643841013953795
0.644044743965616
0.644248473977436
0.644452203989257
0.644655934001078
0.644859664012898
0.645063394024719
0.64526712403654
0.64547085404836
0.645674584060181
0.645878314072002
0.646082044083822
0.646285774095643
0.646489504107464
0.646693234119284
0.646896964131105
0.647100694142925
0.647304424154746
0.647508154166567
0.647711884178387
0.647915614190208
0.648119344202029
0.648323074213849
0.64852680422567
0.648730534237491
0.648934264249311
0.649137994261132
0.649341724272953
0.649545454284773
0.649749184296594
0.649952914308415
0.650156644320235
0.650360374332056
0.650564104343876
0.650767834355697
0.650971564367518
0.651175294379338
0.651379024391159
0.65158275440298
0.6517864844148
0.651990214426621
0.652193944438442
0.652397674450262
0.652601404462083
0.652805134473904
0.653008864485724
0.653212594497545
0.653416324509365
0.653620054521186
0.653823784533007
0.654027514544827
0.654231244556648
0.654434974568469
0.654638704580289
0.65484243459211
0.655046164603931
0.655249894615751
0.655453624627572
0.655657354639393
0.655861084651213
0.656064814663034
0.656268544674855
0.656472274686675
0.656676004698496
0.656879734710316
0.657083464722137
0.657287194733958
0.657490924745778
0.657694654757599
0.65789838476942
0.65810211478124
0.658305844793061
0.658509574804882
0.658713304816702
0.658917034828523
0.659120764840344
0.659324494852164
0.659528224863985
0.659731954875806
0.659935684887626
0.660139414899447
0.660343144911268
0.660546874923088
0.660750604934909
0.660954334946729
0.66115806495855
0.661361794970371
0.661565524982191
0.661769254994012
0.661972985005833
0.662176715017653
0.662380445029474
0.662584175041295
0.662787905053115
0.662991635064936
0.663195365076757
0.663399095088577
0.663602825100398
0.663806555112219
0.664010285124039
0.66421401513586
0.66441774514768
0.664621475159501
0.664825205171322
0.665028935183142
0.665232665194963
0.665436395206784
0.665640125218604
0.665843855230425
0.666047585242246
0.666251315254066
0.666455045265887
0.666658775277708
0.666862505289528
0.667066235301349
0.66726996531317
0.66747369532499
0.667677425336811
0.667881155348631
0.668084885360452
0.668288615372273
0.668492345384093
0.668696075395914
0.668899805407735
0.669103535419555
0.669307265431376
0.669510995443197
0.669714725455017
0.669918455466838
0.670122185478659
0.670325915490479
0.6705296455023
0.67073337551412
0.670937105525941
0.671140835537762
0.671344565549582
0.671548295561403
0.671752025573224
0.671955755585044
0.672159485596865
0.672363215608686
0.672566945620506
0.672770675632327
0.672974405644148
0.673178135655968
0.673381865667789
0.67358559567961
0.67378932569143
0.673993055703251
0.674196785715071
0.674400515726892
0.674604245738713
0.674807975750533
0.675011705762354
0.675215435774175
0.675419165785995
0.675622895797816
0.675826625809637
0.676030355821457
0.676234085833278
0.676437815845099
0.676641545856919
0.67684527586874
0.67704900588056
0.677252735892381
0.677456465904202
0.677660195916022
0.677863925927843
0.678067655939664
0.678271385951484
0.678475115963305
0.678678845975126
0.678882575986946
0.679086305998767
0.679290036010588
0.679493766022408
0.679697496034229
0.67990122604605
0.68010495605787
0.680308686069691
0.680512416081511
0.680716146093332
0.680919876105153
0.681123606116973
0.681327336128794
0.681531066140615
0.681734796152435
0.681938526164256
0.682142256176077
0.682345986187897
0.682549716199718
0.682753446211539
0.682957176223359
0.68316090623518
0.683364636247001
0.683568366258821
0.683772096270642
0.683975826282462
0.684179556294283
0.684383286306104
0.684587016317924
0.684790746329745
0.684994476341566
0.685198206353386
0.685401936365207
0.685605666377028
0.685809396388848
0.686013126400669
0.68621685641249
0.68642058642431
0.686624316436131
0.686828046447952
0.687031776459772
0.687235506471593
0.687439236483413
0.687642966495234
0.687846696507055
0.688050426518875
0.688254156530696
0.688457886542517
0.688661616554337
0.688865346566158
0.689069076577979
0.689272806589799
0.68947653660162
0.689680266613441
0.689883996625261
0.690087726637082
0.690291456648903
0.690495186660723
0.690698916672544
0.690902646684365
0.691106376696185
0.691310106708006
0.691513836719826
0.691717566731647
0.691921296743468
0.692125026755288
0.692328756767109
0.69253248677893
0.69273621679075
0.692939946802571
0.693143676814392
0.693347406826212
0.693551136838033
0.693754866849854
0.693958596861674
0.694162326873495
0.694366056885315
0.694569786897136
0.694773516908957
0.694977246920777
0.695180976932598
0.695384706944419
0.695588436956239
0.69579216696806
0.695995896979881
0.696199626991701
0.696403357003522
0.696607087015343
0.696810817027163
0.697014547038984
0.697218277050805
0.697422007062625
0.697625737074446
0.697829467086266
0.698033197098087
0.698236927109908
0.698440657121728
0.698644387133549
0.69884811714537
0.69905184715719
0.699255577169011
0.699459307180832
0.699663037192652
0.699866767204473
0.700070497216294
0.700274227228114
0.700477957239935
0.700681687251756
0.700885417263576
0.701089147275397
0.701292877287217
0.701496607299038
0.701700337310859
0.701904067322679
0.7021077973345
0.702311527346321
0.702515257358141
0.702718987369962
0.702922717381783
0.703126447393603
0.703330177405424
0.703533907417245
0.703737637429065
0.703941367440886
0.704145097452706
0.704348827464527
0.704552557476348
0.704756287488168
0.704960017499989
0.70516374751181
0.70536747752363
0.705571207535451
0.705774937547272
0.705978667559092
0.706182397570913
0.706386127582734
0.706589857594554
0.706793587606375
0.706997317618196
0.707201047630016
0.707404777641837
0.707608507653658
0.707812237665478
0.708015967677299
0.70821969768912
0.70842342770094
0.708627157712761
0.708830887724581
0.709034617736402
0.709238347748223
0.709442077760043
0.709645807771864
0.709849537783685
0.710053267795505
0.710256997807326
0.710460727819147
0.710664457830967
0.710868187842788
0.711071917854609
0.711275647866429
0.71147937787825
0.71168310789007
0.711886837901891
0.712090567913712
0.712294297925532
0.712498027937353
0.712701757949174
0.712905487960994
0.713109217972815
0.713312947984636
0.713516677996456
0.713720408008277
0.713924138020098
0.714127868031918
0.714331598043739
0.71453532805556
0.71473905806738
0.714942788079201
0.715146518091021
0.715350248102842
0.715553978114663
0.715757708126483
0.715961438138304
0.716165168150125
0.716368898161945
0.716572628173766
0.716776358185587
0.716980088197407
0.717183818209228
0.717387548221049
0.717591278232869
0.71779500824469
0.717998738256511
0.718202468268331
0.718406198280152
0.718609928291972
0.718813658303793
0.719017388315614
0.719221118327434
0.719424848339255
0.719628578351076
0.719832308362896
0.720036038374717
0.720239768386538
0.720443498398358
0.720647228410179
0.720850958422
0.72105468843382
0.721258418445641
0.721462148457461
0.721665878469282
0.721869608481103
0.722073338492923
0.722277068504744
0.722480798516565
0.722684528528385
0.722888258540206
0.723091988552027
0.723295718563847
0.723499448575668
0.723703178587489
0.723906908599309
0.72411063861113
0.724314368622951
0.724518098634771
0.724721828646592
0.724925558658412
0.725129288670233
0.725333018682054
0.725536748693874
0.725740478705695
0.725944208717516
0.726147938729336
0.726351668741157
0.726555398752978
0.726759128764798
0.726962858776619
0.72716658878844
0.72737031880026
0.727574048812081
0.727777778823901
0.727981508835722
0.728185238847543
0.728388968859363
0.728592698871184
0.728796428883005
0.729000158894825
0.729203888906646
0.729407618918467
0.729611348930287
0.729815078942108
0.730018808953929
0.730222538965749
0.73042626897757
0.730629998989391
0.730833729001211
0.731037459013032
0.731241189024852
0.731444919036673
0.731648649048494
0.731852379060314
0.732056109072135
0.732259839083956
0.732463569095776
0.732667299107597
0.732871029119418
0.733074759131238
0.733278489143059
0.73348221915488
0.7336859491667
0.733889679178521
0.734093409190342
0.734297139202162
0.734500869213983
0.734704599225804
0.734908329237624
0.735112059249445
0.735315789261265
0.735519519273086
0.735723249284907
0.735926979296727
0.736130709308548
0.736334439320369
0.736538169332189
0.73674189934401
0.736945629355831
0.737149359367651
0.737353089379472
0.737556819391293
0.737760549403113
0.737964279414934
0.738168009426755
0.738371739438575
0.738575469450396
0.738779199462216
0.738982929474037
0.739186659485858
0.739390389497678
0.739594119509499
0.73979784952132
0.74000157953314
0.740205309544961
0.740409039556782
0.740612769568602
0.740816499580423
0.741020229592244
0.741223959604064
0.741427689615885
0.741631419627706
0.741835149639526
0.742038879651347
0.742242609663167
0.742446339674988
0.742650069686809
0.742853799698629
0.74305752971045
0.743261259722271
0.743464989734091
0.743668719745912
0.743872449757733
0.744076179769553
0.744279909781374
0.744483639793195
0.744687369805015
0.744891099816836
0.745094829828656
0.745298559840477
0.745502289852298
0.745706019864118
0.745909749875939
0.74611347988776
0.74631720989958
0.746520939911401
0.746724669923222
0.746928399935042
0.747132129946863
0.747335859958684
0.747539589970504
0.747743319982325
0.747947049994146
0.748150780005966
0.748354510017787
0.748558240029607
0.748761970041428
0.748965700053249
0.749169430065069
0.74937316007689
0.749576890088711
0.749780620100531
0.749984350112352
0.750188080124173
0.750391810135993
0.750595540147814
0.750799270159635
0.751003000171455
0.751206730183276
0.751410460195097
0.751614190206917
0.751817920218738
0.752021650230559
0.752225380242379
0.7524291102542
0.75263284026602
0.752836570277841
0.753040300289662
0.753244030301482
0.753447760313303
0.753651490325124
0.753855220336944
0.754058950348765
0.754262680360586
0.754466410372406
0.754670140384227
0.754873870396048
0.755077600407868
0.755281330419689
0.75548506043151
0.75568879044333
0.755892520455151
0.756096250466971
0.756299980478792
0.756503710490613
0.756707440502433
0.756911170514254
0.757114900526075
0.757318630537895
0.757522360549716
0.757726090561537
0.757929820573357
0.758133550585178
0.758337280596999
0.758541010608819
0.75874474062064
0.758948470632461
0.759152200644281
0.759355930656102
0.759559660667922
0.759763390679743
0.759967120691564
0.760170850703384
0.760374580715205
0.760578310727026
0.760782040738846
0.760985770750667
0.761189500762488
0.761393230774308
0.761596960786129
0.76180069079795
0.76200442080977
0.762208150821591
0.762411880833411
0.762615610845232
0.762819340857053
0.763023070868873
0.763226800880694
0.763430530892515
0.763634260904335
0.763837990916156
0.764041720927977
0.764245450939797
0.764449180951618
0.764652910963439
0.764856640975259
0.76506037098708
0.765264100998901
0.765467831010721
0.765671561022542
0.765875291034362
0.766079021046183
0.766282751058004
0.766486481069824
0.766690211081645
0.766893941093466
0.767097671105286
0.767301401117107
0.767505131128928
0.767708861140748
0.767912591152569
0.76811632116439
0.76832005117621
0.768523781188031
0.768727511199851
0.768931241211672
0.769134971223493
0.769338701235313
0.769542431247134
0.769746161258955
0.769949891270775
0.770153621282596
0.770357351294417
0.770561081306237
0.770764811318058
0.770968541329879
0.771172271341699
0.77137600135352
0.771579731365341
0.771783461377161
0.771987191388982
0.772190921400802
0.772394651412623
0.772598381424444
0.772802111436264
0.773005841448085
0.773209571459906
0.773413301471726
0.773617031483547
0.773820761495368
0.774024491507188
0.774228221519009
0.77443195153083
0.77463568154265
0.774839411554471
0.775043141566292
0.775246871578112
0.775450601589933
0.775654331601753
0.775858061613574
0.776061791625395
0.776265521637215
0.776469251649036
0.776672981660857
0.776876711672677
0.777080441684498
0.777284171696319
0.777487901708139
0.77769163171996
0.777895361731781
0.778099091743601
0.778302821755422
0.778506551767242
0.778710281779063
0.778914011790884
0.779117741802704
0.779321471814525
0.779525201826346
0.779728931838166
0.779932661849987
0.780136391861808
0.780340121873628
0.780543851885449
0.78074758189727
0.78095131190909
0.781155041920911
0.781358771932732
0.781562501944552
0.781766231956373
0.781969961968193
0.782173691980014
0.782377421991835
0.782581152003655
0.782784882015476
0.782988612027297
0.783192342039117
0.783396072050938
0.783599802062759
0.783803532074579
0.7840072620864
0.784210992098221
0.784414722110041
0.784618452121862
0.784822182133683
0.785025912145503
0.785229642157324
0.785433372169145
0.785637102180965
0.785840832192786
0.786044562204607
0.786248292216427
0.786452022228248
0.786655752240068
0.786859482251889
0.78706321226371
0.78726694227553
0.787470672287351
0.787674402299172
0.787878132310992
0.788081862322813
0.788285592334634
0.788489322346454
0.788693052358275
0.788896782370096
0.789100512381916
0.789304242393737
0.789507972405557
0.789711702417378
0.789915432429199
0.790119162441019
0.79032289245284
0.790526622464661
0.790730352476481
0.790934082488302
0.791137812500123
0.791341542511943
0.791545272523764
0.791749002535585
0.791952732547405
0.792156462559226
0.792360192571047
0.792563922582867
0.792767652594688
0.792971382606508
0.793175112618329
0.79337884263015
0.79358257264197
0.793786302653791
0.793990032665612
0.794193762677432
0.794397492689253
0.794601222701074
0.794804952712894
0.795008682724715
0.795212412736536
0.795416142748356
0.795619872760177
0.795823602771998
0.796027332783818
0.796231062795639
0.796434792807459
0.79663852281928
0.796842252831101
0.797045982842921
0.797249712854742
0.797453442866563
0.797657172878383
0.797860902890204
0.798064632902025
0.798268362913845
0.798472092925666
0.798675822937487
0.798879552949307
0.799083282961128
0.799287012972949
0.799490742984769
0.79969447299659
0.799898203008411
0.800101933020231
0.800305663032052
0.800509393043872
0.800713123055693
0.800916853067514
0.801120583079334
0.801324313091155
0.801528043102976
0.801731773114796
0.801935503126617
0.802139233138438
0.802342963150258
0.802546693162079
0.8027504231739
0.80295415318572
0.803157883197541
0.803361613209362
0.803565343221182
0.803769073233003
0.803972803244823
0.804176533256644
0.804380263268465
0.804583993280285
0.804787723292106
0.804991453303927
0.805195183315747
0.805398913327568
0.805602643339389
0.805806373351209
0.80601010336303
0.806213833374851
0.806417563386671
0.806621293398492
0.806825023410312
0.807028753422133
0.807232483433954
0.807436213445774
0.807639943457595
0.807843673469416
0.808047403481236
0.808251133493057
0.808454863504878
0.808658593516698
0.808862323528519
0.80906605354034
0.80926978355216
0.809473513563981
0.809677243575802
0.809880973587622
0.810084703599443
0.810288433611263
0.810492163623084
0.810695893634905
0.810899623646725
0.811103353658546
0.811307083670367
0.811510813682187
0.811714543694008
0.811918273705829
0.812122003717649
0.81232573372947
0.812529463741291
0.812733193753111
0.812936923764932
0.813140653776752
0.813344383788573
0.813548113800394
0.813751843812214
0.813955573824035
0.814159303835856
0.814363033847676
0.814566763859497
0.814770493871318
0.814974223883138
0.815177953894959
0.81538168390678
0.8155854139186
0.815789143930421
0.815992873942242
0.816196603954062
0.816400333965883
0.816604063977703
0.816807793989524
0.817011524001345
0.817215254013165
0.817418984024986
0.817622714036807
0.817826444048627
0.818030174060448
0.818233904072269
0.818437634084089
0.81864136409591
0.818845094107731
0.819048824119551
0.819252554131372
0.819456284143192
0.819660014155013
0.819863744166834
0.820067474178654
0.820271204190475
0.820474934202296
0.820678664214116
0.820882394225937
0.821086124237758
0.821289854249578
0.821493584261399
0.82169731427322
0.82190104428504
0.822104774296861
0.822308504308682
0.822512234320502
0.822715964332323
0.822919694344143
0.823123424355964
0.823327154367785
0.823530884379605
0.823734614391426
0.823938344403247
0.824142074415067
0.824345804426888
0.824549534438709
0.824753264450529
0.82495699446235
0.825160724474171
0.825364454485991
0.825568184497812
0.825771914509632
0.825975644521453
0.826179374533274
0.826383104545094
0.826586834556915
0.826790564568736
0.826994294580556
0.827198024592377
0.827401754604198
0.827605484616018
0.827809214627839
0.82801294463966
0.82821667465148
0.828420404663301
0.828624134675122
0.828827864686942
0.829031594698763
0.829235324710584
0.829439054722404
0.829642784734225
0.829846514746045
0.830050244757866
0.830253974769687
0.830457704781507
0.830661434793328
0.830865164805149
0.831068894816969
0.83127262482879
0.831476354840611
0.831680084852431
0.831883814864252
0.832087544876073
0.832291274887893
0.832495004899714
0.832698734911535
0.832902464923355
0.833106194935176
0.833309924946997
0.833513654958817
0.833717384970638
0.833921114982458
0.834124844994279
0.8343285750061
0.83453230501792
0.834736035029741
0.834939765041562
0.835143495053382
0.835347225065203
0.835550955077024
0.835754685088844
0.835958415100665
0.836162145112486
0.836365875124306
0.836569605136127
0.836773335147947
0.836977065159768
0.837180795171589
0.837384525183409
0.83758825519523
0.837791985207051
0.837995715218871
0.838199445230692
0.838403175242513
0.838606905254333
0.838810635266154
0.839014365277975
0.839218095289795
0.839421825301616
0.839625555313437
0.839829285325257
0.840033015337078
0.840236745348898
0.840440475360719
0.84064420537254
0.84084793538436
0.841051665396181
0.841255395408002
0.841459125419822
0.841662855431643
0.841866585443464
0.842070315455284
0.842274045467105
0.842477775478926
0.842681505490746
0.842885235502567
0.843088965514388
0.843292695526208
0.843496425538029
0.843700155549849
0.84390388556167
0.844107615573491
0.844311345585311
0.844515075597132
0.844718805608953
0.844922535620773
0.845126265632594
0.845329995644415
0.845533725656235
0.845737455668056
0.845941185679877
0.846144915691697
0.846348645703518
0.846552375715339
0.846756105727159
0.84695983573898
0.847163565750801
0.847367295762621
0.847571025774442
0.847774755786262
0.847978485798083
0.848182215809904
0.848385945821724
0.848589675833545
0.848793405845366
0.848997135857186
0.849200865869007
0.849404595880828
0.849608325892648
0.849812055904469
0.85001578591629
0.85021951592811
0.850423245939931
0.850626975951752
0.850830705963572
0.851034435975393
0.851238165987213
0.851441895999034
0.851645626010855
0.851849356022675
0.852053086034496
0.852256816046317
0.852460546058137
0.852664276069958
0.852868006081779
0.853071736093599
0.85327546610542
0.853479196117241
0.853682926129061
0.853886656140882
0.854090386152702
0.854294116164523
0.854497846176344
0.854701576188164
0.854905306199985
0.855109036211806
0.855312766223626
0.855516496235447
0.855720226247268
0.855923956259088
0.856127686270909
0.85633141628273
0.85653514629455
0.856738876306371
0.856942606318192
0.857146336330012
0.857350066341833
0.857553796353653
0.857757526365474
0.857961256377295
0.858164986389115
0.858368716400936
0.858572446412757
0.858776176424577
0.858979906436398
0.859183636448219
0.859387366460039
0.85959109647186
0.859794826483681
0.859998556495501
0.860202286507322
0.860406016519143
0.860609746530963
0.860813476542784
0.861017206554604
0.861220936566425
0.861424666578246
0.861628396590066
0.861832126601887
0.862035856613708
0.862239586625528
0.862443316637349
0.86264704664917
0.86285077666099
0.863054506672811
0.863258236684632
0.863461966696452
0.863665696708273
0.863869426720093
0.864073156731914
0.864276886743735
0.864480616755555
0.864684346767376
0.864888076779197
0.865091806791017
0.865295536802838
0.865499266814659
0.865702996826479
0.8659067268383
0.866110456850121
0.866314186861941
0.866517916873762
0.866721646885583
0.866925376897403
0.867129106909224
0.867332836921044
0.867536566932865
0.867740296944686
0.867944026956506
0.868147756968327
0.868351486980148
0.868555216991968
0.868758947003789
0.86896267701561
0.86916640702743
0.869370137039251
0.869573867051072
0.869777597062892
0.869981327074713
0.870185057086533
0.870388787098354
0.870592517110175
0.870796247121995
0.870999977133816
0.871203707145637
0.871407437157457
0.871611167169278
0.871814897181099
0.872018627192919
0.87222235720474
0.872426087216561
0.872629817228381
0.872833547240202
0.873037277252023
0.873241007263843
0.873444737275664
0.873648467287484
0.873852197299305
0.874055927311126
0.874259657322946
0.874463387334767
0.874667117346588
0.874870847358408
0.875074577370229
0.87527830738205
0.87548203739387
0.875685767405691
0.875889497417512
0.876093227429332
0.876296957441153
0.876500687452974
0.876704417464794
0.876908147476615
0.877111877488436
0.877315607500256
0.877519337512077
0.877723067523897
0.877926797535718
0.878130527547539
0.878334257559359
0.87853798757118
0.878741717583001
0.878945447594821
0.879149177606642
0.879352907618463
0.879556637630283
0.879760367642104
0.879964097653925
0.880167827665745
0.880371557677566
0.880575287689387
0.880779017701207
0.880982747713028
0.881186477724848
0.881390207736669
0.88159393774849
0.88179766776031
0.882001397772131
0.882205127783952
0.882408857795772
0.882612587807593
0.882816317819414
0.883020047831234
0.883223777843055
0.883427507854876
0.883631237866696
0.883834967878517
0.884038697890338
0.884242427902158
0.884446157913979
0.884649887925799
0.88485361793762
0.885057347949441
0.885261077961261
0.885464807973082
0.885668537984903
0.885872267996723
0.886075998008544
0.886279728020365
0.886483458032185
0.886687188044006
0.886890918055827
0.887094648067647
0.887298378079468
0.887502108091288
0.887705838103109
0.88790956811493
0.88811329812675
0.888317028138571
0.888520758150392
0.888724488162212
0.888928218174033
0.889131948185854
0.889335678197674
0.889539408209495
0.889743138221316
0.889946868233136
0.890150598244957
0.890354328256778
0.890558058268598
0.890761788280419
0.89096551829224
0.89116924830406
0.891372978315881
0.891576708327701
0.891780438339522
0.891984168351343
0.892187898363163
0.892391628374984
0.892595358386805
0.892799088398625
0.893002818410446
0.893206548422267
0.893410278434087
0.893614008445908
0.893817738457729
0.894021468469549
0.89422519848137
0.894428928493191
0.894632658505011
0.894836388516832
0.895040118528653
0.895243848540473
0.895447578552294
0.895651308564114
0.895855038575935
0.896058768587756
0.896262498599576
0.896466228611397
0.896669958623218
0.896873688635038
0.897077418646859
0.89728114865868
0.8974848786705
0.897688608682321
0.897892338694142
0.898096068705962
0.898299798717783
0.898503528729603
0.898707258741424
0.898910988753245
0.899114718765065
0.899318448776886
0.899522178788707
0.899725908800527
0.899929638812348
0.900133368824169
0.900337098835989
0.90054082884781
0.900744558859631
0.900948288871451
0.901152018883272
0.901355748895093
0.901559478906913
0.901763208918734
0.901966938930554
0.902170668942375
0.902374398954196
0.902578128966016
0.902781858977837
0.902985588989658
0.903189319001478
0.903393049013299
0.90359677902512
0.90380050903694
0.904004239048761
0.904207969060582
0.904411699072402
0.904615429084223
0.904819159096043
0.905022889107864
0.905226619119685
0.905430349131505
0.905634079143326
0.905837809155147
0.906041539166967
0.906245269178788
0.906448999190609
0.906652729202429
0.90685645921425
0.907060189226071
0.907263919237891
0.907467649249712
0.907671379261533
0.907875109273353
0.908078839285174
0.908282569296994
0.908486299308815
0.908690029320636
0.908893759332456
0.909097489344277
0.909301219356098
0.909504949367918
0.909708679379739
0.90991240939156
0.91011613940338
0.910319869415201
0.910523599427022
0.910727329438842
0.910931059450663
0.911134789462483
0.911338519474304
0.911542249486125
0.911745979497945
0.911949709509766
0.912153439521587
0.912357169533407
0.912560899545228
0.912764629557049
0.912968359568869
0.91317208958069
0.913375819592511
0.913579549604331
0.913783279616152
0.913987009627973
0.914190739639793
0.914394469651614
0.914598199663434
0.914801929675255
0.915005659687076
0.915209389698896
0.915413119710717
0.915616849722538
0.915820579734358
0.916024309746179
0.916228039758
0.91643176976982
0.916635499781641
0.916839229793462
0.917042959805282
0.917246689817103
0.917450419828924
0.917654149840744
0.917857879852565
0.918061609864385
0.918265339876206
0.918469069888027
0.918672799899847
0.918876529911668
0.919080259923489
0.919283989935309
0.91948771994713
0.919691449958951
0.919895179970771
0.920098909982592
0.920302639994413
0.920506370006233
0.920710100018054
0.920913830029874
0.921117560041695
0.921321290053516
0.921525020065336
0.921728750077157
0.921932480088978
0.922136210100798
0.922339940112619
0.92254367012444
0.92274740013626
0.922951130148081
0.923154860159902
0.923358590171722
0.923562320183543
0.923766050195364
0.923969780207184
0.924173510219005
0.924377240230826
0.924580970242646
0.924784700254467
0.924988430266288
0.925192160278108
0.925395890289929
0.925599620301749
0.92580335031357
0.926007080325391
0.926210810337211
0.926414540349032
0.926618270360853
0.926822000372673
0.927025730384494
0.927229460396315
0.927433190408135
0.927636920419956
0.927840650431777
0.928044380443597
0.928248110455418
0.928451840467238
0.928655570479059
0.92885930049088
0.9290630305027
0.929266760514521
0.929470490526342
0.929674220538162
0.929877950549983
0.930081680561804
0.930285410573624
0.930489140585445
0.930692870597266
0.930896600609086
0.931100330620907
0.931304060632728
0.931507790644548
0.931711520656369
0.931915250668189
0.93211898068001
0.932322710691831
0.932526440703651
0.932730170715472
0.932933900727293
0.933137630739113
0.933341360750934
0.933545090762755
0.933748820774575
0.933952550786396
0.934156280798217
0.934360010810037
0.934563740821858
0.934767470833679
0.934971200845499
0.93517493085732
0.93537866086914
0.935582390880961
0.935786120892782
0.935989850904602
0.936193580916423
0.936397310928244
0.936601040940064
0.936804770951885
0.937008500963706
0.937212230975526
0.937415960987347
0.937619690999168
0.937823421010988
0.938027151022809
0.93823088103463
0.93843461104645
0.938638341058271
0.938842071070092
0.939045801081912
0.939249531093733
0.939453261105553
0.939656991117374
0.939860721129195
0.940064451141015
0.940268181152836
0.940471911164657
0.940675641176477
0.940879371188298
0.941083101200119
0.941286831211939
0.94149056122376
0.941694291235581
0.941898021247401
0.942101751259222
0.942305481271043
0.942509211282863
0.942712941294684
0.942916671306504
0.943120401318325
0.943324131330146
0.943527861341966
0.943731591353787
0.943935321365608
0.944139051377428
0.944342781389249
0.94454651140107
0.94475024141289
0.944953971424711
0.945157701436532
0.945361431448352
0.945565161460173
0.945768891471994
0.945972621483814
0.946176351495635
0.946380081507455
0.946583811519276
0.946787541531097
0.946991271542917
0.947195001554738
0.947398731566559
0.947602461578379
0.9478061915902
0.948009921602021
0.948213651613841
0.948417381625662
0.948621111637483
0.948824841649303
0.949028571661124
0.949232301672944
0.949436031684765
0.949639761696586
0.949843491708406
0.950047221720227
0.950250951732048
0.950454681743868
0.950658411755689
0.95086214176751
0.95106587177933
0.951269601791151
0.951473331802972
0.951677061814792
0.951880791826613
0.952084521838434
0.952288251850254
0.952491981862075
0.952695711873895
0.952899441885716
0.953103171897537
0.953306901909357
0.953510631921178
0.953714361932999
0.953918091944819
0.95412182195664
0.954325551968461
0.954529281980281
0.954733011992102
0.954936742003923
0.955140472015743
0.955344202027564
0.955547932039384
0.955751662051205
0.955955392063026
0.956159122074846
0.956362852086667
0.956566582098488
0.956770312110308
0.956974042122129
0.95717777213395
0.95738150214577
0.957585232157591
0.957788962169412
0.957992692181232
0.958196422193053
0.958400152204874
0.958603882216694
0.958807612228515
0.959011342240335
0.959215072252156
0.959418802263977
0.959622532275797
0.959826262287618
0.960029992299439
0.960233722311259
0.96043745232308
0.960641182334901
0.960844912346721
0.961048642358542
0.961252372370363
0.961456102382183
0.961659832394004
0.961863562405824
0.962067292417645
0.962271022429466
0.962474752441286
0.962678482453107
0.962882212464928
0.963085942476748
0.963289672488569
0.96349340250039
0.96369713251221
0.963900862524031
0.964104592535852
0.964308322547672
0.964512052559493
0.964715782571314
0.964919512583134
0.965123242594955
0.965326972606775
0.965530702618596
0.965734432630417
0.965938162642237
0.966141892654058
0.966345622665879
0.966549352677699
0.96675308268952
0.966956812701341
0.967160542713161
0.967364272724982
0.967568002736803
0.967771732748623
0.967975462760444
0.968179192772265
0.968382922784085
0.968586652795906
0.968790382807726
0.968994112819547
0.969197842831368
0.969401572843188
0.969605302855009
0.96980903286683
0.97001276287865
0.970216492890471
0.970420222902292
0.970623952914112
0.970827682925933
0.971031412937754
0.971235142949574
0.971438872961395
0.971642602973216
0.971846332985036
0.972050062996857
0.972253793008678
0.972457523020498
0.972661253032319
0.972864983044139
0.97306871305596
0.973272443067781
0.973476173079601
0.973679903091422
0.973883633103243
0.974087363115063
0.974291093126884
0.974494823138705
0.974698553150525
0.974902283162346
0.975106013174167
0.975309743185987
0.975513473197808
0.975717203209629
0.975920933221449
0.97612466323327
0.97632839324509
0.976532123256911
0.976735853268732
0.976939583280552
0.977143313292373
0.977347043304194
0.977550773316014
0.977754503327835
0.977958233339656
0.978161963351476
0.978365693363297
0.978569423375118
0.978773153386938
0.978976883398759
0.979180613410579
0.9793843434224
0.979588073434221
0.979791803446041
0.979995533457862
0.980199263469683
0.980402993481503
0.980606723493324
0.980810453505145
0.981014183516965
0.981217913528786
0.981421643540607
0.981625373552427
0.981829103564248
0.982032833576069
0.982236563587889
0.98244029359971
0.98264402361153
0.982847753623351
0.983051483635172
0.983255213646992
0.983458943658813
0.983662673670634
0.983866403682454
0.984070133694275
0.984273863706096
0.984477593717916
0.984681323729737
0.984885053741558
0.985088783753378
0.985292513765199
0.98549624377702
0.98569997378884
0.985903703800661
0.986107433812482
0.986311163824302
0.986514893836123
0.986718623847944
0.986922353859764
0.987126083871585
0.987329813883405
0.987533543895226
0.987737273907047
0.987941003918867
0.988144733930688
0.988348463942508
0.988552193954329
0.98875592396615
0.98895965397797
0.989163383989791
0.989367114001611
0.989570844013432
0.989774574025253
0.989978304037073
0.990182034048894
0.990385764060714
0.990589494072535
0.990793224084356
0.990996954096176
0.991200684107997
0.991404414119817
0.991608144131638
0.991811874143459
0.992015604155279
0.9922193341671
0.99242306417892
0.992626794190741
0.992830524202561
0.993034254214382
0.993237984226203
0.993441714238023
0.993645444249844
0.993849174261664
0.994052904273485
0.994256634285306
0.994460364297126
0.994664094308947
0.994867824320767
0.995071554332588
0.995275284344409
0.995479014356229
0.99568274436805
0.99588647437987
0.996090204391691
0.996293934403512
0.996497664415332
0.996701394427153
0.996905124438973
0.997108854450794
0.997312584462615
0.997516314474435
0.997720044486256
0.997923774498076
0.998127504509897
0.998331234521717
0.998534964533538
0.998738694545359
0.998942424557179
0.999146154569
0.99934988458082
0.999553614592641
0.999757344604462
0.999961074616282
1.0001648046281
1.00036853463992
1.00057226465174
1.00077599466356
1.00097972467539
1.00118345468721
1.00138718469903
1.00159091471085
1.00179464472267
1.00199837473449
1.00220210474631
1.00240583475813
1.00260956476995
1.00281329478177
1.00301702479359
1.00322075480541
1.00342448481723
1.00362821482905
1.00383194484087
1.00403567485269
1.00423940486451
1.00444313487634
1.00464686488816
1.00485059489998
1.0050543249118
1.00525805492362
1.00546178493544
1.00566551494726
1.00586924495908
1.0060729749709
1.00627670498272
1.00648043499454
1.00668416500636
1.00688789501818
1.00709162503
1.00729535504182
1.00749908505364
1.00770281506546
1.00790654507729
1.00811027508911
1.00831400510093
1.00851773511275
1.00872146512457
1.00892519513639
1.00912892514821
1.00933265516003
1.00953638517185
1.00974011518367
1.00994384519549
1.01014757520731
1.01035130521913
1.01055503523095
1.01075876524277
1.01096249525459
1.01116622526641
1.01136995527824
1.01157368529006
1.01177741530188
1.0119811453137
1.01218487532552
1.01238860533734
1.01259233534916
1.01279606536098
1.0129997953728
1.01320352538462
1.01340725539644
1.01361098540826
1.01381471542008
1.0140184454319
1.01422217544372
1.01442590545554
1.01462963546736
1.01483336547919
1.01503709549101
1.01524082550283
1.01544455551465
1.01564828552647
1.01585201553829
1.01605574555011
1.01625947556193
1.01646320557375
1.01666693558557
1.01687066559739
1.01707439560921
1.01727812562103
1.01748185563285
1.01768558564467
1.01788931565649
1.01809304566831
1.01829677568014
