0.0451979988508759
0.0156173146808001
-0.00838070787641974
-0.0236675123639958
-0.0406721584202722
-0.0691654479322436
-0.0852061116939092
-0.112856210187257
-0.129497673374805
-0.0862172715584566
-0.0303052754633006
-0.0579948402662934
-0.0470247904407702
0.042974477892379
0.0740202452427574
0.123763894122657
0.097929259059738
0.0679986863102285
0.0871281622544874
0.0804866748701921
0.109677213483809
0.0976700811323797
0.083439145680452
0.177727693469112
0.167073008838535
0.144113622856346
0.128276164616189
0.124650168214068
0.12271691312163
0.092122742143768
0.0846501245133999
0.0587139755220178
0.0653606552590813
0.0918914951412959
0.0680574364168955
0.0579316250291391
0.035793105659869
0.0694248341402024
0.0501901011374508
0.0664007308898034
0.0362449144969959
0.058103389108088
0.0958438669019619
0.0646345099218277
0.0344280862428179
0.00752707637250527
0.0206547599182199
0.0177326669316642
0.0923398400419018
0.0704472421412263
0.0441865264682226
0.0605452497264383
0.138928772428045
0.111325554005866
0.103376145391429
0.0842835400420403
0.0540709607577639
0.0481173000939312
0.0713535195808352
0.129167202928952
0.130960494237623
0.204010539326177
0.174457645886997
0.19620092971565
0.168304313687431
0.17453909069199
0.146018505617947
0.114804702711226
0.0919172790243517
0.0766605998257965
0.0506267350183855
0.0248117333427595
0.0189656096931263
0.0199656448107599
0.0321148864455805
0.0311213488036626
0.0170153501801869
-0.0141051116854807
-0.0289417570806374
-0.0255667767401029
-0.0558207947643132
-0.00962006511253266
-0.0308948705126788
-0.0585990771211486
-0.0887512743934167
-0.112262676643684
-0.102606341063979
-0.126050200681119
-0.136694583556995
-0.160177240470816
-0.144626677674481
-0.148024586374633
-0.178499536167422
-0.209048431615438
-0.144520105365844
-0.151650420968108
-0.136217050245672
-0.157882045457201
-0.140531948747642
-0.171746886364033
-0.184872395319893
-0.19079265987138
-0.189806815420658
-0.160770125214488
-0.166045099762469
-0.186048152249558
-0.141677182463218
-0.148406358449535
-0.113284720484143
-0.141829252557813
-0.136450035746009
-0.0621635758198287
-0.0265533457835549
-0.0256776526620288
-0.0230181371515128
0.0459726021231761
0.0337819671239368
0.0246474104536509
0.0184400979536439
0.0432364435173525
0.0573962007307252
0.0465861180294351
0.0540936251674737
0.106600172769634
0.0753743008209189
0.0598639745350296
0.0871422919187097
0.0815312603012357
0.060213198469409
0.0766308825180282
0.0507132524138747
0.0378082422098069
0.0460932419302775
0.0298460993977994
0.0163017846546092
0.0265584655720836
0.0362777911396792
0.0201260765092446
0.0312950344789993
0.0500736603616536
0.0367758995525946
0.00557420480037685
0.0137766551227125
0.0444602713005953
0.0438776651358443
0.014329658373895
0.0285102836647484
0.0190668704420691
0.0923045924246528
0.113377676644366
0.0987944434536034
0.0889806037180554
0.067742762795568
0.0965164057882513
0.119199357904665
0.0897745224251967
0.0767494922925067
0.0622892392960237
0.0454926725825571
0.0162840886181721
0.0142426899154984
-0.00324737998492441
-0.0233378498198089
-0.0383931431225095
-0.0228247036270073
-0.0329054851999411
-0.0437096385000713
-0.0311201894664963
-0.0545148855426367
-0.0623826948827189
-0.09104976571561
-0.096669617382795
-0.0910301638711664
-0.112864347710479
-0.143459709167475
-0.165085158957038
-0.188523543212122
-0.20953871889029
-0.230995905781052
-0.21538734584864
-0.208648700659245
-0.0481098999937277
-0.0636252844608158
-0.0845613227808473
-0.0924595688917442
-0.116290279227679
-0.1275375370438
-0.111096965763986
-0.127763936361402
-0.109169055871597
-0.125864487699695
-0.156486806438878
-0.178064513506913
-0.191622771751416
-0.173342473451062
-0.174590831501213
-0.186863345676397
-0.163568976168052
-0.166735643931696
-0.160757222954581
-0.113885848881486
-0.12003975010047
-0.140873326304896
-0.170255199017329
-0.16235301067606
-0.178558696661247
-0.187277369445192
-0.209349104809966
-0.200483059369164
-0.198196368100566
-0.219302973482081
-0.249232973897976
-0.250573127037353
-0.222676372269573
-0.237541396394055
-0.240021825188792
-0.25740615132345
-0.261573084348719
-0.279332221955322
-0.263822272707602
-0.284732799982497
-0.309381714600367
-0.301812219304924
-0.314839069559942
-0.335643555025425
-0.341604059965046
-0.302589384674862
-0.272329146860641
-0.213342859825473
-0.240404629666585
-0.189888280175182
-0.208390302580745
-0.200028275752112
-0.211013647431128
-0.179723243884355
-0.18189684496005
-0.188060606761062
-0.194348130747334
-0.208168054762709
-0.155510983128337
-0.183375641052933
-0.166889677373031
-0.175844558390076
-0.183684164994711
-0.210877336630046
-0.223081588824485
-0.200659585948751
-0.231762910545209
-0.247092253136478
-0.269177649998259
-0.300333586527191
-0.243466229345533
-0.26474821447741
-0.245073875420789
-0.217007400732658
-0.240500146619244
0.0477488574851748
0.0636352347116507
0.0386326700395863
0.0690292831383541
0.0780078758213865
0.115823915030109
0.142443705620664
0.151656188925447
0.128458815337963
0.111023051864645
0.0809659957575235
0.0692595580022211
0.0623497365154329
0.0393524555574878
0.084879317026207
0.0838347104447923
0.0816465011728109
0.0506313035010422
0.0490282392089672
0.0978483070269043
0.0763820600812526
0.0677071960299713
0.0471556215585878
0.0181692126433219
0.0216376590333098
0.00968655758030934
-0.0125732413691075
-0.0191200207505275
-0.0487986995989473
-0.0742923484923956
-0.0812088522552568
-0.100026898338927
-0.0731001341476745
-0.057302863770536
-0.0599777962265158
-0.0839709558632382
-0.0826638475948069
-0.0443432653836666
-0.00245736678232156
-0.0129012973257101
-0.0198466228969831
0.0109284231628486
-0.00339699538564808
-0.00858733395308242
0.0946407479311144
0.0840339776585921
0.0634049625094413
0.0625434363511665
0.0638031813601501
0.0997159314001923
0.184233536528394
0.164138964029616
0.145035274832813
0.122948314823928
0.128894933786828
0.111756175191267
0.116117587971821
0.093615562871852
0.0716699652137081
0.130338920715117
0.130392178298026
0.138114715387919
0.11560182954314
0.0851967391948598
0.0994859711793215
0.0771199295846223
0.110896221700804
0.119403450882759
0.0924434582267768
0.0636330049562854
0.0379987640464048
0.0292267695019088
0.0160917829363321
0.0180342201397785
0.000240158760446363
-0.000661448367837991
0.00108513804855725
-0.0025265170235258
-0.0153939316704861
-0.0242122869235946
-0.0505658379354212
-0.0523129705431717
-0.0417050615371952
-0.0373725301422834
-0.042816101919005
-0.0686722451683917
-0.0192772831160912
0.015410097620931
0.0305531721612233
0.00432592878524396
0.00935539694788723
-0.00436630748752798
-0.0158038546409838
-0.0273246344486839
-0.0530317766694228
-0.0414251604106255
0.0194745127644644
-0.0107502226950462
-0.0287044723619481
-0.0325420089991137
-0.0509818534358857
-0.028938020834044
-0.00317037840590828
-0.00460327646159797
-0.0215333415193601
-0.0445722905900467
-0.0626580212156895
-0.0905722414773855
-0.110120242021807
-0.131842774223623
-0.126848591399446
-0.0871397574079289
-0.064262966632981
-0.0846851531207182
-0.104273144849902
-0.0686303247640456
-0.0725145432575189
-0.078704299371017
-0.0579030981152027
-0.0119562944016884
-0.0211436171133208
-0.0344428413868343
-0.0523659824289968
-0.0599888504694803
-0.0608596366919514
-0.0516258542369208
-0.057724046926225
-0.0743985261417137
-0.0881991080492686
-0.0384491412097763
-0.060588427596187
-0.0429798806037009
-0.0467732066069022
-0.0721673712480815
-0.0564711528651358
-0.0450432718611591
-0.0294858070011923
-0.0539837562296359
-0.0576492782315547
-0.0421090904946233
-0.0708865072330465
-0.0993465917348075
-0.114975079557855
-0.133772510652292
-0.119125428718924
-0.0796486740436144
-0.11018167052298
-0.140342271554275
-0.142932165321897
-0.141583051813521
-0.123563399174541
-0.0916736032169325
-0.103482443153185
-0.123059662888044
-0.123146389844049
-0.100216991609489
-0.0830665755550317
-0.0546211652789079
-0.0623959067370841
-0.0640638725669955
-0.0695088120279781
-0.078270742279285
-0.106996947950226
-0.0981278456622423
-0.124750328439406
-0.136693566766931
-0.133287273865417
-0.123928027129461
-0.134729917383655
-0.16049972072175
-0.165155851759492
-0.145609715565104
-0.166978738677866
-0.196717929892516
-0.227957279042499
-0.228816286763616
-0.241479602607198
-0.195489253367501
-0.116908715327781
-0.0732236478842285
-0.101200095523167
-0.0701166022241058
-0.0590457545234813
-0.0856528551500606
-0.0958007051336303
-0.106767147376205
-0.083145733626548
-0.101929868168005
-0.0997333200431232
-0.128077820901028
-0.118882217472025
-0.113662542012603
-0.0919563166363258
-0.101548106024756
0.0184376620640041
0.00155683473305857
-0.00423151598147875
-0.0165354653276832
-0.0208852179476526
0.00775399841726987
-0.019857124119449
-0.021431737429312
0.03226796769294
0.00455123160444337
-0.0209052503107507
0.077876999836084
0.0528073718016291
0.0715634039411572
0.0452961919599169
0.0164784695921636
0.0188722606270151
0.0962808630481664
0.0783083487402116
0.06186298662052
0.0835761101825945
0.0931200858716199
0.160714522826161
0.175315206570955
0.16601099919812
0.247529948214522
0.29415803482444
0.28818074513479
0.286688486418155
0.278070784638166
0.277241275599156
0.299652359727585
0.294008834224449
0.278334102726831
0.255328984019847
0.271879317773136
0.248388334891832
0.27815908806822
0.266924837072947
0.241694202412427
0.243363529027652
0.241106127521554
0.238406838912198
0.237984470137469
0.290257217881027
0.290945421290372
0.264857422099723
0.237872807696705
0.211040912065524
0.300591128061916
0.277884032675574
0.349991910244501
0.321380433372724
0.317199748464287
0.35340499020084
0.342398092262364
0.409658017593632
0.433358122279436
0.421384414611271
0.404398779628458
0.412656617297458
0.447507409660403
0.443300128811167
0.457815441201177
0.45480059584359
0.46900863334529
0.488654700869503
0.593450561735267
0.625414912677073
0.664114680708238
0.633863380615814
0.604494914522832
0.582590918727206
0.563716929863496
0.567579654848206
0.559024751611958
0.534151139931009
0.506561011714155
0.584813796265156
0.58717666559123
0.565872111963756
0.571482009800437
0.542724648812491
0.516108685934
0.525265082222091
0.500787998576087
0.566141349805051
0.569376290208538
0.556699260864438
0.578849483641743
0.573134630280528
0.575991049401139
0.557431106769911
0.527214257736475
0.500503154054076
0.522001391406153
0.506176547442067
0.512301800509363
0.4927058561778
0.465434250677401
0.439202397188708
0.424214218938413
0.397761309651358
0.398028636612878
0.419982545382865
0.405481556215062
0.393395064354529
0.381677322414291
0.354052949991576
0.338918828645618
0.31168729664714
0.282199858728529
0.263305968934773
0.251693548896395
0.224623007093903
0.208914038804114
0.187538887845474
0.229111603996763
0.214189996864462
0.193587253146333
0.16759264895591
0.181275510369318
0.179411513013996
0.207069561779623
0.194032271506607
0.188012043850826
0.168269044116094
0.141282914906405
0.166581815556963
0.141603630456224
0.145695119122625
0.122945901520463
0.109351864998711
0.0847489507512691
0.0548649049146768
0.0524637272331852
0.0287525098394461
-0.0021786888094546
-0.028580107659046
-0.0578663898410596
-0.0838971991575477
-0.074044995572482
-0.10499215728122
-0.125604095641037
-0.120839239575609
-0.102891587638183
-0.133880286285091
-0.16268139457015
-0.177677135092093
-0.133832876322781
-0.155803094912237
-0.0650537124677371
-0.0809694305109261
-0.0888383589437289
-0.119603806090048
-0.128245483943783
-0.158933301807984
-0.162246349099355
-0.187869000986097
-0.172217098082498
-0.160664230292483
-0.178344813932753
-0.174935688910789
-0.190669960639642
-0.216669745460582
-0.216813664927852
-0.229712006896332
-0.194715257717675
-0.223507476941474
-0.238037342178949
-0.26456122382324
-0.261695205153433
-0.285769116018166
-0.286772358800366
-0.315726043488247
-0.322417523826598
-0.34308232908047
-0.340540542110119
-0.327505383166251
-0.357644419500662
-0.374094823896808
-0.388100018089364
-0.384007054349876
-0.411703823104059
-0.434812479914083
-0.439152525626259
-0.468774318900657
-0.487785620800732
-0.475873041846469
-0.494225314165394
-0.501572222061167
-0.477855450465846
-0.467929567428119
-0.493390868625536
-0.494679847322622
-0.525029505316933
-0.532842288664394
-0.486080664895209
-0.439606535253777
-0.444408382431764
-0.475646303703599
-0.503382778608152
-0.522436137049311
-0.531348729405824
-0.531775760581635
-0.547956893970721
-0.577283699810845
-0.55829106311867
-0.585524271362516
-0.608063477552129
-0.63765351438639
-0.60882765457626
-0.624811269366109
-0.53695903854539
-0.443311830336775
-0.473798496780212
-0.433097355185563
-0.429176431118925
-0.341405905543901
-0.333935415969624
-0.337911071949765
-0.349975410138843
-0.376261408324666
-0.352899570679824
-0.373227233492877
-0.383220033287792
-0.367096546336132
-0.389547936221113
-0.405011411502993
-0.418428692566646
-0.435026728778855
-0.352106910951846
-0.292049646020804
-0.261454362824221
-0.284228940495847
-0.293432782543672
-0.314656607144428
-0.279671608536702
-0.28620814299455
-0.312091947529904
-0.284386507387605
-0.309179518601997
-0.275739777289619
-0.147158070339518
-0.165859644373707
-0.156293526578754
-0.132270620506574
-0.110595848652839
-0.0703800268420558
-0.10106948730505
-0.108339209599901
-0.127901774179691
-0.149785831917232
-0.159067168790919
-0.160284448095265
-0.19018737518704
-0.170311525281456
-0.0193545121341749
0.00695885892447734
-0.00417574176845648
0.0756692034009276
0.0616855584842924
0.0371021778443428
0.0279345432083957
-0.00250079283575388
-0.0292222771615158
-0.0247810202581853
-0.0325518952929293
0.00276348605581589
0.109812863152587
0.087499598586124
0.0590226972869736
0.04890176640858
0.0308895141433112
0.0188149234280921
0.00897312844210418
-0.015697208856448
0.00903965444825161
0.0171810442784022
-0.000799658420728377
0.0183507893454475
0.0145992615920285
0.0577606895662441
0.0720087658539867
0.0603174157828725
0.0940858439343231
0.132632190700487
0.218999867944245
0.214735947273219
0.227278766615203
0.212735491740688
0.184960765862876
0.229741079466521
0.276310361129415
0.254585000913103
0.262833683776737
0.262795840214785
0.260447868433658
0.27078522801607
0.344859223685425
0.402042758588717
0.490696191645121
0.50256587382907
0.518243068750511
0.491547884175517
0.509823125561411
0.518998865201741
0.506606682335935
0.505530910266202
0.516719355025003
0.557541868254518
0.590185685828413
0.586852299708021
0.619369257597192
0.610272660662716
0.629594149792464
0.636882079210022
0.60914442486202
0.591765455227129
0.588473914380792
0.577519722054213
0.569813967066796
0.539169998198521
0.530499508862917
0.500037304890359
0.482939667672415
0.522479403348349
0.517648168977697
0.496489878950776
0.468509946741154
0.582446608074079
0.582720720565359
0.558738822065333
0.536785526399647
0.516541271587748
0.510098514353714
0.493943783964298
0.488036478035188
0.509483971039714
0.500782616079807
0.483276534958549
0.454624257206014
0.496758758381311
0.489247904075203
0.5280281289157
0.546692301650847
0.528770401869487
0.553845768159654
0.548012549508108
0.524265479636089
0.587520392261851
0.556922628609662
0.568079310122741
0.565664311425213
0.546404427363665
0.558382032802918
0.544181566365069
0.522939402018917
0.519864104348422
0.512883128096831
0.488693047260384
0.463408752901511
0.436143579028702
0.422182580552736
0.462827504077808
0.441573487549256
0.428342430131153
0.401280484362346
0.385593323999913
0.370525331264904
0.346780403917389
0.322808248544675
0.334927944784408
0.304182897824923
0.310319881678154
0.302875508315871
0.298519363831993
0.27897450531372
0.256188848058464
0.254771612794656
0.231799257268548
0.216045859418639
0.24069950716974
0.251107372190173
0.225443829926974
0.195613643555578
0.170871682713198
0.188154856952888
0.173365416832997
0.149585819099787
0.183860827557261
0.162082052837455
0.134348375053694
0.141019745243529
0.116903467418464
0.126120744128588
0.119340650276005
0.097495633859797
0.0768652473091116
0.06404691045962
0.0765095071048165
0.0670805646877533
0.0804931856990976
0.0750125255574936
0.049882308279539
0.022811937238842
-0.00517486636464426
-0.0183215629515949
-0.0325929670696965
-0.0536921171740552
-0.0830349837604771
-0.102901372517632
-0.120796303378985
-0.150196572604759
-0.179474127414672
-0.189827953597511
-0.201671763497703
-0.214127306313184
-0.224444733569733
-0.253436337871811
-0.26548726181036
-0.284650632053438
-0.3004476006255
-0.293674227565749
-0.305627843733415
-0.312884685248939
-0.315708158795442
-0.277414046479432
-0.285462889840478
-0.302428163455957
-0.297491347444861
-0.326615782062738
-0.335764366203197
-0.339536155817143
-0.369926746058269
-0.38980679696088
-0.369545549274562
-0.39633601527883
-0.410031811402487
-0.436910553011799
-0.456345553605576
-0.363361108063497
-0.391523172947863
-0.416991492670068
-0.438270729324309
-0.448972251194601
-0.463142904150832
-0.431476415994741
-0.444593844849777
-0.459274974039385
-0.462319691970453
-0.485209402673949
-0.504070869399904
-0.491320244532961
-0.484869587354208
-0.477509730011821
-0.464626715409452
-0.487557267384414
-0.511299933902308
-0.540096563913718
-0.560410007986871
-0.552340178046521
-0.553294087474487
-0.551941652825526
-0.57037802029188
-0.596513736675977
-0.614433410799318
-0.644734358408662
-0.661842041788098
-0.668986689140343
-0.699682416055463
-0.627948964312008
-0.617576905058851
-0.574236859634802
-0.604864318631645
-0.612131103655816
-0.591224907792565
-0.60381356203462
-0.63167277294303
-0.645741799936285
-0.59466806184119
-0.554380522054416
-0.58080350684649
-0.559926020281157
-0.547168254381141
-0.572794792800586
-0.539234279768184
-0.527864113537287
-0.450866436629017
-0.481071682292498
-0.503543880167719
-0.511513107860956
-0.531328825325641
-0.554451448448187
-0.56566597956385
-0.585389103563056
-0.549050041289004
-0.535075034122702
-0.553594197213354
-0.283429032984149
-0.209491939407656
-0.228313253452857
-0.253571576931396
-0.228094178305948
-0.157770702256204
-0.16789244008174
-0.164170783762874
-0.0944965348804345
-0.0766577501914831
-0.0764253170221423
0.02877534598219
0.0836828160915317
0.162743079134479
0.157624459486801
0.172212971594689
0.197773709326903
0.266567161193386
0.268264839732232
0.427805410328986
0.404100093331135
0.466156588524324
0.554125066105335
0.56830728571007
0.612339387164145
0.60768711650605
0.58005147401111
0.563415985427824
0.570750766479669
0.608739553027291
0.601684711982905
0.606629015745437
0.593132281297329
0.580863264398879
0.571477279885926
0.549144200299196
0.547803676945822
0.520611170270897
0.490631178052336
0.470731608016788
0.463191158591986
0.447456717528922
0.440919589559002
0.446233682246525
0.425834081618088
0.436635257817571
0.418071296115585
0.413643973740179
0.406176896316378
0.3866255200499
0.363344460275943
0.433447809040345
0.428893082824821
0.398438018664862
0.377977358774757
0.355840214911197
0.338417929664406
0.317396887380816
0.321982762432757
0.35974565783842
0.334292287487148
0.310371790011164
0.282344785577074
0.258320882157541
0.238262593425244
0.209383899935798
0.180955262479127
0.154077893042817
0.123021345998875
0.0968461725551748
0.0668604285979093
0.0356452981943036
0.00677735192716256
