0.169650315190292
0.160209849524665
0.151605967870351
0.143749943552907
0.13656385698521
0.129979126334131
0.12393525653313
0.118378771648056
0.113262301591501
0.108543799084116
0.104185866785059
0.100155177825528
0.0964219757107662
0.0929596418154204
0.0897443205696399
0.0867545939897092
0.0839711985028843
0.0813767780981869
0.0789556687398861
0.0766937097394852
0.0745780784195326
0.0725971449396819
0.070740344608312
0.0689980653861997
0.0673615486130779
0.0658228012634946
0.0643745182724579
0.063010013671079
0.0617231594426471
0.0605083311553626
0.0593603595526628
0.0582744873892567
0.0572463308929764
0.0562718453119131
0.0553472940746082
0.0544692211502246
0.0536344262466695
0.0528399425290222
0.0520830165790084
0.0513610903497661
0.0506717848992026
0.050012885710682
0.0493823294319077
0.0487781918822968
0.0481986771960865
0.0476421079833506
0.0471069164041476
0.0465916360625765
0.0460948946376126
0.0456154071765833
0.045151969985007
0.0447034550535491
0.0442688049690049
0.0438470282617532
0.0434371951469719
0.0430384336212867
0.042649925880364
0.0422709050264461
0.0419006520378824
0.0415384929755088
0.0411837964031705
0.040835971001937
0.0404944633595295
0.0401587559183045
0.0398283650667326
0.039502839360798
0.0391817578630424
0.0388647285881939
0.038551387045379
0.0382413948679224
0.0379344385226023
0.0376302280910595
0.0373284961167696
0.0370289965116772
0.0367315035171698
0.0364358107146499
0.036141730081431
0.0358490910881714
0.0355577398344443
0.0352675382194393
0.0349783631451137
0.0346901057494379
0.0344026706676383
0.0341159753196127
0.0338299492219024
0.0335445333228266
0.033259679359548
0.0329753492360255
0.0326915144209275
0.0324081553647383
0.0321252609353751
0.031842827871757
0.0315608602548336
0.0312793689956723
0.0309983713402559
0.0307178903907004
0.0304379546426483
0.0301585975386281
0.029879857037199
0.0296017751977246
0.0293243977806335
0.0290477738630375
0.0287719554695827
0.0284969972184118
0.0282229559821149
0.0279498905635392
0.0276778613863225
0.0274069302000059
0.0271371597995673
0.0268686137592066
0.0266013561801988
0.0263354514526161
0.0260709640307033
0.0258079582216796
0.0255464979877189
0.025286646760849
0.0250284672704936
0.024772021383367
0.0245173699554186
0.024264572695509
0.024013688040491
0.0237647730413547
0.0235178832600891
0.0232730726769012
0.0230303936074286
0.0227898966295736
0.0225516305195839
0.0223156421969978
0.0220819766780736
0.0218506770373189
0.0216217843767335
0.0213953378023872
0.0211713744079468
0.0209499292647778
0.0207310354182442
0.0205147238898395
0.0203010236847837
0.0200899618047311
0.0198815632652381
0.0196758511176518
0.0194728464750834
0.019272568542146
0.0190750346481409
0.0188802602833889
0.0186882591384131
0.01849904314569
0.018312622523698
0.018129005823
0.0179481999741136
0.0177702103369276
0.0175950407514398
0.0174226935895995
0.0172531698080496
0.0170864690015765
0.0169225894570845
0.0167615282079231
0.0166032810884069
0.0164478427883777
0.0162952069076693
0.016145366010343
0.015998311678576
0.015854034566089
0.0157125244510131
0.0155737702881009
0.0154377602601987
0.0153044818289012
0.0151739217843209
0.0150460662939097
0.0149209009502784
0.0147984108179664
0.0146785804791187
0.0145613940780364
0.0144468353645686
0.0143348877363233
0.0142255342796754
0.0141187578095587
0.0140145409080305
0.0139128659616016
0.013813715197331
0.0137170707176834
0.0136229145341564
0.013531228599682
0.0134419948398127
0.0133551951827064
0.0132708115879204
0.0131888260740354
0.0131092207451245
0.0130319778160885
0.0129570796368779
0.0128845087156257
0.0128142477407123
0.0127462796017886
0.0126805874097817
0.0126171545159098
0.0125559645297317
0.0124970013362578
0.0124402491121503
0.0123856923410387
0.012333315827978
0.0122831047130773
0.0122350444843242
0.0121891209896337
0.0121453204481466
0.012103629460804
0.0120640350202237
0.0120265245199039
0.0119910857627786
0.0119577069691486
0.0119263767840138
0.011897084283827
0.0118698189826939
0.0118445708380399
0.0118213302557656
0.0118000880949105
0.0117808356718462
0.011763564764016
0.0117482676132413
0.0117349369286105
0.0117235658889692
0.011714148145026
0.0117066778210903
0.0117011495164563
0.011697558306448
0.011695899743137
0.0116961698557466
0.0116983651507539
0.0117024826117007
0.0117085196987237
0.0117164743478142
0.0117263449698155
0.0117381304491675
0.0117518301424053
0.0117674438764196
0.0117849719464863
0.0118044151140688
0.0118257746044015
0.0118490521038569
0.0118742497571027
0.0119013701640509
0.0119304163766032
0.0119613918951956
0.0119943006651446
0.0120291470727957
0.0120659359414772
0.01210467252726
0.0121453625145234
0.0121880120113271
0.0122326275445904
0.0122792160550774
0.0123277848921867
0.0123783418085461
0.0124308949544093
0.012485452871854
0.0125420244887786
0.0126006191126962
0.0126612464243224
0.0127239164709551
0.0127886396596433
0.0128554267501413
0.0129242888476455
0.0129952373953113
0.0130682841665449
0.0131434412570677
0.0132207210767497
0.0133001363412074
0.0133817000631633
0.0134654255435622
0.0135513263624416
0.013639416369552
0.0137297096747225
0.0138222206379695
0.0139169638593429
0.0140139541685086
0.0141132066140611
0.0142147364525651
0.0143185591373211
0.0144246903068535
0.0145331457731166
0.0146439415094169
0.0147570936380482
0.0148726184176393
0.0149905322302082
0.0151108515679259
0.0152335930195836
0.0153587732567656
0.0154864090197255
0.0156165171029638
0.0157491143405093
0.0158842175909034
0.0160218437218859
0.0161620095947859
0.0163047320486179
0.016450027883885
0.016597913846091
0.0167484066089645
0.0169015227573983
0.0170572787701076
0.0172156910020107
0.0173767756663374
0.0175405488164701
0.017707026327524
0.0178762238776712
0.0180481569292173
0.0182228407094365
0.0184002901911751
0.01858052007323
0.018763544760512
0.0189493783440061
0.0191380345805353
0.0193295268723422
0.019523868246499
0.0197210713341579
0.0199211483496559
0.0201241110694868
0.0203299708111548
0.0205387384119247
0.0207504242074851
0.0209650380105391
0.0211825890893393
0.0214030861461871
0.021626537295911
0.0218529500443436
0.0220823312668177
0.0223146871866983
0.0225500233539744
0.022788344623928
0.0230296551359026
0.0232739582921945
0.0235212567370872
0.0237715523360517
0.0240248461551368
0.0242811384405718
0.0245404285986072
0.0248027151756145
0.0250679958384728
0.0253362673552647
0.0256075255763091
0.0258817654155521
0.0261589808323456
0.026439164813637
0.0267223093565956
0.0270084054517037
0.0272974430663332
0.02758941112884
0.0278842975131975
0.0281820890241954
0.0284827713832304
0.0287863292147135
0.0290927460331201
0.0294020042307049
0.0297140850659097
0.0300289686524843
0.0303466339493499
0.0306670587512211
0.0309902196800147
0.0313160921770659
0.0316446504961736
0.0319758676974942
0.032309715642307
0.0326461649886683
0.0329851851879757
0.0333267444824571
0.0336708099036035
0.0340173472715628
0.0343663211955081
0.0347176950749949
0.0350714311023201
0.0354274902658975
0.035785832354658
0.036146415963485
0.0365091984996944
0.0368741361905664
0.0372411840919357
0.0376102960978446
0.0379814249512626
0.0383545222558749
0.0387295384889438
0.0391064230152363
0.0394851241020226
0.0398655889351391
0.0402477636361133
0.0406315932803427
0.041017021916321
0.0414039925859055
0.0417924473456116
0.0421823272889258
0.0425735725696224
0.0429661224260712
0.0433599152065202
0.0437548883953333
0.0441509786401691
0.0445481217800766
0.0449462528744911
0.0453453062331029
0.0457452154465767
0.0461459134181001
0.04654733239573
0.0469494040055105
0.0473520592853356
0.0477552287195256
0.0481588422740859
0.0485628294326172
0.0489671192328418
0.0493716403037166
0.0497763209030933
0.0501810889558925
0.0505858720927552
0.0509905976891327
0.0513951929047817
0.0517995847236181
0.0522036999938987
0.0526074654686848
0.0530108078465529
0.0534136538125074
0.0538159300790556
0.0542175634274078
0.0546184807487552
0.0550186090855886
0.0554178756730137
0.0558162079800236
0.0562135337506856
0.0566097810452016
0.0570048782807992
0.0573987542724153
0.0577913382731312
0.0581825600143149
0.058572349745436
0.0589606382735106
0.0593473570021392
0.0597324379700975
0.0601158138894438
0.0604974181831053
0.0608771850219092
0.0612550493610208
0.0616309469757544
0.0620048144967257
0.0623765894443125
0.062746210262389
0.0631136163513068
0.0634787481000937
0.0638415469178383
0.0642019552642369
0.0645599166792732
0.0649153758120114
0.0652682784484736
0.0656185715385832
0.0659662032221505
0.0663111228538845
0.0666532810274098
0.0669926295982722
0.0673291217059186
0.0676627117946364
0.0679933556334393
0.0683210103348901
0.0686456343728457
0.0689671875991225
0.0692856312590715
0.0696009280060537
0.0699130419148185
0.0702219384937782
0.0705275846961759
0.0708299489301492
0.0711290010676885
0.0714247124524926
0.0717170559067272
0.072006005736687
0.0722915377373728
0.0725736291959838
0.0728522588943428
0.0731274071102543
0.0733990556178129
0.0736671876866715
0.0739317880802821
0.0741928430531223
0.0744503403469257
0.0747042691859261
0.0749546202711412
0.0752013857737026
0.0754445593272588
0.075684136019469
0.075920112382604
0.0761524863832781
0.0763812574113337
0.0766064262678995
0.0768279951526431
0.0770459676502466
0.0772603487161227
0.0774711446613984
0.0776783631371927
0.0778820131182088
0.0780821048856693
0.0782786500096195
0.0784716613306239
0.0786611529408818
0.0788471401647887
0.0790296395389698
0.0792086687918131
0.0793842468225246
0.0795563936797374
0.0797251305396976
0.0798904796840546
0.0800524644772818
0.0802111093437536
0.0803664397445069
0.0805184821537095
0.0806672640348629
0.0808128138167661
0.0809551608692629
0.0810943354787997
0.0812303688238168
0.0813632929499983
0.0814931407454038
0.081619945915506
0.0817437429581559
0.0818645671384993
0.0819824544638664
0.0820974416586549
0.0822095661392305
0.082318865988861
0.0824253799327093
0.0825291473128996
0.0826302080636801
0.0827286026866984
0.0828243722264074
0.0829175582456197
0.0830082028012271
0.0830963484201015
0.0831820380751918
0.0832653151618329
0.0833462234742809
0.0834248071824867
0.0835011108091245
0.083575179206884
0.0836470575360405
0.0837167912423145
0.0837844260350298
0.0838500078655814
0.0839135829062239
0.0839751975291858
0.0840348982861238
0.0840927318879189
0.0841487451848257
0.0842029851469802
0.084255498845273
0.084306333432592
0.0843555361254415
0.0844031541859424
0.0844492349042146
0.0844938255811505
0.0845369735115774
0.0845787259678144
0.0846191301836256
0.0846582333385722
0.0846960825427606
0.0847327248219938
0.0847682071033217
0.0848025762009909
0.0848358788027979
0.0848681614568369
0.0848994705586505
0.0849298523387741
0.084959352850677
0.0849880179590959
0.0850158933287585
0.0850430244134954
0.0850694564457376
0.0850952344263928
0.0851204031151024
0.0851450070208711
0.085169090393067
0.0851926972127864
0.085215871184582
0.085238655728545
0.085261093972741
0.0852832287459906
0.0853051025709936
0.0853267576577866
0.0853482358975331
0.0853695788566367
0.0853908277711746
0.0854120235416434
0.0854332067280112
0.0854544175450732
0.0854756958580977
0.0854970811787657
0.0855186126613879
0.0855403290994005
0.0855622689221293
0.0855844701918167
0.085606970600904
0.085629807469566
0.0856530177434864
0.0856766379918704
0.0857007044056894
0.0857252527961462
0.0857503185933597
0.0857759368452592
0.0858021422166826
0.0858289689886728
0.0858564510579644
0.0858846219366562
0.0859135147520612
0.0859431622467294
0.0859735967786357
0.0860048503215285
0.0860369544654306
0.0860699404172893
0.0861038390017664
0.0861386806621643
0.086174495461483
0.0862113130835987
0.0862491628345633
0.0862880736440155
0.0863280740666981
0.0863691922840793
0.0864114561060685
0.0864548929728246
0.0864995299566497
0.0865453937639642
0.0865925107373573
0.0866409068577104
0.0866906077463844
0.0867416386674717
0.0867940245301031
0.0868477898908082
0.0869029589559258
0.086959555584055
0.0870176032885505
0.0870771252400509
0.0871381442690399
0.0872006828684358
0.0872647631962052
0.0873304070779984
0.0873976360098005
0.0874664711605972
0.0875369333750512
0.0876090431761854
0.0876828207680698
0.0877582860385106
0.0878354585617363
0.0879143576010788
0.0879950021116483
0.0880774107429963
0.0881616018417672
0.0882475934543331
0.088335403329413
0.0884250489206695
0.0885165473892851
0.0886099156065147
0.0887051701562086
0.0888023273373111
0.0889014031663261
0.0890024133797527
0.0891053734364854
0.0892102985201798
0.0893172035415824
0.0894261031408207
0.0895370116896539
0.0896499432936836
0.0897649117945211
0.0898819307719125
0.0900010135458176
0.0901221731784455
0.0902454224762426
0.0903707739918327
0.0904982400259102
0.0906278326290837
0.0907595636036707
0.090893444505441
0.091029486645311
0.0911677010909841
0.0913080986685432
0.0914506899639874
0.0915954853247192
0.0917424948609767
0.0918917284472146
0.0920431957234316
0.0921969060964446
0.0923528687411103
0.0925110926014912
0.0926715863919727
0.0928343585983234
0.0929994174787035
0.093166771064621
0.0933364271618354
0.0935083933512088
0.0936826769895049
0.0938592852101353
0.094038224923858
0.094219502819422
0.0944031253641623
0.0945890988045459
0.0947774291666677
0.0949681222566995
0.0951611836612873
0.0953566187479064
0.0955544326651647
0.0957546303430648
0.0959572164932166
0.0961621956090085
0.0963695719657341
0.096579349620676
0.096791532413148
0.0970061239644959
0.0972231276780598
0.0974425467390953
0.0976643841146584
0.097888642553451
0.0981153245856347
0.0983444325226049
0.0985759684567343
0.0988099342610814
0.0990463315890702
0.0992851618741366
0.0995264263293462
0.0997701259469857
0.100016261498126
0.100264833532159
0.100515842376312
0.100769288135137
0.101025170689977
0.10128348969842
0.101544244593717
0.101807434584203
0.102073058652685
0.102341115555819
0.102611603823479
0.102884521758108
0.103159867434055
0.103437638696912
0.103717833162831
0.104000448217844
0.104285481017171
0.10457292848453
0.104862787311433
0.105155053956495
0.105449724644736
0.105746795366882
0.106046261878674
0.106348119700179
0.106652364115112
0.106958990170155
0.107267992674298
0.107579366198179
0.107893105073443
0.108209203392113
0.108527655005972
0.108848453525969
0.109171592321633
0.109497064520516
0.109824863007647
0.110154980425016
0.11048740917108
0.110822141400289
0.111159169022643
0.111498483703276
0.111840076862068
0.112183939673291
0.112530063065279
0.112878437720141
0.113229054073503
0.113581902314285
0.113936972384521
0.114294253979214
0.114653736546226
0.11501540928622
0.115379261152638
0.11574528085172
0.116113456842576
0.116483777337296
0.116856230301113
0.117230803452612
0.117607484263991
0.117986259961367
0.118367117525141
0.118750043690413
0.119135024947449
0.119522047542206
0.119911097476911
0.120302160510699
0.120695222160308
0.121090267700831
0.12148728216653
0.121886250351711
0.122287156811658
0.122689985863631
0.123094721587928
0.123501347829006
0.123909848196672
0.124320206067336
0.124732404585331
0.125146426664296
0.125562254988632
0.125979872015018
0.126399259974
0.126820400871647
0.127243276491276
0.127667868395244
0.128094157926811
0.128522126212071
0.128951754161957
0.129383022474314
0.129815911636036
0.130250401925286
0.130686473413775
0.131124105969117
0.131563279257256
0.132003972744957
0.132446165702375
0.132889837205692
0.133334966139819
0.133781531201174
0.134229510900529
0.134678883565926
0.135129627345656
0.135581720211319
0.136035139960942
0.136489864222167
0.136945870455511
0.137403135957686
0.13786163786499
0.138321353156765
0.138782258658913
0.13924433104748
0.13970754685231
0.140171882460747
0.140637314121415
0.141103817948044
0.14157136992337
0.142039945903083
0.142509521619836
0.142980072687319
0.143451574604376
0.143924002759183
0.144397332433485
0.144871538806875
0.145346596961132
0.145822481884607
0.146299168476654
0.146776631552115
0.147254845845846
0.147733786017289
0.148213426655087
0.14869374228174
0.149174707358307
0.149656296289135
0.150138483426634
0.15062124307609
0.151104549500499
0.151588376925449
0.152072699544021
0.152557491521725
0.153042727001458
0.153528380108496
0.154014424955499
0.154500835647548
0.154987586287191
0.155474650979525
0.155962003837269
0.156449618985876
0.156937470568645
0.157425532751847
0.157913779729857
0.158402185730297
0.158890725019183
0.159379371906078
0.159868100749235
0.160356885960757
0.16084570201174
0.161334523437417
0.161823324842296
0.162312080905289
0.162800766384826
0.16328935612397
0.163777825055499
0.164266148206986
0.164754300705857
0.165242257784424
0.165729994784903
0.166217487164405
0.166704710499899
0.167191640493148
0.16767825297562
0.168164523913361
0.168650429411837
0.16913594572074
0.169621049238759
0.170105716518309
0.170589924270221
0.171073649368387
0.171556868854364
0.172039559941928
0.172521700021584
0.173003266665023
0.173484237629528
0.173964590862328
0.174444304504899
0.174923356897205
0.175401726581882
0.175879392308366
0.176356333036958
0.176832527942821
0.177307956419925
0.177782598084915
0.178256432780919
0.178729440581287
0.179201601793256
0.179672896961554
0.180143306871919
0.180612812554557
0.181081395287519
0.1815490366
0.182015718275571
0.182481422355325
0.182946131140944
0.183409827197692
0.183872493357322
0.184334112720907
0.18479466866158
0.185254144827197
0.185712525142918
0.186169793813695
0.18662593532668
0.187080934453549
0.187534776252727
0.187987446071547
0.188438929548295
0.188889212614187
0.18933828149525
0.189786122714109
0.19023272309169
0.190678069748832
0.191122150107808
0.191564951893753
0.192006463136004
0.19244667216935
0.192885567635186
0.193323138482581
0.193759373969252
0.194194263662445
0.194627797439732
0.195059965489705
0.195490758312593
0.195920166720775
0.19634818183921
0.196774795105778
0.197199998271523
0.197623783400814
0.198046142871413
0.198467069374454
0.198886555914333
0.199304595808511
0.199721182687229
0.200136310493139
0.200549973480839
0.200962166216333
0.2013728835764
0.201782120747878
0.202189873226866
0.202596136817844
0.203000907632707
0.203404182089719
0.203805956912386
0.204206229128252
0.204604996067609
0.205002255362137
0.20539800494346
0.205792243041629
0.20618496818353
0.206576179191217
0.206965875180171
0.207354055557485
0.207740720019984
0.208125868552269
0.208509501424692
0.208891619191271
0.209272222687524
0.209651313028257
0.210028891605263
0.210404960084984
0.210779520406091
0.211152574777013
0.211524125673404
0.211894175835552
0.212262728265732
0.212629786225501
0.212995353232941
0.213359433059845
0.213722029728859
0.214083147510564
0.214442790920515
0.214800964716232
0.215157673894138
0.215512923686462
0.215866719558089
0.216219067203373
0.216569972542906
0.216919441720248
0.21726748109862
0.217614097257554
0.217959296989516
0.21830308729649
0.218645475386523
0.21898646867025
0.219326074757379
0.219664301453151
0.220001156754771
0.220336648847813
0.220670786102598
0.221003577070554
0.22133503048054
0.221665155235168
0.221993960407086
0.222321455235255
0.222647649121204
0.222972551625266
0.223296172462805
0.223618521500424
0.223939608752163
0.224259444375686
0.224578038668455
0.224895402063899
0.225211545127574
0.225526478553311
0.225840213159369
0.226152759884575
0.226464129784464
0.226774334027415
0.227083383890792
0.227391290757077
0.22769806611001
0.228003721530727
0.228308268693908
0.228611719363919
0.228914085390968
0.229215378707266
0.22951561132319
0.229814795323462
0.230112942863331
0.230410066164763
0.230706177512654
0.231001289251044
0.231295413779342
0.231588563548576
0.231880751057649
0.232171988849611
0.232462289507948
0.23275166565289
0.233040129937735
0.233327695045188
0.233614373683727
0.23390017858398
0.234185122495133
0.234469218181345
0.2347524784182
0.235034915989171
0.235316543682114
0.235597374285781
0.235877420586358
0.236156695364033
0.236435211389583
0.236712981420993
0.236990018200095
0.237266334449242
0.237541942868005
0.237816856129898
0.238091086879134
0.238364647727409
0.238637551250715
0.238909809986186
0.239181436428969
0.239452443029132
0.239722842188598
0.239992646258117
0.240261867534261
0.240530518256459
0.240798610604064
0.241066156693447
0.24133316857513
0.241599658230953
0.241865637571269
0.242131118432179
0.242396112572802
0.242660631672568
0.242924687328566
0.243188291052908
0.243451454270138
0.243714188314676
0.243976504428292
0.244238413757627
0.244499927351736
0.244761056159676
0.245021811028131
0.245282202699068
0.245542241807433
0.245801938878881
0.24606130432755
0.246320348453858
0.246579081442355
0.246837513359595
0.247095654152053
0.247353513644086
0.247611101535913
0.247868427401651
0.248125500687378
0.248382330709234
0.248638926651563
0.248895297565088
0.249151452365131
0.249407399829858
0.249663148598573
0.249918707170045
0.25017408390087
0.250429287003874
0.250684324546551
0.250939204449543
0.251193934485148
0.251448522275875
0.25170297529303
0.251957300855343
0.252211506127629
0.25246559811949
0.252719583684049
0.252973469516723
0.253227262154037
0.25348096797247
0.253734593187339
0.253988143851718
0.254241625855399
0.254495044923885
0.254748406617423
0.255001716330065
0.255254979288778
0.255508200552584
0.255761385011732
0.256014537386912
0.256267662228506
0.256520763915869
0.256773846656651
0.257026914486154
0.257279971266721
0.257533020687165
0.257786066262233
0.258039111332103
0.258292159061918
0.258545212441354
0.258798274284225
0.259051347228123
0.25930443373409
0.259557536086329
0.259810656391946
0.260063796580728
0.260316958404959
0.260570143439262
0.260823353080487
0.261076588547622
0.261329850881745
0.261583140946007
0.261836459425653
0.26208980682807
0.262343183482876
0.262596589542037
0.262850024980021
0.263103489593983
0.263356983003989
0.26361050465326
0.263864053808469
0.264117629560051
0.264371230822558
0.264624856335046
0.264878504661488
0.265132174191229
0.265385863139461
0.265639569547746
0.265893291284559
0.266147026045866
0.266400771355735
0.266654524566986
0.266908282861854
0.267162043252707
0.267415802582776
0.267669557526928
0.267923304592469
0.268177040119969
0.268430760284133
0.268684461094691
0.268938138397322
0.269191787874612
0.269445405047041
0.269698985273994
0.269952523754815
0.270206015529879
0.270459455481701
0.270712838336073
0.27096615866323
0.271219410879046
0.271472589246261
0.271725687875736
0.271978700727734
0.272231621613238
0.272484444195289
0.272737161990358
0.272989768369745
0.273242256561007
0.273494619649413
0.273746850579428
0.273998942156222
0.274250887047212
0.274502677783628
0.274754306762104
0.275005766246301
0.275257048368556
0.27550814513155
0.275759048410015
0.276009749952458
0.276260241382914
0.276510514202723
0.276760559792339
0.277010369413152
0.27725993420935
0.277509245209793
0.277758293329919
0.278007069373674
0.27825556403546
0.278503767902117
0.278751671454918
0.278999265071596
0.279246539028386
0.279493483502099
0.279740088572208
0.279986344222969
0.280232240345547
0.280477766740183
0.280722913118365
0.280967669105031
0.281212024240789
0.281455967984155
0.281699489713816
0.28194257873091
0.282185224261322
0.282427415458006
0.282669141403321
0.282910391111385
0.283151153530448
0.283391417545284
0.2836311719796
0.283870405598453
0.284109107110702
0.284347265171455
0.284584868384548
0.284821905305027
0.285058364441655
0.285294234259427
0.285529503182097
0.285764159594727
0.285998191846242
0.286231588251999
0.286464337096369
0.286696426635329
0.28692784509907
0.28715858069461
0.287388621608418
0.287617956009054
0.287846572049809
0.288074457871362
0.288301601604441
0.288527991372492
0.288753615294357
0.288978461486958
0.289202518067988
0.289425773158605
0.289648214886136
0.289869831386783
0.290090610808332
0.290310541312868
0.290529611079494
0.290747808307049
0.29096512121683
0.291181538055317
0.291397047096898
0.291611636646593
0.291825295042778
0.292038010659914
0.292249771911261
0.29246056725161
0.292670385179993
0.292879214242405
0.29308704303451
0.293293860204356
0.293499654455072
0.293704414547572
0.293908129303239
0.294110787606621
0.294312378408101
0.294512890726573
0.2947123136521
0.294910636348575
0.295107848056357
0.295303938094913
0.295498895865436
0.29569271085346
0.295885372631462
0.296076870861448
0.296267195297529
0.296456335788486
0.296644282280312
0.296831024818748
0.297016553551801
0.297200858732247
0.297383930720112
0.297565759985143
0.297746337109257
0.297925652788975
0.298103697837834
0.29828046318878
0.298455939896545
0.298630119139998
0.298802992224478
0.298974550584106
0.29914478578407
0.299313689522899
0.299481253634694
0.299647470091357
0.29981233100478
0.299975828629018
0.300137955362429
0.300298703749798
0.300458066484423
0.300616036410184
0.30077260652358
0.300927769975738
0.301081520074393
0.301233850285845
0.301384754236876
0.301534225716648
0.301682258678563
0.301828847242099
0.301973985694606
0.302117668493082
0.302259890265903
0.302400645814535
0.302539930115203
0.30267773832053
0.302814065761143
0.302948907947246
0.303082260570155
0.3032141195038
0.303344480806195
0.303473340720867
0.303600695678256
0.303726542297069
0.30385087738561
0.303973697943063
0.304095001160742
0.304214784423309
0.30433304530994
0.304449781595471
0.304564991251494
0.304678672447415
0.304790823551484
0.304901443131771
0.305010529957117
0.305118082998035
0.305224101427584
0.305328584622185
0.30543153216242
0.305532943833772
0.305632819627336
0.305731159740487
0.305827964577507
0.305923234750173
0.306016971078305
0.30610917459027
0.306199846523453
0.306288988324679
0.306376601650601
0.306462688368043
0.306547250554308
0.306630290497436
0.306711810696433
0.306791813861451
0.30687030291393
0.306947280986702
0.307022751424052
0.307096717781735
0.307169183826963
0.307240153538345
0.307309631105782
0.307377620930336
0.307444127624046
0.30750915600971
0.307572711120631
0.307634798200315
0.307695422702136
0.307754590288964
0.307812306832748
0.307868578414061
0.307923411321618
0.307976812051738
0.30802878730778
0.308079343999542
0.308128489242616
0.308176230357711
0.308222574869936
0.308267530508052
0.308311105203677
0.308353307090472
0.308394144503272
0.308433625977199
0.308471760246726
0.308508556244722
0.308544023101444
0.308578170143513
0.308611006892845
0.308642543065555
0.308672788570826
0.308701753509744
0.308729448174107
0.308755883045197
0.308781068792522
0.30880501627253
0.308827736527294
0.308849240783161
0.308869540449375
0.308888647116677
0.308906572555869
0.308923328716351
0.308938927724637
0.308953381882836
0.308966703667115
0.308978905726126
0.308990000879419
0.309000002115823
0.3090089225918
0.309016775629787
0.309023574716503
0.309029333501236
0.309034065794114
0.309037785564343
0.309040506938439
0.309042244198422
0.309043011780002
0.309042824270745
0.309041696408212
0.309039643078088
0.309036679312286
0.309032820287039
0.309028081320975
0.309022477873171
0.309016025541192
0.309008740059124
0.309000637295576
0.308991733251684
0.308982044059092
0.308971585977921
0.308960375394727
0.308948428820449
0.308935762888341
0.308922394351896
0.308908340082759
0.308893617068634
0.308878242411171
0.308862233323858
0.308845607129893
0.308828381260059
0.308810573250582
0.308792200740987
0.308773281471953
0.30875383328315
0.308733874111082
0.308713421986921
0.30869249503434
0.308671111467334
0.30864928958805
0.308627047784607
0.308604404528914
0.308581378374487
0.308557987954272
0.308534251978453
0.308510189232275
0.308485818573857
0.30846115893201
0.308436229304056
0.308411048753649
0.308385636408597
0.308360011458686
0.308334193153511
0.308308200800303
0.308282053761772
0.308255771453938
0.308229373343982
0.308202878948094
0.308176307829328
0.30814967959546
0.308123013896862
0.308096330424369
0.308069648907165
0.308042989110668
0.308016370834428
0.307989813910031
0.307963338199009
0.307936963590766
0.307910710000504
0.307884597367162
0.307858645651372
0.307832874833409
0.307807304911167
0.307781955898137
0.307756847821399
0.307732000719621
0.307707434641076
0.307683169641663
0.307659225782947
0.307635623130207
0.307612381750496
0.307589521710715
0.3075670630757
0.307545025906322
0.307523430257596
0.307502296176811
0.307481643701667
0.307461492858429
0.307441863660091
0.307422776104561
0.307404250172853
0.307386305827298
0.307368963009766
0.307352241639904
0.307336161613393
0.30732074280021
0.307306005042912
0.307291968154939
0.307278651918918
0.307266076084998
0.307254260369188
0.307243224451717
0.30723298797541
0.307223570544072
0.307214991720898
0.307207271026889
0.307200427939287
0.307194481890029
0.307189452264211
0.307185358398574
0.307182219579992
0.307180055043997
0.307178883973301
0.307178725496341
0.307179598685837
0.307181522557373
0.307184516067979
0.307188598114747
0.307193787533441
0.307200103097143
0.307207563514899
0.30721618743039
0.307225993420611
0.307236999994566
0.307249225591986
0.307262688582051
0.307277407262133
0.30729339985655
0.307310684515342
0.307329279313048
0.307349202247512
0.307370471238693
0.307393104127495
0.307417118674605
0.30744253255935
0.307469363378568
0.307497628645487
0.307527345788624
0.307558532150689
0.307591204987513
0.30762538146698
0.307661078667976
0.307698313579346
0.307737103098872
0.307777464032253
0.307819413092106
0.307862966896973
0.307908141970342
0.307954954739681
0.308003421535478
0.308053558590299
0.308105382037853
0.308158907912069
0.308214152146181
0.308271130571829
0.308329858918165
0.308390352810969
0.30845262777178
0.308516699217031
0.308582582457199
0.308650292695955
0.308719845029332
0.308791254444902
0.308864535820951
0.308939703925676
0.309016773416379
0.309095758838675
0.309176674625711
0.309259535097377
0.309344354459548
0.309431146803311
0.309519926104211
0.309610706221502
0.3097035008974
0.309798323756351
0.309895188304292
0.309994107927931
0.310095095894027
0.310198165348671
0.310303329316578
0.310410600700386
0.310519992279953
0.31063151671166
0.310745186527725
0.310861014135512
0.310979011816852
0.311099191727358
0.311221565895758
0.311346146223214
0.311472944482661
0.311601972318135
0.311733241244112
0.311866762644847
0.312002547773719
0.312140607752569
0.312280953571049
0.31242359608597
0.312568546020652
0.312715813964274
0.312865410371225
0.313017345560459
0.313171629714849
0.313328272880544
0.31348728496632
0.31364867574294
0.313812454842512
0.313978631757841
0.31414721584179
0.314318216306634
0.314491642223418
0.314667502521314
0.314845805986975
0.315026561263889
0.315209776851734
0.315395461105733
0.315583622236004
0.315774268306912
0.315967407236418
0.316163046795428
0.316361194607139
0.316561858146386
0.316765044738985
0.316970761561074
0.317179015638456
0.317389813845931
0.317603162906641
0.317819069391397
0.318037539718013
0.318258580150638
0.318482196799082
0.31870839561814
0.318937182406916
0.319168562808145
0.319402542307509
0.319639126232954
0.319878319754
0.320120127881057
0.32036455546473
0.320611607195122
0.320861287601142
0.321113601049803
0.321368551745516
0.321626143729396
0.32188638087854
0.322149266905332
0.322414805356718
0.3226829996135
0.322953852889616
0.32322736823142
0.323503548516959
0.323782396455251
0.324063914585559
0.324348105276659
0.324634970726114
0.324924512959536
0.325216733829857
0.325511635016588
0.325809218025082
0.326109484185797
0.326412434653548
0.326718070406771
0.327026392246774
0.327337400796995
0.327651096502252
0.327967479627996
0.328286550259565
0.328608308301434
0.328932753476462
0.329259885325147
0.329589703204873
0.329922206289158
0.33025739356691
0.330595263841668
0.330935815730862
0.331279047665058
0.331624957887211
0.331973544451921
0.332324805224685
0.332678737881153
0.333035339906386
0.333394608594118
0.333756541046013
0.334121134170932
0.334488384684201
0.334858289106877
0.335230843765023
0.335606044788984
0.335983888112668
0.336364369472825
0.33674748440834
0.337133228259523
0.337521596167405
0.337912583073042
0.338306183716821
0.338702392637775
0.339101204172898
0.339502612456475
0.339906611419407
0.340313194788558
0.340722356086093
0.341134088628835
0.341548385527627
0.341965239686695
0.342384643803035
0.34280659036579
0.343231071655653
0.343658079744269
0.344087606493647
0.344519643555594
0.344954182371142
0.345391214169999
0.345830729970009
0.346272720576617
0.346717176582359
0.347164088366349
0.347613446093788
0.348065239715492
0.348519458967416
0.348976093370211
0.349435132228783
0.349896564631871
0.350360379451642
0.350826565343299
0.351295110744706
0.351766003876028
0.352239232739393
0.352714785118564
0.353192648578633
0.353672810465735
0.354155257906776
0.354639977809181
0.355126956860666
0.355616181529025
0.356107638061934
0.356601312486789
0.357097190610549
0.357595258019613
0.358095500079707
0.358597901935809
0.359102448512084
0.359609124511843
0.360117914417536
0.360628802490757
0.361141772772277
0.361656809082113
0.362173895019602
0.362693013963517
0.363214149072205
0.363737283283748
0.364262399316154
0.364789479667577
0.365318506616563
0.365849462222319
0.366382328325024
0.366917086546156
0.367453718288855
0.367992204738315
0.368532526862205
0.369074665411122
0.369618600919075
0.370164313704
0.370711783868307
0.37126099129946
0.371811915670588
0.372364536441129
0.372918832857512
0.373474783953867
0.374032368552768
0.374591565266018
0.375152352495464
0.375714708433846
0.376278611065682
0.376844038168192
0.377410967312254
0.377979375863401
0.378549240982846
0.379120539628557
0.379693248556359
0.380267344321076
0.380842803277712
0.381419601582673
0.381997715195018
0.382577119877763
0.383157791199207
0.383739704534314
0.384322835066121
0.384907157787194
0.385492647501117
0.386079278824029
0.386667026186195
0.387255863833619
0.387845765829697
0.388436706056913
0.389028658218574
0.389621595840585
0.39021549227327
0.390810320693225
0.391406054105223
0.392002665344154
0.392600127077005
0.39319841180489
0.39379749186511
0.394397339433268
0.394997926525411
0.395599225000227
0.396201206561276
0.396803842759265
0.397407104994365
0.398010964518569
0.398615392438093
0.399220359715817
0.399825837173768
0.400431795495648
0.401038205229393
0.40164503678979
0.402252260461118
0.402859846399843
0.403467764637346
0.404075985082694
0.404684477525455
0.405293211638547
0.405902156981133
0.406511283001553
0.407120559040297
0.407729954333015
0.408339438013567
0.40894897911712
0.409558546583267
0.410168109259202
0.410777635902919
0.411387095186461
0.411996455699193
0.412605685951125
0.413214754376264
0.413823629336002
0.414432279122545
0.41504067196237
0.415648776019726
0.416256559400163
0.416863990154093
0.417471036280395
0.41807766573004
0.418683846409758
0.419289546185736
0.419894732887339
0.420499374310876
0.421103438223383
0.421706892366446
0.422309704460043
0.422911842206427
0.423513273294027
0.424113965401378
0.424713886201083
0.425313003363794
0.425911284562224
0.426508697475183
0.42710520979163
0.42770078921476
0.428295403466109
0.428889020289674
0.429481607456065
0.430073132766669
0.430663564057839
0.431252869205098
0.431841016127361
0.432427972791175
0.43301370721498
0.433598187473374
0.434181381701403
0.434763258098861
0.435343784934601
0.435922930550862
0.436500663367604
0.437076951886851
0.437651764697051
0.438225070477438
0.4387968380024
0.43936703614586
0.439935633885657
0.440502600307935
0.441067904611533
0.44163151611238
0.442193404247889
0.442753538581356
0.443311888806353
0.443868424751124
0.44442311638298
0.444975933812686
0.445526847298844
0.446075827252279
0.446622844240406
0.447167868991603
0.447710872399563
0.448251825527646
0.44879069961322
0.449327466071981
0.449862096502274
0.450394562689392
0.450924836609864
0.451452890435724
0.451978696538767
0.452502227494789
0.4530234560878
0.453542355314227
0.454058898387094
0.454573058740174
0.455084810032126
0.455594126150603
0.456100981216342
0.456605349587218
0.45710720586228
0.457606524885757
0.458103281751032
0.458597451804589
0.459089010649928
0.45957793415145
0.460064198438309
0.460547779908226
0.461028655231273
0.461506801353619
0.461982195501241
0.462454815183596
0.462924638197254
0.463391642629493
0.46385580686185
0.464317109573637
0.46477552974541
0.465231046662395
0.465683639917868
0.466133289416499
0.466579975377638
0.467023678338567
0.467464379157687
0.467902059017681
0.468336699428601
0.468768282230929
0.46919678959857
0.469622204041801
0.47004450841017
0.470463685895334
0.470879720033851
0.471292594709911
0.47170229415802
0.472108802965618
0.472512106075649
0.472912188789069
0.473309036767296
0.473702636034606
0.474092972980463
0.474480034361796
0.474863807305211
0.475244279309145
0.475621438245956
0.475995272363952
0.476365770289362
0.476732921028233
0.477096713968279
0.477457138880652
0.477814185921655
0.478167845634392
0.478518108950352
0.47886496719092
0.479208412068837
0.479548435689577
0.479885030552673
0.480218189552964
0.480547905981784
0.480874173528077
0.481196986279448
0.481516338723145
0.481832225746975
0.48214464264015
0.482453585094064
0.482759049203003
0.483061031464788
0.483359528781346
0.483654538459212
0.483946058209971
0.484234086150614
0.484518620803845
0.484799661098304
0.485077206368732
0.485351256356054
0.485621811207412
0.485888871476111
0.486152438121509
0.486412512508832
0.486669096408925
0.486922191997932
0.487171801856908
0.487417928971368
0.487660576730764
0.487899748927895
0.488135449758251
0.488367683819295
0.488596456109668
0.488821772028341
0.489043637373689
0.489262058342511
0.489477041528976
0.489688593923511
0.489896722911617
0.490101436272636
0.490302742178436
0.490500649192047
0.49069516626623
0.490886302741986
0.491074068347
0.491258473194027
0.491439527779221
0.491617242980395
0.491791630055235
0.491962700639443
0.492130466744831
0.492294940757352
0.492456135435081
0.492614063906132
0.492768739666528
0.492920176578007
0.493068388865785
0.49321339111626
0.493355198274657
0.493493825642638
0.493629288875846
0.493761603981402
0.493890787315361
0.494016855580107
0.494139825821709
0.494259715427225
0.494376542121965
0.4944903239667
0.494601079354838
0.494708827009541
0.494813585980816
0.494915375642551
0.495014215689513
0.49511012613431
0.495203127304309
0.495293239838514
0.495380484684412
0.495464883094775
0.495546456624432
0.495625227127004
0.4957012167516
0.495774447939488
0.495844943420728
0.495912726210772
0.49597781960704
0.496040247185462
0.496100032796985
0.49615720056407
0.496211774877141
0.496263780391021
0.496313242021342
0.496360184940924
0.496404634576139
0.496446616603245
0.496486156944708
0.496523281765491
0.496558017469337
0.49659039069502
0.496620428312593
0.496648157419603
0.496673605337306
0.496696799606851
0.496717767985467
0.496736538442623
0.496753139156181
0.496767598508539
0.496779945082762
0.496790207658702
0.496798415209113
0.496804596895755
0.496808782065489
0.496811000246377
0.496811281143758
0.496809654636339
0.496806150772269
0.49680079976522
0.496793631990454
0.496784677980903
0.496773968423239
0.496761534153949
0.496747406155409
0.496731615551961
0.496714193605994
0.496695171714032
0.496674581402813
0.496652454325393
0.49662882225724
0.496603717092343
0.496577170839327
0.496549215617573
0.49651988365335
0.496489207275959
0.496457218913881
0.49642395109094
0.496389436422479
0.496353707611545
0.496316797445089
0.496278738790177
0.496239564590219
0.496199307861214
0.496158001688
0.496115679220536
0.496072373670184
0.496028118306023
0.495982946451172
0.49593689147913
0.495889986810144
0.495842265907585
0.495793762274351
0.495744509449292
0.495694541003644
0.495643890537503
0.495592591676301
0.495540678067319
0.495488183376215
0.495435141283577
0.495381585481499
0.49532754967018
0.495273067554553
0.495218172840928
0.495162899233668
0.495107280431889
0.495051350126182
0.494995141995365
0.49493868970326
0.494882026895494
0.494825187196329
0.49476820420552
0.494711111495197
0.494653942606779
0.49459673104791
0.494539510289428
0.494482313762359
0.494425174854943
0.494368126909684
0.494311203220428
0.49425443702948
0.494197861524735
0.49414150983685
0.49408541503644
0.494029610131305
0.493974128063682
0.493919001707535
0.493864263865868
0.49380994726807
0.493756084567287
0.49370270833783
0.493649851072604
0.493597545180578
0.493545822984273
0.493494716717286
0.493444258521847
0.4933944804464
0.493345414443212
0.493297092366023
0.49324954596771
0.493202806897997
0.493156906701179
0.493111876813888
0.493067748562882
0.493024553162862
0.492982321714325
0.492941085201438
0.492900874489948
0.492861720325114
0.492823653329676
0.492786704001844
0.49275090271332
0.492716279707347
0.49268286509679
0.492650688862238
0.492619780850135
0.492590170770947
0.492561888197344
0.492534962562417
0.492509423157921
0.49248529913254
0.492462619490186
0.492441413088319
0.492421708636288
0.492403534693715
0.492386919668884
0.492371891817165
0.49235847923947
0.492346709880715
0.492336611528326
0.492328211810759
0.49232153819604
0.49231661799034
0.492313478336566
0.492312146212974
0.492312648431809
0.492315011637963
0.492319262307663
0.492325426747167
0.492333531091496
0.492343601303179
0.49235566317102
0.492369742308886
0.492385864154517
0.492404053968354
0.492424336832385
0.492446737649012
0.492471281139942
0.492497991845084
0.492526894121476
0.492558012142228
0.492591369895472
0.492626991183347
0.492664899620984
0.492705118635519
0.492747671465116
0.492792581158009
0.492839870571555
0.492889562371313
0.492941679030119
0.492996242827199
0.493053275847276
0.4931127999797
0.493174836917591
0.493239408156998
0.493306534996059
0.493376238534189
0.493448539671269
0.49352345910685
0.493601017339371
0.493681234665385
0.493764131178797
0.49384972677011
0.493938041125686
0.494029093727013
0.494122903849982
0.494219490564173
0.494318872732153
0.494421069008778
0.494526097840502
0.494633977464704
0.494744725909009
0.494858360990625
0.494974900315686
0.495094361278599
0.495216761061396
0.4953421166331
0.495470444749086
0.495601761950457
0.495736084563417
0.495873428698659
0.496013810250743
0.496157244897494
0.496303748099393
0.496453335098978
0.496606020920245
0.496761820368054
0.496920748027536
0.497082818263507
0.497248045219881
0.497416442819085
0.497588024761479
0.497762804524775
0.497940795363459
0.498122010308216
0.49830646216535
0.498494163516215
0.498685126716636
0.49887936389634
0.499076886958378
0.499277707578561
0.499481837204875
0.49968928705692
0.499900068125329
0.500114191171198
0.50033166672551
0.500552505088561
0.500776716329384
0.50100431028517
0.501235296560691
0.501469684527721
0.501707483324451
0.501948701854911
0.502193348788383
0.502441432558812
0.502692961364222
0.502947943166124
0.503206385688922
0.503468296419319
0.503733682605722
0.504002551257639
0.50427490914508
0.504550762797953
0.504830118505454
0.505112982315464
0.50539936003393
0.505689257224255
0.50598267920668
0.506279631057666
0.506580117609269
0.506884143448517
0.507191712916779
0.507502830109142
0.507817498873771
0.508135722811278
0.508457505274081
0.508782849365768
0.50911175794045
0.509444233602117
0.509780278703992
0.510119895347879
0.510463085383513
0.510809850407905
0.511160191764685
0.511514110543446
0.51187160757908
0.512232683451125
0.51259733848309
0.512965572741801
0.513337386036728
0.513712777919323
0.514091747682348
0.514474294359207
0.514860416723276
0.515250113287235
0.515643382302394
0.516040221758022
0.516440629380679
0.516844602633543
0.51725213871574
0.517663234561672
0.518077886840351
0.51849609195473
0.518917846041035
0.519343144968102
0.519771984336706
0.520204359478912
0.520640265457403
0.52107969706483
0.521522648823154
0.521969114983
0.522419089523002
0.522872566149162
0.523329538294212
0.523789999116973
0.524253941501725
0.524721358057581
0.525192241117863
0.525666582739488
0.526144374702353
0.526625608508736
0.527110275382694
0.527598366269469
0.528089871834911
0.528584782464896
0.529083088264758
0.529584779058728
0.530089844389382
0.5305982735171
0.53111005541953
0.531625178791064
0.532143632042324
0.532665403299661
0.533190480404662
0.533718850913667
0.5342505020973
0.534785420940018
0.535323594139656
0.535865008107008
0.536409648965398
0.536957502550286
0.537508554408872
0.538062789799724
0.538620193692416
0.539180750767191
0.539744445414627
0.540311261735328
0.540881183539632
0.541454194347333
0.542030277387423
0.542609415597854
0.543191591625316
0.543776787825036
0.544364986260596
0.544956168703774
0.545550316634401
0.546147411240248
0.54674743341692
0.547350363767791
0.547956182603947
0.548564869944158
0.549176405514875
0.54979076875025
0.550407938792178
0.551027894490372
0.551650614402451
0.552276076794069
0.552904259639061
0.553535140619617
0.55416869712649
0.554804906259224
0.555443744826418
0.556085189346012
0.556729216045612
0.557375800862835
0.558024919445693
0.558676547153002
0.559330659054828
0.559987229932964
0.560646234281431
0.56130764630703
0.56197143992991
0.562637588784177
0.563306066218541
0.563976845296994
0.564649898799523
0.565325199222861
0.566002718781273
0.56668242940738
0.567364302753019
0.568048310190143
0.568734422811753
0.56942261143288
0.570112846591596
0.570805098550065
0.571499337295643
0.572195532542003
0.57289365373032
0.573593670030479
0.574295550342334
0.574999263297009
0.575704777258237
0.576412060323747
0.577121080326685
0.577831804837094
0.578544201163417
0.579258236354063
0.579973877199006
0.580691090231433
0.581409841729436
0.582130097717749
0.582851823969533
0.583574986008201
0.584299549109298
0.58502547830242
0.585752738373182
0.586481293865233
0.587211109082321
0.587942148090401
0.588674374719793
0.589407752567388
0.5901422449989
0.590877815151168
0.591614425934508
0.592352040035111
0.593090619917487
0.593830127826967
0.594570525792243
0.595311775627966
0.596053838937386
0.596796677115048
0.597540251349532
0.598284522626243
0.599029451730256
0.599774999249204
0.600521125576214
0.601267790912903
0.602014955272414
0.602762578482499
0.603510620188665
0.604259039857354
0.605007796779184
0.605756850072229
0.606506158685358
0.607255681401616
0.608005376841657
0.608755203467222
0.609505119584674
0.610255083348568
0.611005052765283
0.611754985696694
0.612504839863891
0.613254572850952
0.614004142108754
0.61475350495884
0.615502618597327
0.616251440098862
0.616999926420626
0.617748034406376
0.618495720790544
0.619242942202373
0.619989655170096
0.620735816125168
0.621481381406533
0.622226307264936
0.622970549867284
0.623714065301039
0.624456809578664
0.6251987386421
0.625939808367292
0.62667997456875
0.627419193004151
0.628157419378986
0.62889460935123
0.629630718536071
0.630365702510661
0.631099516818904
0.631832116976292
0.632563458474763
0.633293496787604
0.634022187374375
0.634749485685882
0.635475347169176
0.636199727272573
0.636922581450724
0.637643865169701
0.638363533912121
0.639081543182287
0.639797848511376
0.64051240546263
0.641225169636596
0.641936096676373
0.642645142272895
0.64335226217023
0.644057412170909
0.644760548141269
0.64546162601682
0.646160601807632
0.646857431603739
0.647552071580565
0.64824447800436
0.648934607237655
0.649622415744736
0.650307860097122
0.650990896979064
0.651671483193052
0.652349575665334
0.653025131451443
0.653698107741729
0.654368461866909
0.65503615130361
0.655701133679927
0.656363366780977
0.657022808554464
0.657679417116239
0.658333150755864
0.658983967942171
0.659631827328827
0.660276687759888
0.660918508275352
0.66155724811671
0.662192866732481
0.662825323783752
0.663454579149698
0.664080592933099
0.66470332546584
0.665322737314404
0.665938789285346
0.666551442430757
0.667160658053708
0.667766397713677
0.66836862323196
0.668967296697059
0.669562380470051
0.670153837189933
0.670741629778943
0.671325721447862
0.671906075701279
0.672482656342841
0.673055427480465
0.673624353531525
0.674189399228009
0.674750529621638
0.675307710088958
0.675860906336396
0.676410084405277
0.67695521067681
0.677496251877026
0.67803317508169
0.678565947721162
0.679094537585218
0.679618912827834
0.680139041971918
0.680654893914005
0.681166437928896
0.681673643674261
0.682176481195183
0.682674920928658
0.683168933708043
0.683658490767455
0.684143563746109
0.684624124692609
0.685100146069187
0.68557160075587
0.686038462054612
0.68650070369335
0.68695829983001
0.687411225056447
0.687859454402329
0.688302963338958
0.688741727783022
0.689175724100292
0.689604929109248
0.690029320084639
0.690448874760979
0.690863571335975
0.691273388473883
0.691678305308801
0.692078301447884
0.692473356974495
0.69286345245128
0.693248568923172
0.693628687920321
0.694003791460953
0.694373862054147
0.694738882702546
0.695098836904984
0.695453708659044
0.695803482463528
0.69614814332086
0.696487676739403
0.696822068735703
0.697151305836645
0.697475375081539
0.697794264024115
0.698107960734449
0.698416453800792
0.69871973233133
0.699017785955857
0.699310604827366
0.699598179623552
0.699880501548237
0.700157562332714
0.700429354236994
0.700695870050985
0.700957103095574
0.701213047223627
0.701463696820911
0.701709046806921
0.701949092635625
0.702183830296128
0.702413256313243
0.702637367747982
0.702856162197959
0.703069637797704
0.703277793218901
0.703480627670528
0.70367814089892
0.703870333187742
0.704057205357877
0.704238758767233
0.704414995310457
0.704585917418569
0.704751528058511
0.704911830732609
0.705066829477952
0.705216528865683
0.705360934000217
0.705500050518358
0.705633884588349
0.705762442908829
0.70588573270771
0.706003761740974
0.706116538291385
0.706224071167122
0.706326369700326
0.706423443745578
0.706515303678279
0.706601960392971
0.70668342530156
0.706759710331478
0.706830827923751
0.706896791031005
0.706957613115382
0.707013308146388
0.707063890598666
0.70710937544969
0.707149778177388
0.707185114757693
0.707215401662019
0.707240655854663
0.707260894790146
0.707276136410471
0.707286399142326
0.707291701894199
0.707292064053449
0.707287505483292
0.707278046519728
0.707263707968404
0.70724451110141
0.707220477654016
0.707191629821338
0.707157990254957
0.707119582059462
0.707076428788947
0.707028554443439
0.706975983465274
0.706918740735421
0.706856851569737
0.706790341715185
0.706719237345983
0.706643565059711
0.706563351873364
0.706478625219354
0.70638941294146
0.706295743290739
0.706197644921381
0.706095146886522
0.705988278634016
0.705877070002151
0.705761551215343
0.705641752879767
0.705517705978962
0.705389441869394
0.705256992275979
0.705120389287566
0.704979665352397
0.704834853273518
0.704685986204163
0.704533097643111
0.704376221430003
0.704215391740631
0.704050643082208
0.703882010288596
0.703709528515518
0.703533233235743
0.703353160234245
0.703169345603336
0.70298182573779
0.702790637329929
0.702595817364707
0.702397403114759
0.702195432135451
0.701989942259898
0.701780971593976
0.70156855851132
0.701352741648308
0.701133559899031
0.700911052410262
0.700685258576404
0.70045621803444
0.700223970658868
0.699988556556642
0.699750016062094
0.699508389731862
0.699263718339816
0.699016042871977
0.698765404521441
0.6985118446833
0.698255404949567
0.697996127104107
0.697734053117562
0.697469225142297
0.697201685507333
0.696931476713305
0.696658641427416
0.696383222478402
0.696105262851517
0.695824805683511
0.695541894257638
0.695256571998667
0.694968882467905
0.694678869358243
0.694386576489215
0.694092047802064
0.693795327354843
0.693496459317516
0.693195487967095
0.692892457682783
0.692587412941146
0.692280398311307
0.691971458450155
0.691660638097587
0.691347982071768
0.691033535264417
0.69071734263612
0.690399449211668
0.690079900075421
0.689758740366705
0.689436015275231
0.689111770036545
0.688786049927514
0.688458900261831
0.688130366385561
0.687800493672716
0.68746932752086
0.687136913346747
0.686803296582
0.686468522668811
0.68613263705569
0.685795685193235
0.685457712529951
0.685118764508096
0.684778886559569
0.68443812410183
0.684096522533862
0.683754127232173
0.683410983546827
0.683067136797525
0.682722632269721
0.682377515210775
0.682031830826146
0.681685624275636
0.681338940669658
0.680991825065559
0.680644322463977
0.680296477805245
0.679948335965827
0.679599941754813
0.679251339910439
0.678902575096659
0.678553691899763
0.678204734825029
0.677855748293423
0.677506776638346
0.67715786410242
0.676809054834318
0.67646039288564
0.676111922207836
0.675763686649164
0.675415729951702
0.6750680957484
0.674720827560177
0.674373968793063
0.674027562735387
0.673681652555004
0.673336281296577
0.672991491878891
0.672647327092225
0.672303829595755
0.671961041915018
0.671619006439403
0.671277765419697
0.670937360965679
0.670597835043745
0.670259229474592
0.669921585930938
0.669584945935284
0.669249350857731
0.66891484191383
0.668581460162478
0.668249246503865
0.667918241677455
0.667588486260015
0.667260020663689
0.666932885134109
0.666607119748557
0.66628276441416
0.665959858866137
0.665638442666082
0.66531855520029
0.665000235678125
0.664683523130433
0.664368456407991
0.664055074179996
0.663743414932606
0.663433516967505
0.663125418400519
0.662819157160274
0.662514770986881
0.662212297430675
0.661911773850979
0.661613237414923
0.661316725096284
0.661022273674375
0.66072991973297
0.660439699659263
0.660151649642869
0.659865805674856
0.659582203546815
0.659300878849971
0.659021866974325
0.658745203107827
0.658470922235595
0.658199059139158
0.657929648395739
0.657662724377568
0.657398321251235
0.657136472977065
0.656877213308536
0.656620575791724
0.65636659376478
0.656115300357439
0.655866728490561
0.655620910875702
0.655377880014712
0.65513766819937
0.654900307511038
0.654665829820353
0.654434266786946
0.654205649859184
0.653980010273944
0.653757379056412
0.653537787019912
0.65332126476576
0.653107842683141
0.652897550949014
0.652690419528043
0.652486478172552
0.652285756422505
0.652088283605505
0.651894088836827
0.651703201019459
0.651515648844182
0.651331460789659
0.651150665122554
0.650973289897666
0.650799362958091
0.650628911935399
0.650461964249831
0.650298547110521
0.650138687515731
0.649982412253109
0.649829747899962
0.649680720823552
0.649535357181405
0.649393682921639
0.649255723783306
0.649121505296758
0.648991052784021
0.648864391359186
0.648741545928822
0.64862254119239
0.64850740164269
0.648396151566304
0.648288815044065
0.648185415951531
0.64808597795948
0.64799052453441
0.647899078939056
0.647811664232914
0.647728303272784
0.647649018713314
0.647573833007565
0.647502768407576
0.647435846964947
0.647373090531431
0.647314520759525
0.647260159103087
0.647210026817946
0.647164144962525
0.647122534398481
0.647085215791334
0.647052209611123
0.647023536133054
0.646999215438162
0.646979267413975
0.64696371175519
0.646952567964347
0.646945855352514
0.646943593039972
0.646945799956912
0.646952494844128
0.646963696253718
0.646979422549789
0.646999691909167
0.647024522322106
0.647053931593003
0.647087937341111
0.647126557001267
0.647169807824602
0.647217706879275
0.647270271051189
0.64732751704472
0.647389461383446
0.647456120410873
0.647527510291163
0.647603647009864
0.64768454637464
0.647770224015995
0.647860695388009
0.64795597576906
0.648056080262552
0.648161023797646
0.64827082112998
0.648385486842395
0.648505035345656
0.648629480879175
0.648758837511725
0.648893119142162
0.649032339500135
0.649176512146798
0.649325650475519
0.649479767712588
0.649638876917917
0.64980299098574
0.649972122645313
0.650146284461603
0.650325488835979
0.650509748006896
0.650699074050581
0.650893478881703
0.651092974254054
0.651297571761214
0.651507282837216
0.651722118757205
0.651942090638097
0.652167209439224
0.652397485962985
0.652632930855484
0.652873554607163
0.653119367553436
0.653370379875312
0.653626601600016
0.653888042601599
0.654154712601552
0.654426621169403
0.654703777723317
0.654986191530687
0.655273871708717
0.655566827225004
0.655865066898109
0.656168599398125
0.656477433247237
0.656791576820278
0.657111038345276
0.657435825903996
0.657765947432477
0.658101410721562
0.658442223417416
0.65878839302205
0.659139926893823
0.659496832247951
0.659859116157004
0.66022678555139
0.660599847219845
0.660978307809908
0.66136217382839
0.661751451641841
0.662146147477002
0.662546267421258
0.662951817423085
0.663362803292481
0.6637792307014
0.664201105184174
0.664628432137932
0.665061216823007
0.665499464363344
0.665943179746892
0.666392367825998
0.66684703331779
0.667307180804553
0.667772814734101
0.668243939420141
0.668720559042628
0.669202677648118
0.669690299150115
0.670183427329404
0.670682065834385
0.6711862181814
0.67169588775505
0.672211077808508
0.672731791463825
0.673258031712231
0.673789801414429
0.674327103300882
0.674869939972096
0.675418313898895
0.675972227422692
0.676531682755749
0.67709668198144
0.677667227054502
0.678243319801276
0.678824961919956
0.679412154980817
0.680004900426448
0.680603199571975
0.681207053605279
0.681816463587207
0.682431430451785
0.683051955006412
0.683678037932064
0.684309679783483
0.684946880989361
0.685589641852527
0.686237962550119
0.686891843133756
0.687551283529708
0.688216283539052
0.688886842837837
0.689562960977229
0.690244637383663
0.690931871358986
0.691624662080594
0.69232300860157
0.693026909850808
0.693736364633148
0.694451371629488
0.695171929396909
0.695898036368784
0.696629690854891
0.697366891041515
0.698109634991553
0.698857920644611
0.699611745817096
0.70037110820231
0.701136005370537
0.701906434769122
0.702682393722556
0.703463879432553
0.704250888978118
0.705043419315622
0.705841467278868
0.706645029579153
0.707454102805332
0.708268683423873
0.709088767778911
0.709914352092304
0.710745432463679
0.711582004870477
0.712424065168001
0.713271609089455
0.714124632245978
0.714983130126689
0.715847098098711
0.716716531407207
0.71759142517541
0.718471774404644
0.719357573974351
0.720248818642113
0.72114550304367
0.722047621692939
0.722955168982026
0.723868139181244
0.72478652643912
0.725710324782406
0.726639528116084
0.727574130223376
0.728514124765742
0.729459505282885
0.730410265192748
0.731366397791516
0.732327896253607
0.733294753631672
0.734266962856583
0.735244516737425
0.736227407961489
0.737215629094255
0.738209172579382
0.73920803073869
0.740212195772142
0.741221659757831
0.742236414651952
0.743256452288787
0.744281764380677
0.745312342517999
0.746348178169142
0.747389262680473
0.748435587276313
0.749487143058903
0.750543921008375
0.751605911982711
0.752673106717715
0.753745495826971
0.754823069801804
0.755905819011242
0.756993733701971
0.758086803998294
0.759185019902084
0.760288371292737
0.761396847927121
0.762510439439532
0.763629135341631
0.7647529250224
0.765881797748081
0.767015742662118
0.768154748785099
0.769298805014691
0.770447900125581
0.771602022769406
0.772761161474687
0.773925304646758
0.775094440567694
0.77626855739624
0.777447643167726
0.778631685793998
0.779820673063328
0.781014592640335
0.782213432065897
0.783417178757062
0.784625820006957
0.785839342984692
0.787057734735262
0.788280982179454
0.789509072113733
0.790741991210144
0.7919797260162
0.793222262954772
0.79446958832397
0.795721688297025
0.796978548922172
0.798240156122515
0.799506495695906
0.800777553314808
0.802053314526159
0.803333764751232
0.80461888928549
0.805908673298439
0.807203101833472
0.808502159807715
0.809805832011866
0.811114103110029
0.812426957639541
0.813744380010803
0.815066354507095
0.816392865284395
0.81772389637119
0.819059431668281
0.820399454948582
0.821743949856918
0.823092899909815
0.824446288495282
0.825804098872593
0.82716631417206
0.828532917394798
0.829903891412491
0.831279218967144
0.832658882670833
0.834042865005451
0.835431148322442
0.836823714842535
0.838220546655464
0.839621625719686
0.841026933862095
0.842436452777723
0.843850164029436
0.845268049047624
0.846690089129884
0.848116265440695
0.849546559011084
0.850980950738287
0.852419421385399
0.853861951581023
0.855308521818901
0.856759112457546
0.858213703719861
0.859672275692752
0.861134808326728
0.862601281435502
0.864071674695574
0.865545967645811
0.867024139687016
0.868506170081483
0.869992037952562
0.871481722284185
0.872975201920414
0.874472455564954
0.875973461780677
0.877478198989119
0.878986645469984
0.880498779360625
0.882014578655523
0.883534021205753
0.885057084718443
0.88658374675622
0.888113984736647
0.889647775931653
0.891185097466947
0.892725926321426
0.894270239326575
0.895818013165849
0.897369224374052
0.898923849336705
0.900481864289395
0.902043245317129
0.903607968353658
0.905176009180812
0.906747343427803
0.908321946570539
0.909899793930902
0.911480860676044
0.913065121817649
0.914652552211192
0.916243126555195
0.917836819390462
0.919433605099303
0.92103345790476
0.922636351869804
0.924242260896537
0.925851158725376
0.927463018934225
0.92907781493764
0.930695519985983
0.932316107164563
0.933939549392771
0.935565819423198
0.937194889840745
0.93882673306173
0.940461321332973
0.942098626730878
0.943738621160502
0.945381276354616
0.947026563872756
0.94867445510026
0.9503249212473
0.951977933347904
0.953633462258964
0.955291478659238
0.956951953048345
0.958614855745745
0.960280156889713
0.961947826436306
0.963617834158315
0.965290149644219
0.966964742297116
0.968641581333662
0.970320635782986
0.972001874485611
0.973685266092358
0.975370779063242
0.977058381666373
0.978748041976832
0.980439727875555
0.9821334070482
0.983829046984019
0.985526614974707
0.987226078113262
0.988927403292832
0.990630557205554
0.992335506341393
0.994042216986971
0.995750655224399
0.997460786930095
0.999172577773608
1.00088599321643
1.00260099851081
1.00431755869857
1.00603563860989
1.00775520286213
1.00947621585865
1.01119864178756
1.01292244462057
1.01464758811178
1.01637403579643
1.01810175098978
1.01983069678584
1.02156083605619
1.02329213144882
1.02502454538685
1.02675804006743
1.02849257746049
1.03022811930753
1.03196462712051
1.0337020621806
1.03544038553704
1.03717955800593
1.0389195401691
1.04066029237295
1.04240177472727
1.04414394710408
1.04588676913655
1.0476302002178
1.04937419949982
1.05111872589234
1.05286373806173
1.05460919442989
1.0563550531732
1.05810127222142
1.05984780925663
1.0615946217122
1.06334166677173
1.06508890136808
1.06683628218229
1.06858376564268
1.07033130792379
1.07207886494548
1.07382639237196
1.07557384561089
1.07732117981244
1.07906834986847
1.08081531041158
1.08256201581434
1.08430842018842
1.08605447738383
1.0878001409881
1.08954536432554
1.09129010045653
1.0930343021768
1.09477792201672
1.09652091224072
1.0982632248466
1.10000481156493
1.10174562385855
1.10348561292194
1.1052247296808
1.10696292479147
1.1087001486406
1.11043635134464
1.11217148274951
1.11390549243025
1.11563832969067
1.11736994356316
1.11910028280834
1.12082929591497
1.12255693109971
1.12428313630704
1.12600785920914
1.1277310472059
1.12945264742488
1.13117260672136
1.13289087167843
1.13460738860715
1.13632210354667
1.13803496226448
1.13974591025671
1.14145489274838
1.14316185469382
1.14486674077707
1.14656949541233
1.1482700627445
1.14996838664974
1.15166441073606
1.15335807834405
1.15504933254757
1.15673811615455
1.15842437170784
1.16010804148607
1.16178906750465
1.16346739151677
1.16514295501448
1.1668156992298
1.16848556513595
1.1701524934486
1.17181642462718
1.17347729887628
1.17513505614709
1.17678963613895
1.17844097830086
1.18008902183321
1.18173370568946
1.18337496857793
1.18501274896365
1.18664698507031
1.18827761488223
1.18990457614645
1.19152780637486
1.19314724284645
1.19476282260952
1.19637448248415
1.19798215906455
1.19958578872164
1.20118530760561
1.20278065164861
1.20437175656746
1.20595855786656
1.2075409908407
1.20911899057814
1.21069249196361
1.21226142968152
1.21382573821913
1.21538535186992
1.216940204737
1.21849023073652
1.22003536360132
1.22157553688454
1.22311068396336
1.22464073804286
1.22616563215989
1.22768529918709
1.22919967183698
1.23070868266613
1.2322122640794
1.23371034833434
1.23520286754559
1.23668975368943
1.23817093860839
1.23964635401595
1.24111593150137
1.24257960253456
1.24403729847107
1.24548895055715
1.24693448993491
1.24837384764762
1.24980695464499
1.25123374178866
1.25265413985772
1.25406807955432
1.25547549150937
1.25687630628839
1.25827045439739
1.25965786628883
1.26103847236777
1.26241220299795
1.26377898850814
1.26513875919848
1.26649144534688
1.26783697721561
1.26917528505794
1.27050629912481
1.27182994967168
1.27314616696543
1.27445488129136
1.27575602296024
1.27704952231552
1.27833530974057
1.27961331566602
1.28088347057722
1.28214570502177
1.28339994961707
1.2846461350581
1.28588419212515
1.28711405169169
1.28833564473233
1.28954890233086
1.29075375568836
1.29195013613141
1.29313797512034
1.29431720425762
1.29548775529628
1.29664956014846
1.29780255089396
1.29894665978895
1.30008181927468
1.30120796198636
1.30232502076197
1.30343292865132
1.30453161892502
1.3056210250836
1.30670108086672
1.30777172026238
1.30883287751624
1.30988448714098
1.31092648392576
1.31195880294572
1.31298137957151
1.31399414947893
1.31499704865861
1.31599001342572
1.31697298042978
1.31794588666446
1.31890866947753
1.31986126658073
1.32080361605982
1.32173565638455
1.32265732641877
1.32356856543055
1.32446931310233
1.32535950954112
1.32623909528869
1.32710801133192
1.32796619911304
1.32881360053996
1.32965015799664
1.33047581435351
1.3312905129778
1.33209419774404
1.33288681304449
1.33366830379959
1.33443861546847
1.33519769405943
1.33594548614046
1.33668193884975
1.33740699990619
1.33812061761997
1.33882274090301
1.33951331927957
1.34019230289671
1.34085964253488
1.34151528961835
1.34215919622577
1.34279131510064
1.34341159966174
1.34402000401367
1.34461648295718
1.34520099199964
1.34577348736542
1.34633392600621
1.34688226561136
1.34741846461817
1.34794248222211
1.34845427838709
1.34895381385555
1.34944105015865
1.3499159496263
1.3503784753972
1.35082859142881
1.35126626250727
1.35169145425725
1.35210413315171
1.35250426652171
1.352891822566
1.35326677036063
1.35362907986848
1.35397872194871
1.35431566836611
1.35463989180038
1.35495136585534
1.35525006506804
1.35553596491781
1.35580904183515
1.35606927321056
1.35631663740335
1.3565511137502
1.35677268257373
1.35698132519092
1.35717702392146
1.35735976209589
1.35752952406377
1.35768629520161
1.35783006192074
1.35796081167504
1.35807853296856
1.35818321536301
1.35827484948508
1.3583534270337
1.35841894078711
1.35847138460978
1.35851075345926
1.35853704339283
1.35855025157401
1.35855037627893
1.35853741690259
1.35851137396486
1.35847224911647
1.35842004514473
1.35835476597913
1.35827641669678
1.35818500352772
1.35808053385997
1.35796301624451
1.35783246040006
1.35768887721767
1.35753227876513
1.35736267829126
1.35718009022993
1.35698453020403
1.35677601502912
1.356554562717
1.35632019247903
1.35607292472932
1.35581278108769
1.35553978438244
1.35525395865297
1.35495532915218
1.35464392234867
1.35431976592874
1.35398288879823
1.35363332108415
1.35327109413607
1.35289624052737
1.35250879405624
1.35210878974654
1.35169626384837
1.35127125383851
1.35083379842066
1.35038393752539
1.34992171230998
1.349447165158
1.34896033967872
1.34846128070626
1.3479500342986
1.34742664773632
1.34689116952117
1.34634364937443
1.34578413823504
1.34521268825751
1.34462935280972
1.34403418647037
1.34342724502629
1.34280858546959
1.34217826599451
1.34153634599414
1.34088288605684
1.3402179479626
1.33954159467903
1.33885389035724
1.33815490032753
1.33744469109481
1.33672333033384
1.3359908868843
1.33524743074564
1.33449303307168
1.33372776616512
1.33295170347173
1.33216491957442
1.33136749018712
1.33055949214838
1.32974100341489
1.32891210305475
1.32807287124051
1.32722338924213
1.32636373941964
1.32549400521569
1.32461427114787
1.32372462280091
1.3228251468186
1.32191593089567
1.32099706376934
1.32006863521082
1.3191307360166
1.31818345799953
1.31722689397979
1.31626113777566
1.31528628419415
1.31430242902146
1.31330966901328
1.31230810188494
1.31129782630142
1.31027894186715
1.30925154911577
1.30821574949966
1.30717164537935
1.3061193400128
1.30505893754454
1.30399054299467
1.30291426224778
1.30183020204162
1.30073846995582
1.29963917440032
1.29853242460381
1.29741833060196
1.29629700322562
1.29516855408886
1.29403309557691
1.29289074083402
1.29174160375121
1.2905857989539
1.28942344178949
1.28825464831486
1.28707953528368
1.2858982201338
1.28471082097443
1.2835174565733
1.28231824634376
1.28111331033176
1.27990276920282
1.27868674422892
1.2774653572753
1.2762387307873
1.275006987777
1.27377025180996
1.27252864699183
1.27128229795496
1.27003132984494
1.26877586830712
1.26751603947313
1.26625196994734
1.26498378679328
1.26371161752013
1.26243559006905
1.26115583279967
1.25987247447639
1.25858564425486
1.25729547166829
1.25600208661387
1.25470561933918
1.25340620042856
1.25210396078953
1.25079903163925
1.24949154449092
1.24818163114028
1.24686942365211
1.24555505434675
1.24423865578663
1.2429203607629
1.24160030228204
1.24027861355252
1.23895542797155
1.23763087911181
1.23630510070827
1.23497822664509
1.23365039094248
1.23232172774376
1.23099237130235
1.22966245596888
1.22833211617841
1.22700148643766
1.22567070131233
1.22433989541447
1.22300920339004
1.22167875990637
1.22034869963988
1.21901915726378
1.21769026743588
1.21636216478652
1.21503498390655
1.21370885933544
1.2123839255495
1.21106031695013
1.20973816785225
1.20841761247279
1.20709878491931
1.2057818191787
1.20446684910604
1.20315400841347
1.20184343065934
1.20053524923727
1.19922959736553
1.19792660807636
1.19662641420556
1.19532914838208
1.19403494301782
1.19274393029749
1.19145624216866
1.19017201033187
1.18889136623091
1.18761444104322
1.18634136567041
1.1850722707289
1.18380728654077
1.1825465431246
1.18129017018656
1.18003829711163
1.17879105295484
1.1775485664328
1.17631096591527
1.17507837941686
1.17385093458891
1.1726287587115
1.17141197868557
1.17020072102518
1.16899511184995
1.16779527687758
1.16660134141653
1.16541343035885
1.16423166817312
1.16305617889757
1.16188708613326
1.16072451303747
1.1595685823172
1.15841941622278
1.15727713654167
1.15614186459231
1.15501372121819
1.15389282678199
1.15277930115991
1.15167326373605
1.15057483339697
1.14948412852642
1.1484012670001
1.14732636618061
1.14625954291254
1.14520091351761
1.14415059379001
1.14310869899183
1.1420753438486
1.14105064254498
1.14003470872052
1.13902765546559
1.13802959531736
1.137040640256
1.13606090170083
1.13509049050677
1.1341295169607
1.13317809077811
1.13223632109971
1.13130431648825
1.13038218492532
1.12947003380841
1.12856796994789
1.12767609956423
1.12679452828522
1.12592336114332
1.12506270257309
1.1242126564087
1.12337332588152
1.12254481361783
1.12172722163653
1.12092065134699
1.12012520354699
1.11934097842065
1.11856807553647
1.11780659384552
1.1170566316795
1.11631828674909
1.11559165614216
1.11487683632216
1.11417392312653
1.11348301176513
1.11280419681875
1.11213757223768
1.11148323134028
1.11084126681158
1.11021177070202
1.10959483442608
1.10899054876105
1.10839900384577
1.10782028917941
1.10725449362032
1.10670170538478
1.10616201204593
1.10563550053254
1.10512225712796
1.10462236746892
1.10413591654447
1.1036629886948
1.10320366761019
1.10275803632982
1.10232617724069
1.10190817207644
1.10150410191622
1.1011140471835
1.10073808764488
1.10037630240891
1.1000287699248
1.09969556798117
1.09937677370479
1.0990724635592
1.09878271334333
1.09850759819016
1.09824719256519
1.09800157026496
1.09777080441552
1.09755496747082
1.09735413121104
1.09716836674087
1.09699774448774
1.0968423342
1.09670220494496
1.09657742510695
1.09646806238525
1.09637418379199
1.09629585564988
1.09623314359001
1.09618611254937
1.09615482676851
1.09613934978887
1.09613974445025
1.09615607288797
1.09618839653013
1.09623677609458
1.09630127158597
1.09638194229253
1.09647884678287
1.09659204290259
1.09672158777081
1.09686753777656
1.0970299485751
1.09720887508407
1.09740437147954
1.09761649119192
1.09784528690177
1.09809081053543
1.09835311326062
1.09863224548175
1.09892825683525
1.09924119618468
1.09957111161568
1.09991805043086
1.10028205914446
1.10066318347695
1.10106146834939
1.1014769578777
1.10190969536681
1.10235972330455
1.10282708335552
1.10331181635469
1.10381396230091
1.10433356035024
1.10487064880916
1.10542526512754
1.10599744589152
1.10658722681621
1.10719464273821
1.10781972760801
1.10846251448216
1.10912303551531
1.10980132195212
1.11049740411897
1.11121131141544
1.11194307230577
1.11269271431004
1.11346026399518
1.11424574696592
1.11504918785543
1.1158706103159
1.11671003700894
1.11756748959574
1.11844298872715
1.11933655403358
1.12024820411467
1.1211779565289
1.12212582778295
1.12309183332093
1.12407598751348
1.12507830364665
1.12609879391069
1.12713746938862
1.12819434004469
1.1292694147127
1.13036270108409
1.13147420569596
1.13260393391893
1.13375188994484
1.13491807677429
1.1361024962041
1.13730514881456
1.13852603395661
1.13976514973884
1.14102249301441
1.1422980593678
1.14359184310147
1.1449038372224
1.14623403342848
1.14758242209487
1.14894899226013
1.1503337316124
1.15173662647536
1.15315766179414
1.15459682112117
1.15605408660189
1.15752943896045
1.15902285748524
1.16053432001449
1.16206380292165
1.16361128110084
1.1651767279522
1.16676011536714
1.1683614137137
1.16998059182168
1.17161761696793
1.17327245486149
1.17494506962876
1.17663542379871
1.178343478288
1.1800691923862
1.18181252374092
1.1835734283431
1.18535186051222
1.18714777288158
1.18896111638364
1.19079184023542
1.19263989192393
1.19450521719174
1.19638776002253
1.19828746262683
1.20020426542782
1.20213810704718
1.20408892429121
1.20605665213689
1.20804122371824
1.21004257031272
1.21206062132785
1.21409530428795
1.21614654482113
1.21821426664637
1.22029839156089
1.22239883942767
1.22451552816327
1.22664837372574
1.22879729010295
1.23096218930103
1.23314298133319
1.2353395742087
1.2375518739223
1.23977978444376
1.24202320770791
1.24428204360487
1.24655618997068
1.24884554257827
1.25114999512881
1.2534694392434
1.25580376445517
1.25815285820179
1.26051660581837
1.26289489053082
1.26528759344961
1.26769459356401
1.2701157677368
1.27255099069943
1.2750001350477
1.27746307123792
1.27993966758362
1.28242979025276
1.28493330326549
1.28745006849249
1.28997994565383
1.2925227923185
1.29507846390443
1.29764681367918
1.30022769276127
1.30282095012209
1.30542643258849
1.30804398484604
1.31067344944292
1.31331466679456
1.31596747518889
1.31863171079241
1.32130720765688
1.32399379772681
1.32669131084767
1.32939957477485
1.33211841518343
1.33484765567868
1.33758711780737
1.34033662106991
1.3430959829333
1.34586501884482
1.3486435422467
1.3514313645915
1.35422829535846
1.35703414207059
1.35984871031277
1.36267180375061
1.3655032241503
1.36834277139928
1.37119024352789
1.37404543673185
1.37690814539578
1.37977816211753
1.38265527773354
1.38553928134505
1.3884299603454
1.39132710044808
1.39423048571599
1.39713989859141
1.40005511992713
1.40297592901848
1.40590210363631
1.40883342006096
1.41176965311729
1.41471057621055
1.41765596136338
1.42060557925366
1.42355919925346
1.4265165894689
1.42947751678101
1.4324417468876
1.43540904434606
1.43837917261719
1.44135189410998
1.44432697022735
1.44730416141285
1.45028322719839
1.45326392625282
1.45624601643158
1.45922925482714
1.46221339782057
1.46519820113384
1.46818341988319
1.47116880863334
1.47415412145261
1.47713911196894
1.48012353342678
1.48310713874486
1.48608968057477
1.48907091136048
1.49205058339856
1.49502844889933
1.49800426004871
1.50097776907095
1.50394872829203
1.50691689020387
1.50988200752928
1.51284383328756
1.51580212086084
1.51875662406114
1.52170709719795
1.52465329514659
1.52759497341709
1.53053188822368
1.53346379655489
1.53639045624411
1.53931162604077
1.5422270656819
1.54513653596429
1.54803979881699
1.55093661737426
1.55382675604896
1.5567099806062
1.55958605823746
1.56245475763488
1.56531584906595
1.56816910444836
1.57101429742513
1.57385120343991
1.5766795998124
1.57949926581399
1.58230998274342
1.5851115340025
1.58790370517195
1.59068628408713
1.59345906091383
1.59622182822394
1.59897438107104
1.60171651706583
1.60444803645149
1.6071687421787
1.60987843998053
1.612576938447
1.61526404909942
1.61793958646428
1.62060336814684
1.62325521490431
1.62589495071855
1.62852240286833
1.63113740200105
1.63373978220395
1.63632938107469
1.63890603979131
1.64146960318161
1.64401991979178
1.64655684195429
1.64908022585511
1.65158993160004
1.65408582328029
1.65656776903716
1.65903564112587
1.66148931597841
1.66392867426548
1.66635360095741
1.6687639853841
1.67115972129386
1.67354070691118
1.67590684499341
1.67825804288626
1.68059421257815
1.68291527075333
1.68522113884382
1.68751174308
1.68978701454
1.69204688919773
1.69429130796956
1.69652021675965
1.69873356650391
1.70093131321248
1.70311341801081
1.70527984717931
1.70743057219142
1.70956556975026
1.71168482182371
1.71378831567794
1.71587604390943
1.71794800447529
1.7200042007221
1.72204464141304
1.72406934075347
1.72607831841474
1.7280715995565
1.73004921484716
1.73201120048278
1.73395759820425
1.73588845531268
1.73780382468317
1.73970376477677
1.74158833965077
1.74345761896723
1.74531167799971
1.74715059763831
1.74897446439295
1.75078337039486
1.75257741339631
1.75435669676862
1.75612132949837
1.75787142618183
1.75960710701772
1.76132849779809
1.76303572989756
1.76472894026073
1.76640827138788
1.76807387131897
1.7697258936158
1.77136449734261
1.77298984704479
1.77460211272603
1.77620146982372
1.77778809918261
1.77936218702696
1.78092392493081
1.78247350978684
1.7840111437734
1.7855370343201
1.78705139407163
1.78855444085012
1.79004639761592
1.79152749242677
1.79299795839549
1.79445803364615
1.79590796126874
1.79734798927236
1.79877837053699
1.80019936276378
1.80161122842399
1.80301423470643
1.80440865346372
1.80579476115698
1.80717283879937
1.80854317189827
1.80990605039615
1.81126176861024
1.81261062517094
1.81395292295904
1.81528896904174
1.8166190746075
1.81794355489984
1.81926272914989
1.82057692050796
1.82188645597406
1.82319166632726
1.82449288605418
1.82579045327638
1.82708470967688
1.82837600042563
1.82966467410417
1.83095108262931
1.832235581176
1.83351852809927
1.83480028485546
1.83608121592252
1.83736168871963
1.83864207352597
1.83992274339882
1.8412040740909
1.84248644396702
1.84377023392005
1.84505582728621
1.84634360975978
1.84763396930706
1.84892729607984
1.85022398232826
1.85152442231301
1.85282901221705
1.8541381500568
1.85545223559268
1.85677167023927
1.85809685697488
1.85942820025067
1.86076610589921
1.86211098104265
1.86346323400043
1.86482327419641
1.86619151206572
1.86756835896104
1.8689542270585
1.87034952926313
1.8717546791139
1.87317009068833
1.87459617850665
1.87603335743558
1.87748204259169
1.87894264924425
1.88041559271784
1.8819012882943
1.8834001511145
1.88491259607946
1.88643903775114
1.88797989025284
1.88953556716899
1.89110648144463
1.89269304528437
1.89429567005082
1.89591476616263
1.89755074299195
1.89920400876141
1.90087497044058
1.90256403364188
1.90427160251592
1.90599807964632
1.90774386594385
1.90950936054006
1.91129496068025
1.91310106161576
1.91492805649566
1.9167763362577
1.9186462895186
1.92053830246356
1.92245275873512
1.92439003932108
1.92635052244183
1.92833458343668
1.93034259464941
1.93237492531303
1.93443194143347
1.93651400567254
1.93862147722976
1.94075471172336
1.94291406107018
1.94509987336461
1.94731249275637
1.94955225932736
1.95181950896724
1.95411457324795
1.95643777929706
1.95878944966991
1.9611699022205
1.96357944997119
1.96601840098105
1.96848705821299
1.97098571939943
1.97351467690678
1.9760742175984
1.97866462269618
1.98128616764078
1.98393912195027
1.98662374907741
1.98934030626538
1.99208904440197
1.99487020787231
1.99768403440994
2.00053075494634
2.00341059345894
2.00632376681741
2.00927048462841
2.01225094907865
2.01526535477635
2.01831388859108
2.02139672949181
2.02451404838347
2.02766600794172
2.03085276244611
2.03407445761157
2.03733123041823
2.04062320893959
2.04395051216908
2.04731324984492
2.05071152227345
2.05414542015076
2.05761502438287
2.06112040590421
2.06466162549469
2.0682387335952
2.0718517701217
2.07550076427782
2.07918573436615
2.08290668759811
2.08666361990256
2.09045651573322
2.09428534787479
2.09815007724809
2.102050652714
2.10598701087652
2.10995907588487
2.11396675923475
2.11800995956889
2.12208856247688
2.12620244029448
2.13035145190247
2.13453544252508
2.13875424352821
2.14300767221753
2.14729553163653
2.15161761036465
2.15597368231576
2.1603635065369
2.16478682700762
2.16924337243998
2.17373285607936
2.17825497550632
2.18280941243953
2.18739583254016
2.19201388521769
2.19666320343749
2.20134340353026
2.20605408500362
2.21079483035598
2.21556520489294
2.22036475654648
2.22519301569705
2.23004949499894
2.23493368920903
2.23984507501933
2.24478311089338
2.2497472369069
2.25473687459294
2.25975142679168
2.26479027750544
2.26985279175876
2.27493831546435
2.28004617529468
2.28517567856
2.29032611309271
2.29549674713865
2.30068682925547
2.30589558821855
2.31112223293461
2.31636595236357
2.32162591544878
2.32690127105613
2.33219114792227
2.33749465461239
2.34281087948783
2.3481388906839
2.35347773609828
2.35882644339043
2.36418401999216
2.36954945312999
2.37492170985948
2.38029973711198
2.38568246175411
2.39106879066043
2.39645761079949
2.40184778933389
2.40723817373439
2.41262759190875
2.41801485234536
2.42339874427228
2.42877803783179
2.43415148427104
2.4395178161489
2.4448757475595
2.45022397437275
2.45556117449212
2.46088600813002
2.46619711810105
2.47149313013347
2.47677265319909
2.48203427986193
2.48727658664577
2.49249813442109
2.49769746881127
2.5028731206186
2.50802360627014
2.51314742828352
2.51824307575314
2.52330902485658
2.52834373938162
2.53334567127377
2.53831326120461
2.54324493916082
2.54813912505409
2.55299422935182
2.55780865372874
2.56258079173929
2.56730902951086
2.57199174645772
2.57662731601554
2.58121410639645
2.58575048136439
2.59023480103077
2.59466542266989
2.59904070155424
2.60335899180921
2.60761864728694
2.61181802245906
2.61595547332788
2.62002935835564
2.62403803941148
2.62797988273564
2.63185325992029
2.6356565489067
2.63938813499799
2.64304641188699
2.64662978269855
2.6501366610457
2.65356547209888
2.65691465366767
2.66018265729413
2.6633679493571
2.66646901218653
2.66948434518712
2.67241246597032
2.67525191149379
2.67800123920746
2.68065902820518
2.68322388038093
2.68569442158873
2.68806930280506
2.69034720129276
2.69252682176541
2.69460689755103
2.69658619175388
2.6984634984134
2.70023764365901
2.70190748685949
2.70347192176603
2.70492987764744
2.70628032041643
2.70752225374577
2.708654720173
2.70967680219248
2.71058762333352
2.71138634922338
2.71207218863379
2.71264439450985
2.71310226497995
2.71344514434556
2.71367242404963
2.71378354362232
2.71377799160294
2.7136553064368
2.71341507734592
2.71305694517231
2.71258060319278
2.71198579790415
2.71127232977767
2.7104400539818
2.70948888107212
2.70841877764754
2.70722976697168
2.70592192955874
2.70449540372275
2.70295038608954
2.70128713207047
2.69950595629744
2.69760723301817
2.69559139645139
2.69345894110113
2.69121042202974
2.68884645508909
2.68636771710949
2.68377494604606
2.68106894108218
2.67825056268982
2.67532073264649
2.67228043400887
2.66913071104289
2.66587266911036
2.66250747451224
2.65903635428873
2.65546059597627
2.65178154732194
2.64800061595542
2.64411926901903
2.64013903275643
2.63606149206028
2.63188828997979
2.62762112718867
2.62326176141424
2.61881200682868
2.61427373340309
2.60964886622555
2.60493938478397
2.600147322215
2.59527476452004
2.59032384974955
2.58529676715696
2.58019575632343
2.57502310625488
2.56978115445268
2.56447228595941
2.55909893238128
2.55366357088875
2.54816872319685
2.54261695452693
2.53701087255153
2.53135312632392
2.52564640519425
2.51989343771383
2.51409699052965
2.50825986727057
2.50238490742734
2.4964749852281
2.49053300851128
2.48456191759777
2.47856468416425
2.4725443101196
2.4665038264861
2.46044629228755
2.45437479344604
2.44829244168927
2.44220237347026
2.43610774890141
2.43001175070458
2.42391758317916
2.41782847118981
2.41174765917575
2.40567841018323
2.39962400492299
2.39358774085437
2.38757293129772
2.3815829045767
2.37562100319212
2.36969058302876
2.36379501259683
2.35793767230932
2.35212195379683
2.34635125926111
2.34062900086877
2.33495860018624
2.3293434876574
2.32378710212484
2.31829289039607
2.31286430685545
2.30750481312323
2.30221787776221
2.29700697603322
2.29187558970012
2.28682720688509
2.28186532197493
2.27699343557897
2.27221505453934
2.26753369199382
2.26295286749209
2.25847610716549
2.25410694395078
2.24984891786816
2.24570557635372
2.24168047464649
2.2377771762302
2.23399925332973
2.23035028746225
2.22683387004295
2.22345360304509
2.22021309971429
2.21711598533663
2.21416589806025
2.21136648977001
2.20872142701463
2.2062343919859
2.20390908354909
2.20174921832403
2.19975853181594
2.19794077959525
2.1962997385253
2.19483920803705
2.19356301144961
2.19247499733536
2.19157904092849
2.19087904557535
2.19037894422548
2.19008270096132
2.18999431256536
2.19011781012247
2.190457260656
2.19101676879516
2.19180047847186
2.19281257464456
2.19405728504672
2.19553888195737
2.19726168399089
2.1992300579034
2.20144842041226
2.20392124002598
2.20665303888057
2.20964839457908
2.21291194203026
2.21644837528233
2.22026244934758
2.22435898201307
2.22874285563287
2.23341901889636
2.23839248856749
2.24366835118914
2.24925176474646
2.25514796028293
2.26136224346228
2.26789999606908
2.27476667744068
2.28196782582214
2.28950905963616
2.29739607865881
2.30563466509182
2.31423068452166
2.32319008675477
2.33251890651822
2.34222326401412
2.35230936531571
2.36278350259242
2.37365205415031
2.38492148427409
2.39659834285569
2.40868926479405
2.42120096914982
2.43414025803795
2.44751401524045
2.46132920452069
2.4755928676197
2.49031212191445
2.50549415771664
2.52114623519023
2.53727568086477
2.55388988372051
2.5709962908209
2.58860240246658
2.60671576684443
2.62534397414427
2.64449465011482
2.66417544902967
2.68439404603337
2.7051581288364
2.72647538872772
2.74835351087212
2.77080016385936
2.7938229884713
2.81742958563259
2.84162750351012
2.86642422372591
2.89182714664786
2.91784357572274
2.94448070081547
2.97174558051921
2.99964512340061
3.02818606814549
3.05737496257049
3.08721814146727
3.11772170324685
3.14889148535327
3.18073303841695
3.21325159912051
3.24645206175184
3.28033894842184
3.31491637792722
3.35018803324221
3.38615712762685
3.42282636934347
3.46019792497811
3.49827338136859
3.53705370614666
3.57653920690795
3.6167294890304
3.65762341216907
3.69921904546341
3.74151362150153
3.78450348909547
3.8281840649314
3.8725497841688
3.91759405007485
3.96330918279099
4.00968636734211
4.05671560101151
4.10438564021866
4.15268394705141
4.20159663561894
4.25110841840758
4.30120255283743
4.35186078823426
4.40306331344771
4.45478870536432
4.50701387858055
4.55971403651902
4.61286262428785
4.66643128360068
4.7203898100914
4.77470611337469
4.82934618021866
4.88427404121134
4.93945174131727
4.99483931473261
5.05039476445963
5.10607404703098
5.16183106282269
5.21761765240086
5.27338359935072
5.32907664003873
5.38464248075601
5.44002482268755
5.49516539514361
5.55000399747835
5.60447855010537
5.65852515500125
5.71207816606413
5.76507026966704
5.8174325757133
5.86909471946404
5.91998497436654
5.97003037606467
6.01915685772216
6.06728939673193
6.11435217282444
6.16026873752151
6.20496219481228
6.24835539285323
6.29037112641587
6.33093234972402
6.36996239923766
6.40738522585313
6.44312563590001
6.47710954022508
6.50926421056224
6.53951854229766
6.56780332264914
6.5940515031925
6.61819847558315
6.64018234924148
6.6599442296961
6.6774284962105
6.69258307725776
6.70535972235557
6.71571426873062
6.72360690124894
6.72900240402824
6.73187040213918
6.73218559180797
6.72992795755113
6.72508297470703
6.71764179587772
6.70760141985832
6.69496484171253
6.67974118274737
6.66194579925353
6.64160036900362
6.61873295464383
6.5933780432704
6.56557656165264
6.53537586674638
6.50282971133611
6.46799818484689
6.43094762957993
6.39175053284441
6.35048539568246
6.30723657911134
6.26209412903637
6.21515358121709
6.16651574789581
6.11628648792063
6.06457646241398
6.0115008782476
5.95717922178948
5.9017349855815
5.84529539079175
5.78799110846076
5.72995598272479
5.67132675935538
5.61224282310132
5.55284594745944
5.49328006063586
5.43369103159232
5.37422648020819
5.31503561572875
5.25626910782276
5.19807899474091
5.14061863326105
5.08404269533281
5.02850721660302
4.97416970232776
4.92118929656794
4.86972702103967
4.81994609056537
4.77201231276765
4.72609458049077
4.68236546644964
4.64100193083063
4.60218615403831
4.56610650854653
4.53295868592641
4.50294699765305
4.47628587131886
4.4532015675014
4.4339341468623
4.4187397222355
4.40789303667058
4.40169041584159
4.40045315217572
4.40453138881825
4.41430858452831
4.43020665628434
4.45269191538079
4.48228193587921
4.51955352239281
4.56515197853086
4.61980191941788
4.68431992344
4.75962938218097
4.84677798647351
4.94695838455183
5.06153267050505
5.1920615141112
5.34033893509938
5.5084339668811
5.69874076106978
5.91403907334123
6.15756756793967
6.43311301485089
6.74511927343087
7.09882101653914
7.50040852699578
7.95723169719384
8.47805372342047
9.07336810007856
9.75579664724556
10.540591808061
11.4462738288764
12.4954433792043
13.7158236528428
15.1416043871472
16.8151854892842
18.7894528440176
21.1307673904333
23.9229164763058
27.2723722581794
31.3153378944261
36.2272568020553
42.2357406467392
49.6382790998789
58.8266910128017
70.3211577433337
84.8179917518082
