0.001953125
0.00195440803318585
0.0019555606029108
0.00195660123471922
0.00195754537552573
0.00195840597007046
0.00195919391884624
0.00195991844381434
0.00196058738199477
0.00196120742233306
0.00196178429774295
0.0019623229415235
0.00196282761534914
0.00196330201445558
0.00196374935445385
0.0019641724432731
0.00196457374102579
0.00196495541000481
0.00196531935660293
0.00196566726658473
0.00196600063486718
0.00196632079075596
0.00196662891939331
0.00196692608005058
0.0019672132217758
0.00196749119682002
0.00196776077218934
0.00196802263961793
0.00196827742419505
0.00196852569185286
0.00196876795588063
0.00196900468260737
0.0019692362963694
0.00196946318386838
0.00196968569799774
0.00196990416121481
0.00197011886851799
0.00197033009007995
0.001970538073586
0.00197074304630995
0.00197094521696502
0.00197114477735606
0.00197134190385853
0.00197153675874331
0.0019717294913702
0.00197192023926017
0.00197210912906456
0.00197229627744156
0.00197248179185094
0.00197266577127484
0.00197284830687631
0.00197302948259781
0.00197320937570933
0.00197338805731047
0.00197356559279133
0.00197374204225537
0.00197391746091133
0.00197409189943273
0.00197426540429161
0.00197443801806765
0.00197460977973398
0.0019747807249251
0.00197495088618408
0.00197512029319415
0.00197528897299463
0.00197545695018302
0.00197562424710292
0.00197579088402237
0.00197595687929865
0.00197612224953418
0.00197628700972247
0.00197645117338551
0.00197661475270175
0.00197677775862853
0.00197694020101498
0.00197710208870927
0.00197726342965932
0.00197742423100642
0.00197758449917529
0.00197774423995644
0.00197790345858461
0.00197806215981199
0.00197822034797712
0.00197837802706818
0.00197853520078443
0.00197869187259132
0.00197884804577302
0.00197900372348107
0.00197915890877978
0.00197931360468738
0.00197946781421608
0.00197962154040715
0.00197977478636413
0.00197992755528351
0.00198007985048166
0.00198023167542157
0.00198038303373518
0.00198053392924457
0.00198068436598092
0.00198083434820178
0.0019809838804054
0.00198113296734554
0.00198128161404249
0.00198142982579369
0.0019815776081827
0.00198172496708708
0.00198187190868395
0.00198201843945659
0.00198216456619776
0.0019823102960132
0.00198245563632416
0.00198260059486808
0.0019827451797006
0.00198288939919473
0.00198303326204054
0.00198317677724396
0.00198331995412535
0.00198346280231658
0.00198360533175966
0.00198374755270313
0.001983889475699
0.00198403111159934
0.00198417247155278
0.00198431356699984
0.00198445440967013
0.00198459501157739
0.00198473538501549
0.00198487554255417
0.00198501549703492
0.00198515526156592
0.00198529484951892
0.00198543427452421
0.00198557355046669
0.00198571269148193
0.00198585171195144
0.00198599062649993
0.00198612944999078
0.00198626819752264
0.00198640688442593
0.00198654552625978
0.00198668413880804
0.00198682273807753
0.00198696134029445
0.00198709996190199
0.00198723861955787
0.00198737733013235
0.00198751611070543
0.00198765497856615
0.00198779395121017
0.0019879330463386
0.00198807228185687
0.00198821167587297
0.00198835124669774
0.00198849101284347
0.00198863099302363
0.00198877120615259
0.00198891167134576
0.0019890524079189
0.00198919343538962
0.001989334773477
0.0019894764421025
0.00198961846139071
0.00198976085167057
0.0019899036334757
0.00199004682754688
0.00199019045483272
0.00199033453649142
0.00199047909389274
0.00199062414861906
0.00199076972246859
0.00199091583745667
0.00199106251581827
0.0019912097800103
0.00199135765271434
0.00199150615683836
0.00199165531552066
0.00199180515213178
0.00199195569027761
0.00199210695380228
0.00199225896679141
0.00199241175357434
0.00199256533872855
0.00199271974708201
0.00199287500371664
0.00199303113397182
0.00199318816344688
0.00199334611800577
0.00199350502377956
0.00199366490717011
0.00199382579485349
0.00199398771378362
0.00199415069119484
0.0019943147546067
0.00199447993182644
0.00199464625095267
0.00199481374037872
0.00199498242879623
0.00199515234519751
0.00199532351888022
0.00199549597944967
0.00199566975682213
0.00199584488122799
0.00199602138321497
0.00199619929365007
0.00199637864372389
0.0019965594649524
0.00199674178917978
0.00199692564858122
0.00199711107566433
0.0019972981032729
0.00199748676458802
0.00199767709313038
0.00199786912276205
0.00199806288768843
0.00199825842245874
0.0019984557619689
0.00199865494146161
0.0019988559965276
0.00199905896310632
0.00199926387748677
0.00199947077630669
0.00199967969655427
0.00199989067556691
0.00200010375103103
0.0020003189609817
0.00200053634380048
0.00200075593821599
0.00200097778330115
0.00200120191847169
0.002001428383484
0.00200165721843295
0.00200188846374789
0.00200212216019139
0.00200235834885448
0.00200259707115318
0.00200283836882422
0.00200308228392087
0.00200332885880653
0.00200357813615146
0.00200383015892556
0.00200408497039258
0.0020043426141038
0.00200460313388952
0.00200486657385372
0.00200513297836464
0.00200540239204669
0.00200567485977153
0.00200595042664906
0.00200622913801599
0.00200651103942777
0.00200679617664612
0.00200708459562799
0.00200737634251367
0.00200767146361467
0.00200797000539911
0.00200827201448058
0.00200857753760245
0.00200888662162356
0.00200919931350347
0.00200951566028491
0.00200983570908003
0.00201015950705172
0.00201048710139653
0.00201081853932661
0.00201115386805141
0.00201149313475666
0.00201183638658721
0.00201218367062482
0.00201253503386755
0.00201289052320817
0.00201325018541245
0.00201361406709443
0.00201398221469605
0.00201435467446122
0.00201473149241184
0.00201511271432275
0.00201549838569666
0.00201588855173585
0.00201628325731868
0.00201668254697024
0.00201708646483513
0.00201749505464974
0.0020179083597113
0.00201832642285195
0.00201874928640687
0.00201917699218459
0.00201960958143646
0.0020200470948262
0.00202048957239605
0.00202093705353862
0.00202138957696228
0.00202184718065927
0.00202230990187284
0.00202277777706481
0.00202325084187954
0.00202372913111421
0.00202421267868235
0.00202470151758042
0.00202519567985432
0.00202569519656228
0.0020262000977445
0.00202671041238593
0.00202722616838238
0.00202774739250596
0.00202827411037129
0.00202880634639807
0.00202934412378119
0.00202988746445349
0.0020304363890525
0.0020309909168866
0.0020315510659022
0.00203211685264738
0.00203268829224357
0.00203326539834988
0.00203384818313174
0.00203443665722996
0.00203503082972634
0.00203563070811786
0.00203623629828334
0.00203684760445484
0.00203746462918889
0.00203808737333925
0.00203871583602622
0.00203935001461528
0.00203998990468798
0.00204063550001807
0.00204128679254761
0.00204194377236507
0.00204260642767978
0.0020432747448066
0.00204394870814258
0.00204462830014931
0.00204531350133643
0.00204600429024164
0.0020467006434215
0.00204740253543391
0.00204810993882676
0.00204882282412693
0.00204954115983167
0.00205026491239644
0.00205099404623418
0.00205172852370601
0.00205246830511852
0.00205321334872151
0.00205396361070837
0.00205471904521282
0.00205547960431765
0.00205624523805466
0.00205701589441144
0.00205779151933984
0.00205857205676071
0.00205935744858105
0.00206014763470211
0.00206094255303454
0.00206174213951412
0.00206254632812034
0.00206335505089107
0.00206416823795006
0.00206498581752498
0.0020658077159727
0.00206663385780513
0.00206746416571784
0.00206829856061459
0.00206913696164495
0.00206997928623205
0.00207082545010764
0.00207167536734756
0.00207252895040993
0.00207338611016887
0.00207424675596164
0.00207511079562523
0.0020759781355404
0.00207684868067705
0.00207772233463485
0.00207859899969728
0.00207947857687484
0.00208036096595542
0.00208124606555468
0.00208213377316875
0.00208302398522181
0.00208391659712695
0.00208481150333573
0.00208570859739472
0.0020866077720017
0.00208750891906378
0.00208841192975015
0.00208931669455782
0.00209022310336554
0.00209113104549452
0.00209204040976957
0.00209295108457439
0.00209386295791977
0.00209477591749952
0.00209568985075287
0.00209660464492579
0.00209752018713361
0.00209843636441741
0.00209935306381296
0.00210027017240695
0.00210118757739928
0.00210210516616399
0.00210302282631102
0.00210394044574134
0.00210485791271436
0.00210577511590209
0.00210669194444918
0.00210760828803231
0.00210852403691257
0.00210943908199987
0.00211035331490377
0.00211126662798999
0.0021121789144346
0.00211309006827866
0.00211399998447554
0.00211490855894979
0.00211581568864237
0.00211672127156104
0.00211762520682836
0.00211852739472969
0.00211942773675373
0.0021203261356443
0.00212122249543829
0.00212211672150851
0.00212300872060518
0.00212389840088982
0.00212478567198009
0.00212567044498081
0.00212655263251972
0.00212743214878044
0.00212830890953526
0.00212918283217019
0.00213005383572079
0.00213092184089416
0.00213178677009553
0.00213264854745209
0.00213350709883642
0.00213436235188239
0.00213521423601147
0.0021360626824455
0.00213690762422391
0.00213774899621819
0.00213858673514597
0.00213942077957779
0.00214025106995395
0.00214107754858823
0.00214190015967597
0.00214271884930064
0.00214353356543325
0.00214434425794175
0.00214515087858758
0.00214595338102664
0.00214675172080761
0.00214754585537018
0.0021483357440364
0.00214912134801174
0.00214990263037399
0.0021506795560663
0.0021514520918881
0.00215222020648583
0.00215298387033722
0.00215374305574519
0.00215449773682001
0.00215524788946583
0.00215599349136606
0.00215673452196284
0.00215747096244574
0.00215820279572941
0.00215893000643547
0.00215965258087259
0.00216037050701688
0.00216108377448644
0.00216179237452536
0.00216249629997694
0.00216319554526143
0.0021638901063521
0.00216457998075183
0.0021652651674643
0.00216594566697441
0.00216662148121861
0.00216729261355972
0.00216795906876129
0.00216862085295702
0.00216927797362922
0.00216993043957771
0.00217057826089311
0.00217122144892911
0.00217186001627536
0.00217249397672591
0.00217312334525637
0.00217374813799215
0.00217436837218111
0.00217498406616535
0.00217559523935378
0.00217620191219064
0.00217680410613245
0.00217740184361665
0.00217799514803461
0.00217858404370473
0.00217916855584163
0.00217974871053372
0.00218032453471282
0.00218089605612811
0.00218146330331943
0.00218202630559179
0.00218258509298612
0.0021831396962582
0.00218369014685013
0.00218423647686599
0.00218477871904707
0.00218531690674827
0.00218585107391111
0.00218638125504457
0.00218690748519887
0.00218742979994349
0.00218794823534469
0.00218846282794435
0.00218897361473552
0.00218948063314572
0.00218998392101338
0.00219048351656841
0.00219097945841324
0.00219147178550074
0.00219196053711966
0.00219244575287354
0.00219292747266362
0.00219340573667149
0.0021938805853429
0.00219435205936875
0.00219482019967321
0.0021952850473956
0.00219574664387625
0.00219620503064198
0.00219666024939283
0.00219711234198607
0.00219756135042704
0.00219800731685405
0.00219845028352708
0.00219889029281679
0.00219932738719101
0.00219976160920781
0.00220019300150291
0.00220062160678061
0.00220104746780457
0.00220147062738963
0.00220189112839117
0.00220230901370071
0.00220272432623618
0.00220313710893547
0.00220354740474992
0.0022039552566387
0.00220436070756085
0.0022047638004734
0.0022051645783242
0.002205563084048
0.00220595936056294
0.00220635345076467
0.00220674539752633
0.0022071352436935
0.00220752303208218
0.00220790880547665
0.00220829260662825
0.00220867447825182
0.00220905446302782
0.00220943260359957
0.00220980894257334
0.00221018352251845
0.00221055638596806
0.00221092757541779
0.00221129713332984
0.00221166510213227
0.00221203152422113
0.002212396441963
0.00221275989769519
0.00221312193373144
0.00221348259236276
0.00221384191586117
0.00221419994648321
0.00221455672647422
0.00221491229807049
0.00221526670350657
0.00221561998501806
0.00221597218484694
0.00221632334524694
0.00221667350848945
0.00221702271686744
0.00221737101270442
0.00221771843835885
0.00221806503623126
0.00221841084877115
0.0022187559184846
0.00221910028793981
0.00221944399977767
0.00221978709671782
0.00222012962156735
0.00222047161722977
0.00222081312671189
0.00222115419313572
0.00222149485974584
0.00222183516991948
0.00222217516717632
0.00222251489518911
0.00222285439779218
0.00222319371899486
0.0022235329029906
0.0022238719941686
0.00222421103712533
0.00222455007667676
0.00222488915786854
0.00222522832599114
0.00222556762659067
0.0022259071054822
0.00222624680876353
0.00222658678282679
0.00222692707437512
0.00222726773043496
0.00222760879837093
0.00222795032590067
0.00222829236111041
0.0022286349524685
0.00222897814884404
0.00222932199952112
0.00222966655421577
0.00223001186309277
0.00223035797678332
0.00223070494640071
0.00223105282356111
0.00223140166039998
0.00223175150959127
0.00223210242436702
0.00223245445853494
0.00223280766650127
0.00223316210328922
0.00223351782456024
0.00223387488663529
0.00223423334651704
0.00223459326191005
0.00223495469124644
0.00223531769370699
0.00223568232924533
0.00223604865861203
0.00223641674337984
0.00223678664596684
0.00223715842966524
0.00223753215866567
0.00223790789808455
0.00223828571399215
0.00223866567343851
0.0022390478444853
0.00223943229623305
0.00223981909885162
0.00224020832361085
0.0022406000429124
0.00224099433031956
0.00224139126059322
0.00224179090972312
0.0022421933549626
0.00224259867486348
0.00224300694931237
0.00224341825956492
0.00224383268828652
0.00224425031958824
0.00224467123906635
0.00224509553384229
0.00224552329260401
0.0022459546056453
0.00224638956491204
0.0022468282640434
0.00224727079841707
0.00224771726519544
0.0022481677633698
0.00224862239381173
0.00224908125931937
0.00224954446466796
0.00225001211666083
0.00225048432418217
0.00225096119824785
0.00225144285206381
0.00225192940107927
0.00225242096304446
0.00225291765806892
0.00225341960868193
0.00225392693989066
0.00225443977924686
0.00225495825690779
0.00225548250570225
0.00225601266119801
0.00225654886176713
0.00225709124866016
0.00225763996607452
0.00225819516122825
0.00225875698443458
0.00225932558917902
0.00225990113219417
0.00226048377354422
0.00226107367670333
0.0022616710086397
0.00226227593990087
0.00226288864470159
0.00226350930100948
0.00226413809064117
0.00226477519935187
0.00226542081693134
0.00226607513730193
0.00226673835861431
0.00226741068335432
0.00226809231844313
0.00226878347534402
0.00226948437017071
0.00227019522379894
0.0022709162619755
0.00227164771543964
0.00227238982003699
0.00227314281684102
0.00227390695227603
0.00227468247824387
0.0022754696522479
0.00227626873753047
0.00227708000320235
0.00227790372438031
0.00227874018232777
0.00227958966459234
0.00228045246515808
0.00228132888458907
0.00228221923018179
0.00228312381611949
0.00228404296363092
0.00228497700114589
0.00228592626446677
0.00228689109693057
0.00228787184958068
0.00228886888134069
0.00228988255919308
0.00229091325835428
0.00229196136246736
0.00229302726378421
0.00229411136335828
0.00229521407124118
0.00229633580667527
0.00229747699830533
0.00229863808437862
0.00229981951295654
0.00230102174212852
0.00230224524023156
0.00230349048606524
0.00230475796912765
0.00230604818983842
0.00230736165977427
0.00230869890190698
0.00231006045084734
0.00231144685308391
0.00231285866724479
0.00231429646434478
0.00231576082804622
0.00231725235492225
0.00231877165472649
0.00232031935065651
0.00232189607964278
0.00232350249262085
0.00232513925481857
0.00232680704604783
0.00232850656098926
0.00233023850950443
0.00233200361692941
0.00233380262438437
0.00233563628908525
0.00233750538466258
0.00233941070147173
0.00234135304693357
0.00234333324585365
0.00234535214075874
0.00234741059223524
0.00234950947927488
0.00235164969961024
0.00235383217008374
0.0023560578269918
0.00235832762644792
0.00236064254475019
0.0023630035787371
0.00236541174617945
0.00236786808614441
0.00237037365937956
0.00237292954869779
0.0023755368593697
0.00237819671950178
0.00238091028045454
0.00238367871722815
0.00238650322886977
0.00238938503888086
0.00239232539563183
0.00239532557275978
0.00239838686961014
0.00240151061164063
0.00240469815084863
0.00240795086620177
0.0024112701640487
0.00241465747857763
0.002418114272232
0.0024216420361512
0.00242524229060875
0.00242891658545761
0.00243266650055173
0.00243649364622026
0.0024403996636921
0.00244438622554729
0.00244845503616422
0.00245260783217354
0.00245684638288373
0.00246117249076486
0.00246558799187472
0.00247009475631386
0.00247469468868078
0.0024793897284948
0.00248418185068186
0.00248907306599541
0.00249406542146797
0.00249916100085456
0.00250436192508157
0.00250967035265729
0.0025150884801521
0.00252061854260378
0.00252626281395577
0.00253202360748475
0.00253790327623273
0.0025439042133942
0.00255002885278054
0.00255627966919799
0.00256265917886145
0.00256916993979456
0.0025758145522333
0.00258259565897719
0.00258951594582628
0.00259657814191892
0.00260378502010842
0.00261113939733292
0.00261864413492626
0.00262630213902232
0.00263411636084857
0.0026420897970613
0.00265022549006099
0.00265852652830913
0.00266699604657694
0.00267563722629843
0.00268445329579688
0.0026934475305572
0.00270262325347467
0.00271198383510406
0.00272153269383075
0.00273127329615846
0.00274120915685312
0.0027513438391375
0.00276168095487253
0.00277222416465176
0.00278297717802373
0.00279394375355509
0.00280512769894896
0.00281653287113229
0.00282816317634213
0.00284002257011378
0.0028521150574122
0.00286444469258381
0.00287701557937025
0.00288983187088678
0.00290289776959946
0.00291621752719173
0.00292979544459208
0.00294363587179989
0.00295774320778095
0.00297212190034361
0.00298677644589351
0.00300171138936604
0.00301693132393694
0.0030324408908103
0.00304824477896373
0.00306434772489286
0.00308075451222079
0.00309746997150738
0.0031144989798114
0.00313184646034028
0.00314951738205332
0.00316751675926548
0.00318584965110166
0.00320452116117603
0.00322353643699661
0.00324290066946981
0.00326261909238211
0.00328269698171976
0.00330313965523674
0.00332395247172369
0.00334514083038836
0.00336671017018304
0.00338866596913723
0.00341101374351236
0.00343375904723587
0.00345690747100523
0.00348046464151903
0.00350443622065243
0.00352882790464132
0.0035536454230724
0.00357889453818684
0.00360458104382093
0.00363071076449149
0.00365728955442331
0.00368432329659001
0.00371181790154377
0.00373977930659663
0.00376821347460361
0.00379712639291057
0.00382652407228281
0.00385641254560772
0.00388679786698351
0.00391768611037875
0.00394908336847496
0.00398099575144796
0.00401342938577417
0.0040463904127925
0.00407988498769707
0.00411391927806161
0.00414849946257078
0.00418363172968914
0.00421932227636283
0.00425557730645742
0.00429240302967531
0.00432980565996297
0.00436779141415145
0.00440636651058716
0.00444553716748207
0.00448530960178677
0.00452569002751672
0.00456668465433521
0.00460829968607257
0.00465054131929462
0.0046934157415694
0.004736929130312
0.00478108765103627
0.00482589745589314
0.00487136468214483
0.00491749545069825
0.00496429586431453
0.00501177200645535
0.00505992993948706
0.00510877570320319
0.00515831531335121
0.00520855475981571
0.00525950000549001
0.00531115698446228
0.00536353160054808
0.00541662972575776
0.00547045719884291
0.00552501982347466
0.005580323367175
0.00563637355950809
0.00569317609065287
0.00575073660990953
0.00580906072429641
0.00586815399675252
0.00592802194516035
0.00598867004057139
0.00605010370584894
0.00611232831432979
0.00617534918806855
0.00623917159696033
0.00630380075701589
0.00636924182908501
0.00643549991751084
0.00650258006889534
0.00657048727041809
0.00663922644910519
0.00670880247018769
0.006779220135946
0.00685048418448279
0.00692259928861795
0.00699557005430594
0.00706940102007705
0.00714409665550188
0.0072196613601806
0.0072960994626571
0.0073734152194659
0.00745161281366873
0.00753069635449025
0.00761066987590809
0.00769153733580658
0.00777330261516445
0.00785596951670356
0.00793954176470064
0.00802402300369354
0.00810941679778392
0.00819572662985615
0.00828295590094707
0.00837110792904071
0.00846018594910373
0.00855019311194112
0.00864113248368783
0.00873300704521033
0.00882581969166804
0.00891957323146215
0.00901427038650344
0.00910991379122383
0.0092065059922632
0.00930404944819433
0.00940254652860262
0.00950199951455063
0.00960241059772079
0.00970378188026609
0.00980611537455686
0.00990941300310194
0.0100136765977845
0.0101189079005618
0.0102251085627629
0.0103322801451328
0.0104404241177649
0.0105495418602135
0.0106596346608807
0.0107707037179456
0.0108827501388099
0.0109957749403292
0.0111097790490795
0.0112247633008619
0.0113407284418163
0.0114576751279818
0.0115756039256751
0.0116945153117368
0.011814409673972
0.0119352873107838
0.012057148432497
0.0121799931610424
0.0123038215304988
0.0124286334874915
0.0125544288917901
0.0126812075160563
0.0128089690473597
0.012937713086971
0.0130674391510485
0.0131981466713532
0.0133298349950781
0.0134625033865096
0.0135961510268958
0.0137307770152409
0.0138663803689345
0.0140029600245907
0.0141405148379543
0.0142790435857203
0.0144185449654733
0.01455901759659
0.0147004600209669
0.0148428707039594
0.014986248034347
0.0151305903262865
0.015275895819302
0.0154221626792748
0.0155693889992457
0.0157175728004344
0.0158667120322402
0.0160168045743082
0.0161678482365473
0.0163198407601855
0.0164727798188382
0.0166266630185228
0.016781487899801
0.0169372519378056
0.0170939525433329
0.017251587063727
0.0174101527839887
0.0175696469267876
0.0177300666546767
0.0178914090701094
0.0180536712165587
0.0182168500794166
0.018380942587123
0.0185459456111554
0.0187118559682952
0.0188786704206172
0.0190463856766146
0.0192149983923298
0.0193845051713125
0.0195549025669144
0.0197261870822415
0.0198983551712721
0.0200714032397372
0.0202453276462371
0.0204201247021468
0.020595790673929
0.0207723217830284
0.0209497142069659
0.0211279640801858
0.0213070674951437
0.0214870205021452
0.0216678191116619
0.0218494592941542
0.022031936981129
0.0222152480661938
0.022399388404831
0.0225843538167063
0.0227701400854239
0.0229567429595442
0.0231441581533371
0.0233323813477863
0.0235214081902771
0.0237112342968859
0.0239018552520466
0.0240932666095119
0.024285463893043
0.0244784425973546
0.02467219818771
0.0248667261021829
0.0250620217512282
0.0252580805185813
0.0254548977621494
0.025652468813526
0.0258507889802235
0.0260498535451631
0.0262496577675168
0.0264501968832649
0.0266514661060195
0.0268534606264392
0.027056175614424
0.0272596062185043
0.0274637475666147
0.0276685947665743
0.0278741429068407
0.0280803870558249
0.0282873222640454
0.0284949435634178
0.0287032459679574
0.028912224474475
0.0291218740618091
0.0293321896929461
0.0295431663142281
0.0297547988559983
0.0299670822329443
0.0301800113447247
0.0303935810751059
0.0306077862940424
0.0308226218567895
0.0310380826044829
0.0312541633644102
0.0314708589505722
0.031688164162729
0.0319060737884422
0.0321245826020988
0.0323436853654283
0.0325633768277072
0.0327836517262601
0.0330045047854207
0.0332259307185402
0.0334479242269286
0.0336704800003144
0.0338935927172988
0.0341172570442523
0.034341467637298
0.0345662191411901
0.0347915061897308
0.0350173234058702
0.0352436654021101
0.0354705267793312
0.0356979021287513
0.0359257860307358
0.0361541730551711
0.0363830577615159
0.0366124346991647
0.036842298406212
0.0370726434113931
0.0373034642328361
0.0375347553783983
0.0377665113460004
0.0379987266223474
0.0382313956848594
0.0384645130003814
0.0386980730254965
0.0389320702065124
0.0391664989797687
0.0394013537703139
0.039636628993831
0.039872319055307
0.0401084183493242
0.0403449212600246
0.0405818221613991
0.0408191154159303
0.0410567953765206
0.0412948563851304
0.0415332927730583
0.0417720988612221
0.0420112689587817
0.0422507973650736
0.0424906783682322
0.0427309062454662
0.0429714752630033
0.0432123796763692
0.0434536137289952
0.0436951716541686
0.0439370476736413
0.0441792359979098
0.0444217308261626
0.0446645263465654
0.0449076167348634
0.0451509961563541
0.045394658764493
0.0456385987011861
0.0458828100970867
0.0461272870702005
0.046372023727882
0.0466170141654451
0.0468622524664721
0.0471077327027863
0.0473534489347697
0.0475993952099799
0.0478455655651801
0.0480919540249645
0.0483385546020927
0.0485853612974873
0.0488323681005799
0.0490795689879479
0.0493269579253842
0.0495745288665448
0.0498222757533156
0.0500701925158424
0.0503182730729107
0.0505665113306114
0.0508149011844534
0.0510634365180421
0.0513121112034843
0.0515609191018012
0.0518098540616229
0.0520589099213406
0.0523080805078152
0.0525573596368183
0.0528067411131357
0.0530562187310247
0.0533057862729483
0.053555437511778
0.0538051662095439
0.054054966117923
0.0543048309783894
0.0545547545227191
0.0548047304717706
0.0550547525377394
0.0553048144229549
0.0555549098204191
0.0558050324143538
0.0560551758790215
0.0563053338810257
0.0565555000781489
0.0568056681199347
0.0570558316479325
0.0573059842962966
0.0575561196906606
0.0578062314504898
0.0580563131879731
0.0583063585086585
0.0585563610117508
0.0588063142907648
0.059056211932454
0.0593060475192153
0.0595558146280364
0.059805506831184
0.060055117696902
0.0603046407883867
0.0605540696662335
0.0608033978874301
0.0610526190060891
0.0613017265738441
0.0615507141405992
0.0617995752535603
0.0620483034597289
0.0622968923049506
0.0625453353346993
0.0627936260945233
0.0630417581308453
0.0632897249900482
0.0635375202210124
0.0637851373742176
0.064032570002575
0.0642798116622646
0.0645268559118662
0.0647736963149279
0.0650203264391113
0.0652667398570596
0.0655129301469298
0.065758890893273
0.066004615686215
0.0662500981240575
0.0664953318124712
0.0667403103654037
0.0669850274056508
0.0672294765657744
0.0674736514873292
0.0677175458234877
0.0679611532382789
0.0682044674075281
0.0684474820194629
0.0686901907756607
0.0689325873903177
0.0691746655928895
0.0694164191273692
0.0696578417532529
0.0698989272465077
0.07013966939887
0.0703800620204934
0.0706200989392546
0.0708597740017344
0.0710990810738685
0.0713380140419308
0.0715765668118633
0.0718147333119221
0.072052507492011
0.0722898833246746
0.0725268548057608
0.0727634159554133
0.0729995608174242
0.0732352834618691
0.0734705779844614
0.0737054385075476
0.0739398591810995
0.0741738341820807
0.0744073577170648
0.0746404240216006
0.0748730273612024
0.0751051620320148
0.0753368223617965
0.0755680027092964
0.075798697466841
0.0760289010597065
0.076258607947095
0.0764878126227871
0.0767165096161087
0.0769446934913083
0.077172358850104
0.0773995003310539
0.0776261126105092
0.0778521904035597
0.0780777284634061
0.0783027215838657
0.0785271645987351
0.0787510523827173
0.0789743798520295
0.0791971419653145
0.0794193337230012
0.0796409501697493
0.0798619863937983
0.0800824375278537
0.0803022987496596
0.0805215652828668
0.0807402323963739
0.0809582954067029
0.0811757496773255
0.0813925906195019
0.081608813693109
0.081824414405959
0.0820393883161106
0.0822537310311716
0.0824674382090928
0.0826805055586528
0.0828929288402288
0.0831047038650848
0.0833158264975967
0.0835262926545221
0.0837360983057326
0.0839452394746422
0.0841537122389151
0.0843615127297166
0.0845686371338463
0.0847750816929687
0.084980842704279
0.0851859165208691
0.0853902995523663
0.0855939882641433
0.0857969791793528
0.0859992688781146
0.0862008539981103
0.0864017312351606
0.0866018973423986
0.0868013491322177
0.0870000834754212
0.0871980973017536
0.0873953876001412
0.0875919514191938
0.0877877858663302
0.0879828881096199
0.0881772553768844
0.0883708849561506
0.088563774195819
0.0887559205050868
0.088947321353025
0.0891379742703095
0.0893278768482743
0.0895170267392847
0.0897054216570936
0.0898930593758779
0.0900799377318772
0.0902660546224052
0.0904514080061571
0.090635995903242
0.0908198163954587
0.0910028676252844
0.0911851477974007
0.0913666551776573
0.0915473880932996
0.0917273449329277
0.0919065241466931
0.0920849242452399
0.0922625438011202
0.0924393814477114
0.0926154358793652
0.092790705851539
0.0929651901796999
0.0931388877406489
0.0933117974714019
0.0934839183692754
0.0936552494917171
0.093825789956363
0.0939955389398988
0.0941644956792786
0.0943326594705641
0.0945000296689386
0.0946666056884719
0.0948323870021056
0.0949973731404779
0.0951615636930382
0.0953249583068514
0.0954875566865424
0.0956493585942253
0.0958103638483006
0.0959705723244871
0.0961299839546008
0.0962885987264455
0.096446416683471
0.0966034379246401
0.0967596626031967
0.0969150909276051
0.0970697231603014
0.0972235596175266
0.0973766006689328
0.0975288467373942
0.0976802982977527
0.0978309558776691
0.0979808200563547
0.098129891464351
0.0982781707830923
0.0984256587446651
0.0985723561305383
0.0987182637723327
0.0988633825505384
0.0990077133942492
0.0991512572808851
0.0992940152349138
0.0994359883285577
0.0995771776805049
0.0997175844556095
0.0998572098643887
0.0999960551627079
0.100134121650496
0.100271410672388
0.100407923616426
0.100543661913736
0.10067862703799
0.100812820505064
0.100946243871757
0.101078898736366
0.1012107867374
0.101341909553222
0.101472268901675
0.101601866538817
0.101730704259445
0.101858783895819
0.101986107317285
0.102112676429713
0.102238493175115
0.10236355953038
0.10248787750776
0.102611449153601
0.10273427654796
0.102856361804031
0.102977707067748
0.103098314516542
0.103218186359786
0.103337324837548
0.103455732220197
0.10357341080799
0.103690362929856
0.103806590943808
0.103922097235718
0.10403688421892
0.104150954333639
0.10426431004659
0.104376953849777
0.104488888260884
0.104600115822079
0.104710639099616
0.104820460683276
0.104929583185963
0.105038009242548
0.105145741510224
0.105252782667351
0.105359135413062
0.105464802466868
0.105569786567526
0.105674090473383
0.105777716961253
0.10588066882603
0.10598294888016
0.106084559953255
0.106185504891003
0.106285786555498
0.106385407824156
0.106484371589347
0.106582680757881
0.10668033825064
0.106777347001536
0.106873709957821
0.106969430079057
0.107064510336756
0.10715895371403
0.107252763204581
0.107345941813012
0.107438492553829
0.107530418451103
0.107621722538005
0.107712407856477
0.107802477456263
0.107891934395224
0.107980781738383
0.10806902255761
0.108156659931185
0.108243696943489
0.108330136684093
0.108415982248058
0.10850123673504
0.108585903248992
0.108669984897762
0.108753484792804
0.108836406048316
0.108918751781548
0.109000525111946
0.109081729160886
0.109162367051415
0.109242441907424
0.109321956853956
0.1094009150164
0.109479319520239
0.109557173490708
0.109634480052546
0.109711242329234
0.109787463443299
0.109863146515553
0.109938294664881
0.110012911007914
0.110086998658822
0.11016056072859
0.110233600325334
0.110306120553585
0.110378124514103
0.110449615303684
0.11052059601448
0.110591069734317
0.110661039546022
0.110730508527254
0.110799479750242
0.110867956281622
0.110935941181801
0.111003437505278
0.111070448300024
0.111136976607338
0.111203025461607
0.111268597890178
0.111333696912763
0.111398325541768
0.111462486781714
0.111526183629122
0.111589419072388
0.111652196091243
0.111714517657075
0.111776386732389
0.111837806270712
0.11189877921641
0.111959308504591
0.112019397060601
0.11207904780036
0.112138263629857
0.112197047445081
0.11225540213186
0.112313330565797
0.112370835611794
0.112427920124399
0.112484586947344
0.112540838913487
0.112596678844767
0.112652109551762
0.112707133834033
0.112761754479699
0.112815974265395
0.112869795956169
0.112923222305439
0.112976256054605
0.113028899933386
0.113081156659431
0.113133028938304
0.113184519463391
0.113235630915887
0.113286365964435
0.113336727265466
0.11338671746285
0.113436339187887
0.113485595059246
0.113534487682963
0.11358301965211
0.113631193547143
0.113679011935579
0.113726477372004
0.113773592398097
0.113820359542317
0.113866781320252
0.113912860234321
0.113958598773798
0.114003999414775
0.114049064620198
0.114093796839583
0.114138198509365
0.114182272052624
0.114226019879125
0.114269444385298
0.114312547954282
0.114355332955671
0.11439780174586
0.114439956667796
0.11448180005103
0.114523334211768
0.11456456145264
0.114605484063043
0.11464610431891
0.114686424482773
0.114726446803766
0.114766173517689
0.114805606846794
0.11484474900013
0.114883602173329
0.114922168548682
0.114960450295153
0.114998449568446
0.115036168510819
0.115073609251419
0.115110773906092
0.115147664577465
0.115184283355016
0.115220632314905
0.115256713520303
0.11529252902122
0.11532808085459
0.1153633710443
0.115398401601275
0.115433174523318
0.115467691795442
0.115501955389709
0.115535967265318
0.115569729368651
0.115603243633354
0.115636511980197
0.115669536317397
0.115702318540474
0.115734860532345
0.115767164163417
0.11579923129145
0.115831063761881
0.115862663407686
0.115894032049484
0.115925171495581
0.115956083542064
0.115986769972689
0.116017232559185
0.116047473061138
0.116077493226088
0.116107294789587
0.116136879475292
0.11616624899486
0.116195405048247
0.11622434932361
0.116253083497395
0.116281609234405
0.116309928187892
0.116338041999463
0.116365952299376
0.116393660706438
0.116421168828111
0.11644847826061
0.11647559058881
0.116502507386537
0.116529230216478
0.116555760630285
0.11658210016863
0.116608250361313
0.116634212727174
0.116659988774376
0.116685580000325
0.116710987891768
0.116736213924857
0.116761259565253
0.116786126268042
0.116810815478017
0.116835328629598
0.116859667146935
0.116883832444003
0.116907825924536
0.11693164898229
0.116955303000977
0.11697878935436
0.117002109406322
0.117025264510961
0.117048256012524
0.11707108524567
0.117093753535404
0.117116262197172
0.11713861253693
0.117160805851236
0.117182843427193
0.117204726542701
0.117226456466392
0.117248034457733
0.117269461767114
0.117290739635797
0.117311869296156
0.117332851971626
0.11735368887679
0.11737438121745
0.117394930190714
0.11741533698495
0.117435602780013
0.117455728747202
0.117475716049348
0.117495565840873
0.117515279267888
0.117534857468139
0.117554301571236
0.117573612698604
0.117592791963576
0.117611840471474
0.117630759319571
0.117649549597309
0.11766821238625
0.117686748760169
0.117705159785109
0.11772344651947
0.117741610013966
0.117759651311836
0.117777571448804
0.117795371453161
0.117813052345824
0.11783061514042
0.117848060843249
0.117865390453481
0.117882604963125
0.117899705357103
0.117916692613314
0.117933567702709
0.117950331589256
0.117966985230138
0.117983529575712
0.117999965569594
0.11801629414873
0.118032516243367
0.118048632777237
0.11806464466753
0.118080552824964
0.118096358153839
0.118112061552117
0.118127663911388
0.118143166117049
0.118158569048274
0.118173873578088
0.118189080573418
0.11820419089517
0.11821920539819
0.118234124931448
0.118248950338002
0.118263682455072
0.11827832211411
0.118292870140769
0.118307327355074
0.118321694571395
0.118335972598513
0.11835016223967
0.11836426429264
0.118378279549697
0.118392208797784
0.118406052818479
0.118419812388068
0.118433488277588
0.118447081252897
0.118460592074644
0.118474021498431
0.118487370274782
0.118500639149213
0.118513828862291
0.118526940149613
0.118539973741957
0.118552930365256
0.118565810740666
0.118578615584605
0.118591345608818
0.118604001520356
0.118616584021718
0.118629093810834
0.118641531581119
0.118653898021524
0.118666193816593
0.118678419646438
0.118690576186887
0.11870266410946
0.118714684081428
0.118726636765869
0.118738522821652
0.118750342903573
0.118762097662335
0.118773787744604
0.118785413793055
0.118796976446424
0.118808476339494
0.118819914103225
0.118831290364739
0.118842605747371
0.118853860870713
0.118865056350674
0.118876192799453
0.118887270825678
0.118898291034382
0.118909254027062
0.118920160401718
0.118931010752908
0.11894180567173
0.118952545745953
0.118963231559994
0.118973863694978
0.118984442728789
0.118994969236055
0.119005443788271
0.119015866953788
0.11902623929786
0.119036561382687
0.119046833767472
0.119057057008399
0.119067231658763
0.119077358268948
0.119087437386484
0.119097469556089
0.119107455319717
0.119117395216546
0.119127289783102
0.11913713955324
0.1191469450582
0.119156706826661
0.119166425384723
0.119176101256032
0.119185734961765
0.119195327020682
0.119204877949168
0.119214388261284
0.119223858468757
0.119233289081097
0.119242680605587
0.119252033547334
0.119261348409311
0.11927062569241
0.119279865895432
0.119289069515203
0.119298237046568
0.119307368982437
0.119316465813848
0.11932552802995
0.119334556118125
0.119343550563978
0.119352511851391
0.119361440462564
0.11937033687807
0.119379201576851
0.119388035036329
0.119396837732404
0.119405610139507
0.119414352730642
0.119423065977446
0.119431750350178
0.119440406317842
0.119449034348176
0.119457634907713
0.119466208461836
0.119474755474777
0.119483276409729
0.119491771728849
0.119500241893313
0.119508687363362
0.119517108598361
0.119525506056798
0.119533880196403
0.119542231474147
0.119550560346301
0.119558867268486
0.119567152695732
0.119575417082482
0.119583660882709
0.119591884549918
0.119600088537214
0.119608273297358
0.119616439282774
0.119624586945671
0.119632716738048
0.119640829111757
0.119648924518558
0.119657003410183
0.119665066238345
0.119673113454861
0.119681145511661
0.119689162860856
0.119697165954793
0.119705155246126
0.119713131187826
0.11972109423331
0.119729044836449
0.119736983451646
0.119744910533891
0.119752826538837
0.119760731922813
0.119768627142958
0.119776512657235
0.119784388924509
0.119792256404622
0.119800115558417
0.119807966847865
0.119815810736092
0.119823647687459
0.119831478167629
0.119839302643647
0.11984712158397
0.119854935458602
0.119862744739126
0.119870549898783
0.119878351412555
0.119886149757243
0.119893945411509
0.11990173885601
0.119909530573443
0.119917321048629
0.11992511076861
0.119932900222685
0.11994068990256
0.119948480302391
0.119956271918879
0.11996406525136
0.119971860801904
0.11997965907536
0.119987460579518
0.119995265825152
0.120003075326132
0.120010889599515
0.120018709165659
0.120026534548274
0.12003436627459
0.120042204875416
0.120050050885256
0.120057904842424
0.120065767289111
0.120073638771556
0.120081519840116
0.120089411049392
0.120097312958339
0.120105226130399
0.120113151133574
0.120121088540611
0.120129038929086
0.120137002881536
0.120144980985591
0.120152973834107
0.120160982025265
0.12016900616276
0.120177046855903
0.120185104719766
0.120193180375337
0.120201274449617
0.120209387575838
0.120217520393565
0.12022567354886
0.120233847694437
0.120242043489831
0.120250261601515
0.120258502703131
0.12026676747561
0.120275056607355
0.120283370794413
0.120291710740667
0.120300077157963
0.120308470766366
0.120316892294301
0.120325342478755
0.120333822065468
0.120342331809144
0.120350872473608
0.120359444832075
0.120368049667321
0.1203766877719
0.120385359948378
0.120394067009505
0.120402809778516
0.120411589089309
0.120420405786693
0.120429260726632
0.120438154776495
0.120447088815262
0.120456063733848
0.120465080435316
0.120474139835151
0.120483242861531
0.120492390455616
0.120501583571777
0.120510823177957
0.120520110255916
0.120529445801537
0.120538830825148
0.120548266351777
0.120557753421548
0.120567293089953
0.120576886428192
0.120586534523511
0.120596238479561
0.120605999416691
0.120615818472388
0.12062569680159
0.120635635577068
0.12064563598981
0.120655699249423
0.12066582658447
0.120676019242963
0.120686278492716
0.120696605621783
0.120707001938902
0.120717468773877
0.120728007478114
0.120738619425018
0.120749306010478
0.120760068653346
0.120770908795934
0.120781827904457
0.120792827469629
0.120803909007121
0.120815074058108
0.120826324189811
0.120837660996061
0.120849086097805
0.120860601143774
0.12087220781101
0.120883907805482
0.120895702862717
0.120907594748361
0.120919585258916
0.120931676222332
0.120943869498687
0.120956166980873
0.120968570595306
0.120981082302573
0.120993704098257
0.121006438013617
0.121019286116354
0.121032250511396
0.1210453333417
0.121058536788987
0.121071863074683
0.12108531446068
0.121098893250222
0.121112601788782
0.121126442464978
0.121140417711416
0.121154530005741
0.121168781871518
0.12118317587923
0.121197714647293
0.121212400842999
0.121227237183679
0.121242226437685
0.121257371425497
0.121272675020836
0.121288140151817
0.121303769802022
0.121319567011815
0.121335534879458
0.121351676562376
0.121367995278408
0.121384494307128
0.12140117699106
0.121418046737161
0.121435107018105
0.121452361373703
0.121469813412361
0.121487466812441
0.121505325323903
0.121523392769731
0.121541673047513
0.121560170131031
0.121578888071913
0.121597831001181
0.121617003131106
0.12163640875683
0.121656052258157
0.121675938101354
0.121696070841023
0.121716455121864
0.121737095680764
0.121757997348644
0.121779165052483
0.121800603817393
0.121822318768584
0.121844315133666
0.121866598244707
0.121889173540477
0.121912046568711
0.121935222988451
0.121958708572276
0.1219825092089
0.1220066309055
0.12203107979025
0.122055862114888
0.12208098425735
0.122106452724299
0.122132274154053
0.122158455319215
0.122185003129536
0.122211924634841
0.122239227027822
0.122266917647265
0.122295003980967
0.122323493668894
0.12235239450637
0.12238171444737
0.122411461607669
0.122441644268469
0.122472270879681
0.122503350063483
0.122534890617903
0.122566901520516
0.122599391931989
0.12263237120015
0.122665848863674
0.122699834656074
0.122734338509724
0.122769370559998
0.122804941149254
0.122841060831379
0.122877740375926
0.122914990772579
0.1229528232357
0.122991249208702
0.12303028036903
0.123069928632699
0.123110206159186
0.123151125356359
0.123192698885545
0.123234939666409
0.123277860882495
0.123321475986288
0.123365798704654
0.123410843044317
0.123456623297499
0.123503154047334
0.123550450174025
0.12359852686045
0.123647399598199
0.12369708419371
0.123747596774164
0.123798953794177
0.123851172041895
0.123904268645552
0.123958261080054
0.12401316717375
0.124069005114933
0.124125793459202
0.124183551136178
0.124242297456705
0.124302052120093
0.124362835221546
0.124424667259283
0.124487569142619
0.124551562199309
0.124616668183425
0.124682909283359
0.124750308129474
0.124818887802792
0.124888671842871
0.124959684256262
0.125031949524976
0.125105492615181
0.12518033898549
0.125256514596386
0.125334045918745
0.125412959942967
0.125493284188133
0.125575046711374
0.125658276116789
0.125743001565606
0.125829252785314
0.125917060079471
0.126006454337631
0.126097467044754
0.126190130291954
0.126284476786121
0.126380539860249
0.126478353483749
0.126577952272989
0.126679371501242
0.126782647110105
0.126887815719626
0.126994914639207
0.127103981878456
0.127215056158272
0.127328176921232
0.127443384343605
0.127560719345885
0.127680223604167
0.127801939561598
0.127925910439045
0.128052180247504
0.128180793798875
0.128311796717618
0.128445235452293
0.128581157287309
0.128719610353773
0.128860643642239
0.129004307013597
0.129150651210909
0.129299727871068
0.129451589536664
0.129606289666788
0.129763882649926
0.129924423814728
0.130087969441791
0.130254576775205
0.130424304034272
0.130597210424004
0.130773356147906
0.13095280241833
0.131135611467923
0.131321846561005
0.131511572003553
0.131704853155649
0.131901756441229
0.132102349358978
0.132306700492828
0.132514879522576
0.132726957232899
0.132943005525065
0.13316309742556
0.133387307095957
0.133615709842266
0.133848382124376
0.134085401563631
0.13432684695337
0.134572798265959
0.13482333666115
0.135078544494149
0.135338505321604
0.135603303910787
0.135873026244871
0.136147759529623
0.136427592199332
0.136712613922746
0.137002915606587
0.137298589402602
0.137599728710177
0.137906428180468
0.138218783719632
0.138536892491987
0.138860852920431
0.139190764690721
0.139526728750772
0.139868847311562
0.140217223847476
0.140571963093599
0.14093317104719
0.141300954963653
0.141675423354233
0.142056685982518
0.142444853860741
0.142840039242642
0.143242355620941
0.143651917718627
0.144068841482125
0.144493244073095
0.144925243859959
0.145364960405571
0.145812514459967
0.146268027946209
0.146731623948288
0.147203426698118
0.147683561558281
0.148172155010312
0.148669334635426
0.149175229097473
0.149689968124182
0.150213682488052
0.150746503982519
0.15128856540427
0.151840000527158
0.152400944078609
0.152971531714121
0.153551899991401
0.154142186339271
0.154742529033404
0.155353067162794
0.155973940599
0.156605289963327
0.157247256593635
0.157899982505413
0.158563610360457
0.159238283425358
0.159924145533112
0.1606213410435
0.161330014797297
0.162050312078819
0.162782378567463
0.163526360292726
0.164282403586926
0.165050655037619
0.165831261433347
0.166624369718691
0.167430126937309
0.16824868017896
0.169080176524114
0.169924762988398
0.170782586459845
0.171653793646537
0.172538531011219
0.173436944710459
0.174349180532616
0.175275383828192
0.176215699451586
0.177170271688939
0.178139244191076
0.179122759903984
0.180120960999479
0.181133988797786
0.182161983702838
0.183205085122602
0.184263431395262
0.18533715971295
0.186426406045978
0.187531305058524
0.188651990038477
0.189788592811259
0.190941243660329
0.192110071246959
0.193295202521115
0.194496762647805
0.195714874916509
0.196949660658068
0.198201239159341
0.199469727579076
0.200755240854476
0.202057891624928
0.20337779013773
0.204715044162304
0.20606975890236
0.207442036909769
0.208831977988761
0.210239679119073
0.211665234360052
0.213108734764319
0.214570268291667
0.216049919713023
0.217547770534923
0.219063898904061
0.220598379522357
0.222151283560489
0.223722678574146
0.225312628410015
0.226921193134267
0.228548428940024
0.230194388066594
0.231859118717451
0.233542664981585
0.235245066744257
0.236966359622305
0.238706574877338
0.240465739341961
0.24224387534508
0.244041000641205
0.245857128328869
0.247692266795645
0.249546419639979
0.251419585607306
0.253311758528214
0.255222927245456
0.257153075569283
0.259102182208663
0.261070220717843
0.263057159442577
0.265062961471505
0.26708758457606
0.269130981180715
0.27119309830798
0.273273877539974
0.275373254979928
0.277491161219411
0.279627521293721
0.281782254669559
0.283955275206301
0.286146491134986
0.288355805040511
0.290583113831646
0.292828308744877
0.295091275320846
0.297371893399386
0.299670037114823
0.301985574897845
0.304318369464723
0.306668277842076
0.309035151362988
0.311418835682676
0.313819170794463
0.316235991052649
0.318669125182166
0.321118396325345
0.32358362205873
0.32606461443025
0.328561180000103
0.331073119867911
0.333600229738108
0.336142299954286
0.338699115554428
0.341270456326247
0.343856096869657
0.346455806644834
0.349069350059653
0.351696486524724
0.354336970529803
0.356990551720025
0.359656974979203
0.362335980497945
0.365027303882056
0.367730676227157
0.370445824214988
0.373172470212901
0.375910332357496
0.378659124679085
0.381418557191242
0.384188336002127
0.386968163424808
0.389757738094161
0.392556755067031
0.395364905963656
0.398181879072828
0.40100735947879
0.403841029186526
0.40668256725319
0.409531649901906
0.412387950676985
0.415251140561606
0.418120888117006
0.420996859619401
0.423878719202488
0.426766128981432
0.429658749218184
0.432556238448079
0.435458253627553
0.438364450282924
0.44127448263992
0.444188003794323
0.447104665842972
0.45002412003548
0.452946016922376
0.455870006507618
0.458795738381039
0.461722861891447
0.464651026279131
0.467579880828511
0.470509075016458
0.473438258664316
0.47636708206909
0.479295196174684
0.482222252701759
0.485147904297082
0.488071804681916
0.490993608779067
0.493912972879327
0.496829554766073
0.499743013858766
0.502653011350913
0.505559210350456
0.508461275998329
0.511358875625531
0.514251678868012
0.517139357799724
0.520021587059589
0.522898043980292
0.525768408694879
0.528632364280942
0.531489596862493
0.534339795729298
0.537182653453627
0.54001786598464
0.542845132779527
0.545664156892445
0.548474645080356
0.551276307902032
0.554068859818014
0.556852019268197
0.559625508785131
0.562389055065497
0.56514238905783
0.567885246043212
0.570617365716552
0.573338492245697
0.576048374365188
0.578746765428829
0.58143342347792
0.58410811130608
0.586770596502193
0.589420651527121
0.592058053749951
0.594682585499454
0.597294034108468
0.599892191958544
0.602476856503214
0.605047830323977
0.607604921146906
0.610147941873973
0.612676710607476
0.615191050674684
0.617690790631791
0.620175764299537
0.622645810760752
0.625100774372182
0.627540504769706
0.629964856873825
0.632373690875288
0.634766872251348
0.637144271745421
0.639505765360646
0.64185123435047
0.644180565190145
0.646493649578005
0.648790384401484
0.651070671716763
0.653334418722549
0.655581537734454
0.657811946141288
0.660025566390125
0.662222325937839
0.664402157215932
0.666564997590029
0.668710789320188
0.670839479504233
0.672951020048837
0.675045367608882
0.677122483539813
0.679182333848061
0.68122488912543
0.683250124510388
0.685258019619169
0.687248558489634
0.689221729520815
0.691177525413764
0.693115943097528
0.695036983681
0.69694065237645
0.698826958435514
0.700695915081431
0.702547539442868
0.704381852474
0.706198878899439
0.707998647132704
0.709781189206838
0.711546540704256
0.713294740673784
0.715025831571679
0.716739859177707
0.718436872523086
0.720116923815662
0.72178006836712
0.723426364508464
0.725055873528419
0.726668659588672
0.728264789650618
0.729844333399813
0.731407363172677
0.732953953872473
0.734484182907145
0.735998130105701
0.737495877645707
0.738977509980977
0.740443113759365
0.7418927777615
0.743326592819423
0.74474465174599
0.746147049262738
0.747533881930247
0.748905248069482
0.750261247703005
0.751601982477622
0.752927555597345
0.754238071755163
0.755533637067373
0.756814358999704
0.758080346312237
0.759331708987185
0.760568558166518
0.76179100609038
0.762999166027921
0.764193152226019
0.76537307984198
0.766539064885676
0.767691224160971
0.768829675209699
0.769954536248756
0.771065926124
0.772163964249379
0.773248770554982
0.774320465434565
0.775379169695586
0.776425004502951
0.77745809133851
0.778478551946932
0.779486508289982
0.780482082500406
0.781465396838251
0.782436573641426
0.783395735290981
0.784343004163814
0.785278502593257
0.786202352830651
0.787114677001563
0.788015597075876
0.788905234826118
0.789783711793227
0.790651149252083
0.791507668179252
0.792353389215805
0.793188432643035
0.794012918347294
0.794826965791763
0.795630693988015
0.796424221469651
0.797207666261395
0.797981145860147
0.798744777205958
0.799498676659444
0.80024295998004
0.800977742299988
0.801703138109544
0.802419261232725
0.803126224809085
0.803824141275301
0.804513122348543
0.805193279005886
0.805864721474084
0.806527559210567
0.807181900889999
0.807827854390628
0.808465526782275
0.809095024310619
0.809716452391044
0.810329915594342
0.810935517637515
0.811533361375194
0.812123548787562
0.812706180977207
0.813281358158304
0.813849179650555
0.814409743872881
0.814963148338473
0.815509489646552
0.816048863482369
0.816581364610044
0.817107086869774
0.817626123174775
0.818138565509419
0.818644504924295
0.819144031538842
0.819637234537317
0.820124202168756
0.820605021747301
0.821079779649613
0.821548561319334
0.82201145126527
0.822468533063273
0.822919889357807
0.823365601864481
0.823805751369818
0.824240417737524
0.824669679908881
0.825093615906527
0.825512302837902
0.825925816899534
0.826334233378727
0.826737626661223
0.827136070233383
0.827529636687451
0.82791839772647
0.828302424169941
0.828681785957015
0.829056552155205
0.829426790963944
0.829792569720991
0.830153954908956
0.83051101215948
0.830863806262572
0.831212401171066
0.831556860007722
0.831897245071943
0.83223361784707
0.832566039005454
0.832894568418298
0.833219265160914
0.83354018752041
0.833857393002982
0.83417093834172
0.834480879502301
0.834787271693092
0.835090169370963
0.835389626249321
0.835685695306159
0.835978428790099
0.836267878230568
0.836554094443899
0.836837127541505
0.837117026937669
0.837393841357723
0.837667618844323
0.837938406767571
0.838206251831293
0.838471200081244
0.838733296912915
0.838992587079696
0.839249114699228
0.839502923263334
0.839754055644335
0.840002554103145
0.84024846029732
0.840491815287376
0.840732659546487
0.840971032966742
0.841206974867067
0.841440524000776
0.8416717185634
0.841900596198869
0.842127194008862
0.842351548558903
0.842573695886012
0.842793671505991
0.843011510420958
0.843227247125322
0.843440915614722
0.843652549391896
0.843862181474002
0.844069844399868
0.844275570235746
0.844479390583887
0.844681336588177
0.84488143894115
0.845079727890653
0.845276233246725
0.845470984387048
0.845664010265059
0.845855339415275
0.846044999959916
0.846233019615192
0.846419425697783
0.846604245129959
0.846787504447223
0.846969229803304
0.847149446976369
0.847328181374923
0.847505458043878
0.847681301669329
0.847855736585729
0.84802878678053
0.848200475899994
0.848370827254923
0.84853986382515
0.848707608266316
0.84887408291423
0.849039309790334
0.849203310606878
0.849366106772247
0.849527719395098
0.849688169290692
0.849847476984902
0.850005662719287
0.850162746455877
0.850318747882113
0.850473686414641
0.850627581205207
0.85078045114433
0.850932314865992
0.851083190752265
0.851233096936824
0.851382051310501
0.851530071524682
0.851677174995694
0.851823378908922
0.851968700223076
0.852113155673382
0.852256761776743
0.852399534834825
0.852541490938088
0.852682645969575
0.852823015608823
0.852962615334765
0.853101460430512
0.85323956598614
0.853376946902401
0.853513617894373
0.853649593494109
0.853784888055142
0.85391951575503
0.854053490598809
0.854186826422205
0.85431953689498
0.854451635523312
0.854583135653968
0.854714050476588
0.854844393026847
0.854974176189381
0.855103412700854
0.855232115152079
0.855360295991893
0.855487967529187
0.8556151419358
0.855741831249361
0.85586804737521
0.855993802090034
0.856119107043715
0.856243973762
0.856368413648966
0.856492437989619
0.856616057951586
0.856739284588493
0.856862128841588
0.85698460154218
0.857106713413874
0.857228475074935
0.857349897039774
0.857470989722085
0.85759176343626
0.857712228399611
0.85783239473439
0.85795227246994
0.858071871543985
0.858191201805543
0.85831027301615
0.858429094851876
0.858547676905314
0.858666028686708
0.858784159626702
0.858902079077405
0.859019796314254
0.85913732053768
0.859254660874903
0.859371826380891
0.859488826040912
0.859605668771426
0.859722363421773
0.859838918775657
0.859955343552774
0.860071646409595
0.860187835941744
0.860303920684728
0.860419909115452
0.860535809653703
0.860651630662803
0.860767380451848
0.860883067276304
0.860998699339393
0.861114284793281
0.861229831740406
0.861345348233981
0.861460842280067
0.861576321838031
0.861691794821765
0.861807269100731
0.861922752501139
0.862038252806296
0.862153777758539
0.862269335059536
0.862384932371367
0.86250057731758
0.862616277483425
0.862732040417662
0.862847873632746
0.86296378460579
0.863079780779344
0.86319586956231
0.863312058330033
0.863428354425975
0.863544765161756
0.863661297817983
0.863777959644887
0.863894757863102
0.86401169966362
0.864128792209325
0.864246042634906
0.864363458047539
0.864481045527558
0.864598812128288
0.86471676487748
0.864834910777097
0.864953256803899
0.865071809909827
0.865190577022547
0.865309565045136
0.865428780857396
0.865548231315505
0.865667923252457
0.865787863478327
0.865908058780673
0.866028515924087
0.866149241651385
0.866270242683114
0.86639152571787
0.86651309743242
0.866634964481975
0.866757133499604
0.866879611097299
0.867002403865343
0.867125518372494
0.867248961166146
0.867372738771619
0.867496857693137
0.867621324413063
0.867746145391984
0.867871327068586
0.867996875859692
0.868122798159404
0.86824910033996
0.868375788750837
0.86850286971869
0.868630349547106
0.868758234516507
0.868886530883147
0.869015244879854
0.86914438271499
0.869273950572259
0.869403954610508
0.869534400962602
0.869665295736075
0.869796645011964
0.869928454844514
0.87006073126069
0.870193480259845
0.870326707812447
0.870460419860628
0.870594622316868
0.87072932106358
0.870864521952488
0.871000230804173
0.871136453406657
0.871273195515847
0.87141046285408
0.871548261109583
0.87168659593592
0.871825472950456
0.871964897734728
0.872104875832863
0.872245412750949
0.872386513956189
0.872528184876231
0.872670430897499
0.872813257365467
0.872956669582954
0.87310067280938
0.873245272259806
0.873390473104162
0.873536280465445
0.873682699419917
0.873829734995276
0.873977392169806
0.874125675871526
0.874274590976292
0.874424142307934
0.87457433463633
0.874725172676488
0.874876661087407
0.875028804471141
0.875181607370789
0.875335074270581
0.875489209593849
0.875644017702031
0.875799502893458
0.875955669402346
0.876112521396692
0.87627006297833
0.876428298180804
0.876587230968323
0.876746865234707
0.87690720480122
0.877068253416608
0.877230014754919
0.877392492414421
0.877555689916293
0.877719610703543
0.877884258138777
0.878049635504245
0.878215745999609
0.87838259274084
0.878550178758896
0.878718506998623
0.878887580316494
0.879057401480684
0.879227973168807
0.879399297966826
0.879571378367733
0.879744216770467
0.87991781547765
0.88009217669571
0.880267302532621
0.880443194996854
0.880619855996329
0.880797287336158
0.880975490718848
0.881154467742059
0.881334219897604
0.881514748570214
0.881696055036563
0.881878140463057
0.882061005906145
0.882244652310138
0.882429080506295
0.882614291211678
0.882800285028285
0.882987062440908
0.883174623817593
0.88336296940754
0.883552099340319
0.883742013625105
0.883932712148629
0.884124194675781
0.884316460847609
0.884509510180656
0.884703342066062
0.884897955768971
0.885093350426606
0.885289525049077
0.885486478517527
0.885684209583649
0.885882716868967
0.886081998864434
0.886282053928674
0.886482880289023
0.886684476039846
0.886886839142267
0.887089967423945
0.887293858577477
0.887498510161656
0.887703919599954
0.887910084180448
0.888117001055509
0.888324667241822
0.888533079618999
0.888742234931124
0.888952129785455
0.889162760652613
0.889374123866522
0.889586215624696
0.889799031987091
0.890012568877951
0.890226822084757
0.890441787258689
0.890657459915147
0.890873835432819
0.891090909055787
0.891308675892693
0.89152713091745
0.891746268969696
0.891966084755607
0.892186572847236
0.892407727684942
0.892629543576832
0.892852014699762
0.893075135100098
0.893298898694824
0.893523299271156
0.893748330489308
0.893973985882197
0.894200258856764
0.894427142695017
0.89465463055545
0.894882715472935
0.895111390361806
0.895340648015849
0.895570481109915
0.895800882201579
0.896031843731257
0.89626335802556
0.896495417297507
0.896728013648373
0.896961139069268
0.89719478544309
0.897428944544894
0.897663608045557
0.897898767512233
0.898134414410484
0.898370540106122
0.898607135867425
0.898844192865752
0.899081702179478
0.899319654794694
0.899558041607577
0.899796853426808
0.90003608097437
0.900275714889693
0.900515745730524
0.900756163975483
0.900996960026329
0.901238124210586
0.901479646782531
0.901721517927557
0.901963727763219
0.902206266341984
0.902449123653672
0.902692289628256
0.902935754137005
0.903179506997029
0.903423537972456
0.903667836777339
0.903912393078566
0.904157196497105
0.904402236612652
0.904647502964907
0.904892985056558
0.905138672355942
0.905384554300058
0.905630620295889
0.905876859725137
0.906123261945566
0.906369816294047
0.906616512089278
0.906863338634845
0.907110285220572
0.907357341127305
0.907604495628264
0.907851737992115
0.908099057486029
0.908346443377035
0.90859388493679
0.908841371442918
0.90908889218205
0.909336436452522
0.909583993567397
0.909831552855766
0.910079103667466
0.910326635374354
0.910574137373278
0.910821599088694
0.911069009975608
0.911316359520777
0.911563637247332
0.911810832715941
0.912057935527667
0.912304935326465
0.912551821801988
0.912798584690666
0.913045213780171
0.913291698910442
0.913538029976388
0.913784196930556
0.914030189784073
0.914275998610957
0.914521613548995
0.914767024802286
0.915012222643408
0.915257197415898
0.915501939534988
0.915746439491709
0.915990687853556
0.916234675266815
0.916478392458514
0.916721830238666
0.916964979500792
0.917207831225772
0.917450376482285
0.917692606428887
0.917934512316059
0.918176085486514
0.918417317378837
0.918658199527711
0.918898723565786
0.919138881225159
0.919378664339152
0.919618064842372
0.919857074774063
0.920095686278072
0.920333891604446
0.920571683110641
0.92080905326302
0.921045994636655
0.921282499918375
0.921518561906478
0.921754173512038
0.921989327760172
0.922224017789615
0.922458236855524
0.922691978328966
0.922925235697995
0.923158002568353
0.923390272664451
0.923622039828689
0.923853298023958
0.92408404133287
0.924314263958555
0.924543960225093
0.924773124578219
0.925001751584393
0.925229835933004
0.925457372435358
0.925684356025203
0.92591078175922
0.926136644815885
0.92636194049745
0.926586664228724
0.926810811557395
0.927034378153992
0.927257359812124
0.927479752447121
0.927701552097743
0.927922754924752
0.928143357210987
0.928363355361108
0.928582745901593
0.928801525479187
0.929019690862356
0.929237238939667
0.929454166719649
0.929670471330326
0.92988615001901
0.93010120015057
0.930315619208659
0.930529404793925
0.930742554623683
0.930955066531554
0.931166938465609
0.931378168489422
0.931588754780161
0.931798695628117
0.932007989435924
0.93221663471803
0.932424630098712
0.932631974312951
0.932838666204398
0.933044704724763
0.933250088932895
0.933454817994121
0.933658891178157
0.933862307859829
0.934065067516942
0.934267169729552
0.934468614179219
0.934669400646838
0.934869529013266
0.935068999257121
0.935267811453982
0.935465965775287
0.935663462487496
0.935860301949872
0.936056484614991
0.936252011026506
0.936446881818262
0.936641097713144
0.936834659522166
0.937027568142228
0.937219824556539
0.937411429832357
0.937602385120059
0.937792691652205
0.93798235074128
0.938171363780067
0.938359732239382
0.938547457667121
0.938734541687044
0.938920985997818
0.939106792370759
0.93929196265017
0.93947649875108
0.93966040265829
0.939843676425147
0.940026322172586
0.940208342086901
0.940389738420048
0.940570513487423
0.940750669666911
0.940930209397928
0.941109135179223
0.941287449569182
0.941465155183636
0.941642254694926
0.941818750830724
0.941994646373097
0.942169944156367
0.942344647067411
0.942518758043526
0.942692280071529
0.942865216186611
0.943037569471443
0.943209343054093
0.94338054010834
0.943551163851613
0.943721217544119
0.943890704487757
0.944059628025263
0.9442279915382
0.944395798447295
0.944563052210447
0.944729756321912
0.944895914311495
0.945061529742603
0.945226606212606
0.945391147350911
0.94555515681819
0.945718638305397
0.945881595533012
0.946044032249175
0.946205952230083
0.946367359278139
0.946528257221246
0.946688649911882
0.946848541226405
0.947007935063269
0.947166835343456
0.94732524600871
0.947483171020893
0.947640614361334
0.947797580029117
0.947954072041545
0.948110094432444
0.948265651251563
0.948420746563768
0.948575384448461
0.94872956899794
0.948883304317908
0.949036594525853
0.949189443750513
0.949341856131126
0.949493835816915
0.94964538696552
0.949796513743548
0.949947220325035
0.950097510890957
0.950247389628758
0.950396860730852
0.950545928395196
0.950694596823815
0.950842870222363
0.950990752799486
0.951138248766404
0.951285362335475
0.951432097720814
0.95157845913688
0.951724450798085
0.951870076918218
0.952015341710067
0.952160249384053
0.952304804148883
0.95244901021019
0.952592871770195
0.952736393027377
0.952879578175144
0.953022431402513
0.953164956892801
0.953307158823318
0.953449041364871
0.95359060868147
0.953731864929054
0.953872814256195
0.954013460802839
0.954153808700035
0.954293862069476
0.954433625023239
0.954573101662559
0.954712296078548
0.954851212350984
0.954989854548066
0.955128226726184
0.955266332928722
0.95540417718679
0.955541763518045
0.955679095926468
0.955816178401959
0.955953014920121
0.956089609441105
0.956225965910349
0.956362088257428
0.956497980395854
0.956633646222687
0.956769089618342
0.956904314445456
0.957039324549633
0.957174123758321
0.957308715880621
0.957443104706921
0.957577294008704
0.957711287537442
0.95784508902534
0.957978702184232
0.958112130705396
0.958245378259383
0.958378448494909
0.958511345039606
0.958644071498922
0.958776631455943
0.95890902847104
0.959041266081685
0.959173347801362
0.959305277120308
0.959437057504423
0.959568692395087
0.959700185208807
0.959831539337036
0.959962758145083
0.960093844972845
0.960224803133718
0.960355635914412
0.960486346574774
0.96061693834669
0.960747414434814
0.960877778015469
0.961008032236464
0.961138180216719
0.961268225046078
0.961398169784209
0.961528017461316
0.961657771077036
0.961787433600243
0.961917007968667
0.962046497088688
0.96217590383424
0.962305231047491
0.962434481537748
0.962563658081236
0.962692763420888
0.962821800265233
0.962950771289075
0.963079679132372
0.963208526400017
0.963337315661433
0.963466049450345
0.963594730263655
0.963723360562107
0.963851942769153
0.963980479270722
0.964108972414797
0.964237424511177
0.964365837830341
0.964494214604091
0.964622557024416
0.964750867243238
0.964879147372163
0.965007399481333
0.965135625600063
0.965263827715691
0.965392007773317
0.965520167675368
0.965648309281328
0.965776434406591
0.965904544823076
0.96603264225808
0.966160728394002
0.966288804867897
0.966416873271209
0.966544935148606
0.966672991998601
0.966801045272385
0.966929096373563
0.967057146657694
0.967185197432022
0.967313249954316
0.967441305433482
0.967569365028407
0.967697429847681
0.967825500949334
0.967953579339671
0.968081665973896
0.968209761754957
0.96833786753328
0.968465984106326
0.968594112218336
0.968722252559177
0.968850405764979
0.968978572416996
0.969106753041348
0.969234948108608
0.969363158033549
0.969491383174027
0.969619623831626
0.969747880250549
0.969876152617385
0.970004441060898
0.970132745650916
0.970261066399017
0.97038940325744
0.970517756118882
0.970646124816141
0.970774509121925
0.970902908747798
0.971031323344894
0.971159752502879
0.971288195749792
0.971416652551734
0.971545122312733
0.971673604373733
0.97180209801337
0.971930602446985
0.97205911682653
0.972187640240487
0.972316171712914
0.972444710204272
0.972573254610499
0.972701803762971
0.972830356428309
0.97295891130837
0.973087467039371
0.973216022192796
0.973344575274546
0.973473124724991
0.973601668918858
0.973730206165312
0.973858734707169
0.9739872527219
0.974115758320872
0.9742442495495
0.974372724387411
0.974501180747741
0.974629616478229
0.974758029360547
0.974886417110546
0.975014777378334
0.975143107748557
0.975271405739814
0.975399668805863
0.975527894335079
0.975656079650811
0.975784222011595
0.975912318611555
0.976040366579949
0.976168362982504
0.976296304821002
0.97642418903378
0.976552012496071
0.976679772020543
0.976807464356989
0.976935086193797
0.977062634157682
0.977190104814328
0.97731749466905
0.977444800166601
0.97757201769277
0.977699143574241
0.977826174079353
0.977953105418719
0.978079933746041
0.978206655158072
0.978333265696365
0.978459761347285
0.978586138042929
0.978712391661902
0.978838518030283
0.978964512921748
0.979090372059475
0.979216091116312
0.979341665715861
0.979467091433573
0.979592363797012
0.979717478287874
0.9798424303423
0.979967215352081
0.980091828665714
0.980216265589659
0.980340521388754
0.980464591288388
0.980588470474961
0.980712154097247
0.980835637267594
0.98095891506333
0.981081982527331
0.981204834670324
0.981327466471505
0.981449872880035
0.981572048816549
0.98169398917385
0.981815688819315
0.981937142595622
0.982058345322354
0.982179291797445
0.982299976798821
0.982420395085214
0.982540541398673
0.982660410465423
0.982779996997567
0.98289929569465
0.983018301245393
0.983137008328621
0.983255411615861
0.983373505772295
0.983491285458554
0.983608745332527
0.983725880050362
0.983842684269104
0.983959152647727
0.984075279848972
0.984191060541045
0.984306489399475
0.984421561108183
0.984536270362151
0.984650611868505
0.984764580348393
0.984878170538713
0.984991377193998
0.985104195087512
0.985216619013932
0.985328643790439
0.985440264258612
0.985551475286146
0.985662271768735
0.985772648631173
0.985882600829991
0.985992123354547
0.986101211228883
0.98620985951357
0.986318063306781
0.986425817746878
0.986533118013466
0.986639959329198
0.986746336961409
0.986852246223892
0.986957682477915
0.9870626411347
0.987167117656412
0.987271107557862
0.987374606408051
0.987477609831837
0.987580113510858
0.987682113185874
0.987783604657653
0.987884583788546
0.987985046504041
0.988084988793587
0.988184406712796
0.988283296384215
0.988381653998774
0.988479475817068
0.988576758170734
0.98867349746314
0.988769690171382
0.988865332846901
0.988960422116748
0.989054954684681
0.989148927332353
0.989242336919822
0.989335180387329
0.989427454755732
0.989519157127566
0.989610284688052
0.989700834705447
0.989790804532617
0.989880191607308
0.989968993453016
0.990057207679685
0.990144831984491
0.990231864151986
0.99031830205541
0.990404143656749
0.990489387007366
0.990574030248466
0.99065807161164
0.990741509418783
0.990824342083143
0.990906568109158
0.990988186092836
0.991069194722096
0.991149592776497
0.991229379128061
0.991308552740922
0.991387112671503
0.991465058068536
0.991542388173155
0.991619102318403
0.991695199929783
0.991770680524688
0.991845543712331
0.991919789193532
0.991993416760564
0.99206642629645
0.992138817775244
0.992210591261258
0.992281746908753
0.992352284961499
0.992422205752392
0.992491509702551
0.992560197321349
0.992628269205441
0.992695726038241
0.992762568589361
0.992828797713555
0.992894414350557
0.99295941952396
0.993023814340525
0.993087599989374
0.99315077774123
0.993213348947202
0.993275315038408
0.993336677524701
0.9933974379938
0.993457598110314
0.99351715961482
0.993576124322505
0.993634494122604
0.993692270977001
0.993749456919212
0.993806054053345
0.99386206455265
0.993917490658828
0.993972334680544
0.994026598992313
0.994080286033285
0.994133398306095
0.994185938375326
0.994237908866694
0.994289312465485
0.994340151915347
0.994390430016998
0.994440149626987
0.994489313656109
0.994537925068492
0.994585986879993
0.99463350215693
0.994680474014798
0.994726905616662
0.994772800172194
0.994818160936051
0.99486299120658
0.994907294324457
0.994951073671375
0.994994332668446
0.995037074775189
0.995079303487932
0.995121022338503
0.995162234892873
0.995202944749855
0.995243155539524
0.995282870922207
0.995322094586918
0.995360830250071
0.995399081654207
0.995436852566458
0.995474146777549
0.995510968100281
0.995547320368287
0.995583207434743
0.995618633171142
0.995653601465829
0.995688116223046
0.995722181361487
0.995755800813122
0.99578897852198
0.995821718442987
0.995854024540599
0.995885900787896
0.995917351165244
0.995948379659192
0.995978990261385
0.996009186967284
0.996038973775318
0.996068354685638
0.996097333699092
0.996125914816182
0.99615410203607
0.996181899355412
0.9962093107676
0.996236340261626
0.99626299182117
0.996289269423655
0.996315177039368
0.996340718630413
0.996365898150046
0.996390719541666
0.996415186738008
0.996439303660323
0.996463074217598
0.996486502305646
0.996509591806533
0.996532346587701
0.996554770501276
0.996576867383389
0.996598641053363
0.996620095313233
0.996641233946974
0.996662060719897
0.996682579378043
0.996702793647619
0.996722707234313
0.99674232382291
0.996761647076645
0.996780680636716
0.996799428121788
0.99681789312754
0.996836079226102
0.99685398996577
0.996871628870478
0.996888999439416
0.996906105146671
0.996922949440758
0.996939535744412
0.996955867454152
0.996971947939992
0.996987780545136
0.997003368585712
0.997018715350417
0.997033824100393
0.997048698068904
0.997063340461132
0.99707775445397
0.997091943195852
0.997105909806494
0.997119657376849
0.997133188968879
0.997146507615442
0.997159616320185
0.997172518057365
0.997185215771863
0.997197712379031
0.997210010764634
0.9972221137848
0.997234024265989
0.997245745004889
0.9972572787685
0.99726862829405
0.997279796289017
0.997290785431136
0.997301598368435
0.99731223771921
0.997322706072148
0.997333005986326
0.997343139991278
0.997353110587082
0.997362920244379
0.997372571404545
0.997382066479725
0.997391407852952
0.997400597878254
0.997409638880787
0.997418533156903
0.997427282974361
0.997435890572412
0.997444358161958
0.997452687925696
0.997460882018294
0.997468942566497
0.997476871669373
0.997484671398432
0.997492343797817
0.997499890884488
0.997507314648415
0.997514617052734
0.997521800033996
0.997528865502331
0.99753581534166
0.997542651409908
0.997549375539179
0.997555989536023
0.997562495181617
0.997568894231989
0.997575188418244
0.997581379446791
0.997587468999538
0.997593458734169
0.997599350284342
0.997605145259926
0.997610845247238
0.997616451809281
0.997621966485952
0.997627390794323
0.99763272622885
0.99763797426162
0.997643136342594
0.997648213899824
0.997653208339732
0.997658121047324
0.997662953386441
0.997667706699997
0.997672382310226
0.997676981518902
0.997681505607616
0.997685955837992
0.997690333451932
0.997694639671859
0.997698875700961
0.997703042723404
0.997707141904612
0.997711174391471
0.997715141312579
0.997719043778485
0.997722882881901
0.997726659697965
0.997730375284456
0.99773403068203
0.997737626914443
0.997741164988794
0.997744645895723
0.997748070609671
0.997751440089085
0.997754755276639
0.997758017099462
0.997761226469355
0.997764384282996
0.997767491422177
0.997770548754006
0.997773557131117
0.99777651739189
0.997779430360638
0.997782296847843
0.99778511765034
0.997787893551524
0.997790625321556
0.997793313717558
0.9977959594838
0.997798563351915
0.997801126041078
0.997803648258198
0.997806130698111
0.997808574043765
0.997810978966394
0.997813346125722
0.997815676170125
0.997817969736818
0.99782022745203
0.997822449931178
0.99782463777903
0.997826791589893
0.997828911947769
0.997830999426521
0.997833054590045
0.997835077992415
0.997837070178062
0.997839031681921
0.997840963029589
0.997842864737476
0.997844737312964
0.99784658125454
0.997848397051964
0.997850185186402
0.997851946130572
0.997853680348886
0.997855388297589
0.997857070424892
0.997858727171118
0.997860358968827
0.99786196624295
0.997863549410922
0.9978651088828
0.997866645061401
0.997868158342421
0.997869649114555
0.997871117759621
0.997872564652679
0.99787399016214
0.997875394649893
0.997876778471411
0.997878141975863
0.997879485506227
0.997880809399396
0.997882113986279
0.997883399591917
0.99788466653558
0.997885915130866
0.997887145685807
0.99788835850296
0.997889553879509
0.997890732107362
0.997891893473237
0.997893038258761
0.997894166740557
0.997895279190332
0.997896375874971
0.997897457056614
0.99789852299275
0.997899573936293
0.997900610135667
0.997901631834886
0.997902639273635
0.997903632687344
0.997904612307268
0.997905578360564
0.997906531070357
0.997907470655819
0.997908397332242
0.997909311311104
0.997910212800138
0.997911102003403
0.997911979121348
0.997912844350878
0.997913697885419
0.997914539914983
0.997915370626226
0.997916190202513
0.997916998823971
0.997917796667559
0.997918583907118
0.997919360713428
0.997920127254267
0.997920883694465
0.997921630195956
0.997922366917831
0.997923094016395
0.99792381164521
0.997924519955154
0.997925219094458
0.997925909208769
0.997926590441188
0.997927262932317
0.997927926820309
0.997928582240911
0.997929229327503
0.997929868211152
0.997930499020646
0.997931121882536
0.997931736921184
0.997932344258795
0.997932944015461
0.997933536309199
0.997934121255989
0.997934698969812
0.997935269562685
0.997935833144696
0.997936389824047
0.997936939707077
0.997937482898306
0.997938019500465
0.997938549614525
0.997939073339735
0.997939590773651
0.997940102012167
0.997940607149546
0.99794110627845
0.997941599489969
0.997942086873648
0.997942568517519
0.997943044508126
0.997943514930555
0.997943979868455
0.997944439404071
0.997944893618265
0.997945342590545
0.997945786399084
0.997946225120752
0.997946658831135
0.997947087604557
0.997947511514108
0.997947930631661
0.997948345027901
0.997948754772339
0.997949159933339
0.997949560578137
0.997949956772859
0.997950348582546
0.997950736071172
0.997951119301661
0.997951498335908
0.997951873234798
0.997952244058222
0.9979526108651
0.997952973713393
0.997953332660124
0.997953687761392
0.997954039072392
0.997954386647429
0.997954730539934
0.997955070802483
0.997955407486808
0.997955740643813
0.997956070323593
0.997956396575444
0.997956719447879
0.997957038988643
0.997957355244724
0.99795766826237
0.9979579780871
0.997958284763719
0.997958588336326
0.997958888848335
0.997959186342478
0.997959480860824
0.997959772444788
0.997960061135142
0.99796034697203
0.997960629994973
0.997960910242886
0.997961187754086
0.997961462566303
0.997961734716691
0.997962004241837
0.997962271177772
0.99796253555998
0.997962797423409
0.99796305680248
0.997963313731095
0.997963568242647
0.997963820370029
0.997964070145645
0.997964317601413
0.99796456276878
0.997964805678725
0.997965046361772
0.997965284847992
0.997965521167017
0.997965755348044
0.997965987419843
0.997966217410767
0.997966445348754
0.997966671261341
0.997966895175665
0.997967117118473
0.99796733711613
0.99796755519462
0.997967771379559
0.9979679856962
0.997968198169434
0.997968408823804
0.997968617683505
0.997968824772394
0.997969030113992
0.997969233731494
0.99796943564777
0.997969635885375
0.997969834466553
0.997970031413239
0.997970226747069
0.997970420489383
0.99797061266123
0.997970803283372
0.997970992376292
0.997971179960196
0.997971366055017
0.997971550680424
0.997971733855821
0.997971915600356
0.997972095932923
0.997972274872165
0.997972452436482
0.997972628644032
0.997972803512738
0.997972977060287
0.997973149304141
0.997973320261533
0.997973489949477
0.997973658384769
0.997973825583992
0.997973991563517
0.997974156339508
0.997974319927929
0.99797448234454
0.997974643604906
0.997974803724401
0.997974962718205
0.997975120601314
0.997975277388538
0.997975433094509
0.997975587733679
0.997975741320326
0.997975893868558
0.99797604539231
0.997976195905354
0.997976345421299
0.997976493953591
0.99797664151552
0.997976788120219
0.997976933780669
0.997977078509701
0.997977222319998
0.997977365224097
0.997977507234395
0.997977648363143
0.997977788622459
0.997977928024323
0.99797806658058
0.997978204302946
0.997978341203008
0.997978477292221
0.997978612581922
0.997978747083319
0.997978880807503
0.997979013765445
0.997979145967998
0.9979792774259
0.997979408149777
0.997979538150145
0.997979667437408
0.997979796021864
0.997979923913703
0.997980051123015
0.997980177659784
0.997980303533895
0.997980428755135
0.997980553333192
0.997980677277659
0.997980800598035
0.997980923303728
0.997981045404052
0.997981166908234
0.997981287825413
0.99798140816464
0.997981527934883
0.997981647145025
0.997981765803868
0.997981883920132
0.997982001502459
0.997982118559411
0.997982235099476
0.997982351131064
0.997982466662512
0.997982581702086
0.997982696257976
0.997982810338305
0.997982923951126
0.997983037104424
0.997983149806116
0.997983262064056
0.99798337388603
0.997983485279762
0.997983596252915
0.997983706813089
0.997983816967823
0.9979839267246
0.997984036090841
0.997984145073913
0.997984253681125
0.997984361919731
0.997984469796931
0.997984577319871
0.997984684495648
0.997984791331302
0.997984897833826
0.997985004010164
0.99798510986721
0.997985215411808
0.997985320650759
0.997985425590814
0.997985530238682
0.997985634601025
0.997985738684461
0.997985842495566
0.997985946040874
0.997986049326876
0.997986152360023
0.997986255146727
0.997986357693359
0.99798646000625
0.997986562091696
0.997986663955955
0.997986765605246
0.997986867045754
0.997986968283627
0.997987069324981
0.997987170175895
0.997987270842414
0.997987371330551
0.997987471646289
0.997987571795573
0.997987671784322
0.997987771618421
0.997987871303727
0.997987970846063
0.997988070251228
0.997988169524986
0.997988268673078
0.997988367701213
0.997988466615073
0.997988565420315
0.997988664122566
0.997988762727428
0.997988861240477
0.997988959667263
0.997989058013309
0.997989156284116
0.997989254485158
0.997989352621884
0.997989450699719
0.997989548724067
0.997989646700304
0.997989744633784
0.997989842529839
0.997989940393777
0.997990038230882
0.997990136046417
0.997990233845622
0.997990331633714
0.997990429415887
0.997990527197315
0.997990624983148
0.997990722778516
0.997990820588524
0.997990918418257
0.997991016272778
0.997991114157128
0.997991212076326
0.997991310035369
0.997991408039232
0.997991506092868
0.997991604201207
0.997991702369159
0.997991800601609
0.997991898903421
0.997991997279436
0.997992095734471
0.997992194273321
0.997992292900759
0.997992391621531
0.997992490440364
0.997992589361954
0.99799268839098
0.997992787532092
0.997992886789914
0.997992986169048
0.997993085674068
0.997993185309522
0.997993285079931
0.997993384989789
0.997993485043562
0.997993585245689
0.997993685600579
0.997993786112611
0.997993886786137
0.997993987625475
0.997994088634915
0.997994189818713
0.997994291181093
0.997994392726246
0.99799449445833
0.997994596381466
0.997994698499743
0.99799480081721
0.997994903337882
0.997995006065735
0.997995109004705
0.997995212158689
0.997995315531545
0.997995419127087
0.997995522949088
0.997995627001276
0.997995731287336
0.997995835810906
0.997995940575578
0.997996045584895
0.997996150842353
0.997996256351395
0.997996362115416
0.997996468137755
0.997996574421699
0.99799668097048
0.997996787787273
0.997996894875196
0.997997002237307
0.997997109876605
0.997997217796025
0.997997325998442
0.997997434486663
0.997997543263431
0.997997652331423
0.997997761693243
0.997997871351428
0.997997981308441
0.997998091566672
0.997998202128438
0.997998312995975
0.997998424171445
0.997998535656927
0.99799864745442
0.99799875956584
0.997998871993017
0.997998984737697
0.997999097801534
0.997999211186095
0.997999324892855
0.997999438923196
0.997999553278403
0.997999667959668
0.99799978296808
0.997999898304632
0.998000013970214
0.998000129965609
0.998000246291501
0.998000362948462
0.998000479936956
0.998000597257338
0.998000714909851
0.998000832894622
0.998000951211664
0.998001069860872
0.998001188842023
0.998001308154773
0.998001427798655
0.99800154777308
0.998001668077331
0.998001788710566
0.998001909671814
0.998002030959973
0.998002152573812
0.998002274511963
0.998002396772928
0.998002519355069
0.998002642256614
0.998002765475651
0.998002889010128
0.998003012857852
0.99800313701649
0.998003261483563
0.998003386256447
0.998003511332376
0.998003636708435
0.998003762381561
0.998003888348546
0.998004014606028
0.9980041411505
0.998004267978303
0.998004395085624
0.998004522468504
0.998004650122826
0.998004778044325
0.998004906228581
0.998005034671021
0.998005163366919
0.998005292311398
0.998005421499423
0.99800555092581
0.998005680585221
0.998005810472163
0.998005940580995
0.99800607090592
0.998006201440992
0.998006332180113
0.998006463117036
0.998006594245365
0.998006725558555
0.998006857049915
0.998006988712608
0.99800712053965
0.998007252523917
0.998007384658141
0.998007516934916
0.998007649346694
0.998007781885794
0.998007914544396
0.998008047314552
0.998008180188179
0.998008313157068
0.998008446212882
0.998008579347163
0.998008712551329
0.998008845816681
0.998008979134404
0.998009112495569
0.99800924589114
0.998009379311972
0.998009512748816
0.998009646192324
0.998009779633051
0.998009913061457
0.998010046467916
0.998010179842712
0.998010313176047
0.998010446458047
0.998010579678763
0.998010712828173
0.998010845896191
0.998010978872669
0.9980111117474
0.998011244510125
0.998011377150535
0.998011509658276
0.998011642022957
0.998011774234149
0.998011906281393
0.998012038154206
0.998012169842083
0.998012301334501
0.99801243262093
0.998012563690831
0.998012694533664
0.998012825138895
0.998012955495995
0.998013085594453
0.998013215423775
0.998013344973492
0.998013474233163
0.998013603192382
0.998013731840783
0.998013860168045
0.998013988163896
0.998014115818118
0.998014243120555
0.998014370061113
0.99801449662977
0.998014622816579
0.998014748611672
0.998014874005267
0.998014998987669
0.99801512354928
0.998015247680599
0.998015371372232
0.99801549461489
0.998015617399398
0.9980157397167
0.998015861557859
0.998015982914066
0.998016103776643
0.998016224137044
0.998016343986864
0.998016463317838
0.998016582121849
0.99801670039093
0.998016818117265
0.998016935293199
0.998017051911234
0.998017167964036
0.99801728344444
0.998017398345449
0.99801751266024
0.998017626382162
0.998017739504747
0.998017852021703
0.998017963926923
0.998018075214486
0.998018185878656
0.998018295913887
0.998018405314825
0.998018514076305
0.99801862219336
0.998018729661215
0.998018836475295
0.99801894263122
0.998019048124809
0.998019152952081
0.998019257109254
0.998019360592748
0.998019463399182
0.998019565525377
0.998019666968355
0.99801976772534
0.998019867793754
0.998019967171223
0.998020065855572
0.998020163844823
0.998020261137199
0.998020357731122
0.998020453625207
0.998020548818268
0.998020643309312
0.99802073709754
0.998020830182344
0.998020922563307
0.998021014240199
0.998021105212976
0.998021195481783
0.998021285046943
0.998021373908961
0.998021462068522
0.998021549526485
0.998021636283885
0.998021722341926
0.998021807701983
0.998021892365596
0.998021976334468
0.998022059610465
0.99802214219561
0.998022224092079
0.998022305302204
0.998022385828464
0.998022465673486
0.998022544840037
0.998022623331028
0.998022701149505
0.998022778298648
0.998022854781767
0.998022930602302
0.998023005763814
0.998023080269988
0.998023154124623
0.998023227331636
0.998023299895052
0.998023371819007
0.998023443107739
0.998023513765587
0.998023583796989
0.998023653206478
0.998023721998676
0.998023790178297
0.998023857750135
0.998023924719069
0.998023991090055
0.998024056868124
0.998024122058381
0.998024186665996
0.998024250696208
0.998024314154318
0.998024377045686
0.99802443937573
0.99802450114992
0.998024562373778
0.998024623052874
0.998024683192823
0.998024742799282
0.998024801877948
0.998024860434556
0.998024918474874
0.998024976004703
0.99802503302987
0.998025089556235
0.998025145589676
0.998025201136097
0.998025256201421
0.998025310791589
0.998025364912554
0.998025418570287
0.998025471770768
0.998025524519984
0.998025576823933
0.998025628688616
0.998025680120038
0.998025731124205
0.998025781707123
0.998025831874799
0.998025881633232
0.998025930988419
0.998025979946351
0.998026028513009
0.998026076694366
0.998026124496386
0.998026171925019
0.998026218986202
0.998026265685859
0.998026312029899
0.998026358024213
0.998026403674676
0.998026448987144
0.998026493967455
0.998026538621425
0.998026582954852
0.998026626973509
0.998026670683151
0.998026714089505
0.998026757198278
0.998026800015154
0.998026842545788
0.998026884795813
0.998026926770836
0.998026968476438
0.998027009918173
0.99802705110157
0.998027092032129
0.998027132715324
0.998027173156601
0.998027213361381
0.998027253335052
0.99802729308298
0.9980273326105
0.998027371922918
0.998027411025515
0.998027449923542
0.998027488622221
0.99802752712675
0.998027565442295
0.998027603573995
0.998027641526964
0.998027679306285
0.998027716917016
0.998027754364186
0.998027791652798
0.998027828787828
0.998027865774226
0.998027902616913
0.998027939320787
0.998027975890719
0.998028012331552
0.998028048648106
0.998028084845177
0.998028120927532
0.998028156899918
0.998028192767053
0.998028228533635
0.998028264204336
0.998028299783806
0.998028335276669
0.99802837068753
0.998028406020968
0.998028441281542
0.998028476473787
0.998028511602217
0.998028546671325
0.998028581685583
0.998028616649439
0.998028651567324
0.998028686443646
0.998028721282793
0.998028756089134
0.998028790867014
0.998028825620763
0.998028860354689
0.998028895073079
0.998028929780202
0.998028964480307
0.998028999177624
0.998029033876363
0.998029068580714
0.998029103294847
0.998029138022915
0.998029172769049
0.998029207537361
0.998029242331943
0.998029277156866
0.998029312016182
0.998029346913921
0.998029381854094
0.998029416840689
0.998029451877674
0.998029486968992
0.998029522118568
0.998029557330299
0.998029592608064
0.998029627955714
0.998029663377076
0.998029698875954
0.998029734456123
0.998029770121333
0.998029805875306
0.998029841721736
0.998029877664288
0.998029913706595
0.998029949852261
0.998029986104856
0.998030022467919
0.998030058944951
0.998030095539419
0.998030132254755
0.998030169094351
0.998030206061557
0.998030243159687
0.998030280392007
0.998030317761745
0.998030355272077
0.998030392926137
0.998030430727008
0.998030468677722
0.998030506781258
0.998030545040544
0.998030583458449
0.998030622037784
0.998030660781302
0.998030699691693
0.998030738771582
0.99803077802353
0.998030817450028
0.998030857053498
0.998030896836288
0.998030936800672
0.998030976948847
0.998031017282932
0.998031057804961
0.998031098516887
0.998031139420575
0.998031180517802
0.998031221810255
0.998031263299526
0.998031304987111
0.998031346874409
0.998031388962718
0.998031431253234
0.998031473747046
0.998031516445136
0.998031559348377
0.99803160245753
0.99803164577324
0.998031689296038
0.998031733026334
0.998031776964419
0.99803182111046
0.9980318654645
0.998031910026455
0.998031954796114
0.998031999773135
0.998032044957043
0.998032090347233
0.998032135942962
0.998032181743353
0.998032227747392
0.998032273953926
0.998032320361663
0.998032366969171
0.998032413774879
0.998032460777072
0.998032507973895
0.998032555363353
0.998032602943306
0.998032650711476
0.99803269866544
0.998032746802639
0.998032795120369
0.998032843615789
0.998032892285922
0.998032941127651
0.998032990137724
0.998033039312758
0.998033088649235
0.99803313814351
0.998033187791809
0.998033237590233
0.998033287534761
0.998033337621255
0.998033387845457
0.998033438203
0.998033488689407
0.998033539300094
0.998033590030379
0.998033640875479
0.998033691830522
0.998033742890546
0.998033794050507
0.998033845305283
0.998033896649677
0.998033948078428
0.99803399958621
0.998034051167642
0.998034102817293
0.998034154529687
0.99803420629931
0.998034258120616
0.998034309988034
0.998034361895975
0.998034413838836
0.998034465811009
0.998034517806889
0.998034569820879
0.998034621847395
0.998034673880878
0.998034725915797
0.99803477794666
0.998034829968016
0.998034881974466
0.998034933960669
0.998034985921349
0.998035037851304
0.998035089745409
0.998035141598626
0.998035193406012
0.998035245162722
0.99803529686402
0.998035348505283
0.998035400082008
0.99803545158982
0.998035503024478
0.998035554381878
0.998035605658064
0.998035656849232
0.998035707951736
0.998035758962091
0.998035809876983
0.998035860693273
0.998035911408
0.998035962018389
0.998036012521855
0.998036062916005
0.998036113198647
0.998036163367792
0.998036213421658
0.998036263358674
0.998036313177486
0.998036362876957
0.998036412456173
0.998036461914447
0.99803651125132
0.998036560466565
0.998036609560191
0.998036658532442
0.998036707383806
0.99803675611501
0.998036804727029
0.998036853221084
0.998036901598646
0.998036949861437
0.998036998011434
0.998037046050867
0.998037093982226
0.998037141808259
0.998037189531975
0.998037237156645
0.998037284685809
0.998037332123267
0.998037379473093
0.998037426739627
0.998037473927485
0.998037521041554
0.998037568087
0.998037615069265
0.998037661994074
0.998037708867435
0.998037755695643
0.99803780248528
0.998037849243222
0.998037895976639
0.998037942693002
0.998037989400082
0.998038036105959
0.998038082819022
0.998038129547977
0.998038176301851
0.998038223089995
0.998038269922094
0.998038316808169
0.998038363758585
0.99803841078406
0.998038457895668
0.998038505104851
0.998038552423425
0.998038599863589
0.998038647437936
0.99803869515946
0.998038743041568
0.998038791098095
0.998038839343307
0.998038887791921
0.998038936459116
0.998038985360544
0.998039034512348
0.998039083931176
0.998039133634194
0.998039183639109
0.998039233964178
0.998039284628236
0.998039335650706
0.998039387051625
0.998039438851663
0.998039491072142
0.998039543735065
0.998039596863133
0.998039650479772
0.99803970460916
0.998039759276253
0.998039814506808
0.998039870327418
0.998039926765537
0.99803998384951
0.998040041608608
0.998040100073057
0.998040159274071
0.99804021924389
0.998040280015809
0.998040341624221
0.998040404104646
0.998040467493778
0.998040531829514
0.998040597150999
0.998040663498665
0.998040730914271
0.99804079944094
0.998040869123209
0.99804094000706
0.998041012139971
0.998041085570951
0.998041160350586
0.998041236531075
0.998041314166278
0.998041393311749
0.998041474024777
0.998041556364428
0.998041640391575
0.998041726168934
0.998041813761102
0.998041903234579
0.9980419946578
0.998042088101157
0.998042183637022
0.99804228133976
0.998042381285741
0.998042483553351
0.998042588222987
0.998042695377058
0.998042805099969
0.998042917478104
0.9980430325998
0.998043150555313
0.998043271436771
0.998043395338121
0.99804352235507
0.998043652585001
0.998043786126897
0.998043923081233
0.998044063549873
0.998044207635938
0.998044355443674
0.998044507078297
0.998044662645827
0.998044822252906
0.998044986006603
0.9980451540142
0.998045326382968
0.998045503219925
0.998045684631582
0.998045870723668
0.998046061600854
0.998046257366453
0.998046458122115
0.998046663967509
0.998046875
