0.00197894151702639
0.00198306690852489
0.00199726204621118
0.00292940304940752
0.00432936416615917
0.00713535260763488
0.00873786087668476
0.013709890997638
0.0264609713909523
0.0444006234125009
0.0468365624693642
0.0533662011118208
0.0831528566255462
0.0864018419606508
0.0938487336867269
0.111545763880047
0.116846249094989
0.117707943283455
0.118610366485805
0.118793223214017
0.119251318614758
0.11935287817585
0.119663238749661
0.120061281183224
0.12016594472327
0.120393376021834
0.120598062161063
0.120616413450445
0.12064337096146
0.120974478976402
0.121022613560762
0.123156620773889
0.123476386659772
0.125637873520252
0.126169703797252
0.128551423662214
0.130193905708135
0.131874661579661
0.141454959585566
0.146286372533039
0.162433373910546
0.170999445661539
0.174814738138682
0.176208809239474
0.176580460727053
0.183066005874205
0.187714188976838
0.190749943374442
0.220703608554628
0.224875322425619
0.226959687470556
0.235041881306858
0.245938915288151
0.249702613022298
0.250413043882775
0.264285496577967
0.267117314247165
0.282107485181595
0.299139185091035
0.299997000046395
0.30896633742517
0.316437015523913
0.326798441773086
0.326943211508913
0.330527950575356
0.33822762875966
0.348249314530872
0.353287421877585
0.357426742448559
0.357691199878103
0.363640241938248
0.375755097348668
0.378775290641916
0.382896860378317
0.385998452962131
0.390605614606195
0.401023768020236
0.405418328579485
0.405507602046939
0.406861905074972
0.4139484394689
0.41439407465906
0.418970254692776
0.42384305775495
0.430732283089593
0.431852478405518
0.436700323199511
0.436751971869163
0.445792302297707
0.446323780966767
0.447310892076521
0.447652110433122
0.450090842808845
0.452889396637882
0.456324123886672
0.456787811414111
0.461165989362
0.466146852313488
0.468828161055274
0.482234134186053
0.484356366701358
0.484523678749981
0.491271319695211
0.494410397617249
0.496356705316922
0.49702028724842
0.499263613441625
0.500569922229258
0.505420523789759
0.50557446404774
0.508277935658937
0.509988096926584
0.511573143346988
0.515257398838265
0.517507073671367
0.522926654203292
0.523487616291426
0.53835519519971
0.5396248790978
0.540253235353877
0.541659302700342
0.544433092919707
0.546041523492264
0.550392504532202
0.551653891510932
0.552181015741557
0.559652307712773
0.560302937617636
0.566372054344048
0.571185485016636
0.576965440178219
0.577913118733186
0.579493821969434
0.586670450622316
0.589036517070417
0.591269764614708
0.592389609591972
0.596199166840294
0.597969224703436
0.600383696182411
0.625841014679974
0.626820190718434
0.628157899778462
0.63453626508298
0.649020155682964
0.650259399840432
0.653760674133711
0.672554069711595
0.683813451733635
0.70124726505514
0.715993715833436
0.716848956524906
0.722101271706802
0.729282382992231
0.737284397244963
0.741266445685291
0.7426136128926
0.758272461354451
0.762780112102016
0.768546163974754
0.772340356742267
0.774045792936748
0.779582751360399
0.779889231807186
0.780412592184696
0.784417121066259
0.795267202013531
0.797072799983874
0.802112953956521
0.803662345311105
0.809419936823394
0.813868071008252
0.818206024619458
0.827933008732536
0.829107583102139
0.830046871794617
0.830552044543003
0.838196626393341
0.840031133789261
0.84057201221365
0.852467606096192
0.853801444147224
0.853801510500725
0.855134237619015
0.857149359426913
0.857923931280759
0.85816920117241
0.863580319918198
0.868105025569493
0.869973610196134
0.875973020616591
0.881391945220156
0.886179874200581
0.89280910672176
0.896009384909982
0.90299556041917
0.903875947702811
0.909795480966715
0.915692622210156
0.918416081166967
0.930584131471601
0.941221780935069
0.946012086997042
0.947309649555063
0.94979657943488
0.955737873842782
0.96987107587549
0.984428007808028
0.990388720183439
0.997992042970069
0.997997116365239
0.998002408545359
0.998029668831226
0.998039573065243
NaN
NaN
NaN
NaN
NaN
NaN
NaN
NaN
NaN
NaN
NaN
NaN
NaN
NaN
NaN
NaN
NaN
NaN
NaN
NaN
NaN
NaN
NaN
NaN
NaN
NaN
NaN
NaN
NaN
NaN
NaN
NaN
NaN
NaN
NaN
NaN
NaN
NaN
NaN
NaN
