0.071603362844174
0.0149991026048869
-0.0163520963118302
-0.056052529580313
-0.077021816658179
-0.134806260798112
-0.187345568325171
-0.250026642039343
-0.217250312928017
-0.254008817622882
-0.276428637821198
-0.333296578498476
-0.357608586278299
-0.412306280749606
-0.348287342765347
-0.408328366069734
-0.417170559094028
-0.476903775977497
-0.44277910822332
-0.492678963261097
-0.409027150814601
-0.418875814462951
-0.468841325136562
-0.398687031163243
-0.458532125825089
-0.309122786133412
-0.371808668698876
-0.423130281171646
-0.457424549531606
-0.452508136789201
-0.386119886580716
-0.422977564843263
-0.45905995176413
-0.126096912746434
-0.0787892567036534
-0.00882747449333987
0.0275196745138127
-0.00548917266831905
0.000529968074707288
-0.0451273909458321
-0.0423497347312751
-0.0976780210973178
-0.0850209510659887
-0.0470185997138959
-0.0833733152185849
-0.0398541754670867
0.0746031429748273
0.111104724399296
0.146092218179993
0.10045481875992
0.0462984067961649
-0.0157453460023778
0.00565873487082102
-0.0370395434534911
0.123471042134182
0.0982422238191756
0.0896672919922898
0.053448336302711
0.0618227226435728
0.00582896138906497
0.162635344828688
0.115645760466647
0.0850033060863309
0.0552881910984278
0.113763568792784
0.0764023036500818
0.0153407477869809
-0.0343878836816929
-0.0948982456634386
-0.025063377256541
-0.0425068560971891
0.0015854811434135
0.0589617362271024
0.0320937993519239
0.0125265630758333
-0.00629709354832908
0.14211788464725
0.0818360371176254
0.617432084883951
0.599407850457379
0.578966705841344
0.540912111654413
0.484005894847529
0.422223327863386
0.362675408080328
0.351102752323308
0.455987130799049
0.441682542216195
0.420269389254786
0.497520280958871
0.442356435937399
0.409371049162044
0.35397115528456
0.330990346814984
0.302416030817839
0.452829215072112
0.422013726570539
0.448149534981315
0.409307725275688
0.450312789457427
0.498281362004532
0.554697718674385
0.652895368786062
0.619418547430646
0.572555846334686
0.567985859167141
0.792492667655487
0.832565343239473
0.889154189299251
1.07250297199845
1.01839874080312
0.967049221466565
1.05487441078471
1.00278413046987
0.95804494307604
1.05753050223937
1.00524943376058
1.01153487329633
1.04712177505342
1.08582460059266
1.10314174920884
1.04610186708728
1.00078603268888
0.952322828085728
0.924854733542621
0.91978685766607
1.09311007585977
1.05673444222719
1.14718247367439
1.44076264644279
1.38484135673091
1.39665673884363
1.40111194317955
1.44380898658229
1.38647100397863
1.32859924407598
1.36034351937479
1.55779279727692
1.50266012948272
1.51363475710358
1.53593787957415
1.54101887480682
1.49446668377451
1.43492085580504
1.37896960903834
1.35961761206788
1.29925508785519
1.27423936235123
1.2665857011041
1.31285042668675
1.33255413963415
1.27170379602698
1.21897332972363
1.23644802137
1.20163130591115
1.17311725860514
1.13316054315512
1.11127018035377
1.05886585507713
1.0141344404245
1.09486095166124
1.08139004083915
1.04212912119739
1.10110972643362
1.05392860569701
0.993367847470536
1.0748591168633
1.03585779721574
0.983987106596725
1.03110504939286
0.999835098192023
0.946341036026869
0.952360817853387
0.901438462090638
0.889211732274353
0.967814828659614
0.926970992662914
0.942433129650659
0.896576454883066
0.869038055359667
0.893664663251599
0.85286421876077
0.808649000238608
0.823801922216713
0.782901510503638
0.751094379835576
0.765105142166483
0.716688306179799
0.657436431251348
0.612566472163563
0.719680294541178
0.739322910699787
0.681183985886941
0.642292755122224
0.592814315415257
0.663554043715955
0.628281675274689
0.608758061707114
0.693485752221992
0.745286378090332
0.832219639772026
0.772907183546277
0.742098097923119
0.707637220806973
0.665688584683522
0.686496146348865
0.690084819047096
0.685730072995446
0.659017175948968
0.597789937831902
0.558175281289481
0.636928390997282
0.616336315514898
0.559414070928007
0.773300045641525
0.745046709306431
0.838881495339484
0.792812907276975
0.907678499505153
0.892862823515696
0.92539212183126
1.09273404450456
1.09113996968367
1.14168051039427
1.10021862768421
1.04756506276288
1.00397772707408
0.953034844548119
0.910745119369654
0.964780202860647
0.954727222738702
1.03649841113951
1.07296719553635
1.18388004023089
1.18134838331883
NaN
NaN
NaN
NaN
NaN
NaN
NaN
NaN
NaN
NaN
NaN
NaN
NaN
NaN
NaN
NaN
NaN
NaN
NaN
