12.3547630916794
12.0097842072078
11.6774936014237
11.357347170715
11.0488270815076
10.7514403744108
10.4647176487813
10.1882118227365
9.92149696397546
9.66416718706588
9.4158356131413
9.17613338821623
8.94470875657267
8.72122618589802
8.50536554106933
8.29682130367728
8.09530183456742
7.90052867685021
7.71223589699092
7.530169461741
7.35408664881503
7.18375548934567
7.01895424027078
6.85947088492461
6.70510266020901
6.55565560882026
6.41094415510166
6.27079070317831
6.13502525611318
6.00348505489802
5.87601423616581
5.75246350757754
5.63268983989856
5.51655617483947
5.40393114778936
5.29468882462241
5.18870845180715
5.08587421909181
4.98607503408165
4.88920430806504
4.79515975248198
4.70384318546258
4.61516034789748
4.52902072853215
4.44533739760625
4.36402684858671
4.28500884756789
4.20820628993714
4.13354506392641
4.06095392069193
3.99036435058286
3.92171046528039
3.85492888550545
3.78995863400947
3.72674103357911
3.66521960980022
3.60533999834005
3.54704985652046
3.49029877896615
3.43503821712424
3.38122140246284
3.32880327316563
3.2777404041496
3.2279909402426
3.17951453236576
3.13227227657375
3.08622665581394
3.04134148427265
2.99758185418357
2.95491408497999
2.91330567467831
2.87272525338641
2.83314253883603
2.79452829384309
2.75685428560488
2.72009324674792
2.68421883804458
2.64920561272043
2.61502898227833
2.58166518376929
2.54909124844316
2.5172849717158
2.48622488439244
2.45589022508995
2.42626091380354
2.39731752656613
2.36904127115101
2.34141396377095
2.31441800672917
2.28803636697988
2.26225255555752
2.23705060783679
2.2124150645864
2.18833095378202
2.16478377314481
2.1417594733742
2.11924444204459
2.09722548813729
2.07568982718023
2.05462506696933
2.0340191938467
2.01386055951185
1.99413786834318
1.97484016520822
1.95595682374203
1.93747753507398
1.91939229698413
1.90169140347135
1.8843654347159
1.86740524742037
1.85080196551311
1.83454697119925
1.81863189634528
1.80304861418333
1.7877892313222
1.77284608005269
1.75821171093542
1.74387888565964
1.72984057016219
1.71608992799621
1.70262031393968
1.68942526783423
1.67649850864512
1.66383392873355
1.6514255883332
1.63926771022283
1.6273546745873
1.61568101405963
1.60424140893731
1.59303068256592
1.58204379688358
1.57127584812032
1.56072206264619
1.55037779296257
1.54023851383124
1.53029981853595
1.52055741527155
1.51100712365584
1.50164487135963
1.49246669085044
1.4834687162458
1.47464718027199
1.4659984113243
1.45751883062517
1.44920494947649
1.44105336660282
1.43306076558196
1.4252239123599
1.41753965284701
1.41000491059258
1.40261668453488
1.39537204682397
1.38826814071477
1.38130217852788
1.37447143967565
1.36777326875123
1.36120507367855
1.35476432392078
1.34844854874553
1.34225533554457
1.33618232820637
1.3302272255395
1.32438777974519
1.31866179493735
1.31304712570837
1.30754167573931
1.30214339645271
1.29685028570676
1.29166038652941
1.28657178589103
1.28158261351426
1.27669104072001
1.27189527930814
1.26719358047194
1.26258423374499
1.25806556597965
1.25363594035585
1.24929375541937
1.2450374441486
1.24086547304878
1.23677634127294
1.23276857976859
1.22884075044936
1.22499144539078
1.22121928604944
1.21752292250476
1.21390103272267
1.21035232184049
1.2068755214723
1.20346938903428
1.20013270708924
1.19686428270983
1.19366294685979
1.19052755379276
1.18745698046802
1.18445012598266
1.18150591101972
1.17862327731169
1.17580118711912
1.17303862272358
1.17033458593478
1.16768809761132
1.16509819719469
1.16256394225599
1.16008440805523
1.15765868711266
1.15528588879173
1.1529651388935
1.15069557926206
1.14847636740059
1.14630667609791
1.14418569306495
1.14211262058116
1.14008667515031
1.13810708716555
1.1361731005834
1.13428397260646
1.13243897337453
1.13063738566396
1.1288785045949
1.12716163734639
1.12548610287884
1.12385123166393
1.12225636542149
1.12070085686339
1.11918406944401
1.11770537711734
1.11626416410031
1.11485982464234
1.11349176280083
1.1121593922225
1.11086213593032
1.10959942611608
1.10837070393809
1.10717541932434
1.10601303078045
1.1048830052028
1.10378481769624
1.10271795139658
1.10168189729755
1.10067615408224
1.09970022795873
1.0987536325
1.09783588848783
1.09694652376071
1.09608507306554
1.09525107791318
1.09444408643751
1.09366365325818
1.09290933934675
1.0921807118962
1.09147734419375
1.09079881549687
1.09014471091235
1.08951462127851
1.08890814305027
1.08832487818712
1.08776443404393
1.08722642326443
1.08671046367742
1.08621617819553
1.08574319471647
1.08529114602687
1.08485966970837
1.08444840804613
1.08405700793962
1.08368512081561
1.08333240254333
1.08299851335174
1.08268311774886
1.08238588444311
1.08210648626664
1.08184460010043
1.08159990680147
1.08137209113155
1.08116084168794
1.0809658508357
1.08078681464181
1.08062343281076
1.08047540862191
1.08034244886827
1.08022426379689
1.08012056705069
1.08003107561175
1.079955509746
1.07989359294932
1.07984505189492
1.07980961638206
1.07978701928608
1.07977699650962
1.07977928693508
1.07979363237825
1.07981977754311
1.07985746997775
1.07990646003139
1.07996650081249
1.08003734814782
1.08011876054269
1.08021049914205
1.08031232769261
1.08042401250593
1.08054532242238
1.08067602877601
1.08081590536034
1.08096472839497
1.08112227649302
1.08128833062936
1.08146267410974
1.08164509254054
1.0818353737994
1.0820333080065
1.08223868749664
1.0824513067919
1.08267096257511
1.08289745366391
1.08313058098542
1.08337014755168
1.08361595843552
1.08386782074719
1.08412554361147
1.08438893814537
1.08465781743645
1.08493199652156
1.08521129236621
1.08549552384439
1.08578451171891
1.08607807862224
1.08637604903776
1.08667824928156
1.08698450748461
1.08729465357542
1.08760851926304
1.0879259380206
1.08824674506914
1.08857077736187
1.08889787356881
1.0892278740618
1.08956062089986
1.0898959578149
1.09023373019776
1.09057378508461
1.09091597114363
1.09126013866201
1.09160613953328
1.09195382724488
1.09230305686608
1.09265368503607
1.09300556995248
1.09335857135999
1.09371255053926
1.09406737029616
1.09442289495115
1.09477899032892
1.09513552374823
1.09549236401205
1.09584938139775
1.09620644764769
1.09656343595979
1.09692022097846
1.09727667878562
1.09763268689194
1.09798812422817
1.09834287113679
1.09869680936359
1.09904982204966
1.09940179372328
1.09975261029214
1.10010215903559
1.10045032859707
1.10079700897662
1.10114209152354
1.10148546892918
1.10182703521983
1.10216668574965
1.10250431719385
1.1028398275418
1.10317311609034
1.10350408343719
1.10383263147432
1.10415866338158
1.10448208362024
1.10480279792674
1.1051207133064
1.10543573802726
1.10574778161398
1.1060567548418
1.10636256973049
1.10666513953848
1.10696437875689
1.10726020310376
1.1075525295182
1.10784127615465
1.10812636237716
1.10840770875369
1.10868523705049
1.10895887022642
1.10922853242744
1.10949414898097
1.1097556463904
1.11001295232952
1.11026599563706
1.11051470631119
1.11075901550404
1.11099885551624
1.1112341597915
1.11146486291116
1.11169090058874
1.11191220966454
1.11212872810023
1.11234039497338
1.11254715047213
1.11274893588967
1.11294569361892
1.11313736714704
1.11332390105003
1.1135052409873
1.1136813336962
1.11385212698664
1.11401756973553
1.11417761188143
1.11433220441896
1.11448129939339
1.11462484989509
1.11476281005403
1.11489513503422
1.11502178102821
1.11514270525146
1.11525786593681
1.11536722232884
1.11547073467828
1.11556836423632
1.11566007324903
1.11574582495161
1.1158255835627
1.11589931427871
1.11596698326802
1.11602855766524
1.11608400556543
1.11613329601825
1.11617639902222
1.11621328551875
1.11624392738637
1.11626829743475
1.11628636939882
1.11629811793283
1.11630351860434
1.11630254788827
1.11629518316087
1.11628140269367
1.11626118564744
1.11623451206607
1.11620136287052
1.11616171985262
1.11611556566896
1.11606288383473
1.11600365871746
1.11593787553085
1.11586552032853
1.11578657999776
1.11570104225318
1.11560889563048
1.11551012948009
1.11540473396082
1.11529270003352
1.11517401945466
1.11504868476995
1.11491668930789
1.11477802717336
1.11463269324114
1.11448068314944
1.11432199329341
1.11415662081862
1.11398456361453
1.11380582030797
1.11362039025657
1.11342827354218
1.1132294709643
1.1130239840335
1.11281181496476
1.11259296667089
1.11236744275589
1.11213524750829
1.11189638589452
1.11165086355222
1.1113986867836
1.1111398625487
1.11087439845878
1.11060230276957
1.11032358437458
1.11003825279839
1.10974631818996
1.10944779131588
1.10914268355367
1.10883100688504
1.10851277388919
1.10818799773604
1.10785669217956
1.10751887155096
1.10717455075205
1.10682374524844
1.10646647106286
1.1061027447684
1.10573258348182
1.10535600485681
1.10497302707729
1.1045836688507
1.10418794940129
1.10378588846343
1.10337750627494
1.10296282357036
1.10254186157434
1.10211464199493
1.10168118701696
1.10124151929536
1.10079566194859
1.10034363855194
1.09988547313099
1.099421190155
1.09895081453031
1.09847437159381
1.09799188710634
1.09750338724622
1.09700889860269
1.09650844816942
1.09600206333803
1.09548977189162
1.09497160199834
1.09444758220495
1.09391774143044
1.0933821089596
1.09284071443671
1.09229358785915
1.09174075957114
1.09118226025738
1.09061812093683
1.09004837295644
1.08947304798494
1.08889217800663
1.08830579531521
1.08771393250767
1.08711662247811
1.08651389841172
1.08590579377866
1.08529234232807
1.08467357808204
1.08404953532965
1.08342024862101
1.08278575276138
1.08214608280524
1.08150127405048
1.08085136203255
1.0801963825187
1.07953637150221
1.07887136519667
1.07820140003027
1.07752651264021
1.076846739867
1.07616211874895
1.07547268651655
1.07477848058703
1.0740795385588
1.07337589820608
1.07266759747345
1.0719546744705
1.07123716746651
1.0705151148851
1.06978855529905
1.06905752742502
1.06832207011842
1.06758222236823
1.06683802329191
1.06608951213033
1.06533672824278
1.06457971110195
1.06381850028898
1.06305313548861
1.06228365648424
1.06151010315318
1.06073251546181
1.0599509334609
1.05916539728083
1.05837594712702
1.05758262327525
1.05678546606709
1.05598451590541
1.05517981324985
1.05437139861237
1.05355931255288
1.05274359567482
1.05192428862089
1.05110143206875
1.05027506672676
1.04944523332983
1.04861197263524
1.04777532541853
1.04693533246945
1.04609203458793
1.04524547258011
1.04439568725438
1.04354271941752
1.04268660987082
1.04182739940628
1.04096512880287
1.0400998388228
1.0392315702078
1.03836036367556
1.03748625991608
1.03660929958816
1.03572952331586
1.03484697168507
1.0339616852401
1.03307370448024
1.03218306985652
1.03128982176834
1.03039400056029
1.02949564651888
1.02859479986943
1.02769150077294
1.02678578932299
1.02587770554274
1.02496728938191
1.02405458071386
1.02313961933265
1.02222244495019
1.02130309719342
1.02038161560153
1.01945803962321
1.01853240861395
1.0176047618334
1.01667513844273
1.01574357750206
1.01481011796793
1.01387479869083
1.01293765841267
1.01199873576447
1.0110580692639
1.01011569731298
1.0091716581958
1.00822599007623
1.00727873099575
1.00632991887122
1.00537959149278
1.00442778652175
1.00347454148855
1.0025198937907
1.00156388069081
1.00060653931466
0.99964790664928
0.998688019541076
0.997726914694001
0.996764628667757
0.995801197876032
0.994836658584779
0.993871046910529
0.992904398818735
0.991936750122161
0.990968136479298
0.989998593392818
0.989028156208069
0.988056860111594
0.98708474012969
0.986111831127005
0.985138167805161
0.984163784701415
0.983188716187357
0.982212996467631
0.981236659578701
0.980259739387637
0.979282269590945
0.978304283713423
0.977325815107051
0.976346896949905
0.975367562245114
0.974387843819845
0.973407774324308
0.972427386230806
0.971446711832804
0.970465783244036
0.969484632397638
0.968503291045307
0.967521790756492
0.96654016291762
0.965558438731336
0.964576649215786
0.963594825203916
0.962612997342808
0.961631196093037
0.960649451728057
0.959667794333612
0.95868625380718
0.957704859857433
0.956723642003731
0.955742629575636
0.954761851712457
0.953781337362814
0.952801115284233
0.951821214042756
0.950841662012585
0.949862487375748
0.948883718121781
0.947905382047439
0.946927506756435
0.945950119659193
0.944973247972622
0.943996918719925
0.943021158730415
0.942045994639364
0.941071452887864
0.940097559722716
0.939124341196338
0.938151823166689
0.937180031297221
0.936208991056842
0.935238727719908
0.934269266366228
0.933300631881086
0.932332848955289
0.931365942085233
0.930399935572978
0.929434853526349
0.928470719859057
0.927507558290826
0.926545392347554
0.925584245361474
0.924624140471342
0.923665100622637
0.922707148567785
0.921750306866383
0.920794597885456
0.919840043799718
0.918886666591856
0.917934488052818
0.916983529782127
0.916033813188207
0.915085359488716
0.9141381897109
0.913192324691958
0.912247785079421
0.911304591331548
0.910362763717724
0.90942232231888
0.90848328702793
0.907545677550202
0.906609513403903
0.905674813920577
0.904741598245588
0.903809885338608
0.902879693974115
0.901951042741908
0.901023950047623
0.900098434113273
0.899174512977782
0.898252204497541
0.897331526346975
0.896412496019105
0.895495130826137
0.894579447900048
0.893665464193187
0.892753196478885
0.891842661352067
0.890933875229877
0.890026854352316
0.889121614782882
0.888218172409211
0.887316542943743
0.886416741924381
0.885518784715163
0.884622686506938
0.883728462318054
0.882836126995046
0.881945695213338
0.88105718147794
0.880170600124166
0.879285965318346
0.878403291058547
0.877522591175304
0.876643879332349
0.875767169027352
0.874892473592661
0.874019806196055
0.873149179841491
0.872280607369865
0.871414101459774
0.87054967462828
0.869687339231681
0.868827107466286
0.867968991369194
0.867113002819072
0.866259153536943
0.865407455086975
0.86455791887727
0.863710556160663
0.862865378035515
0.862022395446519
0.8611816191855
0.860343059892218
0.859506728055185
0.858672634012467
0.857840787952503
0.857011199914914
0.856183879791324
0.855358837326177
0.85453608211756
0.853715623618017
0.852897471135381
0.852081633833591
0.851268120733525
0.850456940713819
0.8496481025117
0.848841614723812
0.848037485807047
0.847235724079373
0.846436337720663
0.845639334773531
0.84484472314416
0.84405251060313
0.843262704786255
0.842475313195413
0.841690343199376
0.840907802034641
0.840127696806264
0.839350034488688
0.838574821926575
0.837802065835633
0.837031772803448
0.836263949290313
0.835498601630052
0.834735736030851
0.833975358576081
0.833217475225124
0.832462091814198
0.831709214057177
0.830958847546416
0.830210997753566
0.829465670030401
0.828722869609624
0.827982601605693
0.827244871015631
0.826509682719839
0.825777041482903
0.825046951954411
0.824319418669754
0.823594446050932
0.822872038407363
0.822152199936673
0.821434934725507
0.820720246750322
0.820008139878175
0.819298617867529
0.81859168436903
0.817887342926307
0.817185596976747
0.816486449852284
0.815789904780181
0.815095964883804
0.814404633183398
0.813715912596864
0.813029805940527
0.812346315929899
0.811665445180452
0.810987196208375
0.810311571431334
0.809638573169227
0.808968203644941
0.808300464985099
0.80763535922081
0.806972888288411
0.806313054030209
0.805655858195222
0.805001302439911
0.804349388328915
0.803700117335774
0.803053490843663
0.802409510146109
0.801768176447713
0.801129490864862
0.800493454426446
0.799860068074566
0.79922933266524
0.798601248969105
0.797975817672115
0.797353039376241
0.796732914600161
0.796115443779947
0.795500627269753
0.794888465342497
0.794278958190541
0.79367210592636
0.79306790858322
0.792466366115844
0.791867478401073
0.791271245238535
0.79067766635129
0.790086741386497
0.789498469916054
0.78891285143725
0.788329885373403
0.787749571074506
0.787171907817857
0.78659689480869
0.78602453118081
0.785454815997211
0.7848877482507
0.784323326864512
0.783761550692927
0.783202418521876
0.782645929069552
0.782092080987008
0.781540872858754
0.780992303203363
0.78044637047405
0.779903073059265
0.779362409283278
0.778824377406758
0.778288975627352
0.777756202080251
0.777226054838769
0.776698531914902
0.776173631259892
0.775651350764784
0.775131688260983
0.774614641520802
0.774100208258014
0.773588386128388
0.773079172730237
0.772572565604948
0.772068562237518
0.771567160057083
0.771068356437441
0.770572148697576
0.770078534102174
0.769587509862141
0.769099073135111
0.768613221025952
0.768129950587274
0.767649258819925
0.767171142673491
0.766695599046787
0.766222624788345
0.765752216696904
0.765284371521888
0.764819085963889
0.76435635667514
0.763896180259987
0.763438553275357
0.762983472231224
0.76253093359107
0.762080933772345
0.761633469146918
0.761188536041529
0.76074613073824
0.760306249474876
0.759868888445467
0.759434043800687
0.759001711648286
0.758571888053523
0.758144569039592
0.757719750588048
0.757297428639227
0.756877599092664
0.756460257807506
0.756045400602929
0.755633023258538
0.755223121514776
0.754815691073329
0.754410727597517
0.754008226712694
0.753608184006643
0.753210595029955
0.752815455296426
0.752422760283436
0.752032505432324
0.75164468614877
0.751259297803169
0.750876335730998
0.750495795233185
0.750117671576476
0.749741959993793
0.749368655684594
0.74899775381523
0.748629249519296
0.748263137897981
0.747899414020419
0.747538072924025
0.747179109614843
0.746822519067884
0.746468296227458
0.74611643600751
0.745766933291947
0.745419782934971
0.745074979761396
0.744732518566975
0.744392394118719
0.74405460115521
0.743719134386918
0.743385988496511
0.743055158139164
0.742726637942863
0.742400422508711
0.742076506411226
0.741754884198643
0.741435550393204
0.741118499491458
0.740803725964543
0.740491224258484
0.74018098879447
0.739873013969143
0.739567294154875
0.739263823700051
0.738962596929338
0.738663608143967
0.738366851621996
0.738072321618587
0.737780012366264
0.737489918075188
0.737202032933408
0.736916351107127
0.736632866740962
0.736351573958192
0.736072466861018
0.735795539530809
0.735520786028354
0.73524820039411
0.73497777664844
0.734709508791865
0.734443390805295
0.734179416650275
0.733917580269215
0.733657875585631
0.73340029650437
0.733144836911847
0.732891490676267
0.732640251647857
0.732391113659087
0.732144070524893
0.731899116042898
0.731656243993632
0.731415448140745
0.731176722231227
0.730940059995618
0.730705455148217
0.7304729013873
0.730242392395319
0.73001392183911
0.729787483370101
0.729563070624511
0.729340677223554
0.729120296773633
0.728901922866543
0.728685549079663
0.728471168976152
0.728258776105142
0.728048364001927
0.727839926188155
0.727633456172012
0.727428947448414
0.727226393499185
0.727025787793245
0.72682712378679
0.726630394923473
0.726435594634582
0.726242716339217
0.726051753444466
0.725862699345581
0.725675547426149
0.725490291058263
0.725306923602697
0.725125438409068
0.724945828816008
0.724768088151333
0.724592209732198
0.724418186865271
0.724246012846891
0.724075680963228
0.723907184490444
0.723740516694853
0.723575670833075
0.723412640152197
0.723251417889923
0.723091997274731
0.722934371526023
0.722778533854281
0.722624477461212
0.7224721955399
0.722321681274955
0.722172927842658
0.722025928411108
0.721880676140366
0.721737164182601
0.72159538568223
0.721455333776062
0.721317001593438
0.721180382256372
0.721045468879685
0.72091225457115
0.720780732431625
0.720650895555186
0.72052273702927
0.720396249934801
0.720271427346328
0.720148262332157
0.720026747954479
0.719906877269505
0.719788643327593
0.719672039173377
0.719557057845898
0.719443692378725
0.71933193580009
0.719221781133004
0.719113221395392
0.719006249600207
0.718900858755562
0.718797041864847
0.718694791926854
0.718594101935894
0.718494964881925
0.718397373750662
0.718301321523704
0.718206801178649
0.71811380568921
0.718022328025337
0.717932361153329
0.71784389803595
0.717756931632547
0.717671454899162
0.717587460788645
0.717504942250773
0.717423892232355
0.717344303677347
0.717266169526968
0.717189482719804
0.717114236191923
0.717040422876984
0.716968035706343
0.716897067609169
0.716827511512546
0.716759360341582
0.716692607019519
0.716627244467838
0.716563265606364
0.716500663353374
0.716439430625705
0.716379560338851
0.716321045407076
0.716263878743512
0.716208053260269
0.716153561868531
0.716100397478664
0.716048553000316
0.715998021342523
0.715948795413804
0.715900868122267
0.715854232375711
0.715808881081722
0.715764807147777
0.715722003481344
0.715680462989976
0.715640178581418
0.715601143163702
0.715563349645244
0.715526790934945
0.715491459942287
0.715457349577433
0.715424452751322
0.715392762375766
0.715362271363547
0.715332972628517
0.715304859085689
0.715277923651334
0.71525215924308
0.715227558780004
0.715204115182729
0.715181821373516
0.715160670276364
0.715140654817098
0.715121767923471
0.715104002525248
0.715087351554309
0.715071807944739
0.715057364632917
0.71504401455762
0.715031750660102
0.7150205658842
0.715010453176417
0.715001405486019
0.714993415765126
0.714986476968806
0.714980582055162
0.71497572398543
0.714971895724063
0.714969090238832
0.714967300500907
0.714966519484956
0.714966740169232
0.714967955535664
0.714970158569949
0.714973342261642
0.714977499604245
0.714982623595299
0.714988707236473
0.714995743533655
0.715003725497041
0.715012646141226
0.71502249848529
0.715033275552894
0.715044970372361
0.715057575976774
0.715071085404058
0.715085491697075
0.715100787903707
0.71511696707695
0.715134022275001
0.715151946561346
0.715170733004848
0.715190374679839
0.715210864666204
0.715232196049472
0.715254361920905
0.715277355377584
0.715301169522499
0.715325797464633
0.715351232319057
0.715377467207012
0.715404495255999
0.715432309599867
0.7154609033789
0.715490269739904
0.715520401836296
0.715551292828192
0.715582935882491
0.715615324172967
0.715648450880351
0.715682309192424
0.715716892304099
0.715752193417512
0.715788205742106
0.715824922494721
0.715862336899676
0.715900442188863
0.715939231601828
0.715978698385859
0.716018835796074
0.716059637095507
0.716101095555195
0.716143204454263
0.716185957080012
0.716229346728003
0.716273366702148
0.716318010314792
0.716363270886799
0.716409141747643
0.716455616235488
0.716502687697278
0.716550349488822
0.716598594974878
0.716647417529244
0.716696810534837
0.716746767383783
0.716797281477503
0.716848346226795
0.716899955051923
0.716952101382703
0.717004778658584
0.717057980328737
0.71711169985214
0.717165930697661
0.717220666344146
0.717275900280501
0.71733162600578
0.717387837029269
0.717444526870568
0.71750168905968
0.717559317137094
0.717617404653866
0.717675945171712
0.717734932263082
0.717794359511255
0.717854220510412
0.71791450886573
0.717975218193461
0.718036342121016
0.718097874287052
0.718159808341552
0.718222137945911
0.718284856773019
0.718347958507343
0.718411436845016
0.718475285493911
0.718539498173733
0.718604068616098
0.718668990564614
0.71873425777497
0.718799864015011
0.718865803064827
0.718932068716834
0.718998654775853
0.719065555059196
0.719132763396747
0.719200273631043
0.719268079617358
0.719336175223783
0.719404554331307
0.719473210833901
0.719542138638598
0.719611331665571
0.719680783848221
0.719750489133252
0.719820441480753
0.71989063486428
0.719961063270936
0.720031720701451
0.72010260117026
0.720173698705588
0.720245007349523
0.720316521158104
0.72038823420139
0.720460140563549
0.720532234342932
0.720604509652152
0.720676960618164
0.720749581382345
0.720822366100566
0.720895308943278
0.720968404095586
0.721041645757326
0.721115028143145
0.721188545482574
0.721262192020113
0.721335962015298
0.721409849742787
0.721483849492428
0.721557955569343
0.721632162293997
0.721706464002282
0.721780855045582
0.721855329790858
0.721929882620717
0.722004507933492
0.72207920014331
0.722153953680173
0.722228762990027
0.722303622534838
0.722378526792668
0.722453470257744
0.722528447440533
0.722603452867815
0.722678481082756
0.722753526644979
0.722828584130638
0.722903648132485
0.722978713259951
0.723053774139204
0.723128825413232
0.723203861741906
0.723278877802054
0.723353868287529
0.723428827909279
0.723503751395419
0.723578633491295
0.723653468959558
0.72372825258023
0.72380297915077
0.723877643486147
0.723952240418903
0.724026764799222
0.724101211494996
0.724175575391893
0.724249851393423
0.724324034421002
0.724398119414017
0.724472101329896
0.724545975144168
0.724619735850527
0.724693378460902
0.724766898005513
0.72484028953294
0.724913548110185
0.72498666882273
0.725059646774608
0.725132477088455
0.725205154905579
0.725277675386019
0.725350033708604
0.725422225071013
0.725494244689839
0.725566087800646
0.725637749658026
0.725709225535662
0.725780510726384
0.725851600542226
0.725922490314486
0.725993175393781
0.726063651150106
0.726133912972889
0.726203956271045
0.726273776473035
0.726343369026918
0.726412729400409
0.726481853080929
0.726550735575663
0.726619372411607
0.726687759135631
0.72675589131452
0.726823764535035
0.726891374403959
0.72695871654815
0.727025786614592
0.727092580270445
0.727159093203094
0.727225321120199
0.727291259749743
0.727356904840079
0.727422252159983
0.727487297498695
0.727552036665971
0.727616465492123
0.727680579828075
0.727744375545397
0.727807848536357
0.727870994713966
0.727933810012018
0.727996290385134
0.728058431808807
0.728120230279446
0.728181681814413
0.728242782452067
0.728303528251807
0.728363915294109
0.728423939680568
0.728483597533937
0.728542884998165
0.728601798238437
0.728660333441211
0.728718486814256
0.728776254586687
0.728833633009003
0.728890618353123
0.72894720691242
0.729003395001757
0.729059178957521
0.729114555137654
0.729169519921691
0.729224069710789
0.729278200927759
0.729331910017099
0.729385193445026
0.729438047699503
0.729490469290272
0.72954245474888
0.729594000628712
0.729645103505017
0.729695759974935
0.729745966657523
0.729795720193787
0.729845017246701
0.729893854501239
0.729942228664394
0.729990136465206
0.730037574654785
0.730084540006333
0.730131029315169
0.730177039398747
0.730222567096683
0.730267609270771
0.730312162805005
0.730356224605601
0.730399791601013
0.730442860741953
0.730485429001408
0.73052749337466
0.7305690508793
0.730610098555245
0.730650633464757
0.730690652692452
0.730730153345321
0.730769132552739
0.73080758746648
0.730845515260732
0.730882913132106
0.73091977829965
0.73095610800486
0.730991899511686
0.731027150106549
0.731061857098346
0.73109601781846
0.731129629620765
0.731162689881639
0.731195195999968
0.731227145397152
0.73125853551711
0.731289363826289
0.731319627813664
0.731349324990745
0.73137845289158
0.731407009072757
0.731434991113405
0.7314623966152
0.731489223202362
0.731515468521656
0.731541130242393
0.731566206056431
0.731590693678168
0.731614590844547
0.731637895315048
0.731660604871689
0.731682717319018
0.731704230484113
0.731725142216577
0.731745450388527
0.731765152894594
0.731784247651915
0.731802732600125
0.731820605701348
0.731837864940191
0.731854508323734
0.73187053388152
0.731885939665547
0.731900723750252
0.731914884232507
0.731928419231602
0.731941326889234
0.731953605369495
0.731965252858856
0.731976267566155
0.73198664772258
0.731996391581658
0.732005497419233
0.732013963533454
0.732021788244757
0.732028969895846
0.732035506851676
0.732041397499434
0.732046640248519
0.732051233530524
0.732055175799211
0.732058465530495
0.732061101222422
0.732063081395143
0.732064404590892
0.732065069373966
0.7320650743307
0.732064418069441
0.732063099220522
0.732061116436239
0.732058468390826
0.732055153780424
0.732051171323057
0.732046519758604
0.732041197848769
0.732035204377053
0.732028538148726
0.732021197990796
0.732013182751978
0.732004491302662
0.731995122534884
0.731985075362294
0.731974348720119
0.731962941565136
0.731950852875633
0.731938081651378
0.731924626913583
0.731910487704869
0.73189566308923
0.731880152151999
0.731863953999804
0.731847067760541
0.731829492583328
0.731811227638469
0.731792272117419
0.731772625232736
0.731752286218052
0.731731254328022
0.731709528838291
0.731687109045448
0.731663994266987
0.731640183841263
0.731615677127448
0.731590473505492
0.731564572376073
0.731537973160558
0.731510675300957
0.731482678259874
0.731453981520466
0.731424584586395
0.73139448698178
0.731363688251152
0.731332187959405
0.731299985691748
0.731267081053657
0.731233473670824
0.731199163189112
0.731164149274501
0.731128431613038
0.731092009910787
0.73105488389378
0.73101705330796
0.730978517919134
0.730939277512917
0.730899331894683
0.730858680889504
0.730817324342106
0.730775262116807
0.730732494097465
0.730689020187423
0.730644840309454
0.730599954405704
0.730554362437636
0.730508064385973
0.730461060250641
0.730413350050711
0.730364933824342
0.730315811628723
0.730265983540011
0.730215449653276
0.730164210082439
0.730112264960212
0.730059614438041
0.73000625868604
0.729952197892934
0.729897432265996
0.729841962030985
0.729785787432086
0.729728908731844
0.729671326211105
0.729613040168949
0.729554050922629
0.729494358807508
0.72943396417699
0.729372867402462
0.729311068873224
0.729248568996424
0.729185368196997
0.729121466917594
0.729056865618518
0.728991564777657
0.728925564890419
0.72885886646966
0.728791470045623
0.728723376165865
0.728654585395192
0.728585098315587
0.728514915526148
0.72844403764301
0.728372465299283
0.728300199144981
0.728227239846949
0.728153588088796
0.728079244570823
0.728004210009954
0.727928485139663
0.727852070709906
0.727774967487044
0.727697176253776
0.727618697809068
0.727539532968077
0.727459682562078
0.727379147438396
0.72729792846033
0.727216026507081
0.727133442473675
0.727050177270894
0.726966231825202
0.726881607078666
0.726796303988887
0.726710323528924
0.726623666687216
0.726536334467513
0.726448327888794
0.726359647985199
0.726270295805947
0.726180272415265
0.726089578892307
0.725998216331084
0.725906185840384
0.725813488543694
0.725720125579128
0.725626098099346
0.725531407271479
0.725436054277051
0.725340040311905
0.725243366586118
0.725146034323931
0.725048044763667
0.724949399157654
0.72485009877215
0.724750144887257
0.724649538796851
0.7245482818085
0.724446375243382
0.724343820436214
0.724240618735166
0.724136771501785
0.724032280110916
0.723927145950621
0.723821370422103
0.723714954939624
0.723607900930424
0.723500209834645
0.723391883105249
0.723282922207939
0.723173328621077
0.723063103835608
0.722952249354975
0.722840766695043
0.722728657384017
0.722615922962361
0.722502564982718
0.722388585009831
0.722273984620459
0.722158765403301
0.722042928958911
0.721926476899621
0.721809410849456
0.721691732444059
0.721573443330603
0.721454545167717
0.7213350396254
0.721214928384942
0.721094213138844
0.720972895590735
0.720850977455293
0.720728460458161
0.720605346335869
0.720481636835752
0.720357333715866
0.720232438744914
0.720106953702155
0.719980880377331
0.719854220570582
0.719726976092367
0.719599148763382
0.719470740414475
0.719341752886573
0.719212188030595
0.71908204770737
0.718951333787562
0.718820048151583
0.718688192689516
0.71855576930103
0.718422779895305
0.718289226390945
0.7181551107159
0.718020434807387
0.717885200611804
0.717749410084657
0.717613065190471
0.717476167902715
0.717338720203721
0.7172007240846
0.717062181545167
0.716923094593854
0.716783465247637
0.71664329553195
0.716502587480608
0.716361343135726
0.71621956454764
0.716077253774823
0.715934412883813
0.715791043949126
0.715647149053179
0.715502730286212
0.715357789746208
0.715212329538811
0.715066351777249
0.714919858582255
0.714772852081989
0.714625334411956
0.714477307714929
0.714328774140872
0.714179735846857
0.714030194996992
0.713880153762337
0.713729614320826
0.713578578857196
0.713427049562898
0.713275028636029
0.71312251828125
0.712969520709708
0.712816038138959
0.712662072792895
0.712507626901659
0.712352702701574
0.712197302435066
0.712041428350583
0.711885082702524
0.71172826775116
0.711570985762556
0.711413239008498
0.711255029766416
0.71109636031931
0.71093723295567
0.710777649969406
0.710617613659768
0.710457126331276
0.710296190293641
0.71013480786169
0.709972981355298
0.709810713099305
0.709648005423447
0.709484860662282
0.709321281155115
0.709157269245923
0.708992827283287
0.708827957620311
0.708662662614556
0.708496944627964
0.708330806026785
0.708164249181506
0.707997276466778
0.707829890261346
0.707662092947973
0.707493886913373
0.707325274548136
0.707156258246661
0.706986840407079
0.706817023431189
0.706646809724384
0.706476201695578
0.706305201757144
0.706133812324834
0.705962035817719
0.705789874658112
0.705617331271504
0.705444408086492
0.705271107534711
0.705097432050767
0.704923384072166
0.70474896603925
0.704574180395124
0.704399029585593
0.704223516059091
0.704047642266619
0.703871410661672
0.703694823700177
0.703517883840423
0.703340593543
0.703162955270727
0.702984971488591
0.70280664466368
0.702627977265118
0.702448971763998
0.702269630633323
0.702089956347934
0.701909951384453
0.701729618221214
0.701548959338204
0.701367977216993
0.701186674340677
0.701005053193816
0.700823116262363
0.700640866033612
0.700458304996127
0.700275435639688
0.700092260455224
0.699908781934753
0.699725002571324
0.699540924858949
0.699356551292554
0.699171884367905
0.698986926581561
0.698801680430806
0.698616148413591
0.698430333028478
0.698244236774579
0.698057862151497
0.697871211659267
0.697684287798301
0.697497093069329
0.697309629973338
0.697121901011522
0.696933908685218
0.696745655495853
0.696557143944885
0.696368376533753
0.696179355763813
0.695990084136289
0.695800564152213
0.695610798312373
0.695420789117259
0.695230539067006
0.69504005066134
0.694849326399526
0.694658368780315
0.694467180301886
0.6942757634618
0.694084120756941
0.693892254683468
0.693700167736759
0.693507862411363
0.693315341200947
0.693122606598241
0.692929661094996
0.692736507181923
0.69254314734865
0.692349584083667
0.69215581987428
0.691961857206558
0.691767698565289
0.691573346433924
0.691378803294533
0.691184071627757
0.690989153912756
0.690794052627165
0.690598770247044
0.690403309246834
0.690207672099305
0.690011861275514
0.689815879244757
0.689619728474521
0.689423411430442
0.689226930576256
0.689030288373757
0.688833487282748
0.688636529761
0.688439418264206
0.688242155245938
0.688044743157603
0.687847184448398
0.687649481565266
0.68745163695286
0.687253653053492
0.687055532307093
0.686857277151176
0.686658890020787
0.686460373348468
0.686261729564216
0.686062961095438
0.685864070366916
0.685665059800763
0.685465931816384
0.685266688830436
0.68506733325679
0.684867867506488
0.68466829398771
0.684468615105731
0.684268833262883
0.68406895085852
0.683868970288977
0.683668893947533
0.683468724224377
0.683268463506566
0.683068114177995
0.682867678619352
0.682667159208092
0.682466558318393
0.682265878321125
0.682065121583812
0.681864290470602
0.681663387342226
0.681462414555968
0.68126137446563
0.681060269421498
0.680859101770307
0.680657873855211
0.680456588015749
0.680255246587809
0.680053851903601
0.679852406291622
0.679650912076622
0.679449371579577
0.679247787117655
0.679046161004187
0.678844495548633
0.678642793056554
0.678441055829582
0.678239286165388
0.678037486357655
0.677835658696047
0.67763380546618
0.677431928949594
0.677230031423723
0.677028115161868
0.676826182433169
0.676624235502576
0.676422276630824
0.676220308074401
0.676018332085528
0.675816350912125
0.675614366797789
0.675412381981769
0.675210398698935
0.675008419179756
0.674806445650275
0.674604480332081
0.674402525442288
0.674200583193505
0.673998655793819
0.673796745446764
0.6735948543513
0.673392984701789
0.673191138687974
0.672989318494953
0.672787526303154
0.672585764288321
0.672384034621482
0.672182339468931
0.671980680992209
0.671779061348076
0.671577482688497
0.671375947160613
0.671174456906728
0.670973014064283
0.670771620765836
0.670570279139045
0.670368991306646
0.670167759386433
0.669966585491239
0.669765471728917
0.669564420202323
0.669363433009293
0.669162512242627
0.668961659990072
0.668760878334303
0.668560169352903
0.668359535118349
0.668158977697992
0.667958499154042
0.667758101543551
0.667557786918393
0.667357557325251
0.667157414805602
0.666957361395698
0.66675739912655
0.666557530023915
0.666357756108282
0.66615807939485
0.665958501893521
0.665759025608881
0.665559652540187
0.665360384681353
0.665161224020936
0.664962172542121
0.664763232222708
0.6645644050351
0.664365692946289
0.664167097917843
0.663968621905893
0.663770266861121
0.663572034728748
0.663373927448522
0.663175946954705
0.662978095176062
0.66278037403585
0.662582785451806
0.662385331336139
0.662188013595511
0.661990834131038
0.66179379483827
0.661596897607185
0.661400144322177
0.661203536862049
0.661007077100001
0.660810766903621
0.660614608134877
0.660418602650104
0.660222752300001
0.660027058929617
0.659831524378346
0.659636150479918
0.659440939062387
0.659245891948129
0.659051010953831
0.658856297890483
0.658661754563372
0.658467382772073
0.658273184310446
0.658079160966622
0.657885314523004
0.657691646756255
0.657498159437295
0.657304854331291
0.657111733197657
0.656918797790041
0.656726049856324
0.656533491138615
0.656341123373241
0.656148948290748
0.65595696761589
0.655765183067629
0.655573596359127
0.655382209197743
0.655191023285029
0.655000040316725
0.654809261982754
0.654618689967222
0.654428325948408
0.654238171598766
0.654048228584921
0.653858498567661
0.653668983201939
0.653479684136869
0.65329060301572
0.653101741475918
0.652913101149041
0.652724683660814
0.652536490631114
0.652348523673961
0.652160784397519
0.651973274404094
0.651785995290131
0.651598948646216
0.65141213605707
0.651225559101553
0.651039219352655
0.650853118377505
0.650667257737363
0.650481638987622
0.650296263677805
0.650111133351569
0.649926249546701
0.649741613795119
0.649557227622873
0.649373092550142
0.649189210091237
0.649005581754603
0.648822209042812
0.648639093452574
0.648456236474729
0.648273639594251
0.648091304290251
0.647909232035976
0.647727424298807
0.647545882540269
0.647364608216021
0.647183602775869
0.647002867663758
0.646822404317781
0.646642214170176
0.646462298647329
0.646282659169778
0.646103297152215
0.645924214003485
0.645745411126593
0.645566889918701
0.645388651771138
0.645210698069394
0.645033030193131
0.64485564951618
0.644678557406547
0.644501755226415
0.644325244332147
0.644149026074292
0.643973101797584
0.643797472840948
0.643622140537504
0.64344710621457
0.643272371193665
0.643097936790514
0.642923804315051
0.642749975071424
0.642576450358
0.642403231467366
0.642230319686335
0.642057716295953
0.641885422571498
0.641713439782489
0.64154176919269
0.641370412060113
0.641199369637024
0.641028643169947
0.64085823389967
0.640688143061249
0.640518371884015
0.640348921591576
0.640179793401825
0.640010988526945
0.639842508173412
0.639674353542004
0.639506525827802
0.639339026220202
0.639171855902915
0.639005016053974
0.638838507845742
0.638672332444916
0.638506491012532
0.638340984703974
0.638175814668977
0.638010982051637
0.63784648799041
0.637682333618128
0.637518520061996
0.637355048443606
0.637191919878938
0.637029135478367
0.636866696346673
0.636704603583047
0.636542858281092
0.636381461528837
0.636220414408739
0.636059717997692
0.635899373367033
0.635739381582548
0.635579743704481
0.635420460787542
0.635261533880907
0.635102964028234
0.634944752267665
0.634786899631834
0.634629407147875
0.634472275837428
0.634315506716647
0.63415910079621
0.634003059081319
0.633847382571716
0.633692072261686
0.633537129140062
0.63338255419024
0.633228348390179
0.633074512712413
0.632921048124057
0.632767955586815
0.632615236056988
0.63246289048548
0.632310919817809
0.632159324994111
0.632008106949152
0.631857266612333
0.631706804907696
0.631556722753936
0.631407021064409
0.631257700747136
0.631108762704813
0.63096020783482
0.630812037029227
0.630664251174806
0.630516851153033
0.630369837840102
0.630223212106927
0.630076974819158
0.629931126837181
0.629785669016131
0.6296406022059
0.629495927251143
0.629351644991288
0.629207756260544
0.629064261887908
0.628921162697173
0.628778459506942
0.628636153130626
0.628494244376461
0.628352734047513
0.628211622941688
0.628070911851734
0.62793060156526
0.627790692864735
0.627651186527501
0.627512083325779
0.627373384026682
0.627235089392216
0.627097200179294
0.626959717139743
0.626822641020312
0.626685972562679
0.626549712503464
0.626413861574231
0.6262784205015
0.626143390006757
0.626008770806459
0.625874563612044
0.625740769129939
0.625607388061568
0.625474421103361
0.625341868946764
0.625209732278244
0.625078011779298
0.624946708126466
0.624815821991331
0.624685354040536
0.624555304935786
0.62442567533386
0.624296465886617
0.624167677241008
0.624039310039077
0.623911364917979
0.62378384250998
0.623656743442469
0.623530068337968
0.623403817814135
0.623277992483778
0.623152592954858
0.623027619830503
0.622903073709011
0.622778955183859
0.622655264843715
0.622532003272442
0.622409171049108
0.622286768747994
0.6221647969386
0.622043256185659
0.621922147049137
0.621801470084248
0.621681225841458
0.621561414866493
0.62144203770035
0.621323094879302
0.621204586934909
0.621086514394021
0.620968877778792
0.620851677606683
0.620734914390471
0.620618588638261
0.620502700853486
0.620387251534923
0.620272241176694
0.620157670268277
0.620043539294517
0.619929848735626
0.619816599067196
0.619703790760205
0.619591424281028
0.619479500091437
0.619368018648616
0.619256980405166
0.61914638580911
0.619036235303905
0.618926529328446
0.618817268317075
0.618708452699587
0.618600082901238
0.618492159342756
0.61838468244034
0.618277652605675
0.618171070245936
0.618064935763794
0.617959249557429
0.617854012020526
0.617749223542296
0.61764488450747
0.617540995296315
0.617437556284639
0.617334567843794
0.617232030340688
0.617129944137788
0.61702830959313
0.616927127060323
0.616826396888559
0.616726119422615
0.616626295002866
0.616526923965285
0.616428006641455
0.61632954335857
0.61623153443945
0.616133980202539
0.616036880961914
0.615940237027295
0.615844048704047
0.615748316293189
0.615653040091397
0.615558220391014
0.615463857480056
0.615369951642216
0.615276503156868
0.615183512299081
0.615090979339617
0.614998904544941
0.614907288177225
0.614816130494358
0.614725431749945
0.61463519219332
0.614545412069545
0.614456091619424
0.614367231079498
0.614278830682062
0.614190890655162
0.614103411222603
0.614016392603959
0.613929835014571
0.613843738665557
0.613758103763817
0.613672930512039
0.613588219108699
0.613503969748075
0.613420182620244
0.613336857911093
0.613253995802319
0.61317159647144
0.613089660091794
0.613008186832548
0.612927176858701
0.61284663033109
0.612766547406392
0.612686928237135
0.612607772971695
0.612529081754306
0.612450854725061
0.612373092019922
0.612295793770718
0.612218960105152
0.612142591146808
0.612066687015152
0.611991247825537
0.611916273689208
0.611841764713306
0.611767721000872
0.611694142650851
0.611621029758096
0.611548382413372
0.611476200703361
0.611404484710664
0.611333234513806
0.611262450187239
0.611192131801347
0.61112227942245
0.611052893112804
0.61098397293061
0.610915518930012
0.610847531161106
0.610780009669938
0.610712954498511
0.610646365684788
0.610580243262694
0.610514587262119
0.610449397708922
0.610384674624935
0.610320418027964
0.610256627931794
0.61019330434619
0.610130447276901
0.610068056725664
0.610006132690202
0.609944675164234
0.609883684137472
0.609823159595626
0.609763101520405
0.609703509889521
0.609644384676692
0.609585725851642
0.609527533380105
0.609469807223828
0.60941254734057
0.609355753684109
0.609299426204239
0.609243564846778
0.609188169553563
0.609133240262458
0.609078776907351
0.609024779418162
0.608971247720838
0.60891818173736
0.608865581385741
0.608813446580029
0.608761777230311
0.608710573242711
0.608659834519393
0.608609560958561
0.608559752454464
0.608510408897392
0.608461530173683
0.60841311616572
0.608365166751933
0.608317681806802
0.608270661200857
0.608224104800675
0.608178012468889
0.608132384064182
0.608087219441291
0.608042518451007
0.607998280940176
0.607954506751699
0.607911195724532
0.60786834769369
0.607825962490243
0.60778403994132
0.607742579870107
0.607701582095848
0.607661046433847
0.607620972695465
0.607581360688122
0.6075422102153
0.607503521076535
0.607465293067428
0.607427525979635
0.607390219600872
0.607353373714915
0.607316988101597
0.607281062536811
0.607245596792507
0.607210590636695
0.607176043833439
0.607141956142862
0.607108327321143
0.607075157120518
0.607042445289278
0.607010191571766
0.606978395708382
0.606947057435579
0.60691617648586
0.606885752587781
0.606855785465949
0.606826274841019
0.606797220429697
0.606768621944734
0.606740479094929
0.606712791585126
0.606685559116211
0.606658781385115
0.606632458084809
0.606606588904307
0.606581173528657
0.606556211638946
0.606531702912299
0.606507647021871
0.606484043636853
0.606460892422464
0.606438193039954
0.606415945146599
0.606394148395701
0.606372802436586
0.606351906914601
0.606331461471112
0.606311465743505
0.606291919365181
0.606272821965552
0.606254173170046
0.606235972600096
0.606218219873146
0.60620091460264
0.60618405639803
0.606167644864764
0.606151679604289
0.606136160214047
0.606121086287473
0.606106457413993
0.606092273179019
0.606078533163949
0.606065236946163
0.606052384099021
0.606039974191858
0.606028006789984
0.606016481454683
0.606005397743202
0.605994755208757
0.605984553400525
0.605974791863643
0.605965470139203
0.605956587764252
0.605948144271785
0.605940139190745
0.605932572046019
0.605925442358433
0.605918749644751
0.605912493417671
0.605906673185819
0.605901288453752
0.605896338721945
0.605891823486799
0.605887742240628
0.605884094471657
0.605880879664025
0.605878097297773
0.605875746848845
0.605873827789084
0.605872339586226
0.605871281703899
0.605870653601616
0.605870454734775
0.605870684554653
0.6058713425084
0.605872428039039
0.605873940585461
0.605875879582419
0.605878244460523
0.605881034646243
0.605884249561896
0.605887888625648
0.605891951251505
0.605896436849315
0.605901344824757
0.605906674579341
0.605912425510403
0.6059185970111
0.605925188470406
0.605932199273106
0.605939628799796
0.605947476426873
0.605955741526534
0.605964423466771
0.605973521611367
0.605983035319888
0.605992963947684
0.606003306845879
0.60601406336137
0.60602523283682
0.606036814610657
0.606048808017065
0.60606121238598
0.606074027043089
0.606087251309819
0.606100884503341
0.606114925936553
0.60612937491809
0.606144230752304
0.606159492739271
0.606175160174781
0.606191232350332
0.606207708553128
0.606224588066071
0.606241870167762
0.606259554132486
0.606277639230219
0.606296124726611
0.606315009882992
0.606334293956358
0.606353976199371
0.606374055860355
0.606394532183284
0.606415404407786
0.60643667176913
0.606458333498227
0.606480388821621
0.606502836961484
0.606525677135614
0.606548908557427
0.606572530435951
0.606596541975825
0.60662094237729
0.606645730836185
0.60667090654394
0.606696468687578
0.606722416449699
0.606748749008482
0.60677546553768
0.606802565206609
0.606830047180151
0.606857910618741
0.606886154678365
0.606914778510558
0.606943781262394
0.60697316207648
0.607002920090957
0.607033054439489
0.607063564251261
0.607094448650969
0.607125706758823
0.607157337690535
0.607189340557315
0.607221714465867
0.607254458518385
0.607287571812543
0.607321053441497
0.607354902493871
0.607389118053762
0.607423699200726
0.607458645009775
0.607493954551378
0.607529626891445
0.607565661091333
0.607602056207832
0.607638811293166
0.607675925394984
0.607713397556356
0.607751226815769
0.607789412207123
0.60782795275972
0.607866847498266
0.607906095442863
0.607945695609004
0.607985647007566
0.60802594864481
0.608066599522371
0.608107598637257
0.608148944981841
0.608190637543858
0.6082326753064
0.608275057247909
0.608317782342177
0.608360849558335
0.608404257860854
0.608448006209534
0.608492093559508
0.608536518861227
0.608581281060464
0.608626379098305
0.608671811911145
0.608717578430683
0.60876367758392
0.608810108293151
0.608856869475964
0.60890396004523
0.608951378909107
0.608999124971028
0.609047197129699
0.609095594279098
0.609144315308467
0.609193359102306
0.609242724540374
0.609292410497683
0.609342415844492
0.609392739446303
0.609443380163861
0.609494336853145
0.609545608365367
0.609597193546965
0.609649091239605
0.609701300280171
0.609753819500765
0.6098066477287
0.609859783786502
0.609913226491897
0.60996697465782
0.610021027092398
0.610075382598958
0.610130039976016
0.610184998017277
0.61024025551163
0.610295811243147
0.610351663991077
0.610407812529846
0.61046425562905
0.610520992053456
0.610578020562995
0.610635339912763
0.610692948853015
0.610750846129163
0.610809030481776
0.610867500646573
0.610926255354423
0.61098529333134
0.611044613298485
0.611104213972159
0.611164094063802
0.611224252279995
0.611284687322448
0.611345397888008
0.611406382668651
0.611467640351482
0.611529169618733
0.61159096914776
0.611653037611042
0.61171537367618
0.611777976005895
0.611840843258023
0.61190397408552
0.611967367136456
0.612031021054014
0.612094934476489
0.61215910603729
0.612223534364932
0.612288218083043
0.612353155810357
0.612418346160716
0.612483787743069
0.61254947916147
0.612615419015078
0.612681605898158
0.612748038400079
0.612814715105314
0.61288163459344
0.612948795439136
0.613016196212187
0.613083835477481
0.613151711795007
0.613219823719863
0.613288169802247
0.613356748587465
0.613425558615925
0.613494598423143
0.613563866539741
0.61363336149145
0.613703081799107
0.613773025978659
0.613843192541164
0.613913579992793
0.613984186834828
0.614055011563665
0.61412605267082
0.614197308642922
0.614268777961722
0.614340459104094
0.614412350542032
0.614484450742658
0.61455675816822
0.614629271276099
0.614701988518804
0.614774908343984
0.614848029194423
0.614921349508046
0.614994867717922
0.615068582252267
0.615142491534445
0.615216593982975
0.615290888011532
0.61536537202895
0.615440044439229
0.615514903641533
0.615589948030201
0.615665175994745
0.615740585919857
0.615816176185415
0.615891945166481
0.615967891233315
0.616044012751371
0.616120308081308
0.616196775578989
0.616273413595493
0.616350220477116
0.616427194565375
0.616504334197018
0.616581637704028
0.616659103413624
0.616736729648276
0.616814514725704
0.616892456958886
0.616970554656064
0.617048806120754
0.617127209651749
0.617205763543125
0.617284466084251
0.617363315559796
0.617442310249734
0.617521448429351
0.617600728369258
0.617680148335391
0.617759706589026
0.61783940138678
0.617919230980627
0.617999193617899
0.618079287541299
0.618159510988911
0.618239862194201
0.618320339386036
0.618400940788687
0.618481664621839
0.618562509100601
0.618643472435518
0.618724552832577
0.61880574849322
0.618887057614349
0.618968478388347
0.619050009003075
0.619131647641893
0.619213392483666
0.619295241702777
0.619377193469136
0.619459245948193
0.619541397300951
0.619623645683974
0.6197059892494
0.619788426144958
0.61987095451397
0.619953572495376
0.620036278223735
0.620119069829246
0.620201945437756
0.620284903170776
0.620367941145495
0.620451057474788
0.620534250267238
0.620617517627143
0.620700857654533
0.620784268445184
0.620867748090633
0.620951294678192
0.621034906290962
0.62111858100785
0.621202316903584
0.621286112048725
0.621369964509689
0.621453872348756
0.62153783362409
0.621621846389757
0.621705908695735
0.621790018587937
0.621874174108225
0.621958373294427
0.622042614180355
0.622126894795823
0.622211213166661
0.622295567314739
0.622379955257979
0.622464375010379
0.622548824582024
0.622633301979114
0.622717805203975
0.622802332255082
0.622886881127078
0.622971449810792
0.623056036293261
0.623140638557748
0.623225254583763
0.623309882347084
0.623394519819776
0.623479164970214
0.623563815763101
0.623648470159494
0.62373312611682
0.623817781588901
0.623902434525977
0.623987082874723
0.624071724578279
0.624156357576265
0.624240979804809
0.624325589196567
0.62441018368075
0.624494761183142
0.624579319626129
0.62466385692872
0.624748371006572
0.624832859772014
0.624917321134074
0.625001752998498
0.625086153267784
0.625170519841198
0.625254850614807
0.6253391434815
0.625423396331016
0.62550760704997
0.625591773521882
0.625675893627197
0.625759965243321
0.62584398624464
0.625927954502552
0.626011867885496
0.626095724258973
0.626179521485583
0.626263257425049
0.626346929934243
0.62643053686722
0.626514076075245
0.626597545406823
0.626680942707725
0.626764265821025
0.626847512587122
0.626930680843778
0.627013768426142
0.627096773166786
0.627179692895732
0.627262525440487
0.627345268626071
0.627427920275054
0.62751047820758
0.627592940241409
0.627675304191941
0.627757567872255
0.627839729093138
0.62792178566312
0.62800373538851
0.628085576073424
0.628167305519824
0.628248921527552
0.628330421894361
0.628411804415955
0.628493066886018
0.628574207096256
0.628655222836426
0.62873611189438
0.62881687205609
0.628897501105695
0.628977996825532
0.629058356996175
0.62913857939647
0.629218661803572
0.629298601992989
0.62937839773861
0.629458046812753
0.629537546986193
0.629616896028213
0.629696091706631
0.629775131787846
0.629854014036878
0.629932736217401
0.630011296091792
0.630089691421165
0.630167919965411
0.630245979483245
0.630323867732239
0.63040158246887
0.630479121448555
0.6305564824257
0.630633663153736
0.630710661385165
0.630787474871599
0.630864101363806
0.630940538611752
0.631016784364644
0.631092836370973
0.63116869237856
0.631244350134595
0.631319807385689
0.631395061877912
0.631470111356841
0.631544953567603
0.631619586254923
0.631694007163168
0.631768214036393
0.631842204618386
0.631915976652717
0.631989527882783
0.632062856051853
0.63213595890312
0.632208834179743
0.6322814796249
0.632353892981831
0.632426071993886
0.632498014404581
0.632569717957637
0.632641180397035
0.632712399467061
0.632783372912361
0.632854098477985
0.632924573909439
0.632994796952738
0.633064765354451
0.633134476861756
0.633203929222488
0.633273120185194
0.633342047499179
0.633410708914562
0.633479102182328
0.633547225054376
0.633615075283575
0.633682650623817
0.633749948830066
0.633816967658417
0.633883704866143
0.633950158211753
0.634016325455045
0.634082204357159
0.634147792680633
0.634213088189454
0.634278088649119
0.634342791826684
0.634407195490823
0.634471297411881
0.634535095361934
0.634598587114837
0.634661770446291
0.63472464313389
0.634787202957184
0.634849447697732
0.63491137513916
0.634972983067222
0.635034269269852
0.635095231537226
0.635155867661819
0.635216175438462
0.635276152664401
0.635335797139359
0.635395106665591
0.635454079047943
0.635512712093916
0.63557100361372
0.635628951420339
0.635686553329588
0.635743807160173
0.635800710733754
0.635857261875002
0.635913458411667
0.63596929817463
0.63602477899797
0.636079898719027
0.636134655178458
0.636189046220304
0.636243069692051
0.636296723444691
0.636350005332787
0.636402913214534
0.636455444951821
0.636507598410299
0.636559371459438
0.636610761972597
0.636661767827083
0.636712386904216
0.636762617089397
0.636812456272166
0.636861902346273
0.636910953209739
0.636959606764921
0.637007860918579
0.63705571358194
0.637103162670764
0.63715020610541
0.637196841810902
0.637243067716993
0.637288881758235
0.637334281874042
0.637379266008759
0.637423832111727
0.637467978137351
0.637511702045166
0.637555001799907
0.637597875371573
0.637640320735497
0.637682335872413
0.637723918768522
0.637765067415565
0.637805779810886
0.637846053957503
0.637885887864178
0.63792527954548
0.637964227021861
0.638002728319722
0.638040781471478
0.638078384515636
0.638115535496856
0.638152232466026
0.638188473480328
0.638224256603311
0.638259579904961
0.638294441461765
0.638328839356791
0.63836277167975
0.638396236527071
0.63842923200197
0.638461756214521
0.638493807281727
0.63852538332759
0.638556482483184
0.638587102886725
0.638617242683641
0.638646900026645
0.638676073075807
0.638704759998625
0.638732958970094
0.638760668172782
0.638787885796901
0.638814610040377
0.638840839108921
0.638866571216108
0.63889180458344
0.638916537440426
0.638940768024648
0.638964494581841
0.638987715365957
0.639010428639244
0.639032632672317
0.63905432574423
0.639075506142547
0.639096172163421
0.639116322111661
0.639135954300805
0.6391550670532
0.639173658700066
0.639191727581575
0.639209272046924
0.639226290454404
0.639242781171478
0.639258742574854
0.639274173050555
0.639289070993995
0.639303434810052
0.639317262913141
0.639330553727289
0.639343305686207
0.639355517233363
0.639367186822059
0.639378312915499
0.639388893986869
0.639398928519405
0.639408415006471
0.63941735195163
0.639425737868717
0.639433571281918
0.639440850725834
0.639447574745566
0.63945374189678
0.639459350745781
0.639464399869595
0.639468887856034
0.639472813303769
0.639476174822412
0.639478971032581
0.639481200565979
0.639482862065464
0.639483954185123
0.639484475590346
0.639484424957903
0.639483800976008
0.639482602344403
0.639480827774422
0.639478475989072
0.639475545723099
0.639472035723065
0.639467944747424
0.639463271566586
0.639458014962997
0.639452173731212
0.639445746677963
0.639438732622235
0.639431130395336
0.639422938840975
0.639414156815326
0.639404783187107
0.63939481683765
0.639384256660973
0.639373101563851
0.639361350465889
0.639349002299595
0.63933605601045
0.639322510556977
0.63930836491082
0.639293618056806
0.639278268993025
0.639262316730895
0.639245760295233
0.639228598724332
0.639210831070024
0.639192456397755
0.639173473786656
0.639153882329609
0.639133681133321
0.639112869318394
0.639091446019391
0.639069410384911
0.639046761577656
0.639023498774497
0.63899962116655
0.638975127959239
0.638950018372369
0.638924291640192
0.638897947011477
0.638870983749577
0.638843401132499
0.638815198452971
0.638786375018508
0.638756930151484
0.638726863189195
0.638696173483928
0.638664860403027
0.638632923328963
0.638600361659396
0.638567174807244
0.63853336220075
0.638498923283544
0.638463857514713
0.638428164368866
0.638391843336196
0.638354893922547
0.63831731564948
0.638279108054336
0.638240270690301
0.638200803126468
0.638160704947904
0.638119975755713
0.638078615167098
0.638036622815422
0.637993998350276
0.63795074143754
0.637906851759441
0.637862329014619
0.63781717291819
0.637771383201803
0.637724959613705
0.637677901918799
0.637630209898709
0.637581883351834
0.637532922093413
0.637483325955585
0.637433094787445
0.637382228455104
0.63733072684175
0.637278589847707
0.637225817390489
0.637172409404863
0.6371183658429
0.637063686674043
0.637008371885152
0.636952421480569
0.636895835482172
0.636838613929428
0.636780756879455
0.63672226440707
0.636663136604852
0.63660337358319
0.636542975470339
0.636481942412476
0.636420274573755
0.636357972136354
0.636295035300534
0.636231464284689
0.6361672593254
0.636102420677484
0.636036948614047
0.635970843426538
0.635904105424795
0.635836734937098
0.635768732310219
0.635700097909473
0.635630832118762
0.635560935340632
0.635490407996314
0.635419250525777
0.635347463387775
0.635275047059891
0.635202002038589
0.635128328839258
0.635054027996256
0.634979100062962
0.634903545611815
0.634827365234362
0.634750559541302
0.634673129162533
0.634595074747189
0.634516396963691
0.634437096499786
0.634357174062587
0.634276630378622
0.63419546619387
0.634113682273805
0.634031279403434
0.633948258387341
0.633864620049726
0.633780365234441
0.633695494805035
0.633610009644788
0.633523910656751
0.633437198763784
0.633349874908593
0.633261940053767
0.633173395181813
0.633084241295196
0.632994479416369
0.632904110587814
0.632813135872072
0.632721556351778
0.632629373129698
0.632536587328758
0.63244320009208
0.632349212583012
0.632254625985163
0.63215944150243
0.632063660359033
0.631967283799543
0.631870313088915
0.631772749512512
0.631674594376142
0.631575849006078
0.631476514749094
0.631376592972487
0.631276085064106
0.63117499243238
0.631073316506343
0.63097105873566
0.630868220590651
0.630764803562318
0.63066080916237
0.630556238923241
0.630451094398122
0.630345377160975
0.630239088806563
0.630132230950467
0.630024805229107
0.629916813299769
0.629808256840618
0.629699137550721
0.629589457150069
0.629479217379589
0.629368420001171
0.629257066797678
0.629145159572971
0.629032700151918
0.628919690380417
0.628806132125408
0.62869202727489
0.628577377737937
0.628462185444709
0.628346452346469
0.628230180415595
0.628113371645594
0.627996028051115
0.627878151667956
0.627759744553082
0.627640808784633
0.627521346461934
0.627401359705504
0.62728085065707
0.62715982147957
0.627038274357164
0.626916211495244
0.626793635120439
0.62667054748062
0.626546950844913
0.626422847503696
0.626298239768613
0.626173129972572
0.626047520469755
0.625921413635616
0.625794811866892
0.625667717581597
0.625540133219033
0.625412061239785
0.625283504125727
0.625154464380021
0.625024944527115
0.624894947112751
0.624764474703953
0.624633529889036
0.624502115277599
0.624370233500523
0.624237887209972
0.624105079079386
0.623971811803481
0.62383808809824
0.623703910700915
0.623569282370016
0.62343420588531
0.623298684047812
0.62316271967978
0.623026315624707
0.622889474747317
0.622752199933552
0.622614494090565
0.622476360146716
0.622337801051556
0.622198819775821
0.622059419311421
0.621919602671428
0.621779372890066
0.621638733022702
0.621497686145826
0.621356235357048
0.621214383775077
0.621072134539713
0.620929490811829
0.620786455773359
0.620643032627284
0.620499224597611
0.620355034929363
0.620210466888563
0.620065523762213
0.619920208858278
0.619774525505671
0.619628477054233
0.619482066874713
0.619335298358754
0.619188174918868
0.619040699988418
0.6188928770216
0.61874470949342
0.618596200899674
0.618447354756925
0.618298174602483
0.618148663994381
0.617998826511352
0.617848665752811
0.617698185338821
0.61754738891008
0.617396280127889
0.61724486267413
0.617093140251243
0.616941116582193
0.616788795410455
0.616636180499976
0.616483275635158
0.616330084620823
0.616176611282192
0.616022859464852
0.615868833034729
0.615714535878063
0.615559971901372
0.61540514503143
0.61525005921523
0.615094718419959
0.614939126632967
0.614783287861734
0.614627206133838
0.614470885496927
0.614314330018685
0.6141575437868
0.61400053090893
0.613843295512672
0.613685841745529
0.613528173774872
0.613370295787914
0.613212211991668
0.613053926612916
0.612895443898175
0.612736768113658
0.612577903545243
0.612418854498435
0.61225962529833
0.612100220289577
0.611940643836344
0.61178090032228
0.611620994150478
0.611460929743436
0.611300711543021
0.611140344010429
0.61097983162615
0.610819178889925
0.610658390320709
0.610497470456635
0.610336423854968
0.610175255092072
0.610013968763365
0.609852569483281
0.609691061885232
0.609529450621563
0.609367740363514
0.609205935801176
0.609044041643456
0.608882062618027
0.608720003471296
0.60855786896835
0.608395663892927
0.608233393047364
0.608071061252558
0.607908673347926
0.607746234191357
0.607583748659172
0.607421221646081
0.607258658065137
0.607096062847695
0.606933440943371
0.60677079731999
0.606608136963549
0.60644546487817
0.606282786086058
0.606120105627453
0.605957428560589
0.605794759961646
0.605632104924708
0.605469468561717
0.605306856002427
0.605144272394362
0.604981722902765
0.60481921271056
0.604656747018301
0.604494331044128
0.604331970023722
0.604169669210259
0.604007433874364
0.603845269304067
0.603683180804752
0.603521173699118
0.603359253327128
0.603197425045964
0.603035694229982
0.602874066270666
0.602712546576579
0.602551140573321
0.60238985370348
0.602228691426584
0.602067659219062
0.601906762574187
0.601746007002041
0.601585398029459
0.601424941199989
0.601264642073844
0.601104506227855
0.600944539255424
0.600784746766482
0.600625134387437
0.600465707761133
0.600306472546799
0.600147434420009
0.59998859907263
0.59982997221278
0.599671559564781
0.599513366869111
0.599355399882363
0.599197664377195
0.599040166142287
0.598882910982294
0.598725904717801
0.598569153185278
0.598412662237035
0.598256437741177
0.598100485581558
0.597944811657737
0.597789421884932
0.597634322193977
0.597479518531278
0.597325016858767
0.597170823153858
0.597016943409403
0.59686338363365
0.596710149850195
0.596557248097945
0.596404684431067
0.596252464918951
0.596100595646163
0.595949082712405
0.595797932232469
0.595647150336197
0.595496743168441
0.595346716889014
0.595197077672653
0.595047831708979
0.594898985202451
0.594750544372326
0.594602515452621
0.594454904692068
0.594307718354078
0.594160962716695
0.594014644072562
0.593868768728877
0.593723343007356
0.59357837324419
0.593433865790012
0.593289827009852
0.593146263283104
0.593003181003483
0.592860586578991
0.592718486431877
0.592576886998599
0.592435794729791
0.592295216090223
0.592155157558764
0.59201562562835
0.591876626805941
0.591738167612495
0.591600254582924
0.591462894266067
0.591326093224647
0.591189858035247
0.591054195288265
0.590919111587892
0.590784613552069
0.590650707812462
0.590517401014423
0.590384699816965
0.590252610892723
0.590121140927928
0.589990296622378
0.589860084689398
0.58973051185582
0.589601584861949
0.589473310461534
0.589345695421738
0.589218746523112
0.589092470559565
0.588966874338338
0.588841964679973
0.588717748418292
0.588594232400366
0.58847142348649
0.588349328550159
0.58822795447804
0.588107308169951
0.587987396538833
0.587868226510729
0.58774980502476
0.5876321390331
0.587515235500958
0.587399101406549
0.587283743741082
0.587169169508729
0.587055385726613
0.58694239942478
0.586830217646186
0.586718847446675
0.586608295894959
0.586498570072603
0.586389677074003
0.586281624006374
0.58617441798973
0.586068066156866
0.585962575653349
0.585857953637493
0.585754207280353
0.585651343765708
0.585549370290046
0.585448294062549
0.585348122305086
0.585248862252196
0.58515052115108
0.585053106261586
0.5849566248562
0.584861084220039
0.584766491650836
0.584672854458936
0.584580179967283
0.584488475511416
0.584397748439461
0.58430800611212
0.584219255902671
0.584131505196957
0.584044761393385
0.583959031902917
0.58387432414907
0.583790645567909
0.583708003608048
0.583626405730643
0.583545859409394
0.583466372130539
0.58338795139286
0.583310604707677
0.583234339598849
0.58315916360278
0.583085084268413
0.583012109157239
0.582940245843293
0.582869501913164
0.582799884965993
0.58273140261348
0.582664062479889
0.582597872202055
0.582532839429384
0.582468971823867
0.582406277060082
0.582344762825204
0.582284436819015
0.582225306753907
0.582167380354898
0.582110665359639
0.582055169518424
0.582000900594204
0.581947866362595
0.581896074611893
0.581845533143086
0.581796249769868
0.581748232318652
0.581701488628588
0.581656026551571
0.581611853952264
0.581568978708113
0.581527408709361
0.581487151859066
0.581448216073121
0.581410609280272
0.581374339422139
0.581339414453228
0.581305842340963
0.581273631065697
0.581242788620739
0.581213323012374
0.581185242259885
0.581158554395577
0.5811332674648
0.581109389525977
0.581086928650621
0.581065892923368
0.581046290441997
0.581028129317461
0.581011417673912
0.580996163648727
0.580982375392538
0.580970061069261
0.580959228856122
0.580949886943689
0.580942043535904
0.580935706850108
0.580930885117078
0.580927586581055
0.580925819499778
0.580925592144516
0.5809269128001
0.580929789764959
0.580934231351153
0.580940245884409
0.580947841704154
0.58095702716355
0.580967810629534
0.580980200482854
0.5809942051181
0.58100983294375
0.581027092382203
0.581045991869819
0.581066539856957
0.581088744808015
0.581112615201472
0.581138159529924
0.581165386300127
0.581194304033039
0.581224921263861
0.581257246542078
0.581291288431502
0.581327055510316
0.581364556371115
0.581403799620952
0.58144479388138
0.581487547788497
0.581532069992993
0.581578369160189
0.581626453970092
0.581676333117432
0.581728015311713
0.581781509277257
0.581836823753255
0.581893967493809
0.581952949267984
0.582013777859851
0.582076462068541
0.58214101070829
0.582207432608488
0.582275736613728
0.582345931583856
0.582418026394021
0.582492029934723
0.582567951111867
0.582645798846806
0.582725582076401
0.582807309753064
0.582890990844813
0.582976634335324
0.583064249223978
0.583153844525917
0.583245429272093
0.583339012509323
0.583434603300338
0.583532210723835
0.583631843874533
0.583733511863224
0.583837223816822
0.583942988878422
0.584050816207348
0.584160714979207
0.584272694385944
0.584386763635892
0.584502931953828
0.584621208581025
0.584741602775303
0.584864123811086
0.584988780979454
0.585115583588192
0.585244540961852
0.585375662441795
0.585508957386254
0.585644435170381
0.585782105186303
0.585921976843171
0.586064059567218
0.586208362801809
0.58635489600749
0.586503668662048
0.586654690260556
0.586807970315429
0.586963518356474
0.587121343930944
0.587281456603586
0.587443865956694
0.58760858159016
0.587775613121527
0.587944970186031
0.588116662436664
0.588290699544211
0.588467091197307
0.588645847102486
0.588826976984225
0.589010490584996
0.589196397665315
0.589384708003786
0.58957543139715
0.589768577660331
0.589964156626484
0.590162178147039
0.590362652091745
0.590565588348719
0.590770996824486
0.590978887444022
0.591189270150802
0.591402154906839
0.591617551692723
0.591835470507668
0.592055921369549
0.592278914314943
0.592504459399167
0.592732566696317
0.592963246299304
0.593196508319896
0.593432362888748
0.593670820155439
0.593911890288509
0.594155583475489
0.594401909922938
0.59465087985647
0.594902503520788
0.595156791179712
0.595413753116211
0.595673399632427
0.595935741049706
0.596200787708619
0.596468549968993
0.596739038209928
0.597012262829827
0.59728823424641
0.597566962896739
0.597848459237238
0.598132733743707
0.59841979691134
0.598709659254743
0.599002331307945
0.599297823624412
0.599596146777058
0.599897311358256
0.600201327979845
0.60050820727314
0.600817959888932
0.6011305964975
0.601446127788608
0.601764564471507
0.602085917274935
0.602410196947118
0.602737414255761
0.603067579988045
0.60340070495062
0.603736799969598
0.604075875890537
0.604417943578435
0.60476301391771
0.605111097812188
0.605462206185083
0.605816349978975
0.606173540155795
0.606533787696792
0.606897103602513
0.607263498892773
0.607632984606624
0.608005571802325
0.608381271557304
0.608760094968125
0.609142053150445
0.609527157238978
0.609915418387443
0.610306847768529
0.610701456573835
0.611099256013828
0.611500257317787
0.611904471733743
0.612311910528427
0.612722584987205
0.613136506414015
0.6135536861313
0.613974135479944
0.61439786581919
0.614824888526575
0.615255214997849
0.615688856646892
0.616125824905635
0.616566131223971
0.617009787069668
0.617456803928272
0.617907193303018
0.618360966714726
0.618818135701703
0.619278711819633
0.619742706641474
0.620210131757345
0.620680998774409
0.621155319316755
0.621633105025277
0.622114367557549
0.622599118587694
0.623087369806255
0.623579132920052
0.624074419652051
0.624573241741212
0.625075610942346
0.625581539025963
0.626091037778114
0.626604119000236
0.627120794508986
0.627641076136073
0.628164975728086
0.628692505146323
0.629223676266606
0.629758500979098
0.630296991188115
0.630839158811934
0.631385015782593
0.631934574045692
0.632487845560186
0.63304484229817
0.63360557624467
0.634170059397416
0.634738303766622
0.635310321374753
0.63588612425629
0.636465724457491
0.637049134036147
0.637636365061328
0.638227429613134
0.638822339782429
0.639421107670578
0.640023745389176
0.640630265059772
0.641240678813585
0.64185499879122
0.642473237142371
0.643095406025529
0.643721517607669
0.64435158406395
0.644985617577389
0.645623630338549
0.646265634545205
0.646911642402011
0.647561666120165
0.648215717917055
0.648873810015917
0.649535954645468
0.650202164039544
0.650872450436732
0.651546826079988
0.652225303216254
0.652907894096072
0.653594610973175
0.654285466104096
0.654980471747748
0.655679640165008
0.656382983618294
0.657090514371132
0.657802244687714
0.658518186832455
0.659238353069536
0.659962755662449
0.660691406873519
0.661424318963438
0.662161504190772
0.662902974811479
0.663648743078402
0.664398821240768
0.665153221543668
0.665911956227541
0.666675037527636
0.66744247767348
0.668214288888326
0.668990483388601
0.66977107338334
0.670556071073616
0.671345488651959
0.672139338301766
0.672937632196705
0.673740382500105
0.674547601364348
0.675359300930235
0.67617549332636
0.676996190668467
0.677821405058796
0.678651148585423
0.679485433321592
0.680324271325034
0.681167674637279
0.682015655282959
0.682868225269095
0.683725396584386
0.684587181198477
0.685453591061223
0.686324638101942
0.687200334228657
0.68808069132733
0.68896572126108
0.689855435869402
0.690749846967361
0.691648966344788
0.692552805765459
0.693461376966265
0.694374691656371
0.695292761516364
0.69621559819739
0.697143213320284
0.698075618474679
0.699012825218115
0.699954845075133
0.70090168953635
0.701853370057536
0.702809898058669
0.703771284922986
0.704737541996011
0.705708680584586
0.706684711955881
0.707665647336391
0.708651497910927
0.709642274821591
0.710637989166737
0.711638651999928
0.712644274328869
0.713654867114337
0.714670441269096
0.715691007656792
0.71671657709085
0.717747160333346
0.718782768093869
0.719823411028373
0.720869099738013
0.72191984476797
0.722975656606261
0.724036545682537
0.725102522366868
0.726173596968511
0.727249779734672
0.728331080849242
0.729417510431535
0.730509078535002
0.731605795145928
0.732707670182129
0.73381471349162
0.734926934851276
0.736044343965483
0.737166950464766
0.738294763904407
0.739427793763048
0.740566049441282
0.741709540260227
0.742858275460083
0.744012264198681
0.745171515550012
0.746336038502741
0.747505841958708
0.748680934731419
0.749861325544508
0.751047023030199
0.752238035727747
0.753434372081857
0.754636040441103
0.755843049056315
0.757055406078962
0.758273119559517
0.759496197445802
0.760724647581324
0.761958477703591
0.763197695442413
0.764442308318187
0.765692323740171
0.766947749004735
0.768208591293597
0.769474857672051
0.770746555087172
0.772023690366
0.773306270213723
0.77459430121183
0.775887789816256
0.777186742355503
0.778491165028757
0.779801063903973
0.781116444915959
0.782437313864434
0.783763676412068
0.785095538082521
0.786432904258442
0.787775780179473
0.789124170940222
0.790478081488232
0.791837516621916
0.793202480988498
0.794572979081919
0.795949015240732
0.797330593645986
0.798717718319087
0.800110393119643
0.801508621743297
0.802912407719538
0.804321754409498
0.805736665003734
0.80715714251999
0.808583189800946
0.810014809511946
0.811452004138715
0.812894775985057
0.814343127170532
0.815797059628129
0.817256575101905
0.818721675144626
0.820192361115375
0.821668634177161
0.823150495294491
0.824637945230949
0.826130984546738
0.82762961359622
0.829133832525433
0.830643641269596
0.832159039550593
0.833680026874448
0.835206602528778
0.836738765580234
0.838276514871924
0.839819849020825
0.841368766415171
0.842923265211837
0.844483343333697
0.846048998466974
0.847620228058573
0.849197029313395
0.850779399191645
0.852367334406116
0.853960831419465
0.855559886441468
0.857164495426269
0.858774654069612
0.86039035780605
0.862011601806153
0.863638380973697
0.865270689942835
0.866908523075264
0.86855187445737
0.870200737897361
0.871855106922397
0.87351497477569
0.875180334413608
0.876851178502755
0.87852749941705
0.880209289234776
0.881896539735641
0.883589242397807
0.885287388394917
0.88699096859311
0.888699973548028
0.890414393501804
0.892134218380044
0.893859437788805
0.895590041011552
0.897326017006114
0.899067354401623
0.900814041495456
0.90256606625015
0.904323416290328
0.906086078899603
0.907854041017477
0.90962728923624
0.911405809797848
0.913189588590807
0.914978611147041
0.916772862638763
0.918572327875327
0.920376991300085
0.922186836987239
0.924001848638677
0.925822009580818
0.927647302761442
0.929477710746526
0.931313215717063
0.933153799465896
0.93499944339453
0.936850128509958
0.938705835421476
0.940566544337496
0.942432235062367
0.944302886993184
0.946178479116604
0.948058990005664
0.94994439781659
0.951834680285621
0.953729814725821
0.955629778023907
0.957534546637064
0.959444096589782
0.961358403470679
0.963277442429339
0.965201188173152
0.967129614964161
0.969062696615912
0.971000406490307
0.97294271749448
0.974889602077659
0.976841032228052
0.978796979469735
0.980757414859554
0.982722308984027
0.984691631956272
0.986665353412932
0.988643442511119
0.990625867925373
0.992612597844624
0.994603599969178
0.996598841507714
0.998598289174296
1.0006019091854
1.00260966725695
1.0046215286014
1.00663745792479
1.00865741942387
1.01068137678319
1.01270929317224
1.01474113124265
1.01677685312531
1.01881642042761
1.02085979423066
1.02290693508654
1.02495780301556
1.02701235750358
1.02907055749933
1.03113236141174
1.03319772710736
1.03526661190775
1.0373389725869
1.03941476536876
1.04149394592467
1.04357646937092
1.04566229026636
1.04775136260994
1.04984363983835
1.05193907482374
1.05403761987138
1.05613922671743
1.05824384652672
1.06035142989055
1.06246192682459
1.06457528676676
1.06669145857518
1.06881039052617
1.07093203031228
1.07305632504034
1.07518322122965
1.07731266481009
1.07944460112037
1.08157897490628
1.08371573031904
1.08585481091365
1.0879961596473
1.09013971887787
1.09228543036246
1.09443323525593
1.09658307410962
1.09873488686997
1.10088861287732
1.10304419086472
1.10520155895679
1.10736065466867
1.10952141490503
1.11168377595912
1.11384767351188
1.11601304263119
1.11817981777107
1.12034793277105
1.12251732085554
1.12468791463333
1.12685964609709
1.12903244662302
1.13120624697051
1.13338097728193
1.13555656708241
1.13773294527982
1.13991004016471
1.1420877794104
1.14426609007314
1.14644489859232
1.1486241307908
1.15080371187528
1.15298356643683
1.15516361845141
1.15734379128056
1.15952400767211
1.16170418976105
1.16388425907041
1.16606413651232
1.16824374238907
1.17042299639434
1.1726018176145
1.17478012452996
1.1769578350167
1.17913486634785
1.18131113519536
1.18348655763177
1.18566104913214
1.18783452457601
1.1900068982495
1.19217808384751
1.19434799447602
1.19651654265448
1.19868364031838
1.20084919882182
1.20301312894027
1.20517534087343
1.20733574424818
1.20949424812164
1.21165076098436
1.21380519076365
1.21595744482695
1.21810742998541
1.22025505249752
1.22240021807287
1.22454283187607
1.22668279853075
1.22882002212368
1.23095440620905
1.23308585381284
1.2352142674373
1.23733954906564
1.23946160016672
1.24158032169998
1.24369561412043
1.24580737738377
1.24791551095173
1.25001991379738
1.25212048441071
1.2542171208043
1.25630972051908
1.25839818063028
1.26048239775349
1.26256226805084
1.26463768723736
1.26670855058742
1.26877475294132
1.2708361887121
1.27289275189231
1.27494433606114
1.27699083439147
1.27903213965724
1.28106814424083
1.28309874014068
1.28512381897895
1.28714327200942
1.28915699012543
1.2911648638681
1.29316678343451
1.29516263868618
1.29715231915762
1.29913571406503
1.30111271231514
1.30308320251421
1.30504707297716
1.30700421173683
1.30895450655342
1.31089784492405
1.31283411409245
1.31476320105881
1.31668499258977
1.31859937522859
1.32050623530536
1.32240545894748
1.32429693209019
1.32618054048728
1.32805616972193
1.32992370521774
1.33178303224978
1.33363403595594
1.3354766013483
1.33731061332467
1.33913595668032
1.34095251611979
1.34276017626885
1.34455882168662
1.34634833687779
1.34812860630506
1.34989951440157
1.35166094558363
1.35341278426347
1.35515491486216
1.35688722182266
1.35860958962303
1.3603219027897
1.36202404591097
1.36371590365054
1.36539736076122
1.36706830209878
1.36872861263589
1.37037817747616
1.37201688186842
1.37364461122096
1.37526125111603
1.37686668732436
1.37846080581987
1.38004349279444
1.38161463467283
1.3831741181277
1.38472183009472
1.38625765778787
1.3877814887147
1.38929321069188
1.39079271186067
1.39227988070265
1.39375460605546
1.39521677712863
1.39666628351957
1.39810301522964
1.39952686268022
1.40093771672904
1.40233546868642
1.40372001033173
1.40509123392983
1.40644903224772
1.40779329857111
1.40912392672122
1.41044081107152
1.41174384656465
1.41303292872935
1.41430795369747
1.41556881822104
1.41681541968942
1.41804765614648
1.41926542630787
1.4204686295783
1.42165716606894
1.42283093661476
1.42398984279204
1.42513378693582
1.42626267215746
1.42737640236218
1.42847488226666
1.42955801741668
1.4306257142048
1.43167787988799
1.43271442260533
1.43373525139581
1.43474027621594
1.43572940795759
1.43670255846569
1.43765964055601
1.43860056803289
1.43952525570702
1.44043361941315
1.44132557602788
1.44220104348733
1.44305994080489
1.44390218808888
1.44472770656024
1.44553641857013
1.4463282476176
1.4471031183671
1.44786095666604
1.4486016895623
1.44932524532166
1.4500315534452
1.45072054468667
1.45139215106975
1.4520463059053
1.45268294380853
1.4533020007161
1.45390341390314
1.45448712200021
1.45505306501019
1.45560118432505
1.45613142274256
1.45664372448294
1.45713803520533
1.45761430202428
1.458072473526
1.45851249978466
1.45893433237842
1.45933792440551
1.45972323050002
1.46009020684776
1.4604388112018
1.46076900289806
1.46108074287063
1.46137399366705
1.46164871946341
1.46190488607927
1.46214246099253
1.46236141335406
1.46256171400223
1.46274333547726
1.46290625203541
1.46305043966301
1.46317587609032
1.46328254080524
1.4633704150668
1.46343948191853
1.46348972620159
1.46352113456774
1.46353369549218
1.46352739928606
1.46350223810895
1.46345820598101
1.46339529879499
1.46331351432804
1.46321285225332
1.46309331415132
1.46295490352109
1.46279762579119
1.46262148833036
1.46242650045814
1.46221267345505
1.46198002057275
1.46172855704382
1.46145830009136
1.4611692689384
1.46086148481702
1.46053497097724
1.46018975269565
1.45982585728388
1.45944331409674
1.45904215454012
1.45862241207871
1.45818412224339
1.45772732263839
1.45725205294827
1.45675835494449
1.4562462724919
1.45571585155484
1.45516714020304
1.45460018861725
1.45401504909458
1.45341177605365
1.4527904260394
1.45215105772765
1.45149373192945
1.45081851159508
1.45012546181786
1.44941464983766
1.4486861450441
1.44794001897959
1.447176345342
1.44639519998711
1.44559666093079
1.44478080835092
1.443947724589
1.44309749415155
1.44223020371124
1.4413459421077
1.44044480034812
1.43952687160759
1.43859225122912
1.43764103672349
1.43667332776875
1.43568922620953
1.43468883605604
1.43367226348289
1.43263961682756
1.43159100658873
1.43052654542424
1.42944634814893
1.42835053173213
1.42723921529501
1.42611252010755
1.42497056958547
1.42381348928673
1.42264140690795
1.42145445228051
1.42025275736649
1.41903645625435
1.41780568515442
1.41656058239415
1.41530128841319
1.41402794575824
1.41274069907771
1.41143969511619
1.41012508270871
1.40879701277486
1.40745563831264
1.40610111439227
1.40473359814968
1.40335324877998
1.40196022753062
1.40055469769455
1.39913682460309
1.39770677561878
1.39626472012799
1.39481082953351
1.39334527724687
1.39186823868071
1.3903798912409
1.38888041431863
1.3873699892824
1.38584879946991
1.38431703017983
1.38277486866357
1.38122250411692
1.37966012767167
1.37808793238715
1.37650611324176
1.37491486712442
1.37331439282605
1.37170489103098
1.37008656430836
1.36845961710364
1.36682425572994
1.36518068835952
1.36352912501528
1.36186977756226
1.3602028596992
1.35852858695016
1.35684717665623
1.35515884796726
1.35346382183375
1.35176232099876
1.35005456999003
1.34834079511211
1.3466212244387
1.3448960878051
1.34316561680083
1.34143004476242
1.33968960676632
1.3379445396221
1.33619508186577
1.33444147375336
1.33268395725472
1.33092277604752
1.32915817551158
1.32739040272339
1.32561970645096
1.32384633714896
1.32207054695414
1.32029258968111
1.3185127208184
1.31673119752495
1.31494827862688
1.31316422461473
1.311379297641
1.30959376151819
1.3078078817172
1.30602192536622
1.30423616125004
1.30245085980987
1.30066629314363
1.29888273500674
1.29710046081347
1.29531974763881
1.2935408742209
1.29176412096404
1.28998976994233
1.28821810490383
1.28644941127551
1.2846839761687
1.2829220883853
1.28116403842466
1.27941011849121
1.27766062250271
1.27591584609941
1.2741760866539
1.27244164328172
1.27071281685288
1.26898991000417
1.26727322715234
1.26556307450816
1.26385976009144
1.26216359374688
1.26047488716103
1.25879395388009
1.25712110932878
1.25545667083031
1.25380095762726
1.25215429090372
1.2505169938084
1.248889391479
1.24727181106767
1.24566458176771
1.24406803484149
1.24248250364967
1.24090832368163
1.23934583258732
1.23779537021039
1.23625727862278
1.23473190216065
1.23321958746187
1.23172068350488
1.23023554164922
1.22876451567752
1.22730796183912
1.22586623889539
1.22443970816663
1.22302873358079
1.22163368172391
1.22025492189235
1.21889282614696
1.21754776936898
1.21622012931808
1.21491028669223
1.21361862518972
1.21234553157315
1.21109139573569
1.20985661076944
1.20864157303601
1.20744668223952
1.20627234150183
1.20511895744023
1.2039869402476
1.20287670377511
1.20178866561752
1.20072324720109
1.19968087387426
1.19866197500114
1.19766698405781
1.1966963387316
1.19575048102336
1.19482985735279
1.19393491866702
1.19306612055233
1.19222392334928
1.19140879227121
1.19062119752625
1.18986161444293
1.18913052359949
1.18842841095695
1.18775576799606
1.18711309185828
1.18650088549076
1.18591965779566
1.18536992378363
1.18485220473181
1.18436702834637
1.1839149289297
1.18349644755239
1.18311213223016
1.18276253810586
1.18244822763662
1.18216977078644
1.18192774522419
1.1817227365273
1.18155533839126
1.1814261528451
1.18133579047297
1.18128487064207
1.18127402173713
1.18130388140145
1.18137509678493
1.18148832479911
1.18164423237957
1.18184349675574
1.18208680572844
1.18237485795548
1.18270836324526
1.18308804285895
1.18351462982126
1.18398886924021
1.18451151863603
1.18508334827962
1.18570514154079
1.1863776952465
1.18710182004957
1.18787834080808
1.18870809697577
1.18959194300386
1.19053074875463
1.19152539992707
1.19257679849503
1.19368586315828
1.19485352980688
1.1960807519992
1.19736850145421
1.19871776855834
1.2001295628874
1.20160491374418
1.20314487071203
1.2047505042252
1.20642290615623
1.20816319042115
1.20997249360297
1.21185197559417
1.21380282025868
1.21582623611414
1.21792345703511
1.22009574297782
1.22234438072732
1.22467068466778
1.22707599757669
1.22956169144373
1.23212916831535
1.23477986116574
1.23751523479526
1.24033678675719
1.24324604831389
1.24624458542326
1.24933399975682
1.25251592975021
1.25579205168755
1.25916408082073
1.26263377252489
1.26620292349144
1.26987337295996
1.27364700399039
1.27752574477696
1.28151157000542
1.28560650225522
1.28981261344808
1.29413202634501
1.29856691609324
1.30311951182516
1.30779209831107
1.31258701766796
1.31750667112613
1.32255352085615
1.32773009185828
1.33303897391678
1.33848282362162
1.34406436646012
1.34978639898131
1.35565179103577
1.36166348809389
1.36782451364564
1.37413797168504
1.38060704928266
1.3872350192496
1.39402524289663
1.40098117289229
1.40810635622382
1.41540443726513
1.42287916095606
1.43053437609753
1.43837403876715
1.4464022158603
1.45462308876175
1.46304095715325
1.4716602429626
1.48048549446012
1.4895213905087
1.49877274497361
1.50824451129904
1.5179417872582
1.52786981988432
1.53803401059025
1.54843992048468
1.5590932758933
1.56999997409378
1.58116608927372
1.59259787872109
1.6043017892575
1.61628446392454
1.62855274893455
1.64111370089716
1.65397459433389
1.66714292949359
1.68062644048188
1.69443310371868
1.70857114673864
1.72304905734961
1.73787559316543
1.75305979153009
1.76861097985077
1.7845387863587
1.80085315131722
1.81756433869779
1.83468294834536
1.85221992865599
1.87018658979043
1.88859461744874
1.90745608723233
1.92678347962101
1.94658969559426
1.96688807292716
1.98769240319339
2.0090169495089
2.03087646505209
2.05328621239786
2.07626198370507
2.0998201217989
2.12397754219188
2.14875175608971
2.17416089443032
2.20022373300745
2.22695971873249
2.25438899709154
2.2825324408575
2.31141168012043
2.34104913370273
2.37146804202949
2.40269250152811
2.43474750063564
2.46765895749615
2.50145375943572
2.53615980430702
2.57180604380075
2.60842252882697
2.64604045707478
2.68469222286539
2.72441146941992
2.76523314367039
2.80719355374977
2.85033042930467
2.89468298478305
2.94029198585747
2.98719981915474
3.03545056547204
3.085090076671
3.13616605645193
3.18872814522287
3.24282800929107
3.29851943461781
3.35585842539212
3.41490330769516
3.47571483854244
3.5383563206093
3.60289372296428
3.66939580815384
3.73793426600421
3.80858385452875
3.88142254835294
3.95653169509555
4.03399618017224
4.11390460051676
4.19634944774695
4.28142730133658
4.36923903238933
4.45989001865014
4.55349037143067
4.65015517516849
4.7500047403876
4.85316487087794
4.95976714596507
5.06994921879906
5.18385513165393
5.30163564929372
5.42344861153357
5.54945930619935
5.67984086377084
5.8147746750807
5.9544508335358
6.09906860342667
6.24883691599972
6.40397489508266
6.56471241417672
6.73129068706432
6.90396289412359
7.08299484669535
7.26866569201384
7.46126866139268
7.66111186454631
7.86851913313657
8.08383091685585
8.30740523559599
8.53961869151315
8.78086754507362
9.03156885946848
9.29216171810528
9.56310852023482
9.84489636014847
10.1380384957838
10.4430759130181
10.7605789924014
11.0911492855906
11.4354214093013
11.7940650651889
12.1677871947202
12.5573342787895
12.9634947925989
13.3871018271305
13.8290358894347
14.2902278949137
14.7716623658221
15.2743808513355
