0.000244140625
0.000276514251862208
0.000307116943553713
0.000336104202673713
0.000363615176576216
0.000389774634454911
0.000414694677446449
0.000438476221176032
0.000461210283888621
0.000482979108097021
0.000503857139341934
0.000523911882043507
0.000543204649400592
0.000561791221761192
0.000579722425759747
0.000597044644726281
0.000613800269360998
0.000630028096390451
0.000645763681838685
0.000661039654627276
0.000675885995436179
0.000690330285089979
0.000704397926164493
0.00071811234102083
0.000731495149055568
0.000744566325596435
0.000757344344563226
0.000769846306746867
0.000782088055329065
0.000794084280065238
0.000805848611380586
0.000817393705478812
0.000828731321432277
0.000839872391108609
0.000850827082689211
0.00086160485844843
0.000872214527385857
0.000882664293237732
0.00089296179833471
0.00090311416372172
0.000913128025910392
0.000923009570594287
0.000932764563622001
0.000942398379491741
0.000951916027603391
0.00096132217647942
0.000970621176144107
0.00097981707883126
0.000988913658173093
0.000997914427007726
0.00100682265392876
0.00101564137868825
0.00102437342655328
0.00103302142170641
0.00104158779977159
0.00105007481953901
0.00105848457395521
0.00106681900043857
0.00107507989057414
0.00108326889923694
0.00109138755318792
0.00109943725918255
0.00110741931162843
0.00111533489982439
0.00112318511481106
0.00113097095585945
0.001138693336622
0.0011463530909681
0.0011539509785239
0.00116148768993469
0.00116896385186601
0.00117638003175858
0.00118373674235038
0.00119103444597835
0.00119827355867074
0.00120545445404044
0.00121257746698849
0.00121964289722636
0.0012266510126249
0.00123360205239688
0.00124049623012016
0.0012473337366072
0.00125411474262693
0.00126083940148415
0.00126750785146147
0.00127412021812849
0.00128067661652255
0.00128717715320546
0.00129362192819998
0.00130001103681003
0.00130634457132836
0.0013126226226351
0.00131884528169086
0.00132501264092761
0.00133112479554076
0.00133718184468561
0.00134318389258146
0.00134913104952643
0.00135502343282619
0.00136086116763964
0.00136664438774464
0.00137237323622673
0.00137804786609392
0.00138366844082053
0.00138923513482295
0.00139474813387037
0.0014002076354333
0.00140561384897272
0.00141096699617287
0.00141626731112028
0.00142151504043203
0.00142671044333575
0.00143185379170432
0.00143694537004771
0.00144198547546472
0.00144697441755703
0.00145191251830826
0.00145680011193033
0.00146163754467959
0.00146642517464503
0.00147116337151088
0.00147585251629577
0.00148049300107052
0.00148508522865683
0.00148962961230865
0.00149412657537823
0.00149857655096882
0.00150297998157557
0.00150733731871651
0.00151164902255525
0.00151591556151674
0.00152013741189785
0.00152431505747393
0.0015284489891029
0.00153253970432785
0.00153658770697965
0.00154059350678037
0.00154455761894882
0.00154848056380895
0.00155236286640215
0.00155620505610427
0.0015600076662481
0.00156377123375196
0.00156749629875525
0.00157118340426124
0.00157483309578795
0.00157844592102735
0.00158202242951351
0.00158556317229982
0.00158906870164593
0.00159253957071438
0.00159597633327738
0.00159937954343381
0.00160274975533668
0.0016060875229311
0.00160939339970289
0.00161266793843787
0.00161591169099189
0.00161912520807149
0.00162230903902529
0.00162546373164596
0.00162858983198276
0.00163168788416443
0.00163475843023252
0.00163780200998476
0.00164081916082854
0.00164381041764424
0.00164677631265818
0.00164971737532512
0.00165263413222003
0.00165552710693886
0.00165839682000832
0.00166124378880408
0.00166406852747758
0.00166687154689089
0.00166965335455949
0.00167241445460282
0.0016751553477022
0.001677876531066
0.00168057849840178
0.00168326173989512
0.00168592674219492
0.00168857398840501
0.00169120395808169
0.00169381712723707
0.00169641396834796
0.00169899495037004
0.00170156053875712
0.00170411119548528
0.00170664737908166
0.00170916954465767
0.00171167814394641
0.00171417362534417
0.00171665643395571
0.00171912701164322
0.00172158579707867
0.00172403322579951
0.00172646973026741
0.0017288957399299
0.00173131168128483
0.0017337179779474
0.00173611505071961
0.00173850331766202
0.00174088319416766
0.00174325509303795
0.00174561942456045
0.00174797659658844
0.00175032701462202
0.00175267108189076
0.00175500919943776
0.00175734176620491
0.00175966917911937
0.00176199183318107
0.00176431012155124
0.00176662443564173
0.00176893516520516
0.00177124269842575
0.00177354742201074
0.00177584972128236
0.00177814998027028
0.00178044858180431
0.00178274590760762
0.00178504233838995
0.00178733825394122
0.0017896340332251
0.00179193005447268
0.00179422669527614
0.00179652433268235
0.00179882334328634
0.00180112410332459
0.00180342698876814
0.00180573237541541
0.00180804063898466
0.00181035215520612
0.00181266729991378
0.00181498644913657
0.0018173099791892
0.00181963826676236
0.00182197168901239
0.00182431062365033
0.00182665544903027
0.00182900654423707
0.00183136428917327
0.0018337290646453
0.00183610125244881
0.00183848123545317
0.00184086939768513
0.00184326612441144
0.00184567180222066
0.00184808681910381
0.00185051156453408
0.00185294642954542
0.00185539180681004
0.00185784809071469
0.00186031567743583
0.00186279496501348
0.00186528635342384
0.00186779024465055
0.00187030704275467
0.00187283715394315
0.00187538098663589
0.00187793895153137
0.00188051146167067
0.00188309893249991
0.00188570178193114
0.00188832043040147
0.00189095530093052
0.00189360681917611
0.00189627541348811
0.00189896151496043
0.00190166555748114
0.00190438797778052
0.00190712921547721
0.00190988971312219
0.0019126699162407
0.00191547027337196
0.00191829123610663
0.00192113325912205
0.00192399680021506
0.0019268823203325
0.00192979028359916
0.00193272115734331
0.0019356754121196
0.00193865352172937
0.00194165596323824
0.00194468321699099
0.00194773576662362
0.00195081409907254
0.00195391870458088
0.00195705007670178
0.00196020871229866
0.00196339511154242
0.00196660977790546
0.0019698532181525
0.00197312594232813
0.00197642846374107
0.00197976129894501
0.00198312496771605
0.00198651999302664
0.001989946901016
0.00199340622095691
0.0019968984852189
0.00200042422922774
0.00200398399142118
0.00200757831320091
0.00201120773888072
0.00201487281563071
0.0020185740934177
0.00202231212494154
0.00202608746556763
0.00202990067325517
0.00203375230848161
0.00203764293416278
0.00204157311556906
0.00204554342023737
0.00204955441787897
0.00205360668028309
0.00205770078121643
0.00206183729631834
0.00206601680299184
0.00207023988029049
0.00207450710880088
0.00207881907052103
0.00208317634873452
0.00208757952788038
0.00209202919341889
0.00209652593169306
0.00210107032978608
0.00210566297537456
0.00211030445657774
0.00211499536180253
0.00211973627958465
0.00212452779842574
0.00212937050662646
0.00213426499211584
0.00213921184227675
0.0021442116437676
0.00214926498234036
0.00215437244265499
0.00215953460809033
0.0021647520605515
0.00217002538027395
0.0021753551456243
0.00218074193289791
0.00218618631611342
0.00219168886680439
0.00219725015380797
0.00220287074305097
0.00220855119733324
0.00221429207610857
0.00222009393526333
0.00222595732689281
0.00223188279907555
0.00223787089564575
0.00224392215596388
0.00225003711468575
0.00225621630153007
0.00226246024104475
0.0022687694523721
0.00227514444901309
0.00228158573859081
0.00228809382261338
0.00229466919623647
0.00230131234802557
0.00230802375971827
0.00231480390598666
0.00232165325420019
0.00232857226418897
0.00233556138800793
0.00234262106970191
0.00234975174507191
0.00235695384144271
0.00236422777743214
0.00237157396272203
0.00237899279783124
0.00238648467389088
0.00239404997242195
0.00240168906511559
0.0024094023136162
0.00241719006930757
0.00242505267310231
0.00243299045523473
0.00244100373505734
0.00244909282084133
0.00245725800958103
0.00246549958680272
0.00247381782637785
0.00248221299034101
0.00249068532871272
0.00249923507932725
0.00250786246766578
0.00251656770669487
0.00252535099671062
0.00253421252518855
0.00254315246663947
0.00255217098247142
0.00256126822085793
0.00257044431661264
0.00257969939107055
0.002589033551976
0.0025984468933774
0.00260793949552907
0.00261751142480011
0.00262716273359055
0.00263689346025478
0.00264670362903246
0.00265659324998698
0.00266656231895153
0.00267661081748285
0.00268673871282286
0.00269694595786804
0.00270723249114681
0.0027175982368048
0.00272804310459822
0.00273856698989517
0.00274916977368515
0.00275985132259653
0.00277061148892223
0.00278145011065347
0.00279236701152162
0.00280336200104815
0.00281443487460266
0.00282558541346896
0.0028368133849191
0.00284811854229546
0.00285950062510063
0.00287095935909526
0.00288249445640358
0.00289410561562671
0.00290579252196349
0.00291755484733898
0.00292939225054023
0.0029413043773595
0.00295329086074459
0.00296535132095638
0.00297748536573318
0.00298969259046208
0.00300197257835683
0.00301432490064241
0.00302674911674591
0.00303924477449367
0.0030518114103145
0.00306444854944885
0.0030771557061636
0.00308993238397261
0.00310277807586242
0.00311569226452335
0.00312867442258543
0.00314172401285933
0.00315484048858169
0.00316802329366504
0.00318127186295188
0.00319458562247269
0.00320796398970788
0.00322140637385321
0.00323491217608861
0.00324848078985024
0.0032621116011054
0.00327580398863024
0.00328955732428994
0.00330337097332126
0.00331724429461708
0.00333117664101287
0.00334516735957482
0.00335921579188935
0.0033733212743539
0.00338748313846865
0.00340170071112913
0.00341597331491932
0.00343030026840516
0.00344468088642825
0.00345911448039944
0.00347360035859226
0.00348813782643582
0.00350272618680714
0.00351736474032259
0.00353205278562834
0.00354678961968958
0.00356157453807831
0.00357640683525962
0.00359128580487614
0.00360621074003062
0.00362118093356632
0.0036361956783453
0.00365125426752408
0.00366635599482691
0.00368150015481617
0.00369668604315999
0.00371191295689681
0.00372718019469677
0.00374248705711987
0.00375783284687065
0.00377321686904941
0.00378863843139972
0.00380409684455219
0.0038195914222644
0.0038351214816568
0.0038506863434446
0.00386628533216549
0.00388191777640313
0.00389758300900626
0.00391328036730352
0.00392900919331369
0.00394476883395149
0.00396055864122873
0.00397637797245087
0.00399222619040883
0.00400810266356607
0.00402400676624096
0.00403993787878422
0.00405589538775162
0.00407187868607174
0.00408788717320892
0.00410392025532115
0.00411997734541326
0.00413605786348498
0.0041521612366742
0.00416828689939522
0.00418443429347217
0.0042006028682674
0.00421679208080508
0.0042330013958898
0.00424923028622047
0.00426547823249915
0.00428174472353531
0.00429802925634515
0.0043143313362462
0.00433065047694723
0.00434698620063352
0.00436333803804743
0.00437970552856444
0.0043960882202646
0.00441248566999963
0.00442889744345539
0.00444532311521014
0.00446176226878841
0.00447821449671064
0.00449467940053861
0.00451115659091674
0.0045276456876093
0.0045441463195337
0.00456065812478974
0.00457718075068511
0.00459371385375699
0.00461025709979002
0.00462681016383057
0.0046433727301975
0.00465994449248932
0.00467652515358807
0.0046931144256597
0.00470971203015134
0.00472631769778528
0.00474293116854985
0.00475955219168729
0.00477618052567868
0.00479281593822596
0.00480945820623117
0.00482610711577294
0.00484276246208044
0.00485942404950462
0.00487609169148707
0.0048927652105265
0.00490944443814273
0.00492612921483866
0.00494281939005983
0.0049595148221521
0.0049762153783171
0.00499292093456589
0.00500963137567068
0.00502634659511471
0.00504306649504047
0.00505979098619626
0.00507651998788104
0.00509325342788796
0.00510999124244625
0.00512673337616184
0.00514347978195662
0.00516023042100649
0.00517698526267814
0.0051937442844648
0.00521050747192086
0.00522727481859553
0.00524404632596553
0.00526082200336692
0.00527760186792611
0.00529438594449003
0.0053111742655557
0.00532796687119904
0.00534476380900311
0.00536156513398583
0.00537837090852708
0.00539518120229549
0.00541199609217466
0.00542881566218916
0.00544564000343007
0.00546246921398039
0.00547930339884002
0.00549614266985078
0.00551298714562102
0.00552983695145033
0.00554669221925403
0.00556355308748767
0.00558041970107148
0.00559729221131489
0.00561417077584109
0.00563105555851161
0.00564794672935112
0.00566484446447226
0.00568174894600075
0.00569866036200058
0.00571557890639955
0.00573250477891489
0.00574943818497931
0.00576637933566723
0.00578332844762137
0.00580028574297962
0.00581725144930233
0.00583422579949986
0.00585120903176064
0.00586820138947947
0.00588520312118641
0.00590221448047589
0.00591923572593647
0.00593626712108083
0.00595330893427642
0.00597036143867644
0.00598742491215136
0.00600449963722086
0.0060215859009864
0.00603868399506411
0.00605579421551835
0.00607291686279565
0.00609005224165926
0.00610720066112414
0.00612436243439259
0.00614153787879021
0.00615872731570263
0.00617593107051254
0.00619314947253741
0.00621038285496762
0.00622763155480525
0.00624489591280322
0.00626217627340515
0.00627947298468556
0.00629678639829073
0.00631411686937998
0.00633146475656753
0.0063488304218648
0.00636621423062329
0.0063836165514779
0.00640103775629075
0.00641847822009553
0.00643593832104225
0.00645341844034258
0.00647091896221553
0.0064884402738337
0.0065059827652699
0.00652354682944427
0.00654113286207181
0.0065587412616104
0.00657637242920909
0.00659402676865699
0.00661170468633245
0.00662940659115265
0.0066471328945236
0.00666488401029051
0.00668266035468849
0.0067004623462937
0.0067182904059747
0.00673614495684429
0.00675402642421158
0.00677193523553442
0.00678987182037209
0.00680783661033839
0.00682583003905486
0.00684385254210445
0.00686190455698528
0.00687998652306484
0.00689809888153425
0.00691624207536291
0.00693441654925326
0.00695262274959585
0.0069708611244245
0.0069891321233718
0.00700743619762462
0.00702577379987997
0.00704414538430086
0.00706255140647242
0.00708099232335813
0.00709946859325619
0.00711798067575594
0.00713652903169454
0.00715511412311359
0.00717373641321599
0.00719239636632272
0.00721109444782988
0.00722983112416562
0.00724860686274727
0.0072674221319384
0.00728627740100601
0.00730517314007766
0.00732410982009873
0.00734308791278959
0.0073621078906028
0.00738117022668038
0.00740027539481097
0.007419423869387
0.00743861612536189
0.00745785263820714
0.0074771338838694
0.00749646033872754
0.0075158324795496
0.00753525078344974
0.00755471572784505
0.00757422779041237
0.00759378744904497
0.00761339518180921
0.007633051466901
0.00765275678260235
0.00767251160723756
0.00769231641912964
0.00771217169655626
0.00773207791770593
0.0077520355606338
0.00777204510321752
0.00779210702311285
0.00781222179770928
0.00783238990408537
0.00785261181896414
0.00787288801866811
0.00789321897907447
0.00791360517556985
0.00793404708300517
0.00795454517565023
0.00797509992714822
0.00799571181047002
0.0080163812978685
0.00803710886083252
0.00805789497004095
0.0080787400953164
0.00809964470557895
0.00812060926879967
0.00814163425195403
0.00816272012097516
0.00818386734070706
0.00820507637485755
0.00822634768595124
0.00824768173528227
0.00826907898286703
0.00829053988739663
0.00831206490618948
0.00833365449514349
0.00835530910868842
0.00837702919973801
0.00839881521964201
0.00842066761813819
0.0084425868433042
0.00846457334150946
0.00848662755736683
0.00850874993368439
0.00853094091141704
0.00855320092961811
0.00857553042539088
0.00859792983384018
0.00862039958802383
0.00864294011890415
0.0086655518552994
0.00868823522383532
0.00871099064889656
0.0087338185525782
0.00875671935463727
0.00877969347244436
0.00880274132093515
0.00882586331256216
0.00884905985724643
0.00887233136232936
0.00889567823252458
0.00891910086986997
0.00894259967367974
0.00896617504049667
0.00898982736404444
0.00901355703518017
0.00903736444184699
0.00906124996902695
0.00908521399869392
0.00910925690976685
0.00913337907806307
0.00915758087625198
0.0091818626738088
0.00920622483696868
0.00923066772868098
0.00925519170856389
0.00927979713285925
0.00930448435438774
0.00932925372250432
0.00935410558305401
0.00937904027832798
0.00940405814702003
0.00942915952418337
0.00945434474118786
0.00947961412567749
0.00950496800152843
0.0095304066888074
0.00955593050373043
0.00958153975862218
0.00960723476187559
0.0096330158179121
0.00965888322714228
0.00968483728592702
0.00971087828653914
0.00973700651712565
0.0097632222616704
0.00978952579995745
0.00981591740753485
0.00984239735567909
0.00986896591136009
0.0098956233372069
0.00992236989147383
0.00994920582800742
0.00997613139621392
0.0100031468410275
0.010030252402879
0.0100574483176656
0.0100847348167211
0.0101121121267865
0.0101395804699822
0.0101671400637801
0.0101947911209765
0.0102225338496666
0.0102503684532187
0.0102782951302498
0.010306314074602
0.0103344254753192
0.0103626295166253
0.0103909263779029
0.0104193162336725
0.0104477992535732
0.0104763756023436
0.0105050454398044
0.0105338089208409
0.0105626661953871
0.0105916174084103
0.0106206626998969
0.0106498022048389
0.0106790360532213
0.0107083643700106
0.0107377872751442
0.0107673048835204
0.0107969173049901
0.0108266246443483
0.0108564270013279
0.0108863244705936
0.0109163171417366
0.0109464050992713
0.0109765884226316
0.0110068671861698
0.0110372414591547
0.0110677113057721
0.011098276785126
0.0111289379512399
0.0111596948530606
0.0111905475344614
0.011221496034248
0.0112525403861636
0.0112836806188968
0.0113149167560889
0.0113462488163435
0.0113776768132363
0.0114092007553261
0.0114408206461671
0.0114725364843218
0.0115043482633755
0.0115362559719506
0.0115682595937237
0.011600359107442
0.0116325544869416
0.0116648457011667
0.0116972327141897
0.011729715485232
0.0117622939686866
0.0117949681141404
0.0118277378663991
0.0118606031655112
0.0118935639467949
0.0119266201408643
0.0119597716736574
0.011993018466465
0.0120263604359606
0.0120597974942304
0.0120933295488056
0.0121269565026941
0.0121606782544148
0.0121944946980307
0.0122284057231851
0.012262411215137
0.0122965110547979
0.01233070511877
0.0123649932793841
0.0123993754047397
0.0124338513587444
0.0124684210011555
0.0125030841876216
0.012537840769725
0.0125726905950253
0.0126076335071032
0.0126426693456055
0.0126777979462907
0.0127130191410752
0.01274833275808
0.0127837386216788
0.012819236552546
0.0128548263677058
0.012890507880582
0.0129262809010475
0.0129621452354763
0.0129981006867938
0.0130341470545297
0.01307028413487
0.0131065117207106
0.0131428296017104
0.013179237564346
0.0132157353919663
0.0132523228648472
0.0132889997602479
0.0133257658524665
0.0133626209128964
0.0133995647100837
0.0134365970097842
0.013473717575021
0.0135109261661428
0.0135482225408819
0.0135856064544135
0.013623077659414
0.0136606359061211
0.0136982809423925
0.0137360125137665
0.0137738303635216
0.0138117342327373
0.0138497238603537
0.013887798983233
0.0139259593362201
0.0139642046522035
0.0140025346621763
0.0140409490952976
0.0140794476789538
0.01411803013882
0.0141566961989214
0.0141954455816947
0.0142342780080496
0.0142731931974308
0.0143121908678787
0.0143512707360915
0.0143904325174863
0.0144296759262607
0.0144690006754537
0.0145084064770073
0.0145478930418274
0.0145874600798446
0.014627107300075
0.0146668344106813
0.0147066411190324
0.0147465271317644
0.01478649215484
0.0148265358936089
0.0148666580528669
0.0149068583369155
0.0149471364496205
0.0149874920944713
0.0150279249746387
0.0150684347930337
0.0151090212523645
0.0151496840551945
0.0151904229039991
0.0152312375012226
0.015272127549334
0.0153130927508835
0.0153541328085574
0.0153952474252338
0.0154364363040365
0.0154776991483894
0.0155190356620704
0.0155604455492645
0.015601928514616
0.0156434842632816
0.0156851125009813
0.0157268129340499
0.0157685852694875
0.01581042921501
0.0158523444790978
0.0158943307710457
0.0159363878010103
0.0159785152800586
0.016020712920215
0.0160629804345074
0.016105317537014
0.0161477239429077
0.0161901993685018
0.0162327435312933
0.0162753561500069
0.0163180369446373
0.0163607856364918
0.0164036019482313
0.0164464856039116
0.016489436329023
0.0165324538505301
0.0165755378969102
0.0166186881981918
0.0166619044859912
0.0167051864935501
0.0167485339557704
0.0167919466092503
0.0168354241923184
0.0168789664450674
0.016922573109387
0.0169662439289965
0.0170099786494763
0.0170537770182984
0.0170976387848567
0.0171415637004963
0.0171855515185418
0.0172296019943257
0.0172737148852148
0.0173178899506371
0.0173621269521066
0.0174064256532492
0.0174507858198256
0.0174952072197553
0.0175396896231389
0.0175842328022801
0.0176288365317061
0.0176735005881887
0.017718224750763
0.0177630088007469
0.0178078525217584
0.0178527556997331
0.0178977181229409
0.0179427395820013
0.0179878198698988
0.0180329587819966
0.0180781561160506
0.0181234116722219
0.0181687252530886
0.0182140966636572
0.0182595257113734
0.0183050122061313
0.0183505559602828
0.0183961567886458
0.0184418145085117
0.0184875289396524
0.0185332999043264
0.0185791272272842
0.0186250107357729
0.0186709502595402
0.018716945630838
0.0187629966844246
0.0188091032575667
0.0188552651900409
0.0189014823241338
0.0189477545046419
0.0189940815788711
0.0190404633966349
0.0190868998102522
0.0191333906745446
0.0191799358468329
0.0192265351869328
0.0192731885571503
0.0193198958222759
0.0193666568495793
0.0194134715088016
0.0194603396721492
0.0195072612142848
0.0195542360123196
0.0196012639458036
0.0196483448967163
0.0196954787494561
0.0197426653908295
0.0197899047100395
0.0198371965986737
0.0198845409506912
0.0199319376624101
0.0199793866324931
0.0200268877619335
0.0200744409540405
0.0201220461144235
0.0201697031509762
0.0202174119738606
0.0202651724954896
0.0203129846305098
0.0203608482957834
0.0204087634103702
0.0204567298955079
0.0205047476745935
0.0205528166731631
0.0206009368188714
0.0206491080414713
0.0206973302727922
0.020745603446719
0.0207939274991693
0.0208423023680713
0.0208907279933405
0.0209392043168569
0.0209877312824406
0.0210363088358281
0.0210849369246473
0.0211336154983931
0.0211823445084016
0.0212311239078247
0.0212799536516038
0.0213288336964437
0.0213777640007858
0.0214267445247805
0.0214757752302607
0.0215248560807132
0.0215739870412511
0.0216231680785853
0.0216723991609958
0.0217216802583029
0.0217710113418374
0.0218203923844121
0.0218698233602907
0.0219193042451588
0.0219688350160929
0.0220184156515303
0.0220680461312376
0.0221177264362803
0.0221674565489913
0.022217236452939
0.0222670661328962
0.0223169455748075
0.0223668747657578
0.0224168536939393
0.0224668823486194
0.0225169607201081
0.0225670887997246
0.0226172665797647
0.0226674940534674
0.0227177712149817
0.0227680980593329
0.022818474582389
0.0228689007808272
0.0229193766520995
0.0229699021943993
0.0230204774066269
0.0230711022883552
0.0231217768397957
0.023172501061764
0.0232232749556451
0.0232740985233592
0.0233249717673269
0.0233758946904342
0.0234268672959985
0.0234778895877332
0.023528961569713
0.0235800832463393
0.0236312546223049
0.0236824757025596
0.0237337464922747
0.0237850669968087
0.0238364372216718
0.0238878571724915
0.0239393268549772
0.0239908462748857
0.0240424154379863
0.0240940343500256
0.0241457030166932
0.0241974214435868
0.0242491896361775
0.024301007599775
0.0243528753394932
0.024404792860216
0.0244567601665623
0.0245087772628522
0.0245608441530724
0.0246129608408422
0.0246651273293797
0.0247173436214676
0.0247696097194194
0.0248219256250457
0.0248742913396211
0.0249267068638502
0.0249791721978345
0.0250316873410394
0.0250842522922614
0.0251368670495948
0.0251895316103994
0.0252422459712679
0.0252950101279938
0.025347824075539
0.0254006878080022
0.0254536013185869
0.02550656459957
0.0255595776422705
0.0256126404370185
0.0256657529731241
0.025718915238847
0.0257721272213657
0.0258253889067479
0.02587870027992
0.0259320613246379
0.025985472023457
0.0260389323577038
0.026092442307446
0.0261460018514649
0.0261996109672264
0.026253269630853
0.0263069778170962
0.0263607354993089
0.0264145426494182
0.0264683992378986
0.0265223052337454
0.0265762606044483
0.0266302653159656
0.0266843193326987
0.0267384226174664
0.0267925751314804
0.0268467768343206
0.0269010276839106
0.0269553276364939
0.0270096766466108
0.0270640746670744
0.0271185216489483
0.0271730175415242
0.0272275622922996
0.0272821558469562
0.0273367981493384
0.0273914891414328
0.0274462287633473
0.0275010169532912
0.0275558536475553
0.0276107387804928
0.0276656722845001
0.0277206540899987
0.0277756841254169
0.0278307623171721
0.0278858885896537
0.0279410628652066
0.0279962850641142
0.0280515551045833
0.028106872902728
0.028162238372555
0.0282176514259492
0.0282731119726592
0.0283286199202841
0.0283841751742601
0.0284397776378477
0.0284954272121198
0.0285511237959498
0.0286068672860003
0.0286626575767121
0.0287184945602945
0.0287743781267147
0.0288303081636892
0.0288862845566744
0.0289423071888586
0.0289983759411538
0.029054490692189
0.0291106513183027
0.0291668576935368
0.0292231096896308
0.0292794071760165
0.0293357500198132
0.0293921380858235
0.029448571236529
0.0295050493320878
0.0295615722303313
0.0296181397867621
0.0296747518545522
0.0297314082845422
0.0297881089252401
0.0298448536228216
0.0299016422211305
0.0299584745616793
0.0300153504836512
0.0300722698239016
0.030129232416961
0.0301862380950379
0.0302432866880225
0.0303003780234907
0.0303575119267089
0.0304146882206392
0.0304719067259451
0.0305291672609977
0.030586469641883
0.0306438136824083
0.0307011991941111
0.0307586259862669
0.0308160938658982
0.0308736026377844
0.0309311521044712
0.0309887420662818
0.0310463723213273
0.0311040426655188
0.0311617528925794
0.0312195027940569
0.0312772921593368
0.0313351207756563
0.0313929884281181
0.0314508948997056
0.0315088399712981
0.0315668234216862
0.0316248450275886
0.0316829045636686
0.0317410018025514
0.0317991365148421
0.0318573084691441
0.0319155174320775
0.031973763168299
0.0320320454405212
0.0320903640095334
0.0321487186342221
0.0322071090715922
0.0322655350767891
0.0323239964031209
0.0323824928020807
0.0324410240233705
0.0324995898149242
0.0325581899229323
0.0326168240918662
0.0326754920645031
0.0327341935819518
0.0327929283836787
0.0328516962075337
0.0329104967897777
0.0329693298651094
0.0330281951666929
0.0330870924261865
0.0331460213737704
0.0332049817381761
0.0332639732467156
0.0333229956253115
0.0333820485985266
0.0334411318895949
0.0335002452204521
0.0335593883117675
0.0336185608829751
0.0336777626523061
0.0337369933368211
0.0337962526524427
0.0338555403139891
0.0339148560352071
0.0339741995288062
0.0340335705064927
0.0340929686790041
0.0341523937561437
0.0342118454468161
0.0342713234590623
0.0343308275000955
0.0343903572763371
0.0344499124934529
0.0345094928563897
0.0345690980694122
0.03462872783614
0.0346883818595846
0.0347480598421879
0.0348077614858591
0.0348674864920132
0.0349272345616093
0.0349870053951889
0.0350467986929149
0.0351066141546104
0.0351664514797977
0.0352263103677378
0.0352861905174698
0.0353460916278507
0.0354060133975951
0.0354659555253152
0.0355259177095609
0.0355858996488604
0.0356459010417602
0.0357059215868659
0.0357659609828829
0.035826018928657
0.0358860951232153
0.0359461892658077
0.0360063010559469
0.0360664301934507
0.0361265763784825
0.0361867393115928
0.0362469186937606
0.0363071142264345
0.0363673256115747
0.0364275525516938
0.0364877947498987
0.036548051909932
0.0366083237362135
0.0366686099338817
0.0367289102088352
0.0367892242677745
0.0368495518182429
0.0369098925686687
0.0369702462284059
0.0370306125077758
0.0370909911181084
0.0371513817717836
0.0372117841822721
0.0372721980641768
0.0373326231332736
0.0373930591065524
0.0374535057022578
0.0375139626399299
0.037574429640445
0.0376349064260556
0.0376953927204313
0.0377558882486985
0.0378163927374809
0.037876905914939
0.03793742751081
0.0379979572564474
0.0380584948848605
0.0381190401307533
0.0381795927305638
0.0382401524225029
0.0383007189465928
0.0383612920447056
0.0384218714606014
0.0384824569399665
0.0385430482304511
0.0386036450817068
0.0386642472454238
0.0387248544753684
0.0387854665274192
0.0388460831596042
0.0389067041321369
0.0389673292074524
0.0390279581502428
0.0390885907274933
0.0391492267085169
0.0392098658649896
0.0392705079709849
0.039331152803008
0.0393918001400301
0.0394524497635219
0.0395131014574869
0.0395737550084948
0.0396344102057138
0.0396950668409434
0.0397557247086464
0.0398163836059803
0.0398770433328291
0.0399377036918343
0.0399983644884253
0.0400590255308503
0.0401196866302056
0.0401803476004657
0.0402410082585125
0.040301668424164
0.040362327920203
0.0404229865724051
0.0404836442095666
0.0405443006635319
0.0406049557692202
0.0406656093646525
0.0407262612909773
0.0407869113924971
0.0408475595166932
0.040908205514251
0.0409688492390846
0.0410294905483609
0.0410901293025238
0.0411507653653169
0.041211398603807
0.0412720288884067
0.0413326560928963
0.0413932800944455
0.0414539007736352
0.0415145180144778
0.041575131704438
0.0416357417344531
0.041696347998952
0.0417569503958752
0.0418175488266927
0.0418781431964235
0.0419387334136522
0.0419993193905478
0.0420599010428799
0.0421204782900358
0.0421810510550365
0.0422416192645528
0.0423021828489201
0.0423627417421542
0.0424232958819651
0.0424838452097714
0.0425443896707137
0.0426049292136684
0.04266546379126
0.0427259933598734
0.0427865178796664
0.0428470373145807
0.0429075516323532
0.0429680608045269
0.0430285648064606
0.0430890636173394
0.0431495572201836
0.0432100456018577
0.0432705287530795
0.0433310066684276
0.0433914793463495
0.0434519467891688
0.0435124090030923
0.0435728659982162
0.0436333177885323
0.0436937643919337
0.0437542058302203
0.043814642129103
0.043875073318209
0.0439354994310851
0.0439959205052019
0.0440563365819569
0.0441167477066771
0.0441771539286219
0.0442375553009849
0.0442979518808956
0.0443583437294208
0.0444187309115656
0.0444791134962737
0.0445394915564278
0.044599865168849
0.0446602344142968
0.0447205993774678
0.044780960146994
0.0448413168154419
0.0449016694793099
0.0449620182390259
0.0450223631989446
0.0450827044673445
0.0451430421564242
0.0452033763822988
0.0452637072649951
0.045324034928448
0.045384359500495
0.045444681112871
0.0455049999012029
0.0455653160050039
0.0456256295676668
0.045685940736458
0.0457462496625102
0.0458065565008155
0.0458668614102177
0.0459271645534048
0.0459874660969005
0.0460477662110558
0.0461080650700406
0.0461683628518344
0.0462286597382169
0.0462889559147586
0.0463492515708106
0.0464095468994945
0.0464698420976919
0.0465301373660337
0.0465904329088889
0.0466507289343531
0.0467110256542371
0.0467713232840551
0.0468316220430122
0.0468919221539922
0.0469522238435447
0.0470125273418724
0.0470728328828178
0.0471331407038495
0.0471934510460487
0.0472537641540953
0.0473140802762535
0.0473743996643574
0.0474347225737962
0.0474950492634996
0.0475553799959223
0.0476157150370285
0.0476760546562768
0.0477363991266037
0.0477967487244081
0.0478571037295345
0.0479174644252568
0.0479778310982615
0.0480382040386306
0.0480985835398248
0.0481589698986657
0.0482193634153184
0.0482797643932738
0.0483401731393308
0.0484005899635774
0.0484610151793734
0.048521449103331
0.0485818920552962
0.0486423443583301
0.0487028063386899
0.0487632783258089
0.0488237606522777
0.0488842536538242
0.0489447576692939
0.0490052730406298
0.0490658001128519
0.0491263392340374
0.0491868907552999
0.0492474550307683
0.0493080324175666
0.0493686232757925
0.0494292279684959
0.0494898468616582
0.0495504803241702
0.0496111287278107
0.0496717924472246
0.0497324718599008
0.0497931673461501
0.049853879289083
0.0499146080745873
0.049975354091305
0.0500361177306101
0.0500968993865856
0.0501576994560003
0.0502185183382855
0.0502793564355121
0.0503402141523666
0.0504010918961281
0.0504619900766437
0.0505229091063056
0.0505838494000263
0.0506448113752147
0.0507057954517519
0.0507668020519665
0.0508278316006105
0.0508888845248339
0.0509499612541604
0.0510110622204623
0.0510721878579354
0.0511333386030736
0.0511945148946436
0.0512557171736597
0.0513169458833577
0.0513782014691696
0.0514394843786973
0.0515007950616868
0.0515621339700023
0.0516235015575994
0.051684898280499
0.051746324596761
0.0518077809664573
0.051869267851645
0.0519307857163399
0.051992335026489
0.0520539162499437
0.0521155298564324
0.0521771763175329
0.0522388561066452
0.0523005696989637
0.0523623175714493
0.0524241002028018
0.0524859180734313
0.0525477716654308
0.0526096614625472
0.0526715879501533
0.0527335516152191
0.0527955529462832
0.052857592433424
0.0529196705682305
0.0529817878437737
0.0530439447545772
0.0531061417965877
0.053168379467146
0.0532306582649568
0.0532929786900595
0.0533553412437985
0.0534177464287925
0.053480194748905
0.0535426867092141
0.0536052228159819
0.0536678035766237
0.0537304294996784
0.0537931010947765
0.05385581887261
0.0539185833449013
0.0539813950243717
0.0540442544247104
0.0541071620605429
0.0541701184473994
0.0542331241016834
0.0542961795406395
0.0543592852823215
0.0544224418455604
0.0544856497499321
0.0545489095157247
0.0546122216639066
0.0546755867160932
0.0547390051945142
0.0548024776219811
0.0548660045218533
0.0549295864180056
0.0549932238347944
0.0550569172970243
0.0551206673299142
0.0551844744590639
0.0552483392104197
0.0553122621102405
0.0553762436850636
0.0554402844616701
0.0555043849670507
0.0555685457283705
0.0556327672729346
0.0556970501281527
0.0557613948215046
0.0558258018805041
0.0558902718326644
0.0559548052054619
0.0560194025263006
0.0560840643224767
0.0561487911211418
0.0562135834492674
0.0562784418336084
0.0563433668006663
0.0564083588766531
0.0564734185874544
0.0565385464585922
0.0566037430151882
0.0566690087819266
0.0567343442830164
0.0567997500421543
0.0568652265824872
0.0569307744265736
0.0569963940963469
0.0570620861130761
0.0571278509973287
0.0571936892689316
0.0572596014469327
0.0573255880495628
0.0573916495941961
0.057457786597312
0.0575239995744554
0.0575902890401979
0.0576566555080987
0.0577230994906643
0.0577896214993099
0.0578562220443191
0.0579229016348041
0.0579896607786658
0.0580564999825538
0.058123419751826
0.0581904205905081
0.0582575030012534
0.0583246674853021
0.0583919145424404
0.0584592446709599
0.0585266583676163
0.0585941561275886
0.0586617384444378
0.0587294058100656
0.0587971587146729
0.0588649976467182
0.0589329230928763
0.0590009355379962
0.0590690354650594
0.0591372233551379
0.0592054996873523
0.0592738649388296
0.0593423195846609
0.0594108640978593
0.0594794989493172
0.0595482246077641
0.0596170415397239
0.0596859502094725
0.0597549510789947
0.0598240446079418
0.0598932312535886
0.0599625114707908
0.0600318857119413
0.0601013544269281
0.0601709180630908
0.0602405770651773
0.0603103318753011
0.0603801829328979
0.0604501306746822
0.0605201755346045
0.0605903179438075
0.0606605583305831
0.060730897120329
0.0608013347355056
0.0608718715955922
0.0609425081170439
0.0610132447132483
0.061084081794482
0.0611550197678675
0.0612260590373296
0.0612972000035523
0.0613684430639353
0.0614397886125509
0.061511237040101
0.0615827887338735
0.0616544440776993
0.0617262034519094
0.0617980672332918
0.0618700357950483
0.0619421095067521
0.0620142887343045
0.0620865738398923
0.0621589651819453
0.0622314631150936
0.0623040679901253
0.0623767801539437
0.0624495999495258
0.0625225277158793
0.0625955637880013
0.0626687084968362
0.0627419621692336
0.0628153251279073
0.0628887976913935
0.0629623801740094
0.0630360728858124
0.0631098761325591
0.0631837902156641
0.06325781543216
0.0633319520746564
0.0634062004313003
0.0634805607857356
0.0635550334170635
0.0636296185998032
0.063704316603852
0.0637791276944466
0.0638540521321242
0.0639290901726838
0.064004242067148
0.0640795080617245
0.0641548883977688
0.0642303833117466
0.0643059930351962
0.0643817177946918
0.0644575578118068
0.0645335133030777
0.0646095844799678
0.0646857715488315
0.0647620747108792
0.0648384941621424
0.0649150300934384
0.0649916826903368
0.0650684521331251
0.0651453385967755
0.0652223422509113
0.0652994632597746
0.0653767017821937
0.0654540579715512
0.0655315319757524
0.0656091239371944
0.0656868339927353
0.0657646622736638
0.0658426089056697
0.0659206740088146
0.0659988576975029
0.0660771600804532
0.0661555812606709
0.0662341213354207
0.0663127803961992
0.0663915585287092
0.0664704558128333
0.0665494723226088
0.066628608126203
0.0667078632858885
0.0667872378580197
0.0668667318930098
0.0669463454353081
0.0670260785233777
0.0671059311896741
0.0671859034606248
0.0672659953566085
0.0673462068919354
0.0674265380748288
0.0675069889074056
0.0675875593856595
0.0676682494994432
0.067749059232452
0.067829988562208
0.0679110374600446
0.0679922058910922
0.0680734938142642
0.0681549011822437
0.0682364279414709
0.0683180740321313
0.0683998393881445
0.068481723937154
0.0685637276005168
0.0686458502932951
0.0687280919242474
0.0688104523958212
0.0688929316041462
0.0689755294390279
0.0690582457839424
0.069141080516032
0.0692240335061008
0.069307104618612
0.0693902937116857
0.0694736006370969
0.069557025240275
0.0696405673603039
0.0697242268299226
0.0698080034755267
0.0698918971171713
0.0699759075685735
0.0700600346371171
0.0701442781238568
0.0702286378235243
0.0703131135245344
0.0703977050089926
0.0704824120527029
0.0705672344251771
0.070652171889644
0.0707372242030606
0.0708223911161233
0.07090767237328
0.0709930677127436
0.0710785768665057
0.0711641995603515
0.0712499355138755
0.0713357844404982
0.071421746047483
0.0715078200359552
0.0715940061009204
0.0716803039312848
0.0717667132098761
0.0718532336134648
0.0719398648127874
0.0720266064725692
0.0721134582515488
0.0722004198025035
0.0722874907722746
0.0723746708017953
0.0724619595261173
0.0725493565744405
0.0726368615701414
0.072724474130804
0.0728121938682512
0.0729000203885762
0.0729879532921756
0.0730759921737833
0.073164136622505
0.0732523862218537
0.0733407405497856
0.0734291991787377
0.0735177616756654
0.0736064276020816
0.073695196514096
0.0737840679624559
0.0738730414925872
0.0739621166446365
0.0740512929535144
0.0741405699489387
0.0742299471554793
0.0743194240926036
0.0744090002747223
0.0744986752112367
0.0745884484065862
0.074678319360297
0.0747682875670311
0.0748583525166369
0.0749485136941994
0.0750387705800921
0.0751291226500295
0.0752195693751198
0.0753101102219191
0.0754007446524856
0.0754914721244354
0.0755822920909979
0.0756732040010729
0.0757642072992878
0.0758553014260559
0.0759464858176351
0.0760377599061873
0.0761291231198386
0.0762205748827401
0.0763121146151293
0.0764037417333924
0.0764954556501265
0.0765872557742036
0.0766791415108341
0.0767711122616314
0.0768631674246774
0.0769553063945877
0.0770475285625783
0.0771398333165325
0.077232220041068
0.0773246881176051
0.0774172369244353
0.0775098658367901
0.0776025742269104
0.077695361464117
0.0777882269148808
0.0778811699428937
0.0779741899091403
0.0780672861719698
0.0781604580871679
0.0782537050080303
0.0783470262854352
0.0784404212679174
0.078533889301742
0.0786274297309789
0.0787210418975774
0.0788147251414414
0.0789084788005049
0.0790023022108076
0.0790961947065711
0.0791901556202752
0.0792841842827346
0.0793782800231758
0.0794724421693146
0.0795666700474331
0.0796609629824578
0.0797553202980374
0.0798497413166209
0.079944225359536
0.0800387717470676
0.0801333797985368
0.0802280488323791
0.080322778166224
0.0804175671169741
0.0805124150008839
0.0806073211336399
0.0807022848304394
0.0807973054060704
0.0808923821749909
0.0809875144514092
0.0810827015493626
0.0811779427827982
0.0812732374656519
0.0813685849119282
0.0814639844357802
0.0815594353515893
0.0816549369740444
0.0817504886182219
0.0818460895996652
0.0819417392344637
0.0820374368393329
0.0821331817316928
0.0822289732297476
0.0823248106525644
0.0824206933201523
0.0825166205535404
0.0826125916748572
0.0827086060074083
0.0828046628757546
0.0829007616057901
0.0829969015248202
0.083093081961638
0.0831893022466026
0.0832855617117151
0.0833818596906962
0.0834781955190615
0.0835745685341984
0.0836709780754412
0.0837674234841472
0.0838639041037711
0.0839604192799402
0.0840569683605287
0.0841535506957315
0.0842501656381381
0.0843468125428056
0.0844434907673318
0.0845401996719274
0.0846369386194881
0.0847337069756661
0.0848305041089414
0.0849273293906923
0.0850241821952656
0.0851210619000463
0.0852179678855269
0.0853148995353763
0.0854118562365077
0.0855088373791466
0.0856058423568978
0.0857028705668121
0.0857999214094528
0.0858969942889604
0.0859940886131187
0.0860912037934183
0.086188339245121
0.086285494387323
0.0863826686430173
0.0864798614391564
0.0865770722067129
0.0866743003807412
0.0867715454004372
0.0868688067091982
0.0869660837546816
0.0870633759888636
0.0871606828680966
0.087258003853166
0.0873553384093473
0.0874526860064607
0.0875500461189274
0.0876474182258227
0.0877448018109304
0.0878421963627955
0.0879396013747765
0.0880370163450969
0.088134440776896
0.0882318741782791
0.088329316062367
0.0884267659473445
0.0885242233565082
0.0886216878183145
0.0887191588664251
0.0888166360397536
0.0889141188825098
0.0890116069442447
0.0891090997798934
0.0892065969498185
0.0893040980198515
0.0894016025613345
0.0894991101511607
0.089596620371814
0.0896941328114081
0.0897916470637249
0.0898891627282516
0.0899866794102177
0.0900841967206309
0.0901817142763124
0.0902792316999311
0.0903767486200372
0.0904742646710954
0.0905717794935166
0.0906692927336898
0.0907668040440119
0.090864313082918
0.0909618195149107
0.0910593230105873
0.0911568232466686
0.0912543199060245
0.0913518126777006
0.0914493012569433
0.0915467853452239
0.0916442646502624
0.0917417388860507
0.0918392077728741
0.0919366710373334
0.0920341284123647
0.09213157963726
0.0922290244576858
0.0923264626257014
0.0924238938997771
0.0925213180448101
0.0926187348321417
0.0927161440395715
0.0928135454513729
0.0929109388583068
0.0930083240576342
0.0931057008531292
0.0932030690550908
0.0933004284803533
0.0933977789522969
0.0934951203008571
0.0935924523625337
0.0936897749803989
0.0937870880041044
0.0938843912898882
0.0939816847005813
0.0940789681056118
0.0941762413810106
0.0942735044094147
0.0943707570800708
0.0944679992888378
0.0945652309381887
0.0946624519372118
0.0947596622016114
0.0948568616537079
0.0949540502224367
0.095051227843347
0.0951483944586001
0.0952455500169664
0.0953426944738224
0.0954398277911465
0.095536949937515
0.0956340608880962
0.0957311606246458
0.0958282491354994
0.0959253264155663
0.0960223924663217
0.096119447295799
0.0962164909185803
0.096313523355788
0.0964105446350743
0.0965075547906114
0.09660455386308
0.0967015418996582
0.096798518954009
0.0968954850862682
0.096992440363031
0.0970893848573383
0.0971863186486626
0.0972832418228933
0.0973801544723214
0.0974770566956239
0.0975739485978474
0.0976708302903915
0.0977677018909917
0.0978645635237013
0.0979614153188739
0.0980582574131438
0.0981550899494078
0.0982519130768054
0.0983487269506984
0.0984455317326507
0.0985423275904074
0.0986391146978736
0.0987358932350921
0.0988326633882218
0.0989294253495146
0.0990261793172929
0.0991229254959254
0.099219664095804
0.099316395333319
0.0994131194308348
0.0995098366166648
0.0996065471250458
0.0997032511961126
0.0997999490758714
0.0998966410161737
0.0999933272746891
0.100090008114878
0.100186683805966
0.100283354622911
0.100380020846381
0.100476682762722
0.100573340663929
0.100669994847618
0.100766645616996
0.100863293280832
0.100959938153426
0.101056580554576
0.101153220809553
0.101249859249064
0.101346496209227
0.101443132031531
0.101539767062812
0.101636401655218
0.101733036166174
0.101829670958353
0.101926306399641
0.102022942863104
0.102119580726955
0.10221622037452
0.102312862194205
0.102409506579459
0.102506153928743
0.102602804645493
0.102699459138086
0.102796117819804
0.1028927811088
0.102989449428062
0.103086123205375
0.10318280287329
0.103279488869082
0.103376181634718
0.103472881616818
0.103569589266618
0.103666305039935
0.10376302939713
0.103859762803066
0.103956505727077
0.104053258642925
0.104150022028765
0.104246796367105
0.104343582144771
0.104440379852865
0.104537189986726
0.104634013045896
0.104730849534077
0.104827699959091
0.104924564832846
0.105021444671291
0.10511833999438
0.105215251326029
0.105312179194082
0.105409124130263
0.105506086670142
0.105603067353094
0.105700066722256
0.105797085324487
0.105894123710329
0.105991182433966
0.106088262053182
0.106185363129319
0.106282486227237
0.106379631915274
0.106476800765203
0.106573993352189
0.106671210254749
0.10676845205471
0.106865719337169
0.106963012690445
0.107060332706044
0.10715767997861
0.107255055105887
0.107352458688676
0.10744989133079
0.107547353639013
0.107644846223055
0.107742369695514
0.107839924671825
0.107937511770224
0.108035131611701
0.108132784819955
0.108230472021355
0.108328193844892
0.108425950922137
0.108523743887197
0.108621573376671
0.108719440029604
0.108817344487446
0.108915287394005
0.109013269395401
0.109111291140027
0.109209353278498
0.10930745646361
0.109405601350293
0.109503788595569
0.1096020188585
0.109700292800152
0.109798611083541
0.109896974373593
0.109995383337097
0.110093838642656
0.110192340960646
0.110290890963166
0.110389489323997
0.110488136718548
0.110586833823816
0.110685581318338
0.110784379882142
0.110883230196705
0.110982132944901
0.111081088810957
0.111180098480405
0.111279162640036
0.11137828197785
0.111477457183014
0.111576688945807
0.111675977957577
0.111775324910694
0.1118747304985
0.111974195415259
0.112073720356115
0.112173306017037
0.112272953094776
0.112372662286811
0.112472434291306
0.112572269807058
0.112672169533448
0.112772134170393
0.112872164418297
0.112972260978002
0.113072424550735
0.113172655838063
0.113272955541843
0.113373324364168
0.113473763007323
0.113574272173728
0.113674852565895
0.113775504886373
0.113876229837698
0.113977028122345
0.114077900442675
0.114178847500883
0.114279869998952
0.114380968638596
0.114482144121212
0.114583397147829
0.114684728419054
0.114786138635024
0.114887628495349
0.114989198699067
0.115090849944585
0.115192582929632
0.115294398351205
0.115396296905513
0.115498279287933
0.115600346192948
0.1157024983141
0.115804736343936
0.115907060973952
0.116009472894544
0.116111972794952
0.116214561363208
0.116317239286082
0.116420007249027
0.116522865936125
0.116625816030039
0.116728858211948
0.116831993161504
0.11693522155677
0.11703854407417
0.117141961388431
0.11724547417253
0.117349083097642
0.117452788833079
0.117556592046239
0.117660493402553
0.117764493565424
0.117868593196175
0.117972792953994
0.118077093495878
0.118181495476576
0.118285999548534
0.118390606361842
0.118495316564172
0.118600130800727
0.118705049714185
0.118810073944637
0.118915204129539
0.119020440903648
0.119125784898972
0.119231236744709
0.11933679706719
0.119442466489827
0.119548245633053
0.119654135114262
0.119760135547761
0.119866247544703
0.119972471713038
0.120078808657449
0.120185258979303
0.120291823276586
0.12039850214385
0.120505296172156
0.120612205949013
0.120719232058327
0.120826375080338
0.120933635591565
0.121041014164747
0.12114851136879
0.121256127768704
0.12136386392555
0.12147172039638
0.12157969773418
0.121687796487815
0.121796017201967
0.121904360417084
0.122012826669315
0.122121416490461
0.122230130407912
0.12233896894459
0.122447932618896
0.122557021944649
0.12266623743103
0.122775579582526
0.122885048898872
0.122994645874995
0.123104371000956
0.123214224761896
0.123324207637977
0.123434320104325
0.123544562630977
0.123654935682821
0.123765439719544
0.123876075195571
0.123986842560013
0.124097742256612
0.124208774723682
0.124319940394055
0.124431239695026
0.124542673048302
0.124654240869937
0.124765943570289
0.124877781553958
0.124989755219733
0.125101864960542
0.12521411116339
0.125326494209316
0.125439014473331
0.125551672324368
0.12566446812523
0.125777402232536
0.125890474996668
0.126003686761723
0.126117037865455
0.126230528639229
0.126344159407966
0.126457930490095
0.126571842197501
0.126685894835472
0.126800088702657
0.126914424091007
0.127028901285733
0.127143520565252
0.127258282201143
0.127373186458097
0.127488233593866
0.127603423859222
0.127718757497907
0.127834234746584
0.127949855834795
0.128065620984914
0.128181530412101
0.12829758432426
0.128413782921989
0.128530126398544
0.128646614939789
0.128763248724157
0.128880027922608
0.128996952698583
0.129114023207968
0.129231239599051
0.129348602012481
0.129466110581229
0.129583765430551
0.129701566677945
0.12981951443312
0.12993760879795
0.130055849866445
0.13017423772471
0.130292772450913
0.130411454115248
0.1305302827799
0.130649258499015
0.130768381318664
0.13088765127681
0.131007068403282
0.131126632719736
0.131246344239631
0.1313662029682
0.131486208902416
0.131606362030968
0.131726662334232
0.131847109784247
0.131967704344687
0.132088445970834
0.13220933460956
0.132330370199297
0.132451552670018
0.132572881943215
0.132694357931876
0.132815980540467
0.132937749664911
0.133059665192569
0.133181727002226
0.133303934964068
0.133426288939672
0.133548788781987
0.133671434335322
0.133794225435329
0.133917161908995
0.134040243574628
0.134163470241847
0.134286841711572
0.134410357776014
0.134534018218668
0.134657822814308
0.134781771328977
0.134905863519986
0.135030099135905
0.135154477916565
0.135278999593054
0.135403663887712
0.135528470514136
0.13565341917718
0.135778509572953
0.135903741388826
0.136029114303432
0.136154627986675
0.136280282099732
0.136406076295061
0.136532010216411
0.136658083498827
0.136784295768663
0.136910646643592
0.137037135732617
0.137163762636086
0.137290526945704
0.13741742824455
0.137544466107091
0.137671640099203
0.137798949778186
0.137926394692784
0.138053974383206
0.138181688381149
0.138309536209818
0.138437517383951
0.138565631409845
0.138693877785379
0.138822256000045
0.138950765534972
0.139079405862958
0.139208176448499
0.139337076747821
0.139466106208913
0.139595264271558
0.13972455036737
0.13985396391983
0.13998350434432
0.140113171048166
0.140242963430671
0.140372880883158
0.140502922789014
0.140633088523726
0.14076337745493
0.140893788942452
0.141024322338356
0.141154976986987
0.141285752225022
0.14141664738152
0.141547661777966
0.141678794728327
0.141810045539102
0.141941413509375
0.14207289793087
0.142204498088005
0.142336213257947
0.142468042710672
0.142599985709023
0.142732041508766
0.142864209358651
0.142996488500479
0.143128878169155
0.143261377592759
0.143393985992606
0.143526702583313
0.143659526572863
0.143792457162677
0.143925493547677
0.144058634916357
0.144191880450855
0.14432522932702
0.144458680714488
0.144592233776752
0.144725887671239
0.144859641549379
0.144993494556688
0.145127445832838
0.145261494511739
0.145395639721614
0.145529880585079
0.145664216219225
0.145798645735697
0.145933168240773
0.146067782835452
0.146202488615533
0.146337284671702
0.146472170089612
0.146607143949974
0.146742205328641
0.146877353296695
0.147012586920533
0.147147905261959
0.147283307378272
0.147418792322354
0.147554359142763
0.147690006883824
0.147825734585717
0.147961541284577
0.148097426012579
0.14823338779804
0.148369425665504
0.148505538635846
0.148641725726361
0.148777985950864
0.148914318319785
0.149050721840266
0.149187195516259
0.149323738348625
0.14946034933523
0.149597027471047
0.149733771748255
0.149870581156336
0.15000745468218
0.150144391310183
0.150281390022348
0.150418449798388
0.150555569615825
0.150692748450097
0.150829985274656
0.150967279061074
0.151104628779143
0.151242033396982
0.151379491881138
0.15151700319669
0.151654566307356
0.151792180175593
0.151929843762705
0.152067556028946
0.152205315933625
0.152343122435211
0.152480974491439
0.152618871059414
0.152756811095717
0.15289479355651
0.153032817397642
0.153170881574753
0.153308985043382
0.153447126759069
0.153585305677464
0.15372352075443
0.15386177094615
0.15400005520923
0.154138372500808
0.154276721778655
0.154415102001283
0.154553512128049
0.154691951119257
0.15483041793627
0.154968911541605
0.155107430899044
0.155245974973736
0.155384542732299
0.155523133142928
0.155661745175491
0.155800377801641
0.155939029994911
0.156077700730821
0.156216388986977
0.156355093743175
0.156493813981502
0.156632548686437
0.15677129684495
0.156910057446603
0.157048829483652
0.157187611951144
0.157326403847017
0.157465204172196
0.157604011930694
0.157742826129711
0.157881645779724
0.158020469894592
0.158159297491644
0.158298127591783
0.158436959219573
0.158575791403337
0.158714623175251
0.158853453571435
0.158992281632048
0.159131106401378
0.159269926927934
0.159408742264537
0.159547551468408
0.159686353601262
0.159825147729388
0.159963932923747
0.160102708260051
0.160241472818855
0.16038022568564
0.160518965950896
0.160657692710213
0.160796405064358
0.160935102119358
0.161073782986587
0.161212446782843
0.161351092630429
0.161489719657232
0.161628326996805
0.16176691378844
0.161905479177249
0.162044022314239
0.162182542356386
0.162321038466711
0.162459509814354
0.162597955574644
0.162736374929176
0.162874767065877
0.163013131179077
0.163151466469582
0.163289772144737
0.163428047418496
0.163566291511491
0.163704503651091
0.163842683071473
0.163980829013681
0.164118940725694
0.16425701746248
0.164395058486066
0.164533063065589
0.164671030477361
0.164808960004925
0.164946850939113
0.165084702578098
0.165222514227453
0.165360285200206
0.165498014816888
0.16563570240559
0.165773347302011
0.16591094884951
0.166048506399154
0.166186019309766
0.166323486947973
0.166460908688253
0.166598283912975
0.16673561201245
0.166872892384971
0.167010124436855
0.167147307582483
0.167284441244342
0.167421524853064
0.167558557847465
0.167695539674579
0.167832469789698
0.167969347656402
0.1681061727466
0.168242944540559
0.168379662526935
0.168516326202808
0.16865293507371
0.168789488653652
0.16892598646516
0.169062428039292
0.169198812915673
0.169335140642514
0.169471410776641
0.169607622883517
0.169743776537262
0.169879871320677
0.170015906825265
0.170151882651251
0.170287798407595
0.170423653712017
0.17055944819101
0.170695181479858
0.170830853222647
0.170966463072282
0.171102010690501
0.171237495747884
0.171372917923867
0.17150827690675
0.171643572393709
0.171778804090802
0.171913971712978
0.172049074984086
0.172184113636874
0.172319087413003
0.172453996063045
0.172588839346488
0.172723617031739
0.172858328896126
0.172992974725896
0.17312755431622
0.173262067471187
0.173396514003806
0.173530893736002
0.173665206498613
0.173799452131386
0.173933630482972
0.174067741410921
0.174201784781676
0.174335760470563
0.174469668361787
0.174603508348423
0.174737280332402
0.174870984224507
0.175004619944359
0.175138187420406
0.175271686589911
0.175405117398939
0.175538479802344
0.175671773763753
0.175804999255554
0.175938156258876
0.176071244763579
0.176204264768232
0.176337216280097
0.176470099315111
0.176602913897867
0.176735660061596
0.176868337848146
0.177000947307959
0.177133488500057
0.17726596149201
0.177398366359923
0.177530703188408
0.177662972070564
0.177795173107949
0.177927306410558
0.178059372096799
0.178191370293466
0.178323301135712
0.178455164767025
0.178586961339201
0.178718691012312
0.178850353954686
0.17898195034287
0.179113480361608
0.179244944203808
0.179376342070513
0.179507674170873
0.179638940722112
0.179770141949495
0.179901278086304
0.180032349373798
0.180163356061186
0.180294298405594
0.180425176672029
0.18055599113335
0.18068674207023
0.180817429771128
0.180948054532247
0.181078616657506
0.181209116458504
0.181339554254481
0.181469930372287
0.181600245146342
0.181730498918605
0.181860692038534
0.181990824863048
0.182120897756496
0.182250911090614
0.18238086524449
0.182510760604527
0.182640597564404
0.182770376525039
0.182900097894549
0.183029762088214
0.183159369528436
0.1832889206447
0.183418415873539
0.18354785565849
0.183677240450055
0.183806570705665
0.183935846889637
0.184065069473135
0.184194238934132
0.184323355757364
0.184452420434298
0.184581433463084
0.184710395348519
0.184839306602006
0.18496816774151
0.18509697929152
0.18522574178301
0.185354455753392
0.185483121746479
0.185611740312445
0.185740312007781
0.185868837395252
0.185997317043862
0.186125751528805
0.18625414143143
0.186382487339195
0.186510789845628
0.186639049550284
0.186767267058703
0.186895442982371
0.187023577938674
0.187151672550862
0.187279727448001
0.187407743264937
0.187535720642251
0.187663660226216
0.187791562668761
0.187919428627423
0.18804725876531
0.188175053751057
0.188302814258784
0.188430540968057
0.188558234563845
0.188685895736476
0.188813525181601
0.188941123600149
0.189068691698286
0.189196230187374
0.18932373978393
0.189451221209585
0.189578675191044
0.189706102460041
0.189833503753304
0.189960879812508
0.190088231384239
0.190215559219951
0.190342864075927
0.190470146713235
0.190597407897693
0.190724648399822
0.190851868994812
0.190979070462479
0.191106253587224
0.191233419157996
0.191360567968248
0.191487700815902
0.191614818503305
0.191741921837194
0.19186901162865
0.191996088693068
0.192123153850109
0.192250207923666
0.192377251741823
0.192504286136817
0.192631311945
0.1927583300068
0.192885341166679
0.193012346273101
0.193139346178491
0.193266341739194
0.193393333815442
0.193520323271312
0.193647310974694
0.193774297797244
0.193901284614358
0.194028272305126
0.194155261752299
0.194282253842252
0.194409249464943
0.194536249513883
0.194663254886095
0.194790266482078
0.194917285205771
0.19504431196452
0.195171347669035
0.195298393233362
0.195425449574841
0.195552517614076
0.195679598274893
0.195806692484311
0.195933801172504
0.196060925272766
0.196188065721476
0.196315223458065
0.196442399424979
0.196569594567645
0.19669680983444
0.196824046176653
0.196951304548451
0.19707858590685
0.197205891211674
0.197333221425528
0.19746057751376
0.197587960444431
0.19771537118828
0.197842810718691
0.19797028001166
0.198097780045765
0.198225311802129
0.198352876264391
0.198480474418672
0.198608107253543
0.198735775759994
0.1988634809314
0.198991223763493
0.199119005254325
0.199246826404242
0.199374688215848
0.199502591693976
0.199630537845658
0.199758527680092
0.199886562208612
0.200014642444655
0.200142769403735
0.200270944103409
0.200399167563247
0.200527440804803
0.200655764851585
0.200784140729022
0.200912569464438
0.201041052087019
0.201169589627787
0.201298183119567
0.201426833596959
0.201555542096308
0.201684309655677
0.201813137314815
0.201942026115129
0.202070977099657
0.202199991313037
0.202329069801479
0.202458213612736
0.202587423796076
0.202716701402255
0.202846047483486
0.202975463093413
0.203104949287082
0.203234507120914
0.203364137652676
0.203493841941453
0.203623621047622
0.203753476032822
0.20388340795993
0.204013417893031
0.204143506897389
0.204273676039426
0.204403926386687
0.204534259007819
0.204664674972541
0.204795175351619
0.204925761216837
0.205056433640972
0.205187193697766
0.205318042461902
0.205448981008974
0.205580010415463
0.205711131758708
0.205842346116885
0.205973654568975
0.206105058194741
0.206236558074701
0.206368155290102
0.206499850922894
0.206631646055704
0.206763541771813
0.206895539155123
0.207027639290141
0.207159843261945
0.207292152156163
0.207424567058945
0.207557089056941
0.207689719237271
0.207822458687503
0.207955308495627
0.208088269750029
0.208221343539464
0.208354530953037
0.20848783308017
0.208621251010582
0.208754785834265
0.208888438641452
0.209022210522601
0.209156102568363
0.209290115869562
0.209424251517166
0.209558510602266
0.209692894216048
0.20982740344977
0.20996203939474
0.210096803142284
0.21023169578373
0.210366718410375
0.210501872113468
0.210637157984181
0.210772577113585
0.210908130592629
0.211043819512108
0.211179644962648
0.211315608034674
0.211451709818389
0.211587951403751
0.211724333880445
0.211860858337861
0.21199752586507
0.212134337550799
0.212271294483407
0.212408397750859
0.212545648440706
0.212683047640057
0.212820596435555
0.212958295913357
0.213096147159105
0.213234151257903
0.213372309294295
0.213510622352239
0.213649091515084
0.213787717865546
0.213926502485682
0.214065446456869
0.214204550859776
0.214343816774346
0.214483245279764
0.214622837454442
0.214762594375987
0.214902517121183
0.215042606765961
0.215182864385383
0.21532329105361
0.215463887843883
0.215604655828499
0.215745596078783
0.21588670966507
0.216027997656675
0.216169461121873
0.216311101127876
0.216452918740805
0.216594915025668
0.216737091046339
0.216879447865529
0.217021986544765
0.217164708144367
0.217307613723421
0.217450704339758
0.217593981049929
0.217737444909181
0.217881096971432
0.21802493828925
0.218168969913826
0.218313192894953
0.218457608280998
0.218602217118884
0.218747020454061
0.218892019330483
0.219037214790586
0.219182607875263
0.21932819962384
0.219473991074051
0.219619983262018
0.219766177222221
0.219912573987479
0.220059174588925
0.22020598005598
0.22035299141633
0.220500209695906
0.220647635918852
0.220795271107509
0.220943116282386
0.221091172462137
0.221239440663539
0.221387921901465
0.221536617188864
0.221685527536732
0.221834653954092
0.221983997447967
0.222133559023359
0.222283339683222
0.22243334042844
0.222583562257803
0.22273400616798
0.222884673153497
0.223035564206716
0.223186680317804
0.223338022474714
0.22348959166316
0.223641388866591
0.223793415066169
0.223945671240743
0.224098158366827
0.224250877418572
0.224403829367747
0.224557015183709
0.224710435833384
0.224864092281238
0.225017985489258
0.225172116416921
0.225326486021177
0.225481095256418
0.225635945074458
0.225791036424505
0.225946370253143
0.226101947504299
0.226257769119224
0.226413836036469
0.226570149191856
0.226726709518458
0.226883517946572
0.227040575403695
0.227197882814499
0.227355441100807
0.227513251181569
0.227671313972836
0.227829630387733
0.227988201336441
0.228147027726164
0.228306110461112
0.228465450442469
0.228625048568374
0.228784905733891
0.22894502283099
0.229105400748514
0.229266040372161
0.229426942584458
0.229588108264732
0.229749538289087
0.229911233530379
0.230073194858192
0.23023542313881
0.230397919235194
0.230560684006955
0.23072371831033
0.230887022998153
0.231050598919837
0.231214446921339
0.231378567845141
0.231542962530223
0.231707631812036
0.231872576522475
0.232037797489858
0.232203295538895
0.232369071490664
0.232535126162586
0.232701460368397
0.232868074918123
0.233034970618054
0.233202148270717
0.23336960867485
0.233537352625374
0.233705380913369
0.233873694326047
0.234042293646724
0.234211179654794
0.234380353125701
0.234549814830916
0.234719565537903
0.234889606010101
0.235059937006889
0.235230559283562
0.235401473591305
0.235572680677163
0.235744181284014
0.235915976150544
0.236088066011215
0.236260451596241
0.236433133631558
0.236606112838797
0.236779389935255
0.236952965633868
0.237126840643181
0.237301015667323
0.237475491405973
0.237650268554336
0.237825347803112
0.238000729838469
0.238176415342011
0.238352404990754
0.238528699457088
0.238705299408759
0.238882205508829
0.239059418415653
0.239236938782848
0.23941476725926
0.239592904488938
0.239771351111101
0.239950107760111
0.240129175065438
0.240308553651633
0.240488244138295
0.240668247140042
0.240848563266479
0.241029193122168
0.241210137306593
0.241391396414134
0.241572971034031
0.241754861750352
0.241937069141967
0.242119593782507
0.242302436240339
0.242485597078529
0.242669076854814
0.242852876121561
0.243036995425745
0.243221435308907
0.243406196307122
0.243591278950972
0.243776683765503
0.243962411270198
0.244148461978938
0.244334836399974
0.244521535035885
0.244708558383548
0.244895906934103
0.245083581172917
0.245271581579547
0.245459908627709
0.245648562785236
0.245837544514051
0.24602685427012
0.246216492503425
0.246406459657924
0.246596756171512
0.246787382475988
0.246978338997016
0.247169626154088
0.247361244360484
0.24755319402324
0.247745475543105
0.247938089314503
0.248131035725498
0.248324315157752
0.248517927986487
0.248711874580447
0.248906155301857
0.249100770506385
0.249295720543102
0.249491005754439
0.249686626476152
0.249882583037276
0.25007887576009
0.250275504960071
0.250472470945855
0.250669774019196
0.250867414474923
0.251065392600899
0.251263708677979
0.251462362979967
0.251661355773576
0.251860687318378
0.252060357866771
0.252260367663928
0.252460716947756
0.252661405948852
0.25286243489046
0.253063803988427
0.253265513451156
0.253467563479562
0.253669954267029
0.253872685999365
0.254075758854752
0.254279173003707
0.254482928609029
0.254687025825761
0.254891464801135
0.255096245674533
0.255301368577435
0.255506833633375
0.255712640957893
0.255918790658485
0.256125282834561
0.256332117577391
0.256539294970061
0.256746815087423
0.256954677996048
0.257162883754173
0.257371432411659
0.257580324009935
0.257789558581955
0.257999136152142
0.258209056736343
0.258419320341777
0.258629926966988
0.258840876601789
0.259052169227217
0.259263804815478
0.259475783329901
0.259688104724884
0.259900768945841
0.260113775929155
0.260327125602126
0.260540817882914
0.260754852680495
0.260969229894603
0.261183949415682
0.261399011124831
0.261614414893754
0.261830160584706
0.262046248050441
0.262262677134159
0.262479447669455
0.262696559480265
0.26291401238081
0.26313180617555
0.263349940659125
0.263568415616304
0.263787230821931
0.264006386040873
0.264225881027967
0.264445715527965
0.26466588927548
0.264886401994935
0.26510725340051
0.265328443196083
0.265549971075185
0.265771836720939
0.265994039806011
0.266216579992555
0.266439456932161
0.266662670265798
0.266886219623764
0.267110104625635
0.267334324880205
0.267558879985438
0.267783769528415
0.268008993085278
0.268234550221179
0.268460440490229
0.268686663435443
0.268913218588687
0.269140105470629
0.269367323590684
0.269594872446962
0.269822751526219
0.270050960303804
0.270279498243604
0.270508364797999
0.270737559407808
0.270967081502238
0.271196930498834
0.271427105803429
0.271657606810094
0.271888432901089
0.272119583446813
0.272351057805754
0.272582855324444
0.272814975337406
0.27304741716711
0.273280180123922
0.273513263506061
0.273746666599549
0.273980388678163
0.274214429003396
0.274448786824403
0.274683461377962
0.274918451888427
0.275153757567685
0.275389377615111
0.275625311217526
0.275861557549154
0.27609811577158
0.27633498503371
0.276572164471727
0.276809653209054
0.277047450356313
0.277285555011286
0.277523966258877
0.277762683171072
0.278001704806907
0.278241030212426
0.27848065842065
0.278720588451538
0.278960819311957
0.279201349995646
0.279442179483182
0.279683306741953
0.279924730726121
0.280166450376598
0.280408464621011
0.280650772373676
0.280893372535574
0.281136263994316
0.281379445624124
0.281622916285804
0.281866674826723
0.282110720080784
0.282355050868405
0.2825996659965
0.282844564258456
0.283089744434115
0.283335205289758
0.283580945578087
0.283826964038208
0.284073259395619
0.284319830362194
0.284566675636174
0.284813793902153
0.285061183831067
0.285308844080192
0.285556773293127
0.285804970099796
0.286053433116437
0.286302160945605
0.286551152176161
0.286800405383277
0.287049919128436
0.287299691959431
0.287549722410368
0.287800009001675
0.288050550240099
0.288301344618723
0.288552390616966
0.2888036867006
0.289055231321756
0.289307022918941
0.289559059917049
0.289811340727381
0.290063863747656
0.29031662736204
0.290569629941156
0.290822869842113
0.29107634540853
0.291330054970555
0.291583996844902
0.291838169334869
0.292092570730376
0.292347199307996
0.292602053330985
0.292857131049321
0.29311243069974
0.293367950505776
0.2936236886778
0.293879643413062
0.294135812895738
0.294392195296975
0.294648788774936
0.294905591474855
0.295162601529083
0.295419817057145
0.295677236165793
0.295934856949066
0.296192677488346
0.296450695852419
0.296708910097539
0.296967318267494
0.29722591839367
0.297484708495118
0.297743686578631
0.29800285063881
0.298262198658141
0.29852172860707
0.298781438444085
0.299041326115792
0.299301389556999
0.299561626690802
0.299822035428668
0.300082613670526
0.300343359304857
0.300604270208785
0.300865344248173
0.301126579277719
0.301387973141055
0.301649523670846
0.301911228688894
0.302173086006244
0.302435093423288
0.302697248729874
0.302959549705419
0.303221994119022
0.303484579729577
0.30374730428589
0.304010165526801
0.304273161181301
0.304536288968661
0.304799546598551
0.305062931771173
0.305326442177385
0.305590075498837
0.305853829408105
0.30611770156882
0.306381689635815
0.306645791255257
0.306910004064794
0.307174325693694
0.307438753762995
0.307703285885652
0.307967919666684
0.30823265270333
0.308497482585198
0.308762406894426
0.309027423205836
0.309292529087095
0.309557722098877
0.309822999795026
0.310088359722722
0.310353799422647
0.310619316429159
0.310884908270457
0.311150572468757
0.311416306540469
0.31168210799637
0.311947974341786
0.312213903076771
0.312479891696288
0.312745937690395
0.313012038544432
0.313278191739205
0.313544394751176
0.313810645052658
0.314076940112004
0.314343277393801
0.314609654359067
0.314876068465452
0.315142517167429
0.315408997916504
0.315675508161413
0.315942045348325
0.316208606921052
0.316475190321254
0.316741792988642
0.317008412361198
0.317275045875376
0.317541690966322
0.317808345068084
0.318075005613828
0.318341670036055
0.318608335766818
0.318875000237941
0.319141660881241
0.319408315128747
0.319674960412925
0.319941594166897
0.320208213824673
0.32047481682137
0.320741400593442
0.321007962578908
0.32127450021758
0.321541010951292
0.321807492224131
0.32207394148267
0.322340356176198
0.322606733756954
0.32287307168036
0.323139367405259
0.323405618394142
0.323671822113394
0.323937976033522
0.324204077629398
0.324470124380491
0.32473611377111
0.325002043290638
0.325267910433775
0.325533712700775
0.325799447597684
0.326065112636582
0.326330705335824
0.326596223220278
0.326861663821567
0.327127024678307
0.327392303336352
0.327657497349033
0.327922604277397
0.328187621690449
0.328452547165394
0.328717378287877
0.328982112652222
0.329246747861673
0.329511281528637
0.329775711274919
0.330040034731965
0.3303042495411
0.330568353353767
0.330832343831766
0.331096218647489
0.331359975484163
0.33162361203608
0.33188712600884
0.332150515119581
0.332413777097218
0.332676909682674
0.332939910629118
0.333202777702191
0.333465508680244
0.333728101354568
0.33399055352962
0.334252863023258
0.334515027666963
0.334777045306071
0.335038913799999
0.335300631022464
0.335562194861715
0.33582360322075
0.336084854017538
0.336345945185243
0.336606874672437
0.336867640443323
0.337128240477946
0.337388672772412
0.337648935339099
0.337909026206869
0.338168943421278
0.338428685044787
0.338688249156965
0.338947633854698
0.33920683725239
0.339465857482168
0.33972469269408
0.339983341056296
0.340241800755302
0.340500069996096
0.340758147002382
0.341016030016761
0.341273717300921
0.341531207135821
0.341788497821881
0.342045587679162
0.342302475047549
0.342559158286931
0.342815635777375
0.343071905919304
0.343327967133671
0.343583817862124
0.343839456567183
0.3440948817324
0.344350091862522
0.344605085483661
0.344859861143445
0.34511441741118
0.345368752878002
0.345622866157033
0.345876755883527
0.346130420715023
0.346383859331485
0.346637070435448
0.346890052752158
0.34714280502971
0.347395326039182
0.347647614574773
0.347899669453925
0.348151489517459
0.348403073629697
0.348654420678586
0.348905529575815
0.349156399256938
0.349407028681485
0.349657416833076
0.349907562719533
0.350157465372982
0.350407123849964
0.350656537231532
0.350905704623354
0.351154625155808
0.351403297984075
0.351651722288234
0.351899897273347
0.352147822169547
0.352395496232122
0.352642918741595
0.352890089003801
0.353137006349965
0.353383670136772
0.353630079746441
0.353876234586786
0.35412213409129
0.354367777719156
0.354613164955377
0.354858295310785
0.355103168322111
0.35534778355203
0.355592140589217
0.355836239048388
0.356080078570345
0.356323658822019
0.356566979496504
0.356810040313099
0.357052841017333
0.357295381381004
0.357537661202201
0.357779680305332
0.358021438541147
0.358262935786756
0.35850417194565
0.358745146947715
0.358985860749244
0.359226313332949
0.359466504707966
0.359706434909864
0.359946104000647
0.360185512068751
0.360424659229049
0.360663545622839
0.360902171417844
0.3611405368082
0.361378642014443
0.361616487283501
0.361854072888672
0.36209139912961
0.362328466332302
0.36256527484905
0.362801825058438
0.363038117365314
0.363274152200755
0.363509930022039
0.363745451312608
0.363980716582036
0.364215726365992
0.364450481226195
0.364684981750378
0.364919228552244
0.365153222271416
0.365386963573393
0.365620453149502
0.365853691716841
0.366086680018234
0.366319418822166
0.366551908922736
0.366784151139591
0.367016146317869
0.367247895328137
0.367479399066325
0.367710658453661
0.367941674436607
0.368172447986785
0.36840298010091
0.368633271800716
0.368863324132885
0.369093138168969
0.369322715005312
0.36955205576298
0.369781161587668
0.370010033649634
0.370238673143604
0.370467081288695
0.370695259328329
0.370923208530144
0.37115093018591
0.371378425611435
0.371605696146482
0.371832743154669
0.372059568023383
0.372286172163684
0.372512557010208
0.372738724021075
0.372964674677788
0.373190410485138
0.373415932971102
0.373641243686744
0.373866344206116
0.374091236126151
0.374315921066566
0.37454040066975
0.374764676600669
0.374988750546751
0.375212624217785
0.375436299345813
0.375659777685019
0.375883061011623
0.376106151123771
0.376329049841421
0.376551759006238
0.376774280481477
0.376996616151871
0.377218767923523
0.377440737723785
0.377662527501147
0.377884139225126
0.378105574886142
0.378326836495409
0.378547926084815
0.378768845706806
0.378989597434269
0.379210183360412
0.379430605598648
0.379650866282472
0.379870967565348
0.380090911620581
0.380310700641206
0.380530336839856
0.380749822448654
0.380969159719082
0.38118835092186
0.381407398346831
0.38162630430283
0.381845071117567
0.382063701137502
0.38228219672772
0.382500560271811
0.382718794171743
0.38293690084774
0.383154882738157
0.383372742299352
0.383590482005568
0.3838081043488
0.384025611838676
0.384243007002327
0.384460292384265
0.38467747054625
0.384894544067173
0.385111515542923
0.385328387586261
0.385545162826694
0.385761843910349
0.385978433499843
0.386194934274155
0.386411348928503
0.386627680174209
0.386843930738576
0.387060103364757
0.387276200811626
0.387492225853651
0.38770818128076
0.387924069898219
0.388139894526495
0.388355658001131
0.388571363172611
0.388787012906233
0.38900261008198
0.38921815759438
0.389433658352387
0.389649115279238
0.389864531312328
0.390079909403074
0.390295252516784
0.390510563632523
0.390725845742981
0.390941101854337
0.391156334986126
0.391371548171103
0.391586744455111
0.391801926896942
0.392017098568202
0.392232262553176
0.392447421948689
0.392662579863971
0.392877739420517
0.393092903751947
0.393308076003872
0.393523259333748
0.393738456910741
0.393953671915582
0.394168907540431
0.394384166988727
0.39459945347505
0.394814770224978
0.395030120474939
0.39524550747207
0.395460934474068
0.395676404749042
0.395891921575371
0.39610748824155
0.396323108046042
0.396538784297131
0.396754520312765
0.396970319420408
0.397186184956889
0.397402120268238
0.397618128709543
0.397834213644786
0.398050378446686
0.398266626496544
0.398482961184079
0.39869938590727
0.398915904072194
0.399132519092858
0.399349234391042
0.399566053396124
0.39978297954492
0.400000016281511
0.400217167057075
0.400434435329711
0.400651824564274
0.40086933823219
0.40108697981129
0.401304752785624
0.401522660645285
0.401740706886229
0.40195889501009
0.402177228523997
0.402395710940387
0.402614345776818
0.402833136555778
0.403052086804493
0.403271200054736
0.403490479842628
0.403709929708446
0.403929553196416
0.40414935385452
0.404369335234286
0.404589500890587
0.40480985438143
0.40503039926775
0.405251139113194
0.405472077483913
0.405693217948338
0.405914564076969
0.406136119442148
0.406357887617841
0.40657987217941
0.406802076703385
0.407024504767235
0.407247159949135
0.407470045827729
0.407693165981899
0.407916523990515
0.4081401234322
0.408363967885083
0.408588060926549
0.408812406132993
0.409037007079563
0.409261867339905
0.409486990485908
0.409712380087437
0.409938039712078
0.410163972924861
0.410390183288
0.410616674360616
0.410843449698463
0.411070512853651
0.411297867374367
0.411525516804588
0.411753464683798
0.4119817145467
0.412210269922919
0.412439134336715
0.412668311306676
0.412897804345427
0.413127616959321
0.413357752648133
0.413588214904753
0.413819007214872
0.414050133056667
0.414281595900486
0.414513399208523
0.414745546434497
0.414978041023324
0.415210886410789
0.415444086023211
0.415677643277111
0.415911561578871
0.416145844324395
0.416380494898765
0.41661551667589
0.416850913018165
0.417086687276112
0.417322842788026
0.41755938287962
0.417796310863662
0.418033630039614
0.418271343693264
0.418509455096359
0.418747967506234
0.418986884165439
0.419226208301361
0.419465943125849
0.419706091834829
0.419946657607923
0.420187643608067
0.420429052981114
0.420670888855452
0.420913154341611
0.421155852531863
0.421398986499832
0.42164255930009
0.421886573967763
0.422131033518124
0.422375940946187
0.422621299226308
0.422867111311772
0.423113380134387
0.423360108604071
0.42360729960844
0.423854956012399
0.424103080657722
0.424351676362638
0.424600745921416
0.424850292103943
0.425100317655312
0.425350825295394
0.425601817718424
0.425853297592579
0.426105267559553
0.426357730234141
0.426610688203811
0.426864144028287
0.427118100239124
0.427372559339287
0.427627523802726
0.427882996073958
0.428138978567647
0.428395473668177
0.428652483729239
0.428910011073407
0.429168057991723
0.429426626743279
0.429685719554801
0.429945338620233
0.430205486100327
0.430466164122233
0.430727374779083
0.430989120129592
0.431251402197647
0.431514222971907
0.431777584405401
0.432041488415131
0.432305936881679
0.432570931648808
0.432836474523084
0.433102567273479
0.433369211630998
0.433636409288293
0.433904161899296
0.434172471078839
0.434441338402296
0.434710765405215
0.434980753582963
0.435251304390372
0.43552241924139
0.435794099508739
0.436066346523577
0.436339161575166
0.436612545910542
0.436886500734199
0.437161027207768
0.437436126449716
0.437711799535034
0.43798804749495
0.438264871316634
0.438542271942916
0.438820250272017
0.439098807157274
0.439377943406883
0.439657659783648
0.439937957004734
0.440218835741431
0.440500296618928
0.440782340216091
0.441064967065254
0.441348177652015
0.441631972415047
0.441916351745909
0.442201315988875
0.44248686544077
0.442773000350814
0.443059720920476
0.443347027303345
0.443634919604998
0.443923397882891
0.444212462146257
0.444502112356013
0.444792348424677
0.4450831702163
0.44537457754641
0.445666570181961
0.445959147841302
0.446252310194153
0.446546056861592
0.446840387416059
0.447135301381369
0.447430798232739
0.447726877396823
0.44802353825177
0.448320780127285
0.448618602304705
0.448917004017095
0.449215984449348
0.449515542738306
0.449815677972888
0.450116389194239
0.450417675395885
0.450719535523911
0.451021968477139
0.451324973107341
0.451628548219443
0.45193269257176
0.452237404876241
0.452542683798722
0.452848527959204
0.453154935932137
0.453461906246723
0.453769437387233
0.454077527793336
0.454386175860449
0.454695379940094
0.455005138340277
0.455315449325875
0.455626311119045
0.45593772189964
0.456249679805649
0.456562182933643
0.456875229339243
0.457188817037596
0.457502944003873
0.457817608173777
0.458132807444067
0.458448539673096
0.458764802681366
0.459081594252096
0.459398912131804
0.459716754030902
0.460035117624312
0.460354000552089
0.46067340042006
0.460993314800482
0.461313741232705
0.461634677223861
0.461956120249552
0.462278067754567
0.462600517153597
0.462923465831981
0.463246911146449
0.463570850425886
0.463895280972109
0.464220200060658
0.464545604941591
0.464871492840304
0.465197860958352
0.465524706474291
0.465852026544525
0.466179818304168
0.46650807886792
0.466836805330946
0.467165994769775
0.467495644243205
0.467825750793218
0.46815631144591
0.468487323212425
0.468818783089904
0.469150688062437
0.469483035102035
0.4698158211696
0.470149043215908
0.470482698182605
0.470816783003201
0.471151294604087
0.471486229905537
0.471821585822747
0.472157359266851
0.472493547145966
0.472830146366232
0.473167153832862
0.473504566451198
0.473842381127769
0.474180594771359
0.474519204294076
0.474858206612428
0.475197598648404
0.475537377330553
0.475877539595075
0.476218082386905
0.476559002660816
0.476900297382502
0.477241963529684
0.477583998093207
0.47792639807814
0.478269160504878
0.478612282410246
0.4789557608486
0.479299592892933
0.479643775635978
0.479988306191308
0.480333181694439
0.480678399303931
0.481023956202487
0.48136984959805
0.481716076724893
0.482062634844719
0.482409521247744
0.482756733253784
0.483104268213336
0.483452123508661
0.483800296554849
0.484148784800897
0.484497585730765
0.484846696864442
0.485196115758994
0.485545840009611
0.485895867250651
0.486246195156672
0.486596821443459
0.486947743869045
0.487298960234724
0.487650468386052
0.488002266213848
0.488354351655178
0.488706722694338
0.489059377363821
0.48941231374528
0.489765529970476
0.490119024222224
0.490472794735321
0.490826839797467
0.491181157750174
0.49153574698967
0.491890605967781
0.492245733192808
0.492601127230398
0.492956786704387
0.493312710297649
0.493668896752918
0.494025344873607
0.49438205352461
0.494739021633089
0.495096248189251
0.495453732247114
0.495811472925249
0.496169469407522
0.496527720943809
0.496886226850703
0.497244986512212
0.497603999380427
0.497963264976188
0.498322782889736
0.498682552781335
0.499042574381896
0.499402847493578
0.499763371990366
0.500124147818651
0.500485174997772
0.500846453620563
0.501207983853869
0.501569765939048
0.501931800192467
0.502294087005964
0.50265662684731
0.503019420260641
0.503382467866882
0.503745770364149
0.504109328528133
0.504473143212472
0.504837215349102
0.505201545948585
0.505566136100434
0.505930986973402
0.506296099815767
0.506661475955595
0.50702711680098
0.507393023840274
0.507759198642291
0.5081256428565
0.508492358213192
0.508859346523637
0.509226609680211
0.50959414965652
0.509961968507489
0.510330068369441
0.510698451460157
0.511067120078918
0.511436076606517
0.511805323505271
0.512174863318993
0.512544698672962
0.512914832273864
0.513285266909711
0.513656005449754
0.514027050844361
0.514398406124879
0.51477007440349
0.515142058873022
0.515514362806763
0.515886989558244
0.516259942560998
0.516633225328312
0.517006841452943
0.517380794606823
0.517755088540745
0.518129727084019
0.518504714144113
0.518880053706276
0.519255749833132
0.519631806664258
0.520008228415739
0.520385019379702
0.520762183923828
0.521139726490841
0.521517651597976
0.521895963836427
0.522274667870766
0.522653768438345
0.523033270348679
0.523413178482793
0.52379349779256
0.524174233300007
0.524555390096601
0.524936973342512
0.525318988265847
0.525701440161865
0.526084334392173
0.526467676383878
0.526851471628738
0.527235725682273
0.527620444162853
0.528005632750767
0.528391297187257
0.528777443273534
0.529164076869763
0.529551203894022
0.52993883032124
0.530326962182096
0.530715605561905
0.531104766599464
0.531494451485878
0.531884666463356
0.532275417823977
0.532666711908425
0.533058555104703
0.533450953846811
0.533843914613393
0.534237443926362
0.534631548349486
0.535026234486946
0.535421508981867
0.535817378514816
0.53621384980226
0.536610929595008
0.537008624676605
0.537406941861705
0.537805887994403
0.53820546994654
0.538605694615969
0.539006568924792
0.539408099817559
0.539810294259435
0.54021315923433
0.540616701742996
0.541020928801088
0.541425847437185
0.541831464690786
0.542237787610254
0.542644823250737
0.543052578672047
0.543461060936497
0.543870277106711
0.544280234243386
0.544690939403023
0.545102399635616
0.545514621982306
0.54592761347299
0.546341381123904
0.546755931935149
0.547171272888193
0.54758741094333
0.548004353037095
0.548422106079642
0.548840676952088
0.549260072503806
0.549680299549691
0.550101364867375
0.550523275194415
0.550946037225425
0.551369657609184
0.551794142945697
0.552219499783215
0.552645734615223
0.553072853877382
0.553500863944434
0.553929771127072
0.554359581668766
0.554790301742558
0.55522193744781
0.555654494806928
0.556087979762034
0.556522398171613
0.556957755807121
0.557394058349555
0.557831311385995
0.5582695204061
0.558708690798588
0.559148827847668
0.559589936729446
0.560032022508305
0.560475090133245
0.560919144434207
0.561364190118351
0.56181023176633
0.562257273828515
0.562705320621215
0.563154376322859
0.563604444970164
0.564055530454285
0.564507636516931
0.564960766746486
0.565414924574091
0.565870113269725
0.566326335938276
0.566783595515585
0.567241894764497
0.567701236270899
0.568161622439748
0.568623055491102
0.569085537456149
0.569549070173232
0.570013655283885
0.570479294228866
0.570945988244206
0.571413738357262
0.571882545382787
0.572352409919015
0.572823332343761
0.573295312810548
0.573768351244752
0.574242447339775
0.574717600553253
0.575193810103288
0.575671074964723
0.576149393865455
0.576628765282783
0.577109187439815
0.577590658301908
0.578073175573175
0.578556736693038
0.579041338832844
0.579526978892543
0.580013653497437
0.580501358994988
0.580990091451715
0.581479846650159
0.581970620085927
0.582462406964836
0.582955202200127
0.583449000409791
0.583943795913979
0.584439582732519
0.584936354582537
0.585434104876194
0.585932826718522
0.586432512905393
0.586933155921601
0.587434747939074
0.587937280815209
0.588440746091355
0.588945134991413
0.589450438420605
0.589956646964362
0.59046375088738
0.590971740132827
0.591480604321702
0.591990332752363
0.592500914400215
0.593012337917575
0.593524591633701
0.594037663555008
0.594551541365454
0.595066212427122
0.595581663780977
0.596097882147826
0.596614853929464
0.597132565210017
0.597651001757494
0.598170149025529
0.598689992155342
0.5992105159779
0.599731705016289
0.600253543488309
0.600776015309272
0.601299104095026
0.601822793165197
0.602347065546648
0.602871903977168
0.603397290909384
0.60392320851489
0.604449638688613
0.604976563053402
0.605503962964845
0.606031819516313
0.606560113544237
0.607088825633606
0.607617936123701
0.608147425114054
0.60867727247063
0.609207457832243
0.609737960617187
0.610268760030104
0.610799835069057
0.611331164532841
0.611862727028497
0.61239450097905
0.612926464631461
0.613458596064779
0.613990873198512
0.614523273801197
0.615055775499166
0.615588355785517
0.616120992029267
0.616653661484702
0.617186341300906
0.617719008531464
0.618251640144352
0.618784213031979
0.619316704021402
0.619849089884697
0.620381347349477
0.620913453109558
0.621445383835763
0.621977116186861
0.622508626820623
0.623039892405006
0.623570889629445
0.624101595216244
0.624631985932077
0.625162038599558
0.625691730108913
0.626221037429714
0.62674993762268
0.627278407851539
0.627806425394936
0.628333967658384
0.62886101218625
0.629387536673758
0.629913518979019
0.630438937135059
0.63096376936185
0.631487994078336
0.632011589914429
0.632534535722992
0.633056810591779
0.633578393855332
0.63409926510683
0.634619404209875
0.635138791310207
0.635657406847348
0.63617523156616
0.636692246528303
0.637208433123604
0.63772377308131
0.638238248481223
0.638751841764724
0.639264535745653
0.639776313621057
0.640287158981798
0.640797055823003
0.641305988554364
0.641813942010269
0.642320901459765
0.642826852616354
0.643331781647597
0.643835675184543
0.644338520330964
0.644840304672396
0.645341016284982
0.645840643744116
0.646339176132878
0.646836603050261
0.647332914619186
0.647828101494309
0.648322154869601
0.648815066485721
0.649306828637163
0.649797434179185
0.650286876534516
0.650775149699847
0.65126224825209
0.651748167354428
0.652232902762134
0.652716450828181
0.653198808508628
0.653679973367796
0.654159943583218
0.6546387179504
0.655116295887351
0.655592677438929
0.65606786328097
0.65654185472423
0.657014653718132
0.657486262854328
0.657956685370074
0.658425925151429
0.658893986736288
0.659360875317243
0.659826596744291
0.660291157527382
0.660754564838829
0.66121682651558
0.661677951061349
0.66213794764864
0.66259682612064
0.663054596993018
0.66351127145562
0.66396686137407
0.664421379291302
0.66487483842901
0.66532725268904
0.66577863665473
0.666229005592204
0.666678375451634
0.667126762868482
0.667574185164721
0.668020660350061
0.668466207123178
0.668910844872958
0.669354593679778
0.669797474316814
0.670239508251406
0.670680717646486
0.671121125362062
0.671560754956802
0.671999630689696
0.672437777521827
0.672875221118255
0.673311987850024
0.673748104796305
0.674183599746683
0.674618501203603
0.675052838384978
0.675486641226979
0.675919940387006
0.676352767246864
0.676785153916138
0.677217133235791
0.677648738781986
0.678080004870146
0.678510966559258
0.67894165965643
0.67937212072172
0.679802387073225
0.680232496792458
0.680662488730016
0.681092402511536
0.681522278543964
0.681952158022127
0.682382082935631
0.682812096076073
0.683242241044596
0.683672562259767
0.684103104965806
0.684533915241151
0.684965040007384
0.685396527038496
0.68582842497052
0.686260783311517
0.68669365245192
0.687127083675243
0.687561129169147
0.687995842036871
0.688431276309015
0.68886748695569
0.689304529899011
0.689742462025946
0.690181341201508
0.690621226282283
0.691062177130291
0.691504254627167
0.691947520688657
0.692392038279407
0.692837871428053
0.693285085242568
0.693733745925882
0.694183920791731
0.694635678280733
0.695089087976661
0.69554422062289
0.696001148139001
0.696459943637502
0.696920681440643
0.697383437097296
0.697848287399858
0.698315310401142
0.698784585431219
0.69925619311416
0.69973021538464
0.70020673550435
0.700685838078164
0.701167609069999
0.701652135818324
0.702139507051232
0.702629812901023
0.703123144918216
0.703619596084921
0.704119260827476
0.704622235028284
0.705128616036732
0.70563850267912
0.706151995267477
0.706669195607182
0.707190207003247
0.707715134265166
0.708244083710196
0.708777163164946
0.709314481965121
0.709856150953298
0.710402282474568
0.710952990369899
0.711508389967041
0.712068598068821
0.712633732938636
0.713203914282967
0.713779263230718
0.714359902309189
0.714945955416463
0.715537547790014
0.716134805971298
0.716737857766115
0.717346832200506
0.717961859471934
0.718583070895531
0.719210598845131
0.719844576688859
0.720485138718995
0.721132420075872
0.721786556665512
0.722447685070761
0.723115942455621
0.72379146646253
0.7244743951023
0.725164866636447
0.725863019451643
0.72656899192602
0.727282922287059
0.728004948460827
0.728735207912283
0.729473837476442
0.73022097318016
0.730976750054314
0.731741301936201
0.732514761261969
0.7332972588489
0.734088923667444
0.734889882602867
0.735700260206433
0.736520178436084
0.737349756386583
0.738189110009145
0.73903835182063
0.739897590602371
0.740766931088833
0.741646473646257
0.742536313941578
0.743436542601921
0.744347244865041
0.745268500221146
0.746200382046625
0.747142957230223
0.748096285792347
0.749060420498201
0.750035406465564
0.751021280768102
0.752018072035169
0.753025800049159
0.75404447534156
0.755074098788903
0.756114661209977
0.757166142965656
0.758228513562882
0.759301731264344
0.760385742705543
0.761480482520969
0.762585872981233
0.76370182364303
0.764828231013928
0.765964978233985
0.7671119347763
0.768268956168643
0.769435883738311
0.770612544382444
0.771798750366032
0.77299429914981
0.774198973250334
0.775412540134394
0.776634752149986
0.777865346495965
0.779104045232457
0.780350555334016
0.781604568787447
0.782865762736061
0.784133799672031
0.785408327678359
0.786688980721785
0.78797537899781
0.789267129328787
0.790563825615811
0.791865049344935
0.793170370147946
0.794479346417704
0.795791525977783
0.797106446805797
0.798423637809606
0.799742619655184
0.801062905644699
0.802384002643007
0.803705412050466
0.805026630819637
0.8063471525132
0.80766646840001
0.808984068586065
0.81029944317676
0.811612083466628
0.812921483152525
0.814227139565956
0.815528554920123
0.816825237567082
0.818116703260263
0.819402476417574
0.820682091380183
0.821955093662128
0.8232210411859
0.824479505499213
0.8257300729683
0.826972345943249
0.828205943891049
0.829430504492321
0.830645684697966
0.831851161742301
0.833046634109674
0.834231822451903
0.835406470454418
0.836570345649449
0.837723240175142
0.838864971480081
0.8399953829733
0.841114344620463
0.842221753487647
0.843317534234783
0.84440163956156
0.845474050609374
0.846534777323638
0.84758385878161
0.848621363491713
0.849647389671177
0.850662065509769
0.851665549428267
0.852658030341376
0.853639727935799
0.854610892975308
0.85557180764586
0.856522785955117
0.857464174202151
0.858396351534705
0.859319730613143
0.860234758402205
0.861141917113944
0.862041725327763
0.862934739316448
0.863821554610484
0.864702807836863
0.865579178873254
0.866451393363716
0.867320225648508
0.868186502167934
0.869051105408976
0.869914978473808
0.870779130361637
0.871644642069913
0.872512673638474
0.873384472280976
0.874261381773015
0.875144853296329
0.876036457974615
0.876937901380173
0.877851040343411
0.878777902461454
0.879720708780332
0.880681900220761
0.881664168434779
0.882670491924661
0.883704178433613
0.884768914838341
0.885868826048098
0.88700854475744
0.88819329432964
0.88942898762859
0.890722345300842
0.892081037877854
0.893513857176076
0.89503092389197
0.89664394011671
0.898366497860251
0.900214457750114
0.902206416091221
0.904364283758009
0.906714007374998
0.909286472526148
0.912118641146378
0.915254991945413
0.918749355312881
0.922667264937535
0.927088990584616
0.932113474750582
0.93786347693357
0.944492342713407
0.95219297490127
0.961209811584712
0.971854941993486
0.984529962238197
0.999755859375
