0.0492990507550163
0.0156153553875726
-0.0124563187469253
-0.0141732905029569
-0.0563409640343022
-0.0881977013102427
-0.0500466821744836
-0.0939342050105188
-0.122913860139932
-0.0316950892709811
-0.0514576871486255
0.0276214616163125
0.0411403351366297
0.0491807266311687
0.0161397311985282
-0.01664789376947
-0.00201962835081441
0.0882890836268612
0.0447502848264202
0.175398611546569
0.211254950852563
0.221954097086852
0.260953893920019
0.22519354909436
0.222663613927391
0.228562555184609
0.196809739609795
0.184502233228364
0.170828563917072
0.139051883005474
0.143442773351426
0.107022589073881
0.0798892352832776
0.0360223011588204
0.200797449128939
0.214015871164216
0.283272896174947
0.268971209609329
0.285574658733039
0.243876115909493
0.247756385668516
0.328941960678803
0.343843794921307
0.332970703893258
0.293425854657277
0.263575245359264
0.233278961204298
0.189952545798185
0.196348714507886
0.178600015182884
0.324044031129581
0.303066898434659
0.259567699212662
0.242883578090309
0.205231919199367
0.202497998906158
0.158826256285028
0.117334891487916
0.141357028936965
0.32069460903878
0.308989829400567
0.266394884563912
0.225900948506852
0.193093993150623
0.187267620962481
0.162148665788265
0.239883720485495
0.198662794094685
0.183903977231204
0.16436333166296
0.128793094532278
0.107601122177697
0.0954838034376986
0.0762627277016118
0.0458620858361695
0.0352565519902378
0.0909414583846732
0.0625193784788846
0.0626659917275703
0.099759260652463
0.0695950938867241
0.0354668451873286
0.0208731262777021
-0.0193447038275944
-0.0430402363854866
0.0611098167343055
0.0413904790559027
0.08973517849326
0.058761411549332
0.0637020058410817
0.0521073796598388
0.0287920101613831
0.00841094035530032
0.0147711033664042
0.12545159958151
0.082029992677846
0.0459211832336963
0.0504508530772872
0.115069667746763
0.0717622803917759
0.066917511718676
0.0504088883427901
0.0573137885492705
0.0446239981174036
0.0540019741392676
0.0919194995229003
0.059465094671157
0.0288356161464383
0.0223283674177169
-0.0207536902857239
-0.0638263024685541
-0.10221026786233
0.00485726924792237
-0.0160403428251487
-0.0512086057676895
-0.0947979160339853
-0.0876059544242673
-0.0878669094981332
-0.124980496502071
-0.156631314946028
-0.134374453195348
0.0151077737208537
0.01669253628216
-0.0167415197603524
0.159760497845038
0.168801809218373
0.180713322416843
0.207762478522676
0.195668033655034
0.197982650549329
0.246558688267305
0.206176900111735
0.228571462280663
0.187586011552579
0.159670638441907
0.167583371665464
0.194986092341186
0.198755211149425
0.249501947772491
0.263454666261137
0.238399763731552
0.255332414747732
0.234758694913111
0.207016175134854
0.223884184330418
0.188370827393015
0.286441139691371
0.277915677657967
0.426027464141448
0.412390413321257
0.402522609702372
0.383514122296706
0.404149876551589
0.446914963985327
0.404301354526616
0.381085023005161
0.346727557674753
0.306956678222419
0.378160055337449
0.360374355150903
0.33372916574238
0.294300249106102
0.311108150731979
0.326739810777184
0.287277113292838
0.299123430121653
0.255069515048261
0.236984184176259
0.25627227444722
0.213672830149589
0.188028578423189
0.223287236948267
0.261262115625555
0.256508627430998
0.231316435695454
0.196319585194767
0.182525291689883
0.201019131098497
0.1806082186852
0.24766670887016
0.248045156517599
0.215321075488975
0.172869618457563
0.162496362769254
0.15881553176704
0.145408127661468
0.158103657514334
0.336413645580951
0.36845616657242
0.333566904503537
0.335970287698013
0.329111778101211
0.291648982376913
0.274334539928348
0.382089034258789
0.404684516009894
0.365376102525407
0.338182024265806
0.37842553608781
0.454975506078184
0.478944863753545
0.592045375504429
0.644877456082954
0.662484560676282
0.661793299747381
0.955238227931574
0.91825346661951
0.883152828255097
0.854461719580259
0.812756991267704
0.786598452717821
0.799290956892582
1.12062247123301
1.15886936924
1.13513273460458
1.13154204569453
1.1158259905264
1.0923667435886
1.11483381366313
1.16599163178704
1.29631197981426
1.40916579697795
1.4928908693885
1.63936790977126
1.61490222872843
1.57488580572822
1.64494031577894
1.6728084171123
1.75480200520852
1.71082263880341
1.69578706330513
1.82490463967521
1.84659222919075
1.88810706671182
1.87620828122358
1.89659189614798
1.8593838419741
1.84358589777935
1.84510978897853
1.82552763531995
1.80867760250325
1.76942508101277
1.73949802171024
1.73466740170874
1.72610074164383
1.72297361681966
1.73747604662047
1.71090189198432
1.6711533722204
1.7980381911995
1.84600528503749
1.84653096997728
1.81626947382477
1.79706848161345
1.81653584398215
1.78312260326662
1.82199794582038
1.82889808802756
1.86421346959328
1.87990438407162
1.92234279978184
1.8807466564792
1.89060839842772
1.88475366860561
2.05189194259206
2.05370461593357
2.01127710973483
1.97236708187678
1.93857005951141
1.92927059262379
1.9593169537955
1.92903965728611
1.92845441699145
1.94049472565674
1.9389855583188
1.90704733409192
1.87872426505717
1.94894624363549
2.02113698294298
2.04143910195738
2.02009808833508
2.04583068720563
2.00769684423645
1.9685624955583
1.97590575716507
1.93354892022827
1.90346148061982
1.91858435149718
1.88110336952806
1.85572756292745
1.89903497306177
1.92646907464032
1.99348833965312
2.14625631145129
2.18367847173591
2.15393120493344
2.22788919337413
2.20289105925115
2.16135115658091
2.14864946427534
2.13166307145426
2.14270612352801
2.16060916522983
2.11980084607918
2.12261391209616
2.08252684489436
2.10255798005624
2.20043252719003
2.26868704038006
2.33437016915556
2.32936330244612
2.28701765185272
2.26768077221552
2.24925230094983
2.26916996556226
2.23095036835314
2.20372496390114
2.18466487404081
2.14138183728726
2.17422192783262
2.15126678173252
2.14547046575693
2.20229093341244
2.1757437933033
2.1567579055215
2.12790487519639
2.08827073329939
2.17993157794383
2.16651625977223
2.17578899857774
2.13899525681074
2.15629781428922
2.13302446473825
2.14221448527031
2.1255398938571
2.08396262014691
2.15923095307242
2.17692046717004
2.14643141434605
2.14051924324236
2.10616239968547
2.08197503485559
2.04946549861742
2.00986770524389
2.00961580287602
1.96690779293687
1.97163328216771
1.94153367960959
1.92721381963668
1.89958610114857
1.88120639230249
1.84232762580858
1.86939772024561
1.83555141369207
1.81174675741198
1.77419755878301
1.73881958167491
1.6963639590782
1.74610349240269
1.73480310322656
1.81505159855972
1.79771636191241
1.76654007107649
1.83522751860203
1.80638066629824
1.83940365364901
1.82401798583856
1.82550220527421
1.85522428094094
1.82929838189435
1.78571038567714
1.87463019934382
1.83702713174587
1.81583130128994
1.83887212435669
1.80322262893267
1.87275766520796
1.83966950390681
1.82129478297796
1.80955203487075
1.77289520369351
1.73646425662763
1.75514483053474
1.71416366495717
1.81900264677187
1.7869009952853
1.76582336352321
1.74201587988854
1.74419440112952
1.79895467452407
1.85157086501976
1.87966200331217
1.83616880076074
1.79302233339906
1.83738135085519
1.79978287272791
1.77017670318194
1.74755829610843
1.73149201237782
1.69797371380968
1.72078908123877
1.69565396459242
1.81769037845331
1.7842429000015
1.74668792903979
1.74374915291634
1.91952630205226
1.8840637632173
1.86059315111537
1.82144240517889
1.78154840593647
1.76847802456229
1.7385263456432
1.71799888822415
1.72083790557404
1.73371668646934
1.73152133932742
1.69496428942782
1.66699540444829
1.70709608839574
1.68038074670178
1.65493302918034
1.61370769013647
1.5729809427979
1.52965097943474
1.59597254232415
1.64902931787439
1.65653014638711
1.69720230033832
1.65699798620107
1.8284155520225
1.9055096882096
1.90232482030443
1.86874994725156
1.94067848958602
1.90568567376588
1.87930859771283
1.86906311371953
1.82485843629053
1.87794843844191
1.94839077975846
1.94871509686255
1.93774338155816
1.89670791533518
1.85999965348764
1.92542418163601
2.01038009798416
1.98340783160603
2.03425524825461
2.00280153754288
1.97039466894749
1.96952839781422
1.95209648434309
2.04805000252874
2.19814645505472
2.16618562541613
2.13559202696754
2.14378708935158
2.10690281214625
2.07026918033982
NaN
NaN
NaN
NaN
NaN
NaN
NaN
NaN
NaN
NaN
NaN
NaN
NaN
NaN
NaN
NaN
NaN
NaN
NaN
NaN
NaN
NaN
NaN
NaN
NaN
NaN
NaN
NaN
NaN
NaN
NaN
NaN
NaN
NaN
NaN
NaN
NaN
NaN
NaN
NaN
NaN
NaN
NaN
NaN
NaN
NaN
NaN
NaN
NaN
NaN
