0.000978025360869894
0.00100183144781424
0.00110811090603697
0.00144305240301255
0.00167910969007683
0.00193899506392445
0.00203664196810652
0.0021224233230914
0.00394750659692144
0.0165108247012194
0.0169475757553864
0.0169492183155558
0.0196660596159111
0.0209060794565902
0.0228200121194541
0.0242146831045651
0.0292498194200226
0.0345603798106347
0.035060971081969
0.0440162292143552
0.0444406653457089
0.0466174357398706
0.048824868950555
0.0493868626118518
0.0657514189136904
0.0711291207958615
0.0740516371933216
0.0773338360547521
0.0779551154125616
0.078835245356087
0.0795367951817989
0.0902323782400971
0.0935608972161189
0.0943613176261529
0.0944039889681614
0.100537931380924
0.102092043968827
0.105531562678876
0.106473283528388
0.111604253418971
0.111990109351261
0.112669540486701
0.122601945495539
0.123347202725192
0.123427792016342
0.124989807368078
0.125384538040384
0.125993599174978
0.131791830395829
0.132820205590701
0.13334592438957
0.134241950646403
0.134384938034158
0.13498618792424
0.135311389355686
0.135509636764845
0.135727257286017
0.13583715431286
0.136634942751156
0.13833854714166
0.13836848971319
0.139781760043478
0.141267546709577
0.141824422354972
0.142425385540298
0.142871638822065
0.143104037756736
0.143648358569195
0.145248359147885
0.145341153725861
0.145928041333217
0.146029380374641
0.14750942597279
0.150120360979413
0.150826843626773
0.151696465550959
0.159124718436629
0.161275769226289
0.166025140188393
0.167328899254505
0.171676153917956
0.17175442065165
0.172727814624277
0.176755781776681
0.180177948005126
0.181697324235409
0.186703835000527
0.187927311831716
0.191880974164156
0.193381307116827
0.194824208071404
0.200452962592028
0.204884721577424
0.207247949031153
0.209326423036487
0.210694972520969
0.214189188304496
0.217171352729531
0.217463622790471
0.221974214893719
0.23151443051378
0.23228804586647
0.232377501659328
0.236076727474618
0.237650862707628
0.245646335201944
0.246684551598851
0.247612179855772
0.249558291775904
0.255131883995222
0.256961169886733
0.258616832509766
0.267116514950318
0.271928033987101
0.277895974971366
0.279171279535125
0.280429291931678
0.281235100814397
0.282516001820126
0.284591955117836
0.285608435962956
0.285833686537194
0.293992300257542
0.298846833356382
0.304698486486223
0.311833314993058
0.317390147200401
0.3177935462645
0.322292121630803
0.32597504462492
0.328751375374719
0.329229578925328
0.330591271323348
0.33417424797745
0.33906984027398
0.33915178022663
0.341931735736458
0.348229647109183
0.350813805510598
0.352288363847277
0.363603400300629
0.365381536369151
0.368685003296629
0.373730431150753
0.374149070784711
0.375240380411959
0.378057891122051
0.379101053253497
0.379306570475372
0.380805002908324
0.38080882954688
0.381728007619256
0.382924795762946
0.385580152096846
0.386323724526174
0.391855759538357
0.395564919266518
0.39932192013431
0.401732961739564
0.402607042646256
0.403739551169105
0.404633967988317
0.408164793924793
0.411678516727175
0.412611062151226
0.413854932713931
0.415907091247014
0.416678806725979
0.417389565624358
0.41799313490751
0.41915500467919
0.420098849825307
0.422847682720532
0.423408394231663
0.428207753609996
0.429410242262448
0.433215400136387
0.4341032152503
0.435035376692094
0.435420516654669
0.435715918943425
0.436882038476415
0.443424911796392
0.445085372341042
0.445893372212475
0.445972373243133
0.447199668771888
0.451848141662905
0.455080443095776
0.45594157587276
0.458941451619617
0.461102614102556
0.463535159283219
0.46602187698956
0.466154971573831
0.467389603574552
0.469200282529856
0.469975910566778
0.470046506071222
0.477169228120167
0.479584852377373
0.479669174681663
0.480111801464458
0.486883522102361
0.491176933485857
0.492328696850888
0.494090247149776
0.494951885788008
0.496060298259509
0.496373255200862
0.496711832448762
0.49898338137037
0.499391604249994
0.500705202534435
0.500755758600704
0.503372385249459
0.503593377948232
0.505891408116354
0.507321874711042
0.507812987527001
0.508813594080448
0.5102313500593
0.510615021940167
0.511374479090202
0.513575976722683
0.513679803664428
0.516715963643939
0.517218485421957
0.517243793187549
0.517545278244285
0.518593243740602
0.518720415643938
0.520863721376431
0.522321499453903
0.522641491745062
0.52416017630556
0.525338968335076
0.527571876767127
0.529221856944386
0.535123362410969
0.536124914642968
0.536697864177205
0.537689819923538
0.539668288505702
0.555241131882934
0.557615817884623
0.558684425030018
0.565395393682826
0.566283494803146
0.568436811949801
0.568992534138944
0.578550127350957
0.578843187298056
0.581683923593664
0.583049284557782
0.589792844823978
0.589940402649727
0.596117280714289
0.598358357011571
0.601184060711851
0.601239048777239
0.601416854137936
0.602063096363635
0.604049610510154
0.604064893251774
0.604374626568202
0.605348663537919
0.606911854983824
0.608165324245297
0.608875801270621
0.609722651712886
0.611649967166139
0.613401796935984
0.61379101330845
0.61429240781077
0.617197868306199
0.617593814584465
0.619962149725331
0.620820243305126
0.621657525770448
0.626065351576406
0.635606074095436
0.637602988001646
0.644080096053771
0.644468637449077
0.656339843685005
0.656772876391678
0.657936415644788
0.664165963349093
0.664248000668505
0.669120418549786
0.67666919483959
0.678325104046145
0.687109932987969
0.692033316392905
0.692609955854199
0.693836236636077
0.700133165030486
0.70524599079654
0.712300270828947
0.718546317173621
0.72031356962304
0.720805682043549
0.727979792680547
0.731867676551632
0.735462195244994
0.735735730100991
0.736060321360099
0.742758095376037
0.743692201174287
0.748579838883885
0.750510096735612
0.751058829550006
0.75162317979672
0.752932599419824
0.753594862331304
0.754934119682864
0.756374332447876
0.75674710346894
0.75977723761452
0.763697932411131
0.765789684507898
0.765839672329775
0.765914871397862
0.77225915040035
0.775699001846049
0.776860280454563
0.780739395042265
0.78209868989939
0.785788855470813
0.796947014451053
0.798661238281069
0.801208940244725
0.80284136492562
0.808360413906644
0.811409349685378
0.812650579232847
0.813788331568728
0.818123595002477
0.818652328493708
0.821828257875005
0.822385252571692
0.823294161608751
0.824737407491248
0.826582188724027
0.826634113194005
0.826765868955731
0.831586049023201
0.835189829644917
0.835244599541256
0.835584433887824
0.836964176157175
0.841861798524723
0.84642912717689
0.85222225079004
0.854614585241319
0.856368082882104
0.860603383506218
0.861702633947805
0.861728968153661
0.864557662343788
0.865366362211082
0.865760239097185
0.866189376715835
0.866531156990862
0.866926491899314
0.867665589007155
0.868789644347215
0.869797709963776
0.869954042178584
0.872556559986144
0.872580339810529
0.873089620004622
0.873426613428189
0.873583840604767
0.87465432505801
0.874685094304798
0.875562416455804
0.877626172321448
0.879687952668116
0.881507916915436
0.883219059298774
0.88460422534326
0.88560680948673
0.887891168829465
0.888042020571206
0.888315076222791
0.888789107747384
0.897219675854965
0.90091446895254
0.906018043551957
0.908424451032623
0.90895699327087
0.911994542402138
0.912518712656457
0.918034950497289
0.922939793153502
0.922949143590932
0.929460054294782
0.93578985423136
0.936107181600117
0.937323577441355
0.942412778928276
0.943419644217812
0.94505224892975
0.947315949213066
0.947549693876728
0.950629893378535
0.953202137644138
0.963159932127886
0.966328982995215
0.966921874209864
0.993261324091084
0.993710079951572
0.995400439826263
0.995433171876784
0.995687031137316
0.996837507049225
0.996848741230557
0.996907377231452
0.998118665781609
0.998249532904229
0.998318493592442
0.998541085095279
0.999008185715453
NaN
NaN
NaN
NaN
NaN
NaN
NaN
NaN
NaN
NaN
NaN
NaN
NaN
NaN
NaN
NaN
NaN
NaN
NaN
NaN
NaN
NaN
NaN
NaN
NaN
NaN
NaN
NaN
NaN
NaN
NaN
NaN
NaN
NaN
NaN
NaN
NaN
NaN
NaN
NaN
NaN
NaN
NaN
NaN
NaN
NaN
NaN
NaN
NaN
NaN
NaN
NaN
NaN
NaN
NaN
NaN
NaN
NaN
NaN
NaN
NaN
NaN
NaN
NaN
NaN
NaN
NaN
NaN
NaN
NaN
NaN
NaN
NaN
NaN
NaN
NaN
NaN
NaN
NaN
NaN
NaN
NaN
NaN
NaN
NaN
