-0.00469499942119
0.005957457601653
0.016609914624496
0.0272623716464295
0.0379148286692725
0.0485672856921155
0.0592197427149586
0.0698721997378016
0.0805246567597351
0.0911771137825781
0.101829570805421
0.112482027828264
0.123134484851107
0.13378694187395
0.144439398895884
0.155091855918727
0.16574431294157
0.176396769964413
0.187049226987256
0.197701684009189
0.208354141032032
0.219006598054875
0.229659055077718
0.240311512100561
0.250963969123404
0.261616426145338
0.272268883168181
0.282921340191024
0.293573797213867
0.30422625423671
0.314878711259553
0.325531168281486
0.336183625304329
0.346836082327172
0.357488539350015
0.368140996372858
0.378793453394792
0.389445910417635
0.400098367440478
0.410750824463321
0.421403281486164
0.432055738509007
0.44270819553094
0.453360652553783
0.464013109576626
0.474665566599469
0.485318023622312
0.495970480644246
0.506622937667089
0.517275394689932
0.527927851712775
0.538580308735618
0.549232765758461
0.559885222780395
0.570537679803238
0.581190136826081
0.591842593848924
0.602495050871767
0.61314750789461
0.623799964916543
0.634452421939386
0.645104878962229
0.655757335985072
0.666409793007915
0.677062250029849
0.687714707052692
0.698367164075535
0.709019621098378
0.719672078121221
0.730324535144064
0.740976992165997
0.75162944918884
0.762281906211683
0.772934363234526
0.783586820257369
0.794239277279303
0.804891734302146
0.815544191324989
0.826196648347832
0.836849105370675
0.847501562393518
0.858154019415451
0.868806476438294
0.879458933461137
0.89011139048398
0.900763847506823
0.911416304529666
0.9220687615516
0.932721218574443
0.943373675597286
0.954026132620129
0.964678589642972
0.975331046664905
0.985983503687748
0.996635960710591
1.00728841773343
1.01794087475628
1.02859333177912
1.03924578880105
1.0498982458239
1.06055070284674
1.07120315986958
1.08185561689243
1.09250807391436
1.1031605309372
1.11381298796005
1.12446544498289
1.13511790200573
1.14577035902857
1.15642281605051
1.16707527307335
1.17772773009619
1.18838018711904
1.19903264414188
1.20968510116381
1.22033755818666
1.2309900152095
1.24164247223234
1.25229492925519
1.26294738627803
1.27359984329996
1.28425230032281
1.29490475734565
1.30555721436849
1.31620967139133
1.32686212841418
1.33751458543611
1.34816704245895
1.3588194994818
1.36947195650464
1.38012441352748
1.39077687054942
1.40142932757226
1.4120817845951
1.42273424161795
1.43338669864079
1.44403915566363
1.45469161268556
1.46534406970841
1.47599652673125
1.48664898375409
1.49730144077694
1.50795389779887
1.51860635482171
1.52925881184456
1.5399112688674
1.55056372589024
1.56121618291309
1.57186863993502
1.58252109695786
1.59317355398071
1.60382601100355
1.61447846802639
1.62513092504923
1.63578338207117
1.64643583909401
1.65708829611685
1.6677407531397
1.67839321016254
1.68904566718447
1.69969812420732
1.71035058123016
1.721003038253
1.73165549527585
1.74230795229869
1.75296040932062
1.76361286634346
1.77426532336631
1.78491778038915
1.79557023741199
1.80622269443393
1.81687515145677
1.82752760847961
1.83818006550246
1.8488325225253
1.85948497954814
1.87013743657008
1.88078989359292
1.89144235061576
1.9020948076386
1.91274726466145
1.92339972168429
1.93405217870622
1.94470463572907
1.95535709275191
1.96600954977475
1.9766620067976
1.98731446381953
1.99796692084237
2.00861937786522
2.01927183488806
2.0299242919109
2.04057674893374
2.05122920595568
2.06188166297852
2.07253412000136
2.08318657702421
2.09383903404705
2.10449149106898
2.11514394809183
2.12579640511467
2.13644886213751
2.14710131916036
2.1577537761832
2.16840623320513
2.17905869022798
2.18971114725082
2.20036360427366
2.2110160612965
2.22166851831844
2.23232097534128
2.24297343236412
2.25362588938697
2.26427834640981
2.27493080343265
2.28558326045459
2.29623571747743
2.30688817450027
2.31754063152312
2.32819308854596
2.3388455455688
2.34949800259074
2.36015045961358
2.37080291663642
2.38145537365926
2.39210783068211
2.40276028770404
2.41341274472688
2.42406520174973
2.43471765877257
2.44537011579541
2.45602257281826
2.46667502984019
2.47732748686303
2.48797994388588
2.49863240090872
2.50928485793156
2.51993731495349
2.53058977197634
2.54124222899918
2.55189468602202
2.56254714304487
2.57319960006771
2.58385205708964
2.59450451411249
2.60515697113533
2.61580942815817
2.62646188518102
2.63711434220386
2.64776679922579
2.65841925624864
2.66907171327148
2.67972417029432
2.69037662731716
2.7010290843391
2.71168154136194
2.72233399838478
2.73298645540763
2.74363891243047
2.75429136945331
2.76494382647525
2.77559628349809
2.78624874052093
2.79690119754378
2.80755365456662
2.81820611158855
2.82885856861139
2.83951102563424
2.85016348265708
2.86081593967992
2.87146839670277
2.8821208537247
2.89277331074754
2.90342576777039
2.91407822479323
2.92473068181607
2.93538313883801
2.94603559586085
2.95668805288369
2.96734050990653
2.97799296692938
2.98864542395222
2.99929788097415
3.009950337997
3.02060279501984
3.03125525204268
3.04190770906553
3.05256016608837
3.0632126231103
3.07386508013315
3.08451753715599
3.09516999417883
3.10582245120167
3.11647490822361
3.12712736524645
3.13777982226929
3.14843227929214
3.15908473631498
3.16973719333782
3.18038965035976
3.1910421073826
3.20169456440544
3.21234702142829
3.22299947845113
3.23365193547306
3.24430439249591
3.25495684951875
3.26560930654159
3.27626176356443
3.28691422058728
3.29756667760921
3.30821913463205
3.3188715916549
3.32952404867774
3.34017650570058
3.35082896272343
3.36148141974536
3.3721338767682
3.38278633379105
3.39343879081389
3.40409124783673
3.41474370485867
3.42539616188151
3.43604861890435
3.44670107592719
3.45735353295004
3.46800598997288
3.47865844699481
3.48931090401766
3.4999633610405
3.51061581806334
3.52126827508619
3.53192073210812
3.54257318913096
3.55322564615381
3.56387810317665
3.57453056019949
3.58518301722233
3.59583547424427
3.60648793126711
3.61714038828995
3.6277928453128
3.63844530233564
3.64909775935848
3.65975021638042
3.67040267340326
3.6810551304261
3.69170758744895
3.70236004447179
3.71301250149372
3.72366495851657
3.73431741553941
3.74496987256225
3.75562232958509
3.76627478660794
3.77692724362987
3.78757970065271
3.79823215767556
3.8088846146984
3.81953707172124
3.83018952874318
3.84084198576602
3.85149444278886
3.86214689981171
3.87279935683455
3.88345181385739
3.89410427087932
3.90475672790217
3.91540918492501
3.92606164194785
3.9367140989707
3.94736655599263
3.95801901301547
3.96867147003832
3.97932392706116
3.989976384084
4.00062884110685
4.01128129812878
4.02193375515162
4.03258621217446
4.04323866919731
4.05389112622015
4.06454358324299
4.07519604026493
4.08584849728777
4.09650095431061
4.10715341133346
4.1178058683563
4.12845832537823
4.13911078240108
4.14976323942392
4.16041569644676
4.17106815346961
4.18172061049245
4.19237306751438
4.20302552453722
4.21367798156007
4.22433043858291
4.23498289560575
4.24563535262769
4.25628780965053
4.26694026667337
4.27759272369622
4.28824518071906
4.2988976377419
4.30955009476384
4.32020255178668
4.33085500880952
4.34150746583236
4.35215992285521
4.36281237987805
4.37346483689998
4.38411729392283
4.39476975094567
4.40542220796851
4.41607466499136
4.42672712201329
4.43737957903613
4.44803203605898
4.45868449308182
4.46933695010466
4.4799894071275
4.49064186414944
4.50129432117228
4.51194677819512
4.52259923521797
4.53325169224081
4.54390414926274
4.55455660628559
4.56520906330843
4.57586152033127
4.58651397735412
4.59716643437696
4.60781889139889
4.61847134842174
4.62912380544458
4.63977626246742
4.65042871949026
4.66108117651311
4.67173363353504
4.68238609055788
4.69303854758073
4.70369100460357
4.71434346162641
4.72499591864835
4.73564837567119
4.74630083269403
4.75695328971688
4.76760574673972
4.77825820376256
4.7889106607845
4.79956311780734
4.81021557483018
4.82086803185302
4.83152048887587
4.8421729458978
4.85282540292064
4.86347785994349
4.87413031696633
4.88478277398917
4.89543523101202
4.90608768803395
4.91674014505679
4.92739260207964
4.93804505910248
4.94869751612532
4.95934997314725
4.9700024301701
4.98065488719294
4.99130734421578
5.00195980123863
5.01261225826147
5.0232647152834
5.03391717230625
5.04456962932909
5.05522208635193
5.06587454337478
5.07652700039762
5.08717945741955
5.09783191444239
5.10848437146524
5.11913682848808
5.12978928551092
5.14044174253286
5.1510941995557
5.16174665657854
5.17239911360139
5.18305157062423
5.19370402764707
5.20435648466901
5.21500894169185
5.22566139871469
5.23631385573754
5.24696631276038
5.25761876978231
5.26827122680515
5.278923683828
5.28957614085084
5.30022859787368
5.31088105489653
5.32153351191846
5.3321859689413
5.34283842596415
5.35349088298699
5.36414334000983
5.37479579703268
5.38544825405461
5.39610071107745
5.40675316810029
5.41740562512314
5.42805808214598
5.43871053916791
5.44936299619076
5.4600154532136
5.47066791023644
5.48132036725929
5.49197282428213
5.50262528130406
5.51327773832691
5.52393019534975
5.53458265237259
5.54523510939543
5.55588756641737
5.56654002344021
5.57719248046305
5.5878449374859
5.59849739450874
5.60914985153158
5.61980230855352
5.63045476557636
5.6411072225992
5.65175967962205
5.66241213664489
5.67306459366682
5.68371705068967
5.69436950771251
5.70502196473535
5.71567442175819
5.72632687878104
5.73697933580297
5.74763179282581
5.75828424984866
5.7689367068715
5.77958916389434
5.79024162091719
5.80089407793912
5.81154653496196
5.82219899198481
5.83285144900765
5.84350390603049
5.85415636305243
5.86480882007527
5.87546127709811
5.88611373412095
5.8967661911438
5.90741864816664
5.91807110518857
5.92872356221142
5.93937601923426
5.9500284762571
5.96068093327995
5.97133339030188
5.98198584732472
5.99263830434757
6.00329076137041
6.01394321839325
6.02459567541609
6.03524813243803
6.04590058946087
6.05655304648371
6.06720550350656
6.0778579605294
6.08851041755224
6.09916287457418
6.10981533159702
6.12046778861986
6.13112024564271
6.14177270266555
6.15242515968748
6.16307761671032
6.17373007373317
6.18438253075601
6.19503498777885
6.2056874448017
6.21633990182363
6.22699235884647
6.23764481586932
6.24829727289216
6.258949729915
6.26960218693694
6.28025464395978
6.29090710098262
6.30155955800547
6.31221201502831
6.32286447205115
6.33351692907308
6.34416938609593
6.35482184311877
6.36547430014161
6.37612675716446
6.3867792141873
6.39743167120923
6.40808412823208
6.41873658525492
6.42938904227776
6.44004149930061
6.45069395632254
6.46134641334538
6.47199887036822
6.48265132739107
6.49330378441391
6.50395624143675
6.51460869845869
6.52526115548153
6.53591361250437
6.54656606952722
6.55721852655006
6.56787098357199
6.57852344059484
6.58917589761768
6.59982835464052
6.61048081166336
6.62113326868621
6.63178572570814
6.64243818273098
6.65309063975383
6.66374309677667
6.67439555379951
6.68504801082145
6.69570046784429
6.70635292486713
6.71700538188998
6.72765783891282
6.73831029593566
6.7489627529576
6.75961520998044
6.77026766700328
6.78092012402612
6.79157258104897
6.80222503807181
6.81287749509374
6.82352995211659
6.83418240913943
6.84483486616227
6.85548732318512
6.86613978020705
6.87679223722989
6.88744469425274
6.89809715127558
6.90874960829842
6.91940206532126
6.9300545223432
6.94070697936604
6.95135943638888
6.96201189341173
6.97266435043457
6.9833168074565
6.99396926447935
7.00462172150219
7.01527417852503
7.02592663554788
7.03657909257072
7.04723154959265
7.0578840066155
7.06853646363834
7.07918892066118
7.08984137768402
7.10049383470687
7.1111462917288
7.12179874875164
7.13245120577449
7.14310366279733
7.15375611982017
7.16440857684211
7.17506103386495
7.18571349088779
7.19636594791064
7.20701840493348
7.21767086195632
7.22832331897825
7.2389757760011
7.24962823302394
7.26028069004678
7.27093314706963
7.28158560409156
7.2922380611144
7.30289051813725
7.31354297516009
7.32419543218293
7.33484788920578
7.34550034622771
7.35615280325055
7.3668052602734
7.37745771729624
7.38811017431908
7.39876263134192
7.40941508836386
7.4200675453867
7.43072000240954
7.44137245943239
7.45202491645523
7.46267737347716
7.47332983050001
7.48398228752285
7.49463474454569
7.50528720156854
7.51593965859138
7.52659211561331
7.53724457263615
7.547897029659
7.55854948668184
7.56920194370468
7.57985440072662
7.59050685774946
7.6011593147723
7.61181177179515
7.62246422881799
7.63311668584083
7.64376914286277
7.65442159988561
7.66507405690845
7.67572651393129
7.68637897095414
7.69703142797607
7.70768388499891
7.71833634202176
7.7289887990446
7.73964125606744
7.75029371309029
7.76094617011222
7.77159862713506
7.78225108415791
7.79290354118075
7.80355599820359
7.81420845522644
7.82486091224837
7.83551336927121
7.84616582629405
7.8568182833169
7.86747074033974
7.87812319736167
7.88877565438452
7.89942811140736
7.9100805684302
7.92073302545305
7.93138548247589
7.94203793949782
7.95269039652067
7.96334285354351
7.97399531056635
7.98464776758919
7.99530022461113
8.00595268163397
8.01660513865681
8.02725759567966
8.0379100527025
8.04856250972534
8.05921496674728
8.06986742377012
8.08051988079296
8.09117233781581
8.10182479483865
8.11247725186149
8.12312970888343
8.13378216590627
8.14443462292911
8.15508707995195
8.1657395369748
8.17639199399673
8.18704445101957
8.19769690804242
8.20834936506526
8.2190018220881
8.22965427911095
8.24030673613288
8.25095919315572
8.26161165017857
8.27226410720141
8.28291656422425
8.29356902124619
8.30422147826903
8.31487393529187
8.32552639231471
8.33617884933756
8.3468313063604
8.35748376338233
8.36813622040518
8.37878867742802
8.38944113445086
8.40009359147371
8.41074604849564
8.42139850551848
8.43205096254133
8.44270341956417
8.45335587658701
8.46400833360985
8.47466079063179
8.48531324765463
8.49596570467747
8.50661816170032
8.51727061872316
8.527923075746
8.53857553276794
8.54922798979078
8.55988044681362
8.57053290383647
8.58118536085931
8.59183781788124
8.60249027490408
8.61314273192693
8.62379518894977
8.63444764597261
8.64510010299546
8.65575256001739
8.66640501704023
8.67705747406308
8.68770993108592
8.69836238810876
8.7090148451307
8.71966730215354
8.73031975917638
8.74097221619922
8.75162467322207
8.76227713024491
8.77292958726684
8.78358204428969
8.79423450131253
8.80488695833537
8.81553941535822
8.82619187238106
8.83684432940299
8.84749678642584
8.85814924344868
8.86880170047152
8.87945415749437
8.8901066145163
8.90075907153914
8.91141152856198
8.92206398558483
8.93271644260767
8.94336889963051
8.95402135665245
8.96467381367529
8.97532627069813
8.98597872772098
8.99663118474382
9.00728364176575
9.0179360987886
9.02858855581144
9.03924101283428
9.04989346985712
9.06054592687997
9.0711983839019
9.08185084092474
9.09250329794759
9.10315575497043
9.11380821199327
9.12446066901612
9.13511312603805
9.14576558306089
9.15641804008374
9.16707049710658
9.17772295412942
9.18837541115136
9.1990278681742
9.20968032519704
9.22033278221988
9.23098523924273
9.24163769626557
9.2522901532875
9.26294261031035
9.27359506733319
9.28424752435603
9.29489998137888
9.30555243840081
9.31620489542365
9.3268573524465
9.33750980946934
9.34816226649218
9.35881472351502
9.36946718053696
9.3801196375598
9.39077209458264
9.40142455160549
9.41207700862833
9.42272946565026
9.43338192267311
9.44403437969595
9.45468683671879
9.46533929374164
9.47599175076448
9.48664420778641
9.49729666480926
9.5079491218321
9.51860157885494
9.52925403587778
9.53990649290063
9.55055894992256
9.5612114069454
9.57186386396825
9.58251632099109
9.59316877801393
9.60382123503587
9.61447369205871
9.62512614908155
9.6357786061044
9.64643106312724
9.65708352015008
9.66773597717201
9.67838843419486
9.6890408912177
9.69969334824054
9.71034580526339
9.72099826228532
9.73165071930816
9.74230317633101
9.75295563335385
9.76360809037669
9.77426054739954
9.78491300442147
9.79556546144431
9.80621791846715
9.81687037549
9.82752283251284
9.83817528953568
9.84882774655762
9.85948020358046
9.8701326606033
9.88078511762615
9.89143757464899
9.90209003167092
9.91274248869377
9.92339494571661
9.93404740273945
9.9446998597623
9.95535231678514
9.96600477380707
9.97665723082991
9.98730968785276
9.9979621448756
10.0086146018984
10.0192670589204
10.0299195159432
10.0405719729661
10.0512244299889
10.0618768870117
10.0725293440346
10.0831818010565
10.0938342580794
10.1044867151022
10.1151391721251
10.1257916291479
10.1364440861707
10.1470965431927
10.1577490002155
10.1684014572384
10.1790539142612
10.189706371284
10.200358828306
10.2110112853288
10.2216637423517
10.2323161993745
10.2429686563974
10.2536211134202
10.2642735704421
10.274926027465
10.2855784844878
10.2962309415107
10.3068833985335
10.3175358555554
10.3281883125783
10.3388407696011
10.349493226624
10.3601456836468
10.3707981406696
10.3814505976916
10.3921030547144
10.4027555117373
10.4134079687601
10.424060425783
10.4347128828049
10.4453653398277
10.4560177968506
10.4666702538734
10.4773227108963
10.4879751679191
10.498627624941
10.5092800819639
10.5199325389867
10.5305849960096
10.5412374530324
10.5518899100553
10.5625423670772
10.5731948241
10.5838472811229
10.5944997381457
10.6051521951686
10.6158046521905
10.6264571092133
10.6371095662362
10.647762023259
10.6584144802819
10.6690669373047
10.6797193943266
10.6903718513495
10.7010243083723
10.7116767653952
10.722329222418
10.7329816794399
10.7436341364628
10.7542865934856
10.7649390505085
10.7755915075313
10.7862439645542
10.7968964215761
10.8075488785989
10.8182013356218
10.8288537926446
10.8395062496675
10.8501587066903
10.8608111637122
10.8714636207351
10.8821160777579
10.8927685347808
10.9034209918036
10.9140734488255
10.9247259058484
10.9353783628712
10.9460308198941
10.9566832769169
10.9673357339398
10.9779881909617
10.9886406479845
10.9992931050074
11.0099455620302
11.0205980190531
11.031250476075
11.0419029330978
11.0525553901207
11.0632078471435
11.0738603041664
11.0845127611892
11.0951652182112
11.105817675234
11.1164701322568
11.1271225892797
11.1377750463025
11.1484275033245
11.1590799603473
11.1697324173701
11.180384874393
11.1910373314158
11.2016897884387
11.2123422454606
11.2229947024834
11.2336471595063
11.2442996165291
11.254952073552
11.2656045305748
11.2762569875968
11.2869094446196
11.2975619016424
11.3082143586653
11.3188668156881
11.3295192727101
11.3401717297329
11.3508241867557
11.3614766437786
11.3721291008014
11.3827815578243
11.3934340148462
11.4040864718691
11.4147389288919
11.4253913859147
11.4360438429376
11.4466962999595
11.4573487569824
11.4680012140052
11.478653671028
11.4893061280509
11.4999585850737
11.5106110420957
11.5212634991185
11.5319159561413
11.5425684131642
11.553220870187
11.5638733272099
11.5745257842318
11.5851782412547
11.5958306982775
11.6064831553003
11.6171356123232
11.6277880693451
11.638440526368
11.6490929833908
11.6597454404136
11.6703978974365
11.6810503544593
11.6917028114813
11.7023552685041
11.7130077255269
11.7236601825498
11.7343126395726
11.7449650965946
11.7556175536174
11.7662700106403
11.7769224676631
11.7875749246859
11.7982273817088
11.8088798387307
11.8195322957536
11.8301847527764
11.8408372097992
11.8514896668221
11.8621421238449
11.8727945808669
11.8834470378897
11.8940994949126
11.9047519519354
11.9154044089582
11.9260568659802
11.936709323003
11.9473617800259
11.9580142370487
11.9686666940715
11.9793191510944
11.9899716081163
12.0006240651392
12.011276522162
12.0219289791848
12.0325814362077
12.0432338932296
12.0538863502525
12.0645388072753
12.0751912642982
12.085843721321
12.0964961783438
12.1071486353658
12.1178010923886
12.1284535494115
12.1391060064343
12.1497584634571
12.1604109204791
12.1710633775019
12.1817158345248
12.1923682915476
12.2030207485705
12.2136732055933
12.2243256626152
12.2349781196381
12.2456305766609
12.2562830336838
12.2669354907066
12.2775879477294
12.2882404047514
12.2988928617742
12.3095453187971
12.3201977758199
12.3308502328427
12.3415026898647
12.3521551468875
12.3628076039104
12.3734600609332
12.3841125179561
12.3947649749789
12.4054174320008
12.4160698890237
12.4267223460465
12.4373748030694
12.4480272600922
12.4586797171141
12.469332174137
12.4799846311598
12.4906370881827
12.5012895452055
12.5119420022284
12.5225944592503
12.5332469162731
12.543899373296
12.5545518303188
12.5652042873417
12.5758567443645
12.5865092013864
12.5971616584093
12.6078141154321
12.618466572455
12.6291190294778
12.6397714864997
12.6504239435226
12.6610764005454
12.6717288575683
12.6823813145911
12.693033771614
12.7036862286359
12.7143386856587
12.7249911426816
12.7356435997044
12.7462960567273
12.7569485137492
12.767600970772
12.7782534277949
12.7889058848177
12.7995583418406
12.8102107988634
12.8208632558853
12.8315157129082
12.842168169931
12.8528206269539
12.8634730839767
12.8741255409996
12.8847779980215
12.8954304550443
12.9060829120672
12.91673536909
12.9273878261129
12.9380402831348
12.9486927401576
12.9593451971805
12.9699976542033
12.9806501112262
12.991302568249
13.0019550252709
13.0126074822938
13.0232599393166
13.0339123963395
13.0445648533623
13.0552173103843
13.0658697674071
13.0765222244299
13.0871746814528
13.0978271384756
13.1084795954985
13.1191320525204
13.1297845095432
13.1404369665661
13.1510894235889
13.1617418806118
13.1723943376337
13.1830467946565
13.1936992516794
13.2043517087022
13.2150041657251
13.2256566227479
13.2363090797699
13.2469615367927
13.2576139938155
13.2682664508384
13.2789189078612
13.2895713648841
13.300223821906
13.3108762789288
13.3215287359517
13.3321811929745
13.3428336499974
13.3534861070193
13.3641385640422
13.374791021065
13.3854434780878
13.3960959351107
13.4067483921335
13.4174008491555
13.4280533061783
13.4387057632011
13.449358220224
13.4600106772468
13.4706631342688
13.4813155912916
13.4919680483144
13.5026205053373
13.5132729623601
13.523925419383
13.5345778764049
13.5452303334278
13.5558827904506
13.5665352474734
13.5771877044963
13.5878401615191
13.5984926185411
13.6091450755639
13.6197975325867
13.6304499896096
13.6411024466324
13.6517549036544
13.6624073606772
13.6730598177001
13.6837122747229
13.6943647317457
13.7050171887686
13.7156696457905
13.7263221028134
13.7369745598362
13.747627016859
13.7582794738819
13.7689319309038
13.7795843879267
13.7902368449495
13.8008893019723
13.8115417589952
13.822194216018
13.83284667304
13.8434991300628
13.8541515870857
13.8648040441085
13.8754565011313
13.8861089581533
13.8967614151761
13.907413872199
13.9180663292218
13.9287187862446
13.9393712432675
13.9500237002894
13.9606761573123
13.9713286143351
13.9819810713579
13.9926335283808
14.0032859854036
14.0139384424256
14.0245908994484
14.0352433564713
14.0458958134941
14.0565482705169
14.0672007275389
14.0778531845617
14.0885056415846
14.0991580986074
14.1098105556302
14.1204630126531
14.131115469675
14.1417679266979
14.1524203837207
14.1630728407436
14.1737252977664
14.1843777547883
14.1950302118112
14.205682668834
14.2163351258569
14.2269875828797
14.2376400399025
14.2482924969245
14.2589449539473
14.2695974109702
14.280249867993
14.2909023250158
14.3015547820387
14.3122072390606
14.3228596960835
14.3335121531063
14.3441646101292
14.354817067152
14.3654695241739
14.3761219811968
14.3867744382196
14.3974268952425
14.4080793522653
14.4187318092881
14.4293842663101
14.4400367233329
14.4506891803558
14.4613416373786
14.4719940944015
14.4826465514234
14.4932990084462
14.5039514654691
14.5146039224919
14.5252563795148
14.5359088365376
14.5465612935595
14.5572137505824
14.5678662076052
14.5785186646281
14.5891711216509
14.5998235786737
14.6104760356957
14.6211284927185
14.6317809497414
14.6424334067642
14.6530858637871
14.663738320809
14.6743907778318
14.6850432348547
14.6956956918775
14.7063481489004
14.7170006059232
14.7276530629451
14.738305519968
14.7489579769908
14.7596104340137
14.7702628910365
14.7809153480584
14.7915678050813
14.8022202621041
14.812872719127
14.8235251761498
14.8341776331727
14.8448300901946
14.8554825472174
14.8661350042403
14.8767874612631
14.887439918286
14.8980923753079
14.9087448323307
14.9193972893536
14.9300497463764
14.9407022033993
14.9513546604221
14.962007117444
14.9726595744669
14.9833120314897
14.9939644885126
15.0046169455354
15.0152694025583
15.0259218595802
15.036574316603
15.0472267736259
15.0578792306487
15.0685316876716
15.0791841446935
15.0898366017163
15.1004890587392
15.111141515762
15.1217939727849
15.1324464298077
15.1430988868296
15.1537513438525
15.1644038008753
15.1750562578982
15.185708714921
15.196361171943
15.2070136289658
15.2176660859886
15.2283185430115
15.2389710000343
15.2496234570572
15.2602759140791
15.2709283711019
15.2815808281248
15.2922332851476
15.3028857421705
15.3135381991933
15.3241906562153
15.3348431132381
15.3454955702609
15.3561480272838
15.3668004843066
15.3774529413286
15.3881053983514
15.3987578553742
15.4094103123971
15.4200627694199
15.4307152264428
15.4413676834647
15.4520201404875
15.4626725975104
15.4733250545332
15.4839775115561
15.494629968578
15.5052824256009
15.5159348826237
15.5265873396465
15.5372397966694
15.5478922536922
15.5585447107142
15.569197167737
15.5798496247598
15.5905020817827
15.6011545388055
15.6118069958284
15.6224594528503
15.6331119098732
15.643764366896
15.6544168239188
15.6650692809417
15.6757217379636
15.6863741949865
15.6970266520093
15.7076791090321
15.718331566055
15.7289840230778
15.7396364800998
15.7502889371226
15.7609413941454
15.7715938511683
15.7822463081911
15.7928987652131
15.8035512222359
15.8142036792588
15.8248561362816
15.8355085933044
15.8461610503273
15.8568135073492
15.8674659643721
15.8781184213949
15.8887708784177
15.8994233354406
15.9100757924625
15.9207282494854
15.9313807065082
15.9420331635311
15.9526856205539
15.9633380775767
15.9739905345987
15.9846429916215
15.9952954486444
16.0059479056672
16.01660036269
16.0272528197129
16.0379052767348
16.0485577337577
16.0592101907805
16.0698626478033
16.0805151048262
16.0911675618481
16.101820018871
16.1124724758938
16.1231249329167
16.1337773899395
16.1444298469623
16.1550823039843
16.1657347610071
16.17638721803
16.1870396750528
16.1976921320756
16.2083445890976
16.2189970461204
16.2296495031433
16.2403019601661
16.250954417189
16.2616068742118
16.2722593312337
16.2829117882566
16.2935642452794
16.3042167023023
16.3148691593251
16.3255216163479
16.3361740733699
16.3468265303927
16.3574789874156
16.3681314444384
16.3787839014612
16.3894363584832
16.400088815506
16.4107412725289
16.4213937295517
16.4320461865746
16.4426986435974
16.4533511006193
16.4640035576422
16.474656014665
16.4853084716879
16.4959609287107
16.5066133857326
16.5172658427555
16.5279182997783
16.5385707568012
16.549223213824
16.5598756708468
16.5705281278688
16.5811805848916
16.5918330419145
16.6024854989373
16.6131379559602
16.6237904129821
16.6344428700049
16.6450953270278
16.6557477840506
16.6664002410735
16.6770526980963
16.6877051551182
16.6983576121411
16.7090100691639
16.7196625261868
16.7303149832096
16.7409674402325
16.7516198972544
16.7622723542772
16.7729248113001
16.7835772683229
16.7942297253458
16.8048821823677
16.8155346393905
16.8261870964134
16.8368395534362
16.8474920104591
16.8581444674819
16.8687969245038
16.8794493815267
16.8901018385495
16.9007542955724
16.9114067525952
16.9220592096171
16.93271166664
16.9433641236628
16.9540165806857
16.9646690377085
16.9753214947314
16.9859739517533
16.9966264087761
17.007278865799
17.0179313228218
17.0285837798447
17.0392362368675
17.0498886938894
17.0605411509123
17.0711936079351
17.081846064958
17.0924985219808
17.1031509790027
17.1138034360256
17.1244558930484
17.1351083500713
17.1457608070941
17.156413264117
17.1670657211389
17.1777181781617
17.1883706351846
17.1990230922074
17.2096755492303
17.2203280062522
17.230980463275
17.2416329202979
17.2522853773207
17.2629378343436
17.2735902913664
17.2842427483884
17.2948952054112
17.305547662434
17.3162001194569
17.3268525764797
17.3375050335026
17.3481574905245
17.3588099475473
17.3694624045702
17.380114861593
17.3907673186159
17.4014197756378
17.4120722326606
17.4227246896835
17.4333771467063
17.4440296037292
17.454682060752
17.465334517774
17.4759869747968
17.4866394318196
17.4972918888425
17.5079443458653
17.5185968028873
17.5292492599101
17.5399017169329
17.5505541739558
17.5612066309786
17.5718590880015
17.5825115450234
17.5931640020463
17.6038164590691
17.6144689160919
17.6251213731148
17.6357738301367
17.6464262871596
17.6570787441824
17.6677312012052
17.6783836582281
17.6890361152509
17.6996885722729
17.7103410292957
17.7209934863185
17.7316459433414
17.7422984003642
17.7529508573871
17.763603314409
17.7742557714319
17.7849082284547
17.7955606854775
17.8062131425004
17.8168655995223
17.8275180565452
17.838170513568
17.8488229705908
17.8594754276137
17.8701278846365
17.8807803416585
17.8914327986813
17.9020852557042
17.912737712727
17.9233901697498
17.9340426267718
17.9446950837946
17.9553475408175
17.9659999978403
17.9766524548631
17.987304911886
17.9979573689079
18.0086098259308
18.0192622829536
18.0299147399764
18.0405671969993
18.0512196540221
18.0618721110441
18.0725245680669
18.0831770250898
18.0938294821126
18.1044819391354
18.1151343961574
18.1257868531802
18.1364393102031
18.1470917672259
18.1577442242487
18.1683966812716
18.1790491382935
18.1897015953164
18.2003540523392
18.2110065093621
18.2216589663849
18.2323114234068
18.2429638804297
18.2536163374525
18.2642687944754
18.2749212514982
18.285573708521
18.296226165543
18.3068786225658
18.3175310795887
18.3281835366115
18.3388359936343
18.3494884506572
18.3601409076791
18.370793364702
18.3814458217248
18.3920982787477
18.4027507357705
18.4134031927924
18.4240556498153
18.4347081068381
18.445360563861
18.4560130208838
18.4666654779066
18.4773179349286
18.4879703919514
18.4986228489743
18.5092753059971
18.51992776302
18.5305802200419
18.5412326770647
18.5518851340876
18.5625375911104
18.5731900481333
18.5838425051561
18.594494962178
18.6051474192009
18.6157998762237
18.6264523332466
18.6371047902694
18.6477572472913
18.6584097043142
18.669062161337
18.6797146183599
18.6903670753827
18.7010195324056
18.7116719894275
18.7223244464503
18.7329769034732
18.743629360496
18.7542818175189
18.7649342745417
18.7755867315636
18.7862391885865
18.7968916456093
18.8075441026322
18.818196559655
18.8288490166769
18.8395014736998
18.8501539307226
18.8608063877455
18.8714588447683
18.8821113017912
18.8927637588131
18.9034162158359
18.9140686728588
18.9247211298816
18.9353735869045
18.9460260439264
18.9566785009492
18.9673309579721
18.9779834149949
18.9886358720178
18.9992883290406
19.0099407860625
19.0205932430854
19.0312457001082
19.0418981571311
19.0525506141539
19.0632030711768
19.0738555281987
19.0845079852215
19.0951604422444
19.1058128992672
19.1164653562901
19.127117813312
19.1377702703348
19.1484227273577
19.1590751843805
19.1697276414034
19.1803800984262
19.1910325554481
19.201685012471
19.2123374694938
19.2229899265167
19.2336423835395
19.2442948405615
19.2549472975843
19.2655997546071
19.27625221163
19.2869046686528
19.2975571256757
19.3082095826976
19.3188620397204
19.3295144967433
19.3401669537661
19.350819410789
19.3614718678109
19.3721243248337
19.3827767818566
19.3934292388794
19.4040816959023
19.4147341529251
19.4253866099471
19.4360390669699
19.4466915239927
19.4573439810156
19.4679964380384
19.4786488950613
19.4893013520832
19.499953809106
19.5106062661289
19.5212587231517
19.5319111801746
19.5425636371965
19.5532160942194
19.5638685512422
19.574521008265
19.5851734652879
19.5958259223107
19.6064783793327
19.6171308363555
19.6277832933783
19.6384357504012
19.649088207424
19.659740664446
19.6703931214688
19.6810455784916
19.6916980355145
19.7023504925373
19.7130029495602
19.7236554065821
19.734307863605
19.7449603206278
19.7556127776506
19.7662652346735
19.7769176916963
19.7875701487183
19.7982226057411
19.8088750627639
19.8195275197868
19.8301799768096
19.8408324338316
19.8514848908544
19.8621373478773
19.8727898049001
19.8834422619229
19.8940947189458
19.9047471759677
19.9153996329906
19.9260520900134
19.9367045470362
19.9473570040591
19.958009461081
19.9686619181039
19.9793143751267
19.9899668321495
20.0006192891724
20.0112717461952
20.0219242032172
20.03257666024
20.0432291172629
20.0538815742857
20.0645340313085
20.0751864883314
20.0858389453533
20.0964914023762
20.107143859399
20.1177963164218
20.1284487734447
20.1391012304666
20.1497536874895
20.1604061445123
20.1710586015352
20.181711058558
20.1923635155808
20.2030159726028
20.2136684296256
20.2243208866485
20.2349733436713
20.2456258006941
20.2562782577161
20.2669307147389
20.2775831717618
20.2882356287846
20.2988880858074
20.3095405428303
20.3201929998522
20.3308454568751
20.3414979138979
20.3521503709208
20.3628028279436
20.3734552849655
20.3841077419884
20.3947601990112
20.4054126560341
20.4160651130569
20.4267175700797
20.4373700271017
20.4480224841245
20.4586749411474
20.4693273981702
20.4799798551931
20.4906323122159
20.5012847692378
20.5119372262607
20.5225896832835
20.5332421403064
20.5438945973292
20.5545470543511
20.565199511374
20.5758519683968
20.5865044254197
20.5971568824425
20.6078093394653
20.6184617964873
20.6291142535101
20.639766710533
20.6504191675558
20.6610716245787
20.6717240816006
20.6823765386234
20.6930289956463
20.7036814526691
20.714333909692
20.7249863667148
20.7356388237367
20.7462912807596
20.7569437377824
20.7675961948053
20.7782486518281
20.788901108851
20.7995535658729
20.8102060228957
20.8208584799186
20.8315109369414
20.8421633939643
20.8528158509862
20.863468308009
20.8741207650319
20.8847732220547
20.8954256790776
20.9060781361004
20.9167305931223
20.9273830501452
20.938035507168
20.9486879641909
20.9593404212137
20.9699928782356
20.9806453352585
20.9912977922813
21.0019502493042
21.012602706327
21.0232551633499
21.0339076203718
21.0445600773946
21.0552125344175
21.0658649914403
21.0765174484632
21.087169905486
21.0978223625079
21.1084748195308
21.1191272765536
21.1297797335765
21.1404321905993
21.1510846476212
21.1617371046441
21.1723895616669
21.1830420186898
21.1936944757126
21.2043469327355
21.2149993897574
21.2256518467802
21.2363043038031
21.2469567608259
21.2576092178488
21.2682616748707
21.2789141318935
21.2895665889164
21.3002190459392
21.3108715029621
21.3215239599849
21.3321764170068
21.3428288740297
21.3534813310525
21.3641337880754
21.3747862450982
21.3854387021202
21.396091159143
21.4067436161658
21.4173960731887
21.4280485302115
21.4387009872344
21.4493534442563
21.4600059012791
21.470658358302
21.4813108153248
21.4919632723477
21.5026157293705
21.5132681863925
21.5239206434153
21.5345731004381
21.545225557461
21.5558780144838
21.5665304715058
21.5771829285286
21.5878353855514
21.5984878425743
21.6091402995971
21.61979275662
21.6304452136419
21.6410976706647
21.6517501276876
21.6624025847104
21.6730550417333
21.6837074987552
21.6943599557781
21.7050124128009
21.7156648698237
21.7263173268466
21.7369697838694
21.7476222408914
21.7582746979142
21.768927154937
21.7795796119599
21.7902320689827
21.8008845260056
21.8115369830275
21.8221894400504
21.8328418970732
21.843494354096
21.8541468111189
21.8647992681408
21.8754517251637
21.8861041821865
21.8967566392093
21.9074090962322
21.918061553255
21.928714010277
21.9393664672998
21.9500189243226
21.9606713813455
21.9713238383683
21.9819762953903
21.9926287524131
22.003281209436
22.0139336664588
22.0245861234816
22.0352385805045
22.0458910375264
22.0565434945493
22.0671959515721
22.0778484085949
22.0885008656178
22.0991533226397
22.1098057796626
22.1204582366854
22.1311106937083
22.1417631507311
22.1524156077539
22.1630680647759
22.1737205217987
22.1843729788216
22.1950254358444
22.2056778928672
22.2163303498901
22.226982806912
22.2376352639349
22.2482877209577
22.2589401779805
22.2695926350034
22.2802450920253
22.2908975490482
22.301550006071
22.3122024630939
22.3228549201167
22.3335073771395
22.3441598341615
22.3548122911843
22.3654647482072
22.37611720523
22.3867696622528
22.3974221192748
22.4080745762976
22.4187270333205
22.4293794903433
22.4400319473662
22.450684404389
22.4613368614109
22.4719893184338
22.4826417754566
22.4932942324795
22.5039466895023
22.5145991465251
22.5252516035471
22.5359040605699
22.5465565175928
22.5572089746156
22.5678614316384
22.5785138886604
22.5891663456832
22.5998188027061
22.6104712597289
22.6211237167518
22.6317761737746
22.6424286307965
22.6530810878194
22.6637335448422
22.6743860018651
22.6850384588879
22.6956909159098
22.7063433729327
22.7169958299555
22.7276482869784
22.7383007440012
22.7489532010241
22.759605658046
22.7702581150688
22.7809105720917
22.7915630291145
22.8022154861374
22.8128679431602
22.8235204001821
22.834172857205
22.8448253142278
22.8554777712507
22.8661302282735
22.8767826852954
22.8874351423183
22.8980875993411
22.908740056364
22.9193925133868
22.9300449704097
22.9406974274316
22.9513498844544
22.9620023414773
22.9726547985001
22.983307255523
22.9939597125449
23.0046121695677
23.0152646265906
23.0259170836134
23.0365695406363
23.0472219976591
23.057874454681
23.0685269117039
23.0791793687267
23.0898318257496
23.1004842827724
23.1111367397943
23.1217891968172
23.13244165384
23.1430941108629
23.1537465678857
23.1643990249086
23.1750514819305
23.1857039389533
23.1963563959762
23.207008852999
23.2176613100219
23.2283137670447
23.2389662240666
23.2496186810895
23.2602711381123
23.2709235951352
23.281576052158
23.2922285091799
23.3028809662028
23.3135334232256
23.3241858802485
23.3348383372713
23.3454907942942
23.3561432513161
23.3667957083389
23.3774481653618
23.3881006223846
23.3987530794075
23.4094055364294
23.4200579934522
23.4307104504751
23.4413629074979
23.4520153645208
23.4626678215436
23.4733202785656
23.4839727355884
23.4946251926112
23.5052776496341
23.5159301066569
23.5265825636798
23.5372350207017
23.5478874777245
23.5585399347474
23.5691923917702
23.5798448487931
23.590497305815
23.6011497628378
23.6118022198607
23.6224546768835
23.6331071339064
23.6437595909292
23.6544120479512
23.665064504974
23.6757169619968
23.6863694190197
23.6970218760425
23.7076743330645
23.7183267900873
23.7289792471101
23.739631704133
23.7502841611558
23.7609366181787
23.7715890752006
23.7822415322235
23.7928939892463
23.8035464462691
23.814198903292
23.8248513603148
23.8355038173368
23.8461562743596
23.8568087313824
23.8674611884053
23.8781136454281
23.8887661024501
23.8994185594729
23.9100710164957
23.9207234735186
23.9313759305414
23.9420283875643
23.9526808445862
23.9633333016091
23.9739857586319
23.9846382156547
23.9952906726776
24.0059431296995
24.0165955867224
24.0272480437452
24.037900500768
24.0485529577909
24.0592054148137
24.0698578718357
24.0805103288585
24.0911627858814
24.1018152429042
24.112467699927
24.123120156949
24.1337726139718
24.1444250709947
24.1550775280175
24.1657299850403
24.1763824420632
24.1870348990851
24.197687356108
24.2083398131308
24.2189922701536
24.2296447271765
24.2402971841993
24.2509496412213
24.2616020982441
24.272254555267
24.2829070122898
24.2935594693126
24.3042119263346
24.3148643833574
24.3255168403803
24.3361692974031
24.3468217544259
24.3574742114488
24.3681266684707
24.3787791254936
24.3894315825164
24.4000840395393
24.4107364965621
24.421388953584
24.4320414106069
24.4426938676297
24.4533463246526
24.4639987816754
24.4746512386982
24.4853036957202
24.495956152743
24.5066086097659
24.5172610667887
24.5279135238115
24.5385659808344
24.5492184378563
24.5598708948792
24.570523351902
24.5811758089249
24.5918282659477
24.6024807229696
24.6131331799925
24.6237856370153
24.6344380940382
24.645090551061
24.6557430080838
24.6663954651058
24.6770479221286
24.6877003791515
24.6983528361743
24.7090052931972
24.7196577502191
24.7303102072419
24.7409626642648
24.7516151212876
24.7622675783105
24.7729200353333
24.7835724923552
24.7942249493781
24.8048774064009
24.8155298634238
24.8261823204466
24.8368347774685
24.8474872344914
24.8581396915142
24.8687921485371
24.8794446055599
24.8900970625828
24.9007495196047
24.9114019766275
24.9220544336504
24.9327068906732
24.9433593476961
24.9540118047189
24.9646642617408
24.9753167187637
24.9859691757865
24.9966216328094
25.0072740898322
25.0179265468541
25.028579003877
25.0392314608998
25.0498839179227
25.0605363749455
25.0711888319684
25.0818412889903
25.0924937460131
25.103146203036
25.1137986600588
25.1244511170817
25.1351035741036
25.1457560311264
25.1564084881493
25.1670609451721
25.177713402195
25.1883658592178
25.1990183162397
25.2096707732626
25.2203232302854
25.2309756873083
25.2416281443311
25.252280601354
25.2629330583759
25.2735855153987
25.2842379724216
25.2948904294444
25.3055428864673
25.3161953434892
25.326847800512
25.3375002575349
25.3481527145577
25.3588051715806
25.3694576286034
25.3801100856253
25.3907625426482
25.401414999671
25.4120674566939
25.4227199137167
25.4333723707387
25.4440248277615
25.4546772847843
25.4653297418072
25.47598219883
25.4866346558529
25.4972871128748
25.5079395698976
25.5185920269205
25.5292444839433
25.5398969409662
25.550549397989
25.5612018550109
25.5718543120338
25.5825067690566
25.5931592260795
25.6038116831023
25.6144641401243
25.6251165971471
25.6357690541699
25.6464215111928
25.6570739682156
25.6677264252385
25.6783788822604
25.6890313392832
25.6996837963061
25.7103362533289
25.7209887103518
25.7316411673737
25.7422936243966
25.7529460814194
25.7635985384422
25.7742509954651
25.7849034524879
25.7955559095099
25.8062083665327
25.8168608235555
25.8275132805784
25.8381657376012
25.8488181946232
25.859470651646
25.8701231086688
25.8807755656917
25.8914280227145
25.9020804797374
25.9127329367593
25.9233853937822
25.934037850805
25.9446903078278
25.9553427648507
25.9659952218735
25.9766476788955
25.9873001359183
25.9979525929411
26.008605049964
26.0192575069868
26.0299099640088
26.0405624210316
26.0512148780545
26.0618673350773
26.0725197921001
26.083172249123
26.0938247061449
26.1044771631678
26.1151296201906
26.1257820772134
26.1364345342363
26.1470869912582
26.1577394482811
26.1683919053039
26.1790443623267
26.1896968193496
26.2003492763724
26.2110017333944
26.2216541904172
26.2323066474401
26.2429591044629
26.2536115614857
26.2642640185086
26.2749164755305
26.2855689325534
26.2962213895762
26.306873846599
26.3175263036219
26.3281787606438
26.3388312176667
26.3494836746895
26.3601361317124
26.3707885887352
26.381441045758
26.39209350278
26.4027459598028
26.4133984168257
26.4240508738485
26.4347033308713
26.4453557878933
26.4560082449161
26.466660701939
26.4773131589618
26.4879656159846
26.4986180730075
26.5092705300294
26.5199229870523
26.5305754440751
26.541227901098
26.5518803581208
26.5625328151436
26.5731852721656
26.5838377291884
26.5944901862113
26.6051426432341
26.6157951002569
26.6264475572789
26.6371000143017
26.6477524713246
26.6584049283474
26.6690573853703
26.6797098423931
26.690362299415
26.7010147564379
26.7116672134607
26.7223196704836
26.7329721275064
26.7436245845283
26.7542770415512
26.764929498574
26.7755819555969
26.7862344126197
26.7968868696425
26.8075393266645
26.8181917836873
26.8288442407102
26.839496697733
26.8501491547559
26.8608016117778
26.8714540688006
26.8821065258235
26.8927589828463
26.9034114398692
26.914063896892
26.9247163539139
26.9353688109368
26.9460212679596
26.9566737249825
26.9673261820053
26.9779786390282
26.9886310960501
26.9992835530729
27.0099360100958
27.0205884671186
27.0312409241415
27.0418933811634
27.0525458381862
27.0631982952091
27.0738507522319
27.0845032092548
27.0951556662776
27.1058081232995
27.1164605803224
27.1271130373452
27.1377654943681
27.1484179513909
27.1590704084128
27.1697228654357
27.1803753224585
27.1910277794814
27.2016802365042
27.2123326935271
27.222985150549
27.2336376075718
27.2442900645947
27.2549425216175
27.2655949786404
27.2762474356632
27.2868998926851
27.297552349708
27.3082048067308
27.3188572637537
27.3295097207765
27.3401621777984
27.3508146348213
27.3614670918441
27.372119548867
27.3827720058898
27.3934244629127
27.4040769199346
27.4147293769574
27.4253818339803
27.4360342910031
27.446686748026
27.4573392050479
27.4679916620707
27.4786441190936
27.4892965761164
27.4999490331393
27.5106014901621
27.5212539471841
27.5319064042069
27.5425588612297
27.5532113182526
27.5638637752754
27.5745162322974
27.5851686893202
27.595821146343
27.6064736033659
27.6171260603887
27.6277785174116
27.6384309744335
27.6490834314563
27.6597358884792
27.670388345502
27.6810408025249
27.6916932595477
27.7023457165697
27.7129981735925
27.7236506306153
27.7343030876382
27.744955544661
27.755608001683
27.7662604587058
27.7769129157286
27.7875653727515
27.7982178297743
27.8088702867972
27.8195227438191
27.8301752008419
27.8408276578648
27.8514801148876
27.8621325719105
27.8727850289324
27.8834374859553
27.8940899429781
27.9047424000009
27.9153948570238
27.9260473140466
27.9366997710686
27.9473522280914
27.9580046851142
27.9686571421371
27.9793095991599
27.9899620561828
28.0006145132047
28.0112669702276
28.0219194272504
28.0325718842732
28.0432243412961
28.053876798318
28.0645292553409
28.0751817123637
28.0858341693865
28.0964866264094
28.1071390834322
28.1177915404542
28.128443997477
28.1390964544998
28.1497489115227
28.1604013685455
28.1710538255675
28.1817062825903
28.1923587396132
28.203011196636
28.2136636536588
28.2243161106817
28.2349685677036
28.2456210247265
28.2562734817493
28.2669259387721
28.277578395795
28.2882308528178
28.2988833098398
28.3095357668626
28.3201882238855
28.3308406809083
28.3414931379311
28.3521455949531
28.3627980519759
28.3734505089988
28.3841029660216
28.3947554230444
28.4054078800673
28.4160603370892
28.4267127941121
28.4373652511349
28.4480177081577
28.4586701651806
28.4693226222025
28.4799750792254
28.4906275362482
28.5012799932711
28.5119324502939
28.5225849073167
28.5332373643387
28.5438898213615
28.5545422783844
28.5651947354072
28.57584719243
28.586499649452
28.5971521064748
28.6078045634977
28.6184570205205
28.6291094775434
28.6397619345662
28.6504143915881
28.661066848611
28.6717193056338
28.6823717626567
28.6930242196795
28.7036766767023
28.7143291337243
28.7249815907471
28.73563404777
28.7462865047928
28.7569389618156
28.7675914188376
28.7782438758604
28.7888963328833
28.7995487899061
28.810201246929
28.8208537039518
28.8315061609737
28.8421586179966
28.8528110750194
28.8634635320423
28.8741159890651
28.884768446087
28.8954209031099
28.9060733601327
28.9167258171556
28.9273782741784
28.9380307312013
28.9486831882232
28.959335645246
28.9699881022689
28.9806405592917
28.9912930163146
29.0019454733374
29.0125979303593
29.0232503873822
29.033902844405
29.0445553014279
29.0552077584507
29.0658602154726
29.0765126724955
29.0871651295183
29.0978175865412
29.108470043564
29.1191225005869
29.1297749576088
29.1404274146316
29.1510798716545
29.1617323286773
29.1723847857002
29.1830372427221
29.1936896997449
29.2043421567678
29.2149946137906
29.2256470708135
29.2362995278363
29.2469519848582
29.2576044418811
29.2682568989039
29.2789093559268
29.2895618129496
29.3002142699725
29.3108667269944
29.3215191840172
29.3321716410401
29.3428240980629
29.3534765550858
29.3641290121077
29.3747814691305
29.3854339261534
29.3960863831762
29.4067388401991
29.4173912972219
29.4280437542438
29.4386962112667
29.4493486682895
29.4600011253124
29.4706535823352
29.4813060393572
29.49195849638
29.5026109534028
29.5132634104257
29.5239158674485
29.5345683244714
29.5452207814933
29.5558732385161
29.566525695539
29.5771781525618
29.5878306095847
29.5984830666066
29.6091355236294
29.6197879806523
29.6304404376751
29.641092894698
29.6517453517208
29.6623978087428
29.6730502657656
29.6837027227884
29.6943551798113
29.7050076368341
29.715660093857
29.7263125508789
29.7369650079017
29.7476174649246
29.7582699219474
29.7689223789703
29.7795748359922
29.7902272930151
29.8008797500379
29.8115322070607
29.8221846640836
29.8328371211064
29.8434895781284
29.8541420351512
29.864794492174
29.8754469491969
29.8860994062197
29.8967518632417
29.9074043202645
29.9180567772873
29.9287092343102
29.939361691333
29.9500141483559
29.9606666053778
29.9713190624007
29.9819715194235
29.9926239764463
30.0032764334692
30.013928890492
30.024581347514
30.0352338045368
30.0458862615596
30.0565387185825
30.0671911756053
30.0778436326273
30.0884960896501
30.099148546673
30.1098010036958
30.1204534607186
30.1311059177415
30.1417583747634
30.1524108317863
30.1630632888091
30.1737157458319
30.1843682028548
30.1950206598767
30.2056731168996
30.2163255739224
30.2269780309452
30.2376304879681
30.2482829449909
30.2589354020129
30.2695878590357
30.2802403160586
30.2908927730814
30.3015452301042
30.3121976871262
30.322850144149
30.3335026011719
30.3441550581947
30.3548075152175
30.3654599722404
30.3761124292623
30.3867648862852
30.397417343308
30.4080698003308
30.4187222573537
30.4293747143765
30.4400271713985
30.4506796284213
30.4613320854442
30.471984542467
30.4826369994898
30.4932894565118
30.5039419135346
30.5145943705575
30.5252468275803
30.5358992846031
30.546551741626
30.5572041986479
30.5678566556708
30.5785091126936
30.5891615697165
30.5998140267393
30.6104664837612
30.6211189407841
30.6317713978069
30.6424238548298
30.6530763118526
30.6637287688754
30.6743812258974
30.6850336829202
30.6956861399431
30.7063385969659
30.7169910539887
30.7276435110116
30.7382959680335
30.7489484250564
30.7596008820792
30.7702533391021
30.7809057961249
30.7915582531468
30.8022107101697
30.8128631671925
30.8235156242154
30.8341680812382
30.844820538261
30.855472995283
30.8661254523058
30.8767779093287
30.8874303663515
30.8980828233744
30.9087352803963
30.9193877374191
30.930040194442
30.9406926514648
30.9513451084877
30.9619975655105
30.9726500225324
30.9833024795553
30.9939549365781
31.004607393601
31.0152598506238
31.0259123076466
31.0365647646686
31.0472172216914
31.0578696787143
31.0685221357371
31.07917459276
31.0898270497819
31.1004795068047
31.1111319638276
31.1217844208504
31.1324368778733
31.1430893348961
31.153741791918
31.1643942489409
31.1750467059637
31.1856991629866
31.1963516200094
31.2070040770313
31.2176565340542
31.228308991077
31.2389614480999
31.2496139051227
31.2602663621456
31.2709188191675
31.2815712761903
31.2922237332132
31.302876190236
31.3135286472589
31.3241811042808
31.3348335613036
31.3454860183265
31.3561384753493
31.3667909323722
31.377443389395
31.3880958464169
31.3987483034398
31.4094007604626
31.4200532174855
31.4307056745083
31.4413581315312
31.4520105885531
31.4626630455759
31.4733155025988
31.4839679596216
31.4946204166445
31.5052728736664
31.5159253306892
31.5265777877121
31.5372302447349
31.5478827017578
31.5585351587806
31.5691876158025
31.5798400728254
31.5904925298482
31.6011449868711
31.6117974438939
31.6224499009159
31.6331023579387
31.6437548149615
31.6544072719844
31.6650597290072
31.6757121860301
31.686364643052
31.6970171000748
31.7076695570977
31.7183220141205
31.7289744711434
31.7396269281662
31.7502793851882
31.760931842211
31.7715842992338
31.7822367562567
31.7928892132795
31.8035416703015
31.8141941273243
31.8248465843471
31.83549904137
31.8461514983928
31.8568039554157
31.8674564124376
31.8781088694604
31.8887613264833
31.8994137835061
31.910066240529
31.9207186975509
31.9313711545738
31.9420236115966
31.9526760686194
31.9633285256423
31.9739809826651
31.9846334396871
31.9952858967099
32.0059383537327
32.0165908107556
32.0272432677784
32.0378957248013
32.0485481818232
32.0592006388461
32.0698530958689
32.0805055528917
32.0911580099146
32.1018104669365
32.1124629239594
32.1231153809822
32.133767838005
32.1444202950279
32.1550727520507
32.1657252090727
32.1763776660955
32.1870301231183
32.1976825801412
32.208335037164
32.218987494186
32.2296399512088
32.2402924082317
32.2509448652545
32.2615973222773
32.2722497793002
32.2829022363221
32.293554693345
32.3042071503678
32.3148596073906
32.3255120644135
32.3361645214354
32.3468169784583
32.3574694354811
32.368121892504
32.3787743495268
32.3894268065496
32.4000792635716
32.4107317205944
32.4213841776173
32.4320366346401
32.4426890916629
32.4533415486858
32.4639940057077
32.4746464627306
32.4852989197534
32.4959513767762
32.5066038337991
32.517256290821
32.5279087478439
32.5385612048667
32.5492136618896
32.5598661189124
32.5705185759352
32.5811710329572
32.59182348998
32.6024759470029
32.6131284040257
32.6237808610485
32.6344333180705
32.6450857750933
32.6557382321162
32.666390689139
32.6770431461619
32.6876956031847
32.6983480602066
32.7090005172295
32.7196529742523
32.7303054312752
32.740957888298
32.7516103453208
32.7622628023428
32.7729152593656
32.7835677163885
32.7942201734113
32.8048726304341
32.8155250874561
32.8261775444789
32.8368300015018
32.8474824585246
32.8581349155475
32.8687873725703
32.8794398295922
32.8900922866151
32.9007447436379
32.9113972006608
32.9220496576836
32.9327021147055
32.9433545717284
32.9540070287512
32.9646594857741
32.9753119427969
32.9859643998197
32.9966168568417
33.0072693138645
33.0179217708874
33.0285742279102
33.0392266849331
33.049879141955
33.0605315989778
33.0711840560007
33.0818365130235
33.0924889700464
33.1031414270692
33.1137938840911
33.124446341114
33.1350987981368
33.1457512551597
33.1564037121825
33.1670561692054
33.1777086262273
33.1883610832501
33.199013540273
33.2096659972958
33.2203184543187
33.2309709113406
33.2416233683634
33.2522758253863
33.2629282824091
33.273580739432
33.2842331964548
33.2948856534767
33.3055381104996
33.3161905675224
33.3268430245453
33.3374954815681
33.34814793859
33.3588003956129
33.3694528526357
33.3801053096586
33.3907577666814
33.4014102237043
33.4120626807262
33.422715137749
33.4333675947719
33.4440200517947
33.4546725088176
33.4653249658404
33.4759774228623
33.4866298798852
33.497282336908
33.5079347939309
33.5185872509537
33.5292397079756
33.5398921649985
33.5505446220213
33.5611970790442
33.571849536067
33.5825019930899
33.5931544501118
33.6038069071346
33.6144593641575
33.6251118211803
33.6357642782032
33.6464167352251
33.6570691922479
33.6677216492708
33.6783741062936
33.6890265633165
33.6996790203393
33.7103314773613
33.7209839343841
33.7316363914069
33.7422888484298
33.7529413054526
33.7635937624755
33.7742462194974
33.7848986765202
33.7955511335431
33.8062035905659
33.8168560475888
33.8275085046107
33.8381609616335
33.8488134186564
33.8594658756792
33.8701183327021
33.8807707897249
33.8914232467469
33.9020757037697
33.9127281607925
33.9233806178154
33.9340330748382
33.9446855318602
33.955337988883
33.9659904459058
33.9766429029287
33.9872953599515
33.9979478169744
34.0086002739963
34.0192527310192
34.029905188042
34.0405576450648
34.0512101020877
34.0618625591096
34.0725150161325
34.0831674731553
34.0938199301781
34.104472387201
34.1151248442238
34.1257773012458
34.1364297582686
34.1470822152914
34.1577346723143
34.1683871293371
34.17903958636
34.1896920433819
34.2003445004048
34.2109969574276
34.2216494144504
34.2323018714733
34.2429543284952
34.2536067855181
34.2642592425409
34.2749116995637
34.2855641565866
34.2962166136094
34.3068690706314
34.3175215276542
34.3281739846771
34.3388264416999
34.3494788987227
34.3601313557447
34.3707838127675
34.3814362697904
34.3920887268132
34.402741183836
34.4133936408589
34.4240460978808
34.4346985549037
34.4453510119265
34.4560034689493
34.4666559259722
34.477308382995
34.487960840017
34.4986132970398
34.5092657540627
34.5199182110855
34.5305706681083
34.5412231251303
34.5518755821531
34.562528039176
34.5731804961988
34.5838329532216
34.5944854102445
34.6051378672664
34.6157903242893
34.6264427813121
34.637095238335
34.6477476953578
34.6584001523797
34.6690526094026
34.6797050664254
34.6903575234483
34.7010099804711
34.7116624374939
34.7223148945159
34.7329673515387
34.7436198085616
34.7542722655844
34.7649247226072
34.7755771796301
34.786229636652
34.7968820936749
34.8075345506977
34.8181870077206
34.8288394647434
34.8394919217653
34.8501443787882
34.860796835811
34.8714492928339
34.8821017498567
34.8927542068795
34.9034066639015
34.9140591209243
34.9247115779472
34.93536403497
34.9460164919929
34.9566689490148
34.9673214060376
34.9779738630605
34.9886263200833
34.9992787771062
35.009931234129
35.0205836911509
35.0312361481738
35.0418886051966
35.0525410622195
35.0631935192423
35.0738459762642
35.0844984332871
35.0951508903099
35.1058033473328
35.1164558043556
35.1271082613785
35.1377607184004
35.1484131754232
35.1590656324461
35.1697180894689
35.1803705464918
35.1910230035146
35.2016754605365
35.2123279175594
35.2229803745822
35.2336328316051
35.2442852886279
35.2549377456498
35.2655902026727
35.2762426596955
35.2868951167184
35.2975475737412
35.3082000307641
35.318852487786
35.3295049448088
35.3401574018317
35.3508098588545
35.3614623158774
35.3721147728993
35.3827672299221
35.393419686945
35.4040721439678
35.4147246009907
35.4253770580135
35.4360295150354
35.4466819720583
35.4573344290811
35.467986886104
35.4786393431268
35.4892918001497
35.4999442571716
35.5105967141944
35.5212491712173
35.5319016282401
35.542554085263
35.5532065422849
35.5638589993077
35.5745114563306
35.5851639133534
35.5958163703763
35.6064688273991
35.617121284421
35.6277737414439
35.6384261984667
35.6490786554896
35.6597311125124
35.6703835695344
35.6810360265572
35.69168848358
35.7023409406029
35.7129933976257
35.7236458546486
35.7342983116705
35.7449507686933
35.7556032257162
35.766255682739
35.7769081397619
35.7875605967838
35.7982130538066
35.8088655108295
35.8195179678523
35.8301704248752
35.840822881898
35.85147533892
35.8621277959428
35.8727802529656
35.8834327099885
35.8940851670113
35.9047376240342
35.9153900810561
35.9260425380789
35.9366949951018
35.9473474521246
35.9579999091475
35.9686523661694
35.9793048231923
35.9899572802151
36.0006097372379
36.0112621942608
36.0219146512836
36.0325671083056
36.0432195653284
36.0538720223512
36.0645244793741
36.0751769363969
36.0858293934189
36.0964818504417
36.1071343074645
36.1177867644874
36.1284392215102
36.1390916785331
36.149744135555
36.1603965925779
36.1710490496007
36.1817015066235
36.1923539636464
36.2030064206692
36.2136588776912
36.224311334714
36.2349637917368
36.2456162487597
36.2562687057825
36.2669211628045
36.2775736198273
36.2882260768502
36.298878533873
36.3095309908958
36.3201834479187
36.3308359049406
36.3414883619635
36.3521408189863
36.3627932760091
36.373445733032
36.3840981900539
36.3947506470768
36.4054031040996
36.4160555611224
36.4267080181453
36.4373604751681
36.4480129321901
36.4586653892129
36.4693178462358
36.4799703032586
36.4906227602814
36.5012752173043
36.5119276743262
36.5225801313491
36.5332325883719
36.5438850453947
36.5545375024176
36.5651899594395
36.5758424164624
36.5864948734852
36.5971473305081
36.6077997875309
36.6184522445537
36.6291047015757
36.6397571585985
36.6504096156214
36.6610620726442
36.671714529667
36.682366986689
36.6930194437118
36.7036719007347
36.7143243577575
36.7249768147803
36.7356292718032
36.7462817288251
36.756934185848
36.7675866428708
36.7782390998937
36.7888915569165
36.7995440139384
36.8101964709613
36.8208489279841
36.831501385007
36.8421538420298
36.8528062990526
36.8634587560746
36.8741112130974
36.8847636701203
36.8954161271431
36.906068584166
36.9167210411888
36.9273734982107
36.9380259552336
36.9486784122564
36.9593308692793
36.9699833263021
36.980635783324
36.9912882403469
37.0019406973697
37.0125931543926
37.0232456114154
37.0338980684382
37.0445505254602
37.055202982483
37.0658554395059
37.0765078965287
37.0871603535516
37.0978128105735
37.1084652675963
37.1191177246192
37.129770181642
37.1404226386649
37.1510750956877
37.1617275527096
37.1723800097325
37.1830324667553
37.1936849237782
37.204337380801
37.2149898378239
37.2256422948458
37.2362947518686
37.2469472088915
37.2575996659143
37.2682521229372
37.2789045799591
37.2895570369819
37.3002094940048
37.3108619510276
37.3215144080505
37.3321668650733
37.3428193220952
37.3534717791181
37.3641242361409
37.3747766931638
37.3854291501866
37.3960816072085
37.4067340642314
37.4173865212542
37.4280389782771
37.4386914352999
37.4493438923228
37.4599963493447
37.4706488063675
37.4813012633904
37.4919537204132
37.5026061774361
37.5132586344589
37.5239110914808
37.5345635485037
37.5452160055265
37.5558684625494
37.5665209195722
37.5771733765941
37.587825833617
37.5984782906398
37.6091307476627
37.6197832046855
37.6304356617084
37.6410881187303
37.6517405757531
37.662393032776
37.6730454897988
37.6836979468217
37.6943504038436
37.7050028608664
37.7156553178893
37.7263077749121
37.736960231935
37.7476126889578
37.7582651459797
37.7689176030026
37.7795700600254
37.7902225170483
37.8008749740711
37.8115274310931
37.8221798881159
37.8328323451387
37.8434848021616
37.8541372591844
37.8647897162073
37.8754421732292
37.886094630252
37.8967470872749
37.9073995442977
37.9180520013206
37.9287044583434
37.9393569153654
37.9500093723882
37.960661829411
37.9713142864339
37.9819667434567
37.9926192004787
38.0032716575015
38.0139241145243
38.0245765715472
38.03522902857
38.0458814855929
38.0565339426148
38.0671863996376
38.0778388566605
38.0884913136833
38.0991437707062
38.1097962277281
38.120448684751
38.1311011417738
38.1417535987966
38.1524060558195
38.1630585128423
38.1737109698643
38.1843634268871
38.1950158839099
38.2056683409328
38.2163207979556
38.2269732549785
38.2376257120004
38.2482781690233
38.2589306260461
38.2695830830689
38.2802355400918
38.2908879971137
38.3015404541366
38.3121929111594
38.3228453681822
38.3334978252051
38.3441502822279
38.3548027392499
38.3654551962727
38.3761076532955
38.3867601103184
38.3974125673412
38.4080650243632
38.418717481386
38.4293699384089
38.4400223954317
38.4506748524545
38.4613273094774
38.4719797664993
38.4826322235222
38.493284680545
38.5039371375678
38.5145895945907
38.5252420516126
38.5358945086355
38.5465469656583
38.5571994226812
38.567851879704
38.5785043367268
38.5891567937488
38.5998092507716
38.6104617077945
38.6211141648173
38.6317666218401
38.642419078863
38.6530715358849
38.6637239929078
38.6743764499306
38.6850289069534
38.6956813639763
38.7063338209982
38.7169862780211
38.7276387350439
38.7382911920668
38.7489436490896
38.7595961061124
38.7702485631344
38.7809010201572
38.7915534771801
38.8022059342029
38.8128583912257
38.8235108482477
38.8341633052705
38.8448157622934
38.8554682193162
38.8661206763391
38.8767731333619
38.8874255903838
38.8980780474067
38.9087305044295
38.9193829614524
38.9300354184752
38.940687875498
38.95134033252
38.9619927895428
38.9726452465657
38.9832977035885
38.9939501606113
39.0046026176333
39.0152550746561
39.025907531679
39.0365599887018
39.0472124457247
39.0578649027475
39.0685173597694
39.0791698167923
39.0898222738151
39.100474730838
39.1111271878608
39.1217796448827
39.1324321019056
39.1430845589284
39.1537370159513
39.1643894729741
39.175041929997
39.1856943870189
39.1963468440417
39.2069993010646
39.2176517580874
39.2283042151103
39.2389566721331
39.249609129155
39.2602615861779
39.2709140432007
39.2815665002236
39.2922189572464
39.3028714142683
39.3135238712912
39.324176328314
39.3348287853369
39.3454812423597
39.3561336993826
39.3667861564045
39.3774386134273
39.3880910704502
39.398743527473
39.4093959844959
39.4200484415178
39.4307008985406
39.4413533555635
39.4520058125863
39.4626582696092
39.473310726632
39.4839631836539
39.4946156406768
39.5052680976996
39.5159205547225
39.5265730117453
39.5372254687672
39.5478779257901
39.5585303828129
39.5691828398358
39.5798352968586
39.5904877538815
39.6011402109034
39.6117926679262
39.6224451249491
39.6330975819719
39.6437500389948
39.6544024960176
39.6650549530395
39.6757074100624
39.6863598670852
39.6970123241081
39.7076647811309
39.7183172381528
39.7289696951757
39.7396221521985
39.7502746092214
39.7609270662442
39.7715795232671
39.782231980289
39.7928844373118
39.8035368943347
39.8141893513575
39.8248418083804
39.8354942654023
39.8461467224251
39.856799179448
39.8674516364708
39.8781040934937
39.8887565505165
39.8994090075385
39.9100614645613
39.9207139215841
39.931366378607
39.9420188356298
39.9526712926527
39.9633237496746
39.9739762066974
39.9846286637203
39.9952811207431
40.005933577766
40.0165860347879
40.0272384918107
40.0378909488336
40.0485434058564
40.0591958628793
40.0698483199021
40.0805007769241
40.0911532339469
40.1018056909697
40.1124581479926
40.1231106050154
40.1337630620374
40.1444155190602
40.155067976083
40.1657204331059
40.1763728901287
40.1870253471516
40.1976778041735
40.2083302611964
40.2189827182192
40.229635175242
40.2402876322649
40.2509400892877
40.2615925463097
40.2722450033325
40.2828974603553
40.2935499173782
40.304202374401
40.314854831423
40.3255072884458
40.3361597454686
40.3468122024915
40.3574646595143
40.3681171165372
40.3787695735591
40.389422030582
40.4000744876048
40.4107269446276
40.4213794016505
40.4320318586724
40.4426843156953
40.4533367727181
40.4639892297409
40.4746416867638
40.4852941437866
40.4959466008086
40.5065990578314
40.5172515148543
40.5279039718771
40.5385564288999
40.5492088859219
40.5598613429447
40.5705137999676
40.5811662569904
40.5918187140132
40.6024711710361
40.613123628058
40.6237760850809
40.6344285421037
40.6450809991265
40.6557334561494
40.6663859131722
40.6770383701942
40.687690827217
40.6983432842399
40.7089957412627
40.7196481982855
40.7303006553075
40.7409531123303
40.7516055693532
40.762258026376
40.7729104833988
40.7835629404217
40.7942153974436
40.8048678544665
40.8155203114893
40.8261727685122
40.836825225535
40.8474776825569
40.8581301395798
40.8687825966026
40.8794350536255
40.8900875106483
40.9007399676711
40.9113924246931
40.9220448817159
40.9326973387388
40.9433497957616
40.9540022527844
40.9646547098073
40.9753071668292
40.9859596238521
40.9966120808749
41.0072645378978
41.0179169949206
41.0285694519425
41.0392219089654
41.0498743659882
41.0605268230111
41.0711792800339
41.0818317370567
41.0924841940787
41.1031366511015
41.1137891081244
41.1244415651472
41.1350940221701
41.145746479192
41.1563989362148
41.1670513932377
41.1777038502605
41.1883563072834
41.1990087643062
41.2096612213281
41.220313678351
41.2309661353738
41.2416185923967
41.2522710494195
41.2629235064414
41.2735759634643
41.2842284204871
41.29488087751
41.3055333345328
41.3161857915557
41.3268382485776
41.3374907056004
41.3481431626233
41.3587956196461
41.369448076669
41.3801005336918
41.3907529907137
41.4014054477366
41.4120579047594
41.4227103617823
41.4333628188051
41.444015275827
41.4546677328499
41.4653201898727
41.4759726468956
41.4866251039184
41.4972775609413
41.5079300179632
41.518582474986
41.5292349320089
41.5398873890317
41.5505398460546
41.5611923030765
41.5718447600993
41.5824972171222
41.593149674145
41.6038021311679
41.6144545881907
41.6251070452126
41.6357595022355
41.6464119592583
41.6570644162812
41.667716873304
41.6783693303269
41.6890217873488
41.6996742443716
41.7103267013945
41.7209791584173
41.7316316154402
41.7422840724621
41.7529365294849
41.7635889865078
41.7742414435306
41.7848939005535
41.7955463575763
41.8061988145982
41.8168512716211
41.8275037286439
41.8381561856668
41.8488086426896
41.8594610997116
41.8701135567344
41.8807660137572
41.8914184707801
41.9020709278029
41.9127233848258
41.9233758418477
41.9340282988705
41.9446807558934
41.9553332129162
41.9659856699391
41.9766381269619
41.9872905839838
41.9979430410067
42.0085954980295
42.0192479550524
42.0299004120752
42.0405528690972
42.05120532612
42.0618577831428
42.0725102401657
42.0831626971885
42.0938151542114
42.1044676112333
42.1151200682561
42.125772525279
42.1364249823018
42.1470774393247
42.1577298963466
42.1683823533695
42.1790348103923
42.1896872674151
42.200339724438
42.2109921814608
42.2216446384828
42.2322970955056
42.2429495525284
42.2536020095513
42.2642544665741
42.2749069235961
42.2855593806189
42.2962118376417
42.3068642946646
42.3175167516874
42.3281692087103
42.3388216657322
42.3494741227551
42.3601265797779
42.3707790368007
42.3814314938236
42.3920839508464
42.4027364078684
42.4133888648912
42.424041321914
42.4346937789369
42.4453462359597
42.4559986929817
42.4666511500045
42.4773036070274
42.4879560640502
42.498608521073
42.5092609780959
42.5199134351178
42.5305658921407
42.5412183491635
42.5518708061863
42.5625232632092
42.5731757202311
42.583828177254
42.5944806342768
42.6051330912996
42.6157855483225
42.6264380053453
42.6370904623673
42.6477429193901
42.658395376413
42.6690478334358
42.6797002904586
42.6903527474815
42.7010052045034
42.7116576615263
42.7223101185491
42.7329625755719
42.7436150325948
42.7542674896167
42.7649199466396
42.7755724036624
42.7862248606853
42.7968773177081
42.8075297747309
42.8181822317529
42.8288346887757
42.8394871457986
42.8501396028214
42.8607920598442
42.8714445168662
42.882096973889
42.8927494309119
42.9034018879347
42.9140543449575
42.9247068019804
42.9353592590023
42.9460117160252
42.956664173048
42.9673166300709
42.9779690870937
42.9886215441165
42.9992740011385
43.0099264581613
43.0205789151842
43.031231372207
43.0418838292298
43.0525362862518
43.0631887432746
43.0738412002975
43.0844936573203
43.0951461143432
43.105798571366
43.1164510283879
43.1271034854108
43.1377559424336
43.1484083994565
43.1590608564793
43.1697133135012
43.1803657705241
43.1910182275469
43.2016706845698
43.2123231415926
43.2229755986154
43.2336280556374
43.2442805126602
43.2549329696831
43.2655854267059
43.2762378837288
43.2868903407507
43.2975427977735
43.3081952547964
43.3188477118192
43.3295001688421
43.3401526258649
43.3508050828868
43.3614575399097
43.3721099969325
43.3827624539554
43.3934149109782
43.4040673680011
43.414719825023
43.4253722820458
43.4360247390687
43.4466771960915
43.4573296531144
43.4679821101363
43.4786345671591
43.489287024182
43.4999394812048
43.5105919382277
43.5212443952505
43.5318968522724
43.5425493092953
43.5532017663181
43.563854223341
43.5745066803638
43.5851591373857
43.5958115944086
43.6064640514314
43.6171165084543
43.6277689654771
43.6384214225
43.6490738795219
43.6597263365447
43.6703787935676
43.6810312505904
43.6916837076133
43.7023361646361
43.712988621658
43.7236410786809
43.7342935357037
43.7449459927266
43.7555984497494
43.7662509067713
43.7769033637942
43.787555820817
43.7982082778399
43.8088607348627
43.8195131918856
43.8301656489075
43.8408181059303
43.8514705629532
43.862123019976
43.8727754769989
43.8834279340208
43.8940803910436
43.9047328480665
43.9153853050893
43.9260377621122
43.936690219135
43.9473426761569
43.9579951331798
43.9686475902026
43.9793000472255
43.9899525042483
44.0006049612703
44.0112574182931
44.0219098753159
44.0325623323388
44.0432147893616
44.0538672463845
44.0645197034064
44.0751721604292
44.0858246174521
44.0964770744749
44.1071295314978
44.1177819885206
44.1284344455426
44.1390869025654
44.1497393595882
44.1603918166111
44.1710442736339
44.1816967306559
44.1923491876787
44.2030016447015
44.2136541017244
44.2243065587472
44.2349590157701
44.245611472792
44.2562639298148
44.2669163868377
44.2775688438605
44.2882213008834
44.2988737579053
44.3095262149282
44.320178671951
44.3308311289738
44.3414835859967
44.3521360430195
44.3627885000415
44.3734409570643
44.3840934140871
44.39474587111
44.4053983281328
44.4160507851557
44.4267032421776
44.4373556992005
44.4480081562233
44.4586606132461
44.469313070269
44.4799655272909
44.4906179843138
44.5012704413366
44.5119228983594
44.5225753553823
44.5332278124051
44.5438802694271
44.5545327264499
44.5651851834727
44.5758376404956
44.5864900975184
44.5971425545404
44.6077950115632
44.6184474685861
44.6290999256089
44.6397523826317
44.6504048396546
44.6610572966765
44.6717097536994
44.6823622107222
44.693014667745
44.7036671247679
44.7143195817907
44.7249720388127
44.7356244958355
44.7462769528584
44.7569294098812
44.767581866904
44.778234323926
44.7888867809488
44.7995392379717
44.8101916949945
44.8208441520173
44.8314966090402
44.8421490660621
44.852801523085
44.8634539801078
44.8741064371306
44.8847588941535
44.8954113511754
44.9060638081983
44.9167162652211
44.927368722244
44.9380211792668
44.9486736362896
44.9593260933116
44.9699785503344
44.9806310073573
44.9912834643801
45.0019359214029
45.0125883784249
45.0232408354477
45.0338932924706
45.0445457494934
45.0551982065163
45.0658506635391
45.076503120561
45.0871555775839
45.0978080346067
45.1084604916296
45.1191129486524
45.1297654056752
45.1404178626972
45.15107031972
45.1617227767429
45.1723752337657
45.1830276907885
45.1936801478105
45.2043326048333
45.2149850618562
45.225637518879
45.2362899759019
45.2469424329247
45.2575948899466
45.2682473469695
45.2788998039923
45.2895522610152
45.300204718038
45.3108571750599
45.3215096320828
45.3321620891056
45.3428145461285
45.3534670031513
45.3641194601742
45.3747719171961
45.3854243742189
45.3960768312418
45.4067292882646
45.4173817452875
45.4280342023103
45.4386866593322
45.4493391163551
45.4599915733779
45.4706440304008
45.4812964874236
45.4919489444455
45.5026014014684
45.5132538584912
45.5239063155141
45.5345587725369
45.5452112295598
45.5558636865817
45.5665161436045
45.5771686006274
45.5878210576502
45.5984735146731
45.609125971695
45.6197784287178
45.6304308857407
45.6410833427635
45.6517357997864
45.6623882568092
45.6730407138311
45.683693170854
45.6943456278768
45.7049980848997
45.7156505419225
45.7263029989454
45.7369554559673
45.7476079129901
45.758260370013
45.7689128270358
45.7795652840587
45.7902177410806
45.8008701981034
45.8115226551263
45.8221751121491
45.832827569172
45.8434800261948
45.8541324832167
45.8647849402396
45.8754373972624
45.8860898542853
45.8967423113081
45.9073947683301
45.9180472253529
45.9286996823757
45.9393521393986
45.9500045964214
45.9606570534443
45.9713095104662
45.981961967489
45.9926144245119
46.0032668815347
46.0139193385576
46.0245717955795
46.0352242526023
46.0458767096252
46.056529166648
46.0671816236709
46.0778340806937
46.0884865377157
46.0991389947385
46.1097914517613
46.1204439087842
46.131096365807
46.1417488228299
46.1524012798518
46.1630537368746
46.1737061938975
46.1843586509203
46.1950111079432
46.2056635649651
46.216316021988
46.2269684790108
46.2376209360336
46.2482733930565
46.2589258500793
46.2695783071013
46.2802307641241
46.2908832211469
46.3015356781698
46.3121881351926
46.3228405922146
46.3334930492374
46.3441455062602
46.3547979632831
46.3654504203059
46.3761028773288
46.3867553343507
46.3974077913736
46.4080602483964
46.4187127054192
46.4293651624421
46.4400176194649
46.4506700764869
46.4613225335097
46.4719749905325
46.4826274475554
46.4932799045782
46.5039323616002
46.514584818623
46.5252372756458
46.5358897326687
46.5465421896915
46.5571946467144
46.5678471037363
46.5784995607592
46.589152017782
46.5998044748048
46.6104569318277
46.6211093888496
46.6317618458725
46.6424143028953
46.6530667599181
46.663719216941
46.6743716739638
46.6850241309858
46.6956765880086
46.7063290450315
46.7169815020543
46.7276339590771
46.7382864160991
46.7489388731219
46.7595913301448
46.7702437871676
46.7808962441904
46.7915487012133
46.8022011582352
46.8128536152581
46.8235060722809
46.8341585293037
46.8448109863266
46.8554634433494
46.8661159003714
46.8767683573942
46.8874208144171
46.8980732714399
46.9087257284627
46.9193781854847
46.9300306425075
46.9406830995304
46.9513355565532
46.961988013576
46.9726404705989
46.9832929276208
46.9939453846437
47.0045978416665
47.0152502986894
47.0259027557122
47.0365552127341
47.047207669757
47.0578601267798
47.0685125838027
47.0791650408255
47.0898174978483
47.1004699548703
47.1111224118931
47.121774868916
47.1324273259388
47.1430797829616
47.1537322399845
47.1643846970064
47.1750371540293
47.1856896110521
47.196342068075
47.2069945250978
47.2176469821197
47.2282994391426
47.2389518961654
47.2496043531883
47.2602568102111
47.2709092672339
47.2815617242559
47.2922141812787
47.3028666383016
47.3135190953244
47.3241715523473
47.3348240093692
47.345476466392
47.3561289234149
47.3667813804377
47.3774338374606
47.3880862944834
47.3987387515053
47.4093912085282
47.420043665551
47.4306961225739
47.4413485795967
47.4520010366195
47.4626534936415
47.4733059506643
47.4839584076872
47.49461086471
47.5052633217329
47.5159157787548
47.5265682357776
47.5372206928005
47.5478731498233
47.5585256068462
47.569178063869
47.5798305208909
47.5904829779138
47.6011354349366
47.6117878919595
47.6224403489823
47.6330928060042
47.6437452630271
47.6543977200499
47.6650501770728
47.6757026340956
47.6863550911185
47.6970075481404
47.7076600051632
47.7183124621861
47.7289649192089
47.7396173762318
47.7502698332537
47.7609222902765
47.7715747472994
47.7822272043222
47.7928796613451
47.8035321183679
47.8141845753898
47.8248370324127
47.8354894894355
47.8461419464584
47.8567944034812
47.8674468605041
47.878099317526
47.8887517745488
47.8994042315717
47.9100566885945
47.9207091456174
47.9313616026393
47.9420140596621
47.952666516685
47.9633189737078
47.9739714307307
47.9846238877535
47.9952763447754
48.0059288017983
48.0165812588211
48.027233715844
48.0378861728668
48.0485386298888
48.0591910869116
48.0698435439344
48.0804960009573
48.0911484579801
48.101800915003
48.1124533720249
48.1231058290477
48.1337582860706
48.1444107430934
48.1550632001163
48.1657156571391
48.1763681141611
48.1870205711839
48.1976730282067
48.2083254852296
48.2189779422524
48.2296303992744
48.2402828562972
48.25093531332
48.2615877703429
48.2722402273657
48.2828926843886
48.2935451414105
48.3041975984333
48.3148500554562
48.325502512479
48.3361549695019
48.3468074265238
48.3574598835467
48.3681123405695
48.3787647975923
48.3894172546152
48.400069711638
48.41072216866
48.4213746256828
48.4320270827056
48.4426795397285
48.4533319967513
48.4639844537742
48.4746369107961
48.485289367819
48.4959418248418
48.5065942818646
48.5172467388875
48.5278991959094
48.5385516529323
48.5492041099551
48.5598565669779
48.5705090240008
48.5811614810236
48.5918139380456
48.6024663950684
48.6131188520912
48.6237713091141
48.6344237661369
48.6450762231589
48.6557286801817
48.6663811372046
48.6770335942274
48.6876860512502
48.6983385082731
48.708990965295
48.7196434223179
48.7302958793407
48.7409483363635
48.7516007933864
48.7622532504083
48.7729057074312
48.783558164454
48.7942106214769
48.8048630784997
48.8155155355225
48.8261679925445
48.8368204495673
48.8474729065902
48.858125363613
48.8687778206358
48.8794302776587
48.8900827346806
48.9007351917035
48.9113876487263
48.9220401057491
48.932692562772
48.9433450197939
48.9539974768168
48.9646499338396
48.9753023908625
48.9859548478853
48.9966073049081
49.0072597619301
49.0179122189529
49.0285646759758
49.0392171329986
49.0498695900214
49.0605220470434
49.0711745040662
49.0818269610891
49.0924794181119
49.1031318751347
49.1137843321576
49.1244367891795
49.1350892462024
49.1457417032252
49.1563941602481
49.1670466172709
49.1776990742937
49.1883515313157
49.1990039883385
49.2096564453614
49.2203089023842
49.230961359407
49.241613816429
49.2522662734518
49.2629187304747
49.2735711874975
49.2842236445204
49.2948761015432
49.3055285585651
49.316181015588
49.3268334726108
49.3374859296337
49.3481383866565
49.3587908436784
49.3694433007013
49.3800957577241
49.390748214747
49.4014006717698
49.4120531287926
49.4227055858146
49.4333580428374
49.4440104998603
49.4546629568831
49.465315413906
49.4759678709279
49.4866203279507
49.4972727849736
49.5079252419964
49.5185776990193
49.5292301560421
49.539882613064
49.5505350700869
49.5611875271097
49.5718399841326
49.5824924411554
49.5931448981783
49.6037973552002
49.614449812223
49.6251022692459
49.6357547262687
49.6464071832916
49.6570596403135
49.6677120973363
49.6783645543592
49.689017011382
49.6996694684049
49.7103219254277
49.7209743824496
49.7316268394725
49.7422792964953
49.7529317535182
49.763584210541
49.7742366675629
49.7848891245858
49.7955415816086
49.8061940386315
49.8168464956543
49.8274989526772
49.8381514096991
49.8488038667219
49.8594563237448
49.8701087807676
49.8807612377905
49.8914136948133
49.9020661518352
49.9127186088581
49.9233710658809
49.9340235229038
49.9446759799266
49.9553284369485
49.9659808939714
49.9766333509942
49.9872858080171
49.9979382650399
50.0085907220628
50.0192431790847
50.0298956361075
50.0405480931304
50.0512005501532
50.0618530071761
50.072505464198
50.0831579212208
50.0938103782437
50.1044628352665
50.1151152922894
50.1257677493122
50.1364202063342
50.147072663357
50.1577251203798
50.1683775774027
50.1790300344255
50.1896824914484
50.2003349484703
50.2109874054931
50.221639862516
50.2322923195388
50.2429447765617
50.2535972335836
50.2642496906064
50.2749021476293
50.2855546046521
50.296207061675
50.3068595186978
50.3175119757198
50.3281644327426
50.3388168897654
50.3494693467883
50.3601218038111
50.3707742608331
50.3814267178559
50.3920791748787
50.4027316319016
50.4133840889244
50.4240365459473
50.4346890029692
50.4453414599921
50.4559939170149
50.4666463740377
50.4772988310606
50.4879512880825
50.4986037451054
50.5092562021282
50.519908659151
50.5305611161739
50.5412135731967
50.5518660302187
50.5625184872415
50.5731709442643
50.5838234012872
50.59447585831
50.6051283153329
50.6157807723548
50.6264332293777
50.6370856864005
50.6477381434233
50.6583906004462
50.6690430574681
50.679695514491
50.6903479715138
50.7010004285366
50.7116528855595
50.7223053425823
50.7329577996043
50.7436102566271
50.75426271365
50.7649151706728
50.7755676276956
50.7862200847176
50.7968725417404
50.8075249987633
50.8181774557861
50.8288299128089
50.8394823698318
50.8501348268537
50.8607872838766
50.8714397408994
50.8820921979222
50.8927446549451
50.9033971119679
50.9140495689899
50.9247020260127
50.9353544830356
50.9460069400584
50.9566593970812
50.9673118541032
50.977964311126
50.9886167681489
50.9992692251717
51.0099216821945
51.0205741392174
51.0312265962393
51.0418790532622
51.052531510285
51.0631839673079
51.0738364243307
51.0844888813526
51.0951413383755
51.1057937953983
51.1164462524212
51.127098709444
51.1377511664668
51.1484036234888
51.1590560805116
51.1697085375345
51.1803609945573
51.1910134515801
51.2016659086021
51.2123183656249
51.2229708226478
51.2336232796706
51.2442757366935
51.2549281937163
51.2655806507382
51.2762331077611
51.2868855647839
51.2975380218068
51.3081904788296
51.3188429358524
51.3294953928744
51.3401478498972
51.3508003069201
51.3614527639429
51.3721052209658
51.3827576779877
51.3934101350105
51.4040625920334
51.4147150490562
51.4253675060791
51.4360199631019
51.4466724201238
51.4573248771467
51.4679773341695
51.4786297911924
51.4892822482152
51.4999347052371
51.51058716226
51.5212396192828
51.5318920763057
51.5425445333285
51.5531969903514
51.5638494473733
51.5745019043961
51.585154361419
51.5958068184418
51.6064592754647
51.6171117324875
51.6277641895094
51.6384166465323
51.6490691035551
51.659721560578
51.6703740176008
51.6810264746227
51.6916789316456
51.7023313886684
51.7129838456913
51.7236363027141
51.734288759737
51.7449412167589
51.7555936737817
51.7662461308046
51.7768985878274
51.7875510448503
51.7982035018722
51.808855958895
51.8195084159179
51.8301608729407
51.8408133299636
51.8514657869864
51.8621182440083
51.8727707010312
51.883423158054
51.8940756150769
51.9047280720997
51.9153805291226
51.9260329861445
51.9366854431673
51.9473379001902
51.957990357213
51.9686428142359
51.9792952712578
51.9899477282806
52.0006001853035
52.0112526423263
52.0219050993492
52.032557556372
52.0432100133939
52.0538624704168
52.0645149274396
52.0751673844625
52.0858198414853
52.0964722985073
52.1071247555301
52.1177772125529
52.1284296695758
52.1390821265986
52.1497345836215
52.1603870406434
52.1710394976662
52.1816919546891
52.1923444117119
52.2029968687348
52.2136493257567
52.2243017827795
52.2349542398024
52.2456066968252
52.2562591538481
52.2669116108709
52.2775640678929
52.2882165249157
52.2988689819385
52.3095214389614
52.3201738959842
52.3308263530071
52.341478810029
52.3521312670518
52.3627837240747
52.3734361810975
52.3840886381204
52.3947410951423
52.4053935521652
52.416046009188
52.4266984662108
52.4373509232337
52.4480033802565
52.4586558372785
52.4693082943013
52.4799607513241
52.490613208347
52.5012656653698
52.5119181223918
52.5225705794146
52.5332230364374
52.5438754934603
52.5545279504831
52.565180407506
52.5758328645279
52.5864853215508
52.5971377785736
52.6077902355964
52.6184426926193
52.6290951496421
52.6397476066641
52.6504000636869
52.6610525207097
52.6717049777326
52.6823574347554
52.6930098917774
52.7036623488002
52.7143148058231
52.7249672628459
52.7356197198687
52.7462721768916
52.7569246339135
52.7675770909364
52.7782295479592
52.788882004982
52.7995344620049
52.8101869190268
52.8208393760497
52.8314918330725
52.8421442900953
52.8527967471182
52.863449204141
52.874101661163
52.8847541181858
52.8954065752087
52.9060590322315
52.9167114892543
52.9273639462772
52.9380164032991
52.948668860322
52.9593213173448
52.9699737743676
52.9806262313905
52.9912786884124
53.0019311454353
53.0125836024581
53.023236059481
53.0338885165038
53.0445409735266
53.0551934305486
53.0658458875714
53.0764983445943
53.0871508016171
53.0978032586399
53.1084557156619
53.1191081726847
53.1297606297076
53.1404130867304
53.1510655437532
53.1617180007761
53.172370457798
53.1830229148209
53.1936753718437
53.2043278288666
53.2149802858894
53.2256327429113
53.2362851999342
53.246937656957
