-0.0221504718122275
-0.065892461043068
-0.107768290910764
-0.144470089475994
-0.183409382293401
-0.221809507054898
-0.26388066932263
-0.306220318319956
-0.309204057514205
-0.069209279377336
-0.103607390637616
-0.147850883230938
-0.130656441697714
-0.146878655164132
-0.147851962182698
-0.160574819714841
-0.0909233501505851
-0.0150397451865254
-0.0479933172317212
0.110360383367019
0.0756836172129435
0.0806576491432554
0.0863255014093581
0.0547613068465167
0.380768286787747
0.458171130279179
0.480019468000691
0.51000649082132
0.479783778435487
0.455418186192814
0.427011787156831
0.624744545566142
0.655779672935021
0.629610459839326
0.586295342601595
0.680809955929479
0.671694850030531
0.705241614667924
0.682269665538297
0.754089601369318
0.71853986496316
0.689632977098948
0.870096987539421
0.842679574158311
0.800222442167525
0.79128615540126
0.755937231438201
0.725438052220698
0.812356388418316
0.79134520329582
0.758960202294286
0.73495430256156
0.693909078322525
0.663233150818169
0.626310959728614
0.586516127037205
0.547159657829849
0.505365684195842
0.479136916378107
0.473404423834403
0.429801287399174
0.417499285006235
0.406838139982861
0.375158137940016
0.344475723047583
0.310292622653614
0.271270550771083
0.239306465288055
0.231229686091836
0.18904872821563
0.15804781935101
0.11606020061225
0.105269150050359
0.1200672057126
0.0917724236890105
0.0671690621109303
0.190970578234143
0.195362641948362
0.258547979698724
0.243768020265298
0.297854504844351
0.255344819377488
0.233089551212208
0.279951384136565
0.313105506936751
0.303204406988926
0.372208154288875
0.35561161524832
0.400792122026379
0.390460121895039
0.378828583993797
0.461912100223947
0.517910699333787
0.527103772903136
0.529853611454045
0.516539691834564
0.551324109962078
0.574522128476646
0.536854785534332
0.594637174475066
0.766226952073488
0.739451209767627
0.697194703808284
0.7366179694133
0.727955924254575
0.864592154992054
0.843803650851772
0.820512822753004
0.820267649207327
0.902102985043252
0.89921434023175
0.89239704932386
1.04044224876932
1.10503383692105
1.19579226670407
1.18036845538044
1.16455336697864
1.13850608110138
1.12320890280391
1.12590170425227
1.10462138071805
1.06543755990314
1.20576525519158
1.27133014046226
1.35945727647142
1.47661935681736
1.55807545687343
1.52292267622617
1.5804331574491
1.61948753232117
1.63802806643392
1.60456791809624
1.591098840322
1.62789168768114
1.69438563653953
1.65195906652972
1.67058161959919
1.76880642695887
1.78299859720928
1.77208338409393
1.98383277278393
1.97978673959828
2.01025500381811
2.08013934431931
2.04533141840154
2.02574427692397
2.04521660717024
2.02454001222773
1.98490967662015
1.97453467263662
1.93034060009569
1.90685856614753
1.8896581310458
1.90546132660393
1.87800579054332
1.95890079412412
1.99854883851807
2.03927940432813
2.04955438864244
2.0250519223209
2.00639700543394
1.98235468828503
2.0179674996097
2.05319331118724
2.03001374587958
2.01387866430619
2.01603305169297
1.98921432015207
1.9610162986435
1.93039285301333
1.91240230534725
1.88947842356273
1.9073967522535
1.87580354594419
1.94011999243363
1.92304854512078
1.96486877959029
1.94067708290266
1.91748882906835
1.88192289211689
1.84432642339952
1.82643203685473
1.93019970034352
1.92349097400878
1.89749326454678
1.85500019432353
1.83849006254519
1.89939233756675
1.92825031046425
1.90345486141246
1.92705364139147
1.93167450660607
1.94243606128813
1.95442340029851
1.91315432746977
1.89681020110189
1.89350052938578
1.86677032892532
1.82408706335534
1.94097520583022
1.95135388372122
1.90898122017539
1.87471606147695
1.98366194865731
2.03653009888828
2.0183108693446
2.01388954303322
1.98910554031483
1.96990539202603
1.93270613975321
1.89608660884024
1.90320523403354
1.86816160387167
1.85360428053432
1.81046757424035
1.82539441706251
1.78611425152393
1.79383207892472
1.78191918357718
1.74875113856969
1.72711162081824
1.71491111706585
1.67931196121741
1.65221585535613
1.65774940081909
1.61581807683837
1.64023787528008
1.60732798561463
1.56361997549275
1.52616114410295
1.50559323690038
1.46419014910038
1.46840696217641
1.45711205513866
1.42007199465961
1.41015524401117
1.39254760332967
1.39879189405277
1.39184602407476
1.48110118969572
1.45948307020718
1.42816677874994
1.40633151557852
1.40681848971732
1.71491105117079
1.72436340208302
1.70426256208168
1.81183378876183
1.78764856366045
1.79209190917948
1.76038580740102
1.93236879501898
1.89471932516018
1.91471719041495
1.90133112281558
2.0096398135225
1.96869800648982
2.06418414271507
2.07061325113072
2.09027096758243
2.04723454598066
2.00697716253439
1.97731929536976
1.97798831984821
1.93405346932847
1.89678127475025
1.87454055594825
1.86563088115519
1.84971299334146
1.82150859377372
1.79638997237853
1.7957194833387
1.79107820656321
1.75560450823822
1.72266911123548
1.74413151794947
1.70881010000937
1.71811874734546
1.69325452911155
1.66791940911226
1.72337646219086
1.89497770960365
1.89588205378128
1.99816161913041
1.96267264781574
2.18700672209777
2.15252447423818
2.1345717026246
2.23124961675143
2.18882524989994
2.25479482160083
2.38132347104739
2.37451175968766
2.52900908792293
2.59613187778009
2.56489907984106
2.54836598696197
2.6465685520614
2.71797793322064
2.83331740964714
2.93036864538951
2.92607634401598
2.89293091747749
3.01098185096321
3.05467396106671
3.09172797496117
3.05363670272407
3.01670070501059
3.12397337114017
3.10082911307017
3.16714307017303
3.16653916001044
3.13467490673497
3.10316403561306
3.08851215996314
3.05921679953627
3.04524007461039
3.03354770992289
2.99770189577406
3.02198534515866
3.06641988175612
3.06947016921883
3.02632060502204
2.98374150620628
3.08301549325981
3.1165697868455
3.09856586268394
3.14205954655556
3.12853621862371
3.16775447431262
3.37595413100092
3.37046192894335
3.38382918417431
3.37648607865947
3.45708724189811
3.48179612367634
3.46560128274988
3.44706501980706
3.50088017383133
3.468563387531
3.49614580651047
3.46446849829085
3.44075410259838
3.42913036952503
3.42659234426194
3.3834866014093
3.34218723448454
3.40697479938926
3.44423838679881
3.40119702859499
3.3646059425778
3.3515452867689
3.41808517089077
3.47715136138293
3.56395412561123
3.5738058153517
3.56920227818747
3.62075553203384
3.60134807067362
3.55766328624361
3.57738866975612
3.55140679939237
3.51603855645287
3.48146817281235
3.44492111812986
3.40958586647004
3.38202906544391
3.36318287486503
3.34171213644506
3.30096887117251
3.31557646736158
3.27183388387688
3.2390769197102
3.20242155094361
3.16169853634423
3.14164017497039
3.09805574406094
3.0736266187261
3.0760434237928
3.07841552796786
3.07531595842615
3.0697540311896
3.0568161014024
3.03522133140504
3.04262982333908
3.00176254911711
2.96366043372195
2.93010588321189
3.07658720382468
3.1159101684775
3.18711021963154
3.19728034567638
3.16504974148302
3.18950097284081
3.157080932276
3.23761848667327
3.30432174727762
3.26025266403724
3.36329709608256
3.46224345927402
3.42514309848452
3.40838633493161
3.47926115967563
3.45776326095551
3.45042422907816
3.45736525985996
3.41837363834847
3.44378993742557
3.45771252155678
3.63875103023342
3.66617780620903
3.63531274347009
4.18702579994237
4.15289932644069
4.14686714471473
4.10332712698386
4.06479064684348
4.04654228556116
4.00251582657956
3.95956194833569
3.94268961997773
3.90137014544536
3.8586498882068
3.81940589947448
3.78569452049994
NaN
NaN
NaN
NaN
NaN
NaN
NaN
NaN
NaN
NaN
NaN
NaN
NaN
NaN
NaN
NaN
NaN
NaN
NaN
NaN
NaN
NaN
NaN
NaN
NaN
NaN
NaN
NaN
NaN
NaN
NaN
NaN
NaN
NaN
NaN
NaN
NaN
NaN
NaN
NaN
NaN
NaN
NaN
NaN
NaN
NaN
NaN
NaN
NaN
NaN
NaN
NaN
NaN
NaN
NaN
NaN
NaN
NaN
NaN
NaN
NaN
NaN
NaN
NaN
NaN
NaN
NaN
NaN
NaN
NaN
NaN
NaN
NaN
NaN
NaN
NaN
NaN
NaN
NaN
NaN
NaN
NaN
NaN
NaN
NaN
