3.64167894585297
3.63223392722081
3.62282441443915
3.61345024931114
3.60411127444585
3.59480733325356
3.58553826994132
3.57630392950837
3.56710415774173
3.55793880121167
3.54880770726737
3.53971072403243
3.53064770040056
3.52161848603125
3.51262293134539
3.50366088752101
3.49473220648903
3.48583674092902
3.47697434426496
3.46814487066106
3.45934817501764
3.45058411296695
3.44185254086909
3.43315331580787
3.42448629558685
3.41585133872523
3.40724830445383
3.39867705271115
3.39013744413942
3.38162934008061
3.37315260257256
3.36470709434504
3.35629267881598
3.34790922008753
3.33955658294229
3.33123463283952
3.32294323591135
3.31468225895905
3.30645156944928
3.29825103551041
3.29008052592883
3.28193991014531
3.27382905825133
3.26574784098548
3.25769612972991
3.24967379650669
3.24168071397431
3.23371675542414
3.22578179477693
3.21787570657932
3.20999836600038
3.20214964882816
3.1943294314663
3.18653759093059
3.17877400484559
3.17103855144133
3.16333110954989
3.15565155860216
3.14799977862447
3.14037565023535
3.13277905464227
3.1252098736384
3.11766798959938
3.11015328548012
3.10266564481162
3.09520495169784
3.08777109081249
3.08036394739596
3.07298340725221
3.06562935674565
3.05830168279812
3.05100027288578
3.04372501503614
3.036475797825
3.0292525103735
3.02205504234507
3.01488328394255
3.00773712590522
3.00061645950584
2.99352117654779
2.98645116936216
2.97940633080488
2.97238655425385
2.96539173360615
2.95842176327515
2.95147653818777
2.94455595378164
2.93765990600236
2.93078829130074
2.92394100663005
2.91711794944332
2.9103190176906
2.90354410981631
2.89679312475654
2.8900659619364
2.88336252126735
2.87668270314463
2.87002640844462
2.86339353852222
2.8567839952083
2.85019768080713
2.84363449809383
2.83709435031182
2.83057714117031
2.82408277484181
2.81761115595963
2.81116218961537
2.80473578135652
2.79833183718398
2.79195026354961
2.78559096735384
2.77925385594328
2.77293883710828
2.76664581908061
2.76037471053104
2.75412542056706
2.74789785873049
2.74169193499518
2.73550755976472
2.72934464387011
2.72320309856751
2.71708283553596
2.71098376687515
2.70490580510312
2.69884886315412
2.69281285437634
2.68679769252968
2.68080329178366
2.67482956671514
2.66887643230623
2.66294380394209
2.65703159740884
2.6511397288914
2.64526811497138
2.63941667262499
2.63358531922096
2.62777397251844
2.62198255066496
2.61621097219435
2.61045915602473
2.60472702145645
2.59901448817011
2.59332147622454
2.58764790605477
2.58199369847011
2.57635877465214
2.57074305615277
2.56514646489227
2.55956892315734
2.55401035359923
2.54847067923174
2.54294982342938
2.53744770992549
2.53196426281029
2.52649940652908
2.52105306588033
2.51562516601387
2.51021563242902
2.50482439097278
2.49945136783799
2.49409648956159
2.48875968302272
2.48344087544103
2.47813999437483
2.47285696771937
2.46759172370509
2.46234419089582
2.45711429818711
2.45190197480446
2.44670715030162
2.44152975455887
2.43636971778137
2.4312269704974
2.42610144355674
2.420993068129
2.41590177570192
2.41082749807977
2.40577016738166
2.40072971603998
2.39570607679869
2.39069918271181
2.38570896714173
2.38073536375767
2.37577830653405
2.37083772974898
2.36591356798263
2.36100575611573
2.35611422932795
2.35123892309643
2.34637977319422
2.34153671568875
2.33670968694033
2.33189862360063
2.32710346261122
2.32232414120201
2.31756059688987
2.31281276747706
2.30808059104982
2.30336400597693
2.29866295090822
2.29397736477314
2.28930718677936
2.28465235641133
2.28001281342884
2.27538849786567
2.27077935002813
2.26618531049371
2.26160632010968
2.25704231999173
2.25249325152259
2.24795905635067
2.2434396763887
2.23893505381242
2.23444513105919
2.22996985082672
2.22550915607169
2.22106299000848
2.21663129610785
2.21221401809561
2.20781109995137
2.20342248590723
2.19904812044653
2.19468794830252
2.19034191445716
2.18600996413981
2.18169204282605
2.17738809623634
2.17309807033486
2.16882191132826
2.16455956566442
2.16031098003125
2.15607610135549
2.15185487680148
2.14764725376999
2.14345317989701
2.13927260305259
2.13510547133964
2.13095173309278
2.12681133687716
2.12268423148733
2.11857036594606
2.1144696895032
2.11038215163457
2.10630770204079
2.10224629064618
2.09819786759766
2.09416238326357
2.09013978823263
2.08613003331281
2.08213306953026
2.07814884812816
2.07417732056573
2.07021843851706
2.0662721538701
2.0623384187256
2.05841718539599
2.05450840640438
2.05061203448352
2.04672802257471
2.0428563238268
2.03899689159515
2.03514967944062
2.03131464112851
2.0274917306276
2.02368090210909
2.01988210994565
2.01609530871039
2.01232045317585
2.00855749831307
2.00480639929057
2.00106711147337
1.99733959042205
1.99362379189175
1.98991967183125
1.98622718638197
1.98254629187705
1.97887694484043
1.97521910198584
1.97157272021594
1.96793775662133
1.96431416847969
1.96070191325479
1.95710094859564
1.95351123233555
1.94993272249122
1.94636537726186
1.94280915502828
1.93926401435201
1.93572991397443
1.93220681281586
1.92869466997468
1.92519344472651
1.9217030965233
1.91822358499248
1.91475486993611
1.91129691133001
1.90784966932296
1.90441310423578
1.90098717656058
1.89757184695985
1.89416707626567
1.8907728254789
1.88738905576831
1.88401572846982
1.88065280508563
1.87730024728349
1.8739580168958
1.87062607591889
1.86730438651221
1.86399291099752
1.8606916118581
1.85740045173799
1.85411939344121
1.85084839993099
1.84758743432897
1.84433645991446
1.8410954401237
1.83786433854906
1.83464311893831
1.83143174519387
1.82823018137206
1.82503839168236
1.82185634048669
1.81868399229864
1.81552131178278
1.81236826375391
1.80922481317635
1.80609092516321
1.8029665649757
1.79985169802239
1.79674628985853
1.79365030618532
1.79056371284924
1.78748647584135
1.78441856129657
1.78135993549302
1.77831056485133
1.77527041593397
1.77223945544454
1.76921765022712
1.7662049672656
1.76320137368304
1.76020683674092
1.7572213238386
1.75424480251255
1.75127724043579
1.74831860541719
1.74536886540081
1.74242798846533
1.73949594282332
1.73657269682068
1.73365821893597
1.73075247777977
1.7278554420941
1.72496708075176
1.7220873627557
1.71921625723846
1.71635373346149
1.71349976081461
1.71065430881532
1.7078173471083
1.7049888454647
1.70216877378163
1.69935710208153
1.69655380051157
1.69375883934309
1.69097218897098
1.68819381991315
1.6854237028099
1.68266180842337
1.67990810763696
1.67716257145476
1.67442517100102
1.67169587751951
1.66897466237302
1.6662614970428
1.66355635312797
1.660859202345
1.65817001652714
1.6554887676239
1.65281542770047
1.65014996893721
1.6474923636291
1.64484258418521
1.64220060312815
1.63956639309358
1.63693992682963
1.63432117719642
1.63171011716552
1.62910671981942
1.62651095835105
1.62392280606322
1.62134223636815
1.61876922278694
1.61620373894907
1.61364575859189
1.61109525556013
1.60855220380541
1.60601657738571
1.60348835046491
1.60096749731229
1.59845399230206
1.59594780991283
1.59344892472717
1.59095731143109
1.58847294481363
1.58599579976631
1.58352585128269
1.5810630744579
1.57860744448817
1.57615893667038
1.57371752640155
1.57128318917843
1.56885590059701
1.56643563635208
1.56402237223678
1.56161608414212
1.55921674805656
1.55682434006555
1.55443883635108
1.55206021319125
1.54968844695984
1.54732351412583
1.54496539125301
1.54261405499951
1.54026948211741
1.53793164945225
1.53560053394266
1.53327611261993
1.53095836260753
1.52864726112077
1.52634278546632
1.52404491304181
1.52175362133545
1.51946888792555
1.51719069048017
1.5149190067567
1.51265381460142
1.51039509194913
1.50814281682274
1.50589696733288
1.50365752167746
1.50142445814133
1.49919775509584
1.49697739099849
1.49476334439251
1.49255559390647
1.49035411825392
1.48815889623296
1.48596990672593
1.48378712869896
1.48161054120161
1.47944012336652
1.47727585440902
1.47511771362674
1.47296568039925
1.47081973418772
1.46867985453451
1.4665460210628
1.46441821347629
1.46229641155877
1.46018059517379
1.4580707442643
1.45596683885229
1.45386885903843
1.45177678500174
1.44969059699921
1.44761027536546
1.44553580051241
1.44346715292891
1.4414043131804
1.43934726190859
1.43729597983108
1.43525044774105
1.43321064650693
1.43117655707203
1.42914816045424
1.42712543774567
1.42510837011234
1.42309693879384
1.421091125103
1.41909091042559
1.41709627621994
1.41510720401668
1.41312367541838
1.41114567209924
1.40917317580478
1.40720616835152
1.40524463162664
1.40328854758771
1.40133789826235
1.39939266574792
1.39745283221123
1.3955183798882
1.3935892910836
1.39166554817071
1.38974713359101
1.38783402985392
1.38592621953647
1.38402368528299
1.38212640980487
1.38023437588018
1.37834756635346
1.37646596413535
1.37458955220239
1.37271831359663
1.37085223142541
1.36899128886106
1.36713546914059
1.36528475556543
1.36343913150116
1.36159858037718
1.35976308568648
1.35793263098533
1.35610719989301
1.35428677609155
1.35247134332544
1.35066088540136
1.34885538618789
1.34705482961529
1.34525919967517
1.34346848042027
1.34168265596416
1.33990171048098
1.33812562820521
1.33635439343136
1.33458799051374
1.33282640386619
1.3310696179618
1.3293176173327
1.32757038656975
1.32582791032234
1.32409017329808
1.32235716026259
1.32062885603921
1.31890524550881
1.31718631360945
1.31547204533624
1.31376242574099
1.31205743993204
1.31035707307397
1.3086613103874
1.30697013714868
1.30528353868973
1.30360150039774
1.30192400771496
1.30025104613845
1.29858260121985
1.29691865856515
1.29525920383443
1.29360422274166
1.29195370105445
1.29030762459384
1.28866597923402
1.28702875090216
1.28539592557815
1.28376748929438
1.28214342813552
1.28052372823829
1.27890837579122
1.27729735703448
1.2756906582596
1.27408826580927
1.27249016607716
1.27089634550762
1.26930679059555
1.26772148788613
1.26614042397461
1.26456358550613
1.26299095917547
1.26142253172684
1.25985828995369
1.25829822069852
1.25674231085259
1.25519054735579
1.25364291719642
1.25209940741096
1.25056000508387
1.24902469734739
1.24749347138136
1.24596631441297
1.24444321371662
1.24292415661367
1.24140913047223
1.23989812270704
1.23839112077918
1.23688811219594
1.23538908451059
1.2338940253222
1.23240292227543
1.23091576306036
1.22943253541228
1.22795322711152
1.22647782598323
1.22500631989721
1.22353869676774
1.22207494455332
1.2206150512566
1.21915900492409
1.21770679364601
1.21625840555613
1.21481382883156
1.21337305169257
1.21193606240243
1.2105028492672
1.20907340063556
1.20764770489866
1.20622575048987
1.20480752588471
1.20339301960056
1.20198222019657
1.20057511627345
1.19917169647329
1.1977719494794
1.19637586401614
1.19498342884873
1.19359463278311
1.19220946466573
1.19082791338343
1.18944996786323
1.18807561707217
1.18670485001716
1.18533765574482
1.18397402334126
1.18261394193199
1.18125740068172
1.17990438879417
1.17855489551197
1.17720891011644
1.17586642192747
1.17452742030334
1.17319189464056
1.17185983437371
1.17053122897531
1.16920606795564
1.16788434086255
1.16656603728139
1.16525114683477
1.16393965918245
1.16263156402119
1.16132685108457
1.16002551014285
1.15872753100284
1.15743290350771
1.15614161753688
1.15485366300583
1.153569029866
1.15228770810458
1.15100968774443
1.1497349588439
1.14846351149666
1.14719533583159
1.14593042201264
1.14466876023867
1.14341034074328
1.14215515379474
1.14090318969576
1.13965443878342
1.13840889142901
1.13716653803785
1.1359273690492
1.13469137493612
1.13345854620529
1.13222887339691
1.13100234708455
1.12977895787501
1.12855869640821
1.127341553357
1.1261275194271
1.1249165853569
1.12370874191736
1.12250397991187
1.12130229017612
1.12010366357797
1.11890809101731
1.11771556342595
1.11652607176746
1.11533960703707
1.11415616026152
1.11297572249895
1.11179828483877
1.11062383840151
1.10945237433872
1.10828388383284
1.10711835809707
1.10595578837525
1.10479616594172
1.10363948210121
1.10248572818874
1.10133489556944
1.1001869756385
1.09904195982098
1.09789983957173
1.09676060637528
1.09562425174568
1.0944907672264
1.09336014439024
1.09223237483915
1.09110745020419
1.08998536214534
1.08886610235143
1.08774966254
1.08663603445721
1.0855252098777
1.08441718060448
1.08331193846884
1.08220947533021
1.08110978307604
1.08001285362173
1.07891867891047
1.07782725091318
1.07673856162833
1.0756526030819
1.07456936732724
1.07348884644494
1.07241103254276
1.0713359177555
1.07026349424489
1.06919375419949
1.06812668983459
1.06706229339209
1.0660005571404
1.06494147337433
1.063885034415
1.06283123260971
1.06178006033186
1.06073150998083
1.0596855739819
1.05864224478611
1.05760151487019
1.05656337673645
1.05552782291266
1.05449484595199
1.05346443843287
1.05243659295889
1.05141130215875
1.05038855868609
1.04936835521944
1.04835068446214
1.04733553914215
1.04632291201206
1.04531279584894
1.04430518345424
1.0433000676537
1.04229744129728
1.04129729725901
1.04029962843697
1.03930442775311
1.03831168815324
1.03732140260687
1.03633356410715
1.03534816567077
1.03436520033787
1.03338466117195
1.03240654125977
1.03143083371125
1.03045753165942
1.02948662826028
1.02851811669274
1.02755199015852
1.02658824188207
1.02562686511047
1.02466785311334
1.02371119918277
1.0227568966332
1.02180493880139
1.02085531904625
1.01990803074883
1.01896306731221
1.01802042216137
1.01708008874319
1.01614206052628
1.01520633100094
1.01427289367909
1.01334174209414
1.01241286980094
1.01148627037569
1.01056193741585
1.00963986454006
1.00872004538807
1.00780247362065
1.00688714291949
1.00597404698714
1.00506317954695
1.00415453434293
1.00324810513972
1.00234388572251
1.00144186989692
1.00054205148896
0.999644424344939
0.998748982331383
0.997855719334959
0.996964629262401
0.996075706040426
0.995188943615666
0.994304335954581
0.993421877043392
0.992541560887999
0.991663381513909
0.990787332966155
0.98991340930923
0.989041604627005
0.988171913022656
0.987304328618591
0.986438845556377
0.985575457996667
0.984714160119123
0.983854946122346
0.982997810223805
0.982142746659761
0.981289749685199
0.980438813573754
0.97958993261764
0.97874310112758
0.977898313432734
0.97705556388063
0.976214846837094
0.975376156686178
0.974539487830095
0.973704834689143
0.972872191701644
0.97204155332387
0.971212914029974
0.970386268311929
0.969561610679451
0.968738935659941
0.967918237798407
0.967099511657409
0.966282751816983
0.96546795287458
0.964655109444998
0.963844216160315
0.963035267669828
0.962228258639984
0.961423183754315
0.960620037713374
0.959818815234675
0.959019511052621
0.958222119918447
0.957426636600151
0.956633055882435
0.955841372566642
0.955051581470689
0.954263677429009
0.953477655292486
0.952693509928396
0.951911236220341
0.951130829068192
0.950352283388024
0.949575594112059
0.948800756188602
0.948027764581981
0.94725661427249
0.946487300256325
0.945719817545528
0.944954161167923
0.944190326167063
0.943428307602165
0.942668100548057
0.941909700095112
0.941153101349199
0.940398299431619
0.93964528947905
0.938894066643486
0.938144626092185
0.937396963007607
0.936651072587363
0.935906950044151
0.935164590605707
0.934423989514744
0.933685142028901
0.93294804342068
0.9322126889774
0.931479074001134
0.930747193808659
0.930017043731398
0.929288619115369
0.92856191532113
0.927836927723721
0.927113651712614
0.926392082691663
0.925672216079042
0.924954047307198
0.924237571822798
0.923522785086674
0.922809682573772
0.9220982597731
0.921388512187674
0.92068043533447
0.919974024744369
0.919269275962106
0.918566184546222
0.91786474606901
0.917164956116466
0.916466810288236
0.915770304197568
0.915075433471261
0.914382193749619
0.913690580686394
0.913000589948741
0.912312217217169
0.911625458185492
0.910940308560777
0.9102567640633
0.909574820426492
0.908894473396899
0.908215718734124
0.907538552210786
0.90686296961247
0.906188966737681
0.905516539397795
0.904845683417012
0.90417639463231
0.9035086688934
0.902842502062674
0.902177890015164
0.901514828638495
0.900853313832837
0.900193341510861
0.899534907597693
0.898878008030867
0.898222638760283
0.897568795748161
0.896916474968994
0.896265672409504
0.895616384068602
0.894968605957337
0.894322334098856
0.89367756452836
0.893034293293059
0.892392516452128
0.891752230076666
0.891113430249651
0.890476113065897
0.889840274632011
0.889205911066352
0.888573018498986
0.887941593071648
0.887311630937692
0.886683128262058
0.886056081221224
0.885430486003168
0.884806338807323
0.884183635844539
0.883562373337039
0.882942547518382
0.882324154633418
0.881707190938248
0.881091652700188
0.880477536197722
0.879864837720467
0.87925355356913
0.87864368005547
0.878035213502257
0.877428150243235
0.876822486623078
0.876218218997356
0.875615343732491
0.875013857205725
0.874413755805071
0.873815035929286
0.873217693987824
0.872621726400802
0.872027129598958
0.87143390002362
0.870842034126661
0.870251528370465
0.869662379227889
0.869074583182225
0.868488136727164
0.867903036366757
0.86731927861538
0.866736859997697
0.866155777048623
0.865576026313287
0.864997604346996
0.8644205077152
0.863844732993454
0.863270276767384
0.86269713563265
0.862125306194912
0.861554785069791
0.860985568882839
0.860417654269498
0.859851037875071
0.859285716354682
0.858721686373245
0.858158944605425
0.857597487735608
0.857037312457867
0.856478415475922
0.855920793503111
0.855364443262356
0.854809361486127
0.85425554491641
0.85370299030467
0.853151694411825
0.852601654008205
0.852052865873523
0.851505326796841
0.850959033576537
0.850413983020273
0.849870171944963
0.849327597176736
0.84878625555091
0.848246143911956
0.847707259113468
0.847169598018127
0.846633157497675
0.846097934432879
0.8455639257135
0.845031128238264
0.844499538914827
0.843969154659749
0.843439972398456
0.842911989065213
0.842385201603097
0.841859606963957
0.841335202108392
0.840811984005715
0.840289949633926
0.839769095979681
0.83924942003826
0.838730918813538
0.838213589317957
0.837697428572495
0.837182433606635
0.836668601458337
0.836155929174007
0.835644413808471
0.835134052424942
0.834624842094993
0.834116779898529
0.833609862923756
0.833104088267151
0.832599453033439
0.832095954335558
0.831593589294636
0.831092355039959
0.830592248708945
0.830093267447113
0.82959540840806
0.829098668753429
0.828603045652882
0.828108536284074
0.827615137832624
0.827122847492088
0.826631662463932
0.826141579957503
0.825652597190007
0.825164711386475
0.824677919779742
0.824192219610415
0.823707608126852
0.823224082585133
0.822741640249029
0.822260278389985
0.821779994287084
0.82130078522703
0.820822648504113
0.820345581420189
0.819869581284654
0.819394645414416
0.818920771133868
0.818447955774868
0.817976196676709
0.817505491186092
0.817035836657108
0.816567230451206
0.816099669937171
0.815633152491098
0.815167675496366
0.814703236343619
0.814239832430734
0.8137774611628
0.813316119952092
0.81285580621805
0.812396517387252
0.811938250893388
0.811481004177239
0.811024774686655
0.810569559876524
0.810115357208754
0.809662164152249
0.809209978182881
0.808758796783473
0.808308617443768
0.807859437660413
0.80741125493693
0.806964066783697
0.806517870717922
0.806072664263621
0.805628444951594
0.805185210319406
0.80474295791136
0.804301685278474
0.803861389978464
0.803422069575715
0.802983721641264
0.80254634375277
0.802109933494503
0.801674488457313
0.801240006238609
0.800806484442342
0.800373920678978
0.799942312565477
0.799511657725275
0.799081953788257
0.79865319839074
0.798225389175449
0.797798523791496
0.797372599894358
0.79694761514586
0.796523567214146
0.796100453773667
0.795678272505152
0.795257021095593
0.794836697238221
0.794417298632485
0.793998822984033
0.793581268004693
0.793164631412447
0.792748910931415
0.792334104291835
0.79192020923004
0.791507223488439
0.791095144815496
0.790683970965714
0.790273699699609
0.789864328783694
0.789455855990459
0.789048279098348
0.788641595891746
0.788235804160952
0.787830901702162
0.787426886317454
0.787023755814762
0.786621508007861
0.786220140716346
0.785819651765613
0.785420038986839
0.785021300216968
0.784623433298685
0.784226436080401
0.783830306416235
0.783435042165991
0.783040641195146
0.782647101374825
0.782254420581787
0.781862596698403
0.781471627612641
0.781081511218045
0.780692245413719
0.780303828104306
0.779916257199974
0.779529530616394
0.779143646274724
0.778758602101591
0.778374396029072
0.77799102599468
0.777608489941341
0.77722678581738
0.776845911576502
0.776465865177775
0.776086644585612
0.775708247769757
0.775330672705261
0.77495391737247
0.774577979757009
0.774202857849758
0.773828549646844
0.773455053149616
0.773082366364633
0.772710487303646
0.77233941398358
0.77196914442652
0.771599676659689
0.77123100871544
0.770863138631232
0.770496064449613
0.770129784218213
0.769764295989717
0.769399597821854
0.769035687777379
0.76867256392406
0.768310224334658
0.767948667086913
0.767587890263526
0.767227891952149
0.76686867024536
0.766510223240655
0.766152549040429
0.765795645751959
0.765439511487392
0.765084144363726
0.764729542502798
0.764375704031265
0.764022627080591
0.763670309787029
0.763318750291611
0.762967946740126
0.76261789728311
0.76226860007583
0.761920053278266
0.761572255055099
0.761225203575697
0.760878897014095
0.760533333548986
0.760188511363703
0.759844428646205
0.759501083589063
0.759158474389445
0.758816599249099
0.758475456374344
0.75813504397605
0.757795360269627
0.757456403475009
0.757118171816643
0.756780663523468
0.756443876828908
0.756107809970854
0.755772461191651
0.755437828738083
0.755103910861362
0.754770705817109
0.754438211865346
0.754106427270477
0.753775350301279
0.753444979230883
0.753115312336766
0.752786347900733
0.752458084208905
0.752130519551706
0.75180365222385
0.751477480524326
0.751152002756385
0.750827217227528
0.750503122249492
0.750179716138234
0.749856997213924
0.749534963800927
0.749213614227792
0.748892946827237
0.748572959936138
0.748253651895517
0.747935021050525
0.747617065750435
0.747299784348622
0.746983175202558
0.746667236673795
0.746351967127951
0.746037364934702
0.745723428467766
0.745410156104891
0.745097546227844
0.744785597222396
0.744474307478313
0.744163675389342
0.743853699353198
0.743544377771553
0.743235709050022
0.742927691598154
0.742620323829418
0.742313604161191
0.742007531014746
0.741702102815239
0.741397317991701
0.741093174977021
0.740789672207938
0.740486808125028
0.740184581172692
0.739882989799144
0.7395820324564
0.739281707600268
0.738982013690331
0.738682949189943
0.738384512566213
0.738086702289992
0.737789516835866
0.737492954682143
0.73719701431084
0.736901694207673
0.736606992862048
0.736312908767046
0.736019440419412
0.735726586319549
0.735434344971501
0.735142714882944
0.734851694565178
0.734561282533112
0.734271477305254
0.7339822774037
0.733693681354128
0.733405687685778
0.73311829493145
0.732831501627489
0.732545306313775
0.732259707533712
0.731974703834218
0.731690293765715
0.731406475882118
0.731123248740823
0.7308406109027
0.73055856093208
0.730277097396744
0.729996218867916
0.729715923920249
0.729436211131819
0.729157079084108
0.728878526362003
0.728600551553778
0.728323153251088
0.728046330048958
0.727770080545772
0.727494403343265
0.727219297046512
0.726944760263917
0.726670791607206
0.726397389691414
0.726124553134877
0.725852280559223
0.725580570589359
0.725309421853465
0.725038832982983
0.724768802612607
0.724499329380273
0.724230411927151
0.723962048897634
0.723694238939329
0.723426980703049
0.723160272842801
0.722894114015779
0.722628502882352
0.722363438106058
0.722098918353592
0.721834942294799
0.721571508602663
0.721308615953297
0.721046263025937
0.720784448502932
0.720523171069732
0.720262429414882
0.720002222230014
0.719742548209833
0.719483406052113
0.719224794457686
0.718966712130434
0.718709157777279
0.718452130108176
0.718195627836101
0.717939649677045
0.717684194350007
0.71742926057698
0.717174847082946
0.716920952595868
0.716667575846679
0.716414715569274
0.716162370500504
0.715910539380163
0.715659220950985
0.71540841395863
0.71515811715168
0.714908329281629
0.714659049102872
0.714410275372704
0.714162006851302
0.713914242301726
0.713666980489903
0.713420220184624
0.713173960157536
0.712928199183128
0.712682936038732
0.712438169504505
0.712193898363429
0.711950121401299
0.711706837406716
0.71146404517108
0.711221743488579
0.710979931156185
0.710738606973642
0.710497769743463
0.71025741827092
0.710017551364032
0.709778167833566
0.709539266493021
0.709300846158625
0.709062905649326
0.708825443786785
0.708588459395366
0.708351951302133
0.708115918336838
0.707880359331914
0.707645273122471
0.707410658546285
0.707176514443793
0.706942839658083
0.706709633034887
0.706476893422577
0.706244619672154
0.706012810637242
0.705781465174082
0.70555058214152
0.705320160401007
0.705090198816586
0.704860696254887
0.704631651585119
0.704403063679066
0.704174931411075
0.703947253658052
0.703720029299454
0.703493257217283
0.703266936296078
0.703041065422909
0.702815643487368
0.702590669381563
0.702366142000114
0.702142060240142
0.701918423001265
0.701695229185587
0.701472477697698
0.701250167444661
0.701028297336009
0.700806866283736
0.700585873202292
0.700365317008575
0.700145196621925
0.699925510964118
0.699706258959359
0.699487439534273
0.699269051617903
0.6990510941417
0.698833566039517
0.698616466247604
0.6983997937046
0.698183547351528
0.697967726131787
0.697752328991146
0.69753735487774
0.697322802742058
0.697108671536945
0.696894960217587
0.696681667741511
0.696468793068575
0.696256335160966
0.696044292983188
0.695832665502059
0.695621451686708
0.695410650508563
0.695200260941347
0.694990281961074
0.694780712546041
0.694571551676821
0.694362798336259
0.694154451509466
0.693946510183812
0.693738973348919
0.693531839996657
0.693325109121138
0.693118779718709
0.692912850787947
0.692707321329652
0.692502190346842
0.692297456844749
0.692093119830809
0.691889178314659
0.691685631308132
0.691482477825249
0.691279716882215
0.691077347497412
0.690875368691395
0.690673779486883
0.69047257890876
0.690271765984062
0.690071339741973
0.689871299213826
0.689671643433088
0.689472371435361
0.689273482258373
0.689074974941976
0.688876848528137
0.688679102060933
0.68848173458655
0.68828474515327
0.688088132811473
0.687891896613627
0.687696035614284
0.687500548870075
0.687305435439704
0.687110694383944
0.68691632476563
0.686722325649656
0.686528696102966
0.686335435194553
0.686142541995453
0.685950015578735
0.685757855019503
0.685566059394887
0.685374627784036
0.685183559268119
0.684992852930313
0.684802507855804
0.684612523131775
0.68442289784741
0.684233631093879
0.684044721964343
0.683856169553939
0.683667972959786
0.683480131280968
0.683292643618539
0.683105509075515
0.682918726756865
0.682732295769513
0.682546215222328
0.682360484226121
0.68217510189364
0.681990067339566
0.681805379680508
0.681621038034997
0.68143704152348
0.681253389268321
0.681070080393791
0.680887114026064
0.680704489293214
0.68052220532521
0.680340261253911
0.680158656213059
0.67997738933828
0.679796459767073
0.679615866638812
0.679435609094735
0.679255686277943
0.679076097333396
0.678896841407905
0.678717917650134
0.678539325210587
0.67836106324161
0.678183130897386
0.678005527333926
0.677828251709068
0.677651303182476
0.677474680915627
0.677298384071815
0.677122411816141
0.676946763315513
0.676771437738636
0.676596434256016
0.676421752039947
0.676247390264512
0.676073348105578
0.67589962474079
0.675726219349569
0.675553131113106
0.675380359214359
0.675207902838048
0.675035761170651
0.674863933400401
0.67469241871728
0.674521216313017
0.67435032538108
0.674179745116678
0.674009474716751
0.673839513379969
0.673669860306729
0.673500514699148
0.67333147576106
0.673162742698014
0.672994314717266
0.672826191027779
0.672658370840219
0.672490853366946
0.672323637822016
0.672156723421173
0.67199010938185
0.671823794923159
0.67165777926589
0.671492061632508
0.67132664124715
0.671161517335616
0.670996689125371
0.670832155845538
0.670667916726896
0.670503971001875
0.670340317904552
0.670176956670648
0.670013886537524
0.669851106744179
0.669688616531241
0.669526415140972
0.669364501817254
0.669202875805594
0.669041536353116
0.668880482708559
0.668719714122272
0.66855922984621
0.668399029133934
0.668239111240603
0.668079475422974
0.667920120939394
0.667761047049802
0.667602253015721
0.667443738100257
0.667285501568094
0.667127542685492
0.666969860720283
0.666812454941866
0.666655324621204
0.666498469030824
0.666341887444809
0.666185579138796
0.666029543389974
0.665873779477081
0.665718286680396
0.665563064281742
0.665408111564477
0.665253427813495
0.66509901231522
0.664944864357604
0.664790983230123
0.664637368223773
0.66448401863107
0.664330933746041
0.664178112864228
0.664025555282677
0.663873260299941
0.663721227216074
0.663569455332628
0.663417943952649
0.663266692380677
0.663115699922739
0.662964965886346
0.662814489580495
0.662664270315659
0.662514307403789
0.662364600158307
0.662215147894105
0.662065949927543
0.661917005576445
0.661768314160093
0.661619874999227
0.661471687416044
0.661323750734189
0.661176064278757
0.661028627376288
0.660881439354765
0.660734499543608
0.660587807273676
0.660441361877259
0.66029516268808
0.660149209041285
0.660003500273449
0.659858035722567
0.65971281472805
0.659567836630729
0.659423100772844
0.659278606498047
0.659134353151396
0.658990340079353
0.658846566629783
0.658703032151946
0.658559735996502
0.658416677515499
0.658273856062379
0.658131270991968
0.657988921660478
0.657846807425501
0.65770492764601
0.657563281682352
0.657421868896249
0.65728068865079
0.657139740310437
0.656999023241011
0.6568585368097
0.656718280385049
0.656578253336961
0.656438455036693
0.656298884856853
0.656159542171398
0.656020426355631
0.655881536786199
0.65574287284109
0.655604433899628
0.655466219342477
0.655328228551629
0.655190460910411
0.655052915803474
0.654915592616796
0.654778490737679
0.654641609554742
0.654504948457923
0.654368506838476
0.654232284088966
0.654096279603268
0.653960492776566
0.653824923005347
0.653689569687401
0.653554432221819
0.653419510008987
0.653284802450588
0.653150308949597
0.65301602891028
0.652881961738187
0.652748106840158
0.652614463624312
0.65248103150005
0.652347809878052
0.652214798170269
0.652081995789931
0.651949402151535
0.651817016670847
0.651684838764899
0.651552867851988
0.65142110335167
0.651289544684761
0.651158191273334
0.651027042540716
0.650896097911485
0.650765356811471
0.650634818667749
0.65050448290864
0.650374348963708
0.650244416263757
0.65011468424083
0.649985152328204
0.649855819960393
0.64972668657314
0.649597751603418
0.649469014489426
0.649340474670591
0.649212131587559
0.649083984682197
0.648956033397594
0.64882827717805
0.648700715469082
0.648573347717417
0.648446173370992
0.648319191878954
0.64819240269165
0.648065805260635
0.647939399038662
0.647813183479685
0.647687158038853
0.64756132217251
0.647435675338194
0.647310216994631
0.647184946601737
0.647059863620614
0.646934967513548
0.646810257744009
0.646685733776644
0.646561395077279
0.646437241112918
0.646313271351737
0.646189485263085
0.64606588231748
0.645942461986608
0.645819223743323
0.645696167061641
0.64557329141674
0.645450596284959
0.645328081143794
0.645205745471898
0.645083588749077
0.64496161045629
0.644839810075646
0.644718187090403
0.644596740984964
0.644475471244878
0.644354377356834
0.644233458808665
0.644112715089339
0.643992145688964
0.643871750098782
0.643751527811167
0.643631478319624
0.64351160111879
0.643391895704427
0.643272361573422
0.643152998223788
0.643033805154658
0.642914781866288
0.642795927860047
0.642677242638426
0.642558725705027
0.642440376564567
0.642322194722872
0.642204179686878
0.642086330964629
0.641968648065275
0.641851130499067
0.641733777777362
0.641616589412616
0.641499564918381
0.641382703809309
0.641266005601146
0.641149469810731
0.641033095955996
0.640916883555961
0.640800832130735
0.640684941201514
0.640569210290577
0.640453638921289
0.640338226618094
0.640222972906517
0.640107877313159
0.6399929393657
0.639878158592893
0.639763534524564
0.639649066691612
0.639534754626003
0.639420597860773
0.639306595930023
0.639192748368922
0.639079054713697
0.638965514501641
0.638852127271105
0.638738892561499
0.638625809913288
0.638512878867994
0.638400098968192
0.638287469757508
0.63817499078062
0.638062661583254
0.637950481712183
0.637838450715225
0.637726568141243
0.637614833540143
0.637503246462871
0.637391806461413
0.637280513088791
0.637169365899067
0.637058364447335
0.636947508289724
0.636836796983393
0.636726230086532
0.636615807158361
0.636505527759127
0.6363953914501
0.636285397793579
0.636175546352882
0.63606583669235
0.635956268377343
0.635846840974242
0.635737554050441
0.635628407174352
0.635519399915402
0.635410531844028
0.63530180253168
0.635193211550816
0.635084758474905
0.63497644287842
0.634868264336843
0.634760222426655
0.634652316725345
0.634544546811399
0.634436912264306
0.634329412664552
0.634222047593619
0.634114816633987
0.634007719369128
0.633900755383509
0.633793924262587
0.633687225592811
0.633580658961616
0.633474223957426
0.633367920169653
0.63326174718869
0.633155704605917
0.633049792013694
0.632944009005361
0.632838355175241
0.632732830118631
0.632627433431807
0.632522164712021
0.632417023557497
0.632312009567434
0.632207122342001
0.632102361482339
0.631997726590557
0.63189321726973
0.631788833123904
0.631684573758085
0.631580438778246
0.631476427791321
0.631372540405208
0.631268776228761
0.631165134871797
0.631061615945087
0.630958219060361
0.630854943830303
0.630751789868551
0.630648756789694
0.630545844209277
0.63044305174379
0.630340379010674
0.630237825628319
0.630135391216059
0.630033075394176
0.629930877783895
0.629828798007382
0.629726835687749
0.629624990449044
0.629523261916256
0.629421649715315
0.629320153473084
0.629218772817363
0.629117507376888
0.629016356781327
0.628915320661281
0.628814398648282
0.628713590374791
0.628612895474201
0.628512313580829
0.628411844329921
0.628311487357647
0.628211242301102
0.628111108798304
0.628011086488194
0.627911175010632
0.627811374006399
0.627711683117196
0.627612101985638
0.627512630255261
0.627413267570512
0.627314013576755
0.627214867920266
0.627115830248234
0.627016900208759
0.62691807745085
0.626819361624425
0.62672075238031
0.626622249370239
0.626523852246848
0.626425560663682
0.626327374275187
0.626229292736711
0.626131315704504
0.626033442835718
0.625935673788401
0.625838008221502
0.625740445794866
0.625642986169234
0.625545629006243
0.625448373968423
0.625351220719197
0.625254168922882
0.625157218244683
0.625060368350697
0.624963618907911
0.624866969584197
0.624770420048315
0.624673969969913
0.624577619019522
0.624481366868557
0.624385213189316
0.624289157654979
0.624193199939609
0.624097339718145
0.624001576666409
0.623905910461099
0.623810340779791
0.623714867300935
0.623619489703858
0.623524207668762
0.62342902087672
0.623333929009679
0.623238931750456
0.62314402878274
0.623049219791087
0.622954504460923
0.622859882478542
0.622765353531104
0.622670917306633
0.622576573494021
0.622482321783021
0.62238816186425
0.622294093429187
0.622200116170171
0.622106229780402
0.62201243395394
0.621918728385701
0.621825112771461
0.621731586807849
0.621638150192353
0.621544802623314
0.621451543799926
0.621358373422238
0.621265291191149
0.621172296808409
0.62107938997662
0.620986570399233
0.620893837780544
0.620801191825701
0.620708632240697
0.62061615873237
0.620523771008403
0.620431468777323
0.620339251748503
0.620247119632154
0.620155072139331
0.62006310898193
0.619971229872685
0.619879434525169
0.619787722653795
0.619696093973812
0.619604548201305
0.619513085053194
0.619421704247236
0.61933040550202
0.619239188536968
0.619148053072335
0.619056998829207
0.6189660255295
0.618875132895961
0.618784320652165
0.618693588522516
0.618602936232243
0.618512363507403
0.61842187007488
0.61833145566238
0.618241119998436
0.618150862812402
0.618060683834454
0.617970582795592
0.617880559427636
0.617790613463225
0.617700744635818
0.617610952679693
0.617521237329944
0.617431598322483
0.617342035394039
0.617252548282155
0.617163136725189
0.617073800462314
0.616984539233512
0.616895352779583
0.616806240842135
0.616717203163586
0.616628239487166
0.616539349556914
0.616450533117676
0.616361789915107
0.616273119695668
0.616184522206628
0.61609599719606
0.616007544412841
0.615919163606653
0.615830854527981
0.615742616928112
0.615654450559137
0.615566355173944
0.615478330526225
0.615390376370469
0.615302492461965
0.615214678556801
0.615126934411859
0.615039259784821
0.614951654434164
0.614864118119159
0.614776650599873
0.614689251637166
0.614601920992691
0.614514658428893
0.614427463709009
0.614340336597068
0.614253276857887
0.614166284257074
0.614079358561026
0.613992499536928
0.613905706952749
0.613818980577251
0.613732320179978
0.613645725531258
0.613559196402208
0.613472732564725
0.613386333791492
0.613299999855972
0.613213730532413
0.613127525595841
0.613041384822065
0.612955307987672
0.61286929487003
0.612783345247285
0.612697458898359
0.612611635602953
0.612525875141545
0.612440177295387
0.612354541846509
0.612268968577711
0.612183457272571
0.612098007715438
0.612012619691435
0.611927292986457
0.611842027387167
0.611756822681002
0.611671678656169
0.611586595101642
0.611501571807164
0.611416608563249
0.611331705161174
0.611246861392986
0.611162077051497
0.611077351930284
0.610992685823689
0.610908078526818
0.610823529835542
0.610739039546492
0.610654607457064
0.610570233365415
0.610485917070462
0.610401658371883
0.610317457070115
0.610233312966357
0.610149225862562
0.610065195561446
0.609981221866477
0.609897304581883
0.609813443512648
0.609729638464511
0.609645889243964
0.609562195658256
0.609478557515389
0.609394974624115
0.609311446793943
0.609227973835131
0.609144555558689
0.609061191776377
0.608977882300705
0.608894626944934
0.608811425523071
0.608728277849874
0.608645183740847
0.608562143012241
0.608479155481054
0.608396220965029
0.608313339282657
0.60823051025317
0.608147733696545
0.608065009433504
0.607982337285512
0.607899717074773
0.607817148624238
0.607734631757593
0.607652166299271
0.60756975207444
0.607487388909009
0.607405076629628
0.607322815063681
0.607240604039295
0.60715844338533
0.607076332931383
0.60699427250779
0.606912261945619
0.606830301076674
0.606748389733495
0.606666527749354
0.606584714958256
0.60650295119494
0.606421236294876
0.606339570094266
0.606257952430043
0.60617638313987
0.60609486206214
0.606013389035976
0.605931963901229
0.605850586498478
0.605769256669032
0.605687974254923
0.605606739098913
0.605525551044488
0.605444409935862
0.60536331561797
0.605282267936476
0.605201266737764
0.605120311868944
0.605039403177846
0.604958540513026
0.604877723723759
0.60479695266004
0.604716227172589
0.604635547112842
0.604554912332957
0.604474322685809
0.604393778024994
0.604313278204824
0.60423282308033
0.604152412507258
0.604072046342072
0.603991724441952
0.603911446664792
0.603831212869201
0.603751022914504
0.603670876660739
0.603590773968657
0.603510714699721
0.603430698716107
0.603350725880704
0.60327079605711
0.603190909109634
0.603111064903298
0.60303126330383
0.60295150417767
0.602871787391964
0.602792112814568
0.602712480314046
0.602632889759668
0.60255334102141
0.602473833969957
0.602394368476696
0.602314944413722
0.602235561653833
0.602156220070531
0.602076919538023
0.601997659931219
0.601918441125729
0.601839262997869
0.601760125424653
0.601681028283799
0.601601971453724
0.601522954813546
0.601443978243081
0.601365041622847
0.601286144834058
0.601207287758627
0.601128470279166
0.601049692278982
0.60097095364208
0.600892254253161
0.600813593997621
0.600734972761554
0.600656390431745
0.600577846895675
0.60049934204152
0.600420875758146
0.600342447935116
0.600264058462683
0.600185707231791
0.600107394134077
0.600029119061868
0.599950881908183
0.599872682566729
0.599794520931904
0.599716396898793
0.599638310363172
0.599560261221503
0.599482249370937
0.599404274709312
0.599326337135151
0.599248436547666
0.599170572846752
0.599092745932991
0.599014955707648
0.598937202072674
0.598859484930704
0.598781804185055
0.598704159739727
0.598626551499403
0.598548979369449
0.598471443255911
0.598393943065516
0.598316478705672
0.598239050084467
0.59816165711067
0.598084299693726
0.598006977743764
0.597929691171585
0.597852439888672
0.597775223807185
0.597698042839959
0.597620896900507
0.597543785903019
0.597466709762357
0.597389668394063
0.597312661714348
0.597235689640103
0.597158752088888
0.597081848978939
0.597004980229163
0.596928145759143
0.596851345489129
0.596774579340045
0.596697847233488
0.596621149091722
0.596544484837683
0.596467854394977
0.596391257687877
0.596314694641329
0.596238165180944
0.596161669233001
0.596085206724448
0.596008777582899
0.595932381736637
0.595856019114607
0.595779689646422
0.595703393262362
0.595627129893369
0.595550899471051
0.595474701927679
0.595398537196188
0.595322405210176
0.595246305903905
0.595170239212297
0.595094205070938
0.595018203416073
0.59494223418461
0.594866297314117
0.594790392742821
0.594714520409609
0.594638680254029
0.594562872216286
0.594487096237244
0.594411352258424
0.594335640222006
0.594259960070825
0.594184311748376
0.594108695198806
0.594033110366921
0.593957557198181
0.593882035638701
0.593806545635251
0.593731087135255
0.593655660086791
0.593580264438588
0.593504900140031
0.593429567141155
0.593354265392648
0.59327899484585
0.593203755452751
0.593128547165993
0.593053369938867
0.592978223725315
0.592903108479927
0.592828024157943
0.592752970715253
0.592677948108393
0.592602956294547
0.592527995231547
0.592453064877873
0.592378165192649
0.592303296135647
0.592228457667285
0.592153649748625
0.592078872341375
0.592004125407887
0.591929408911156
0.591854722814822
0.591780067083169
0.591705441681122
0.591630846574249
0.59155628172876
0.591481747111508
0.591407242689985
0.591332768432325
0.591258324307303
0.591183910284331
0.591109526333466
0.591035172425398
0.590960848531461
0.590886554623623
0.590812290674494
0.590738056657317
0.590663852545977
0.590589678314993
0.590515533939521
0.590441419395351
0.590367334658912
0.590293279707266
0.590219254518111
0.590145259069776
0.590071293341229
0.589997357312068
0.589923450962525
0.589849574273466
0.589775727226386
0.589701909803416
0.589628121987316
0.589554363761479
0.589480635109926
0.589406936017311
0.589333266468917
0.589259626450657
0.589186015949071
0.589112434951332
0.589038883445237
0.588965361419214
0.588891868862318
0.58881840576423
0.588744972115259
0.58867156790634
0.588598193129034
0.588524847775528
0.588451531838635
0.588378245311791
0.588304988189058
0.588231760465121
0.58815856213529
0.588085393195497
0.588012253642299
0.587939143472873
0.58786606268502
0.587793011277162
0.587719989248343
0.587646996598228
0.587574033327101
0.587501099435868
0.587428194926055
0.587355319799808
0.587282474059889
0.587209657709682
0.587136870753188
0.587064113195026
0.586991385040433
0.586918686295263
0.586846016965987
0.586773377059692
0.586700766584082
0.586628185547475
0.586555633958807
0.586483111827626
0.586410619164096
0.586338155978997
0.586265722283719
0.586193318090269
0.586120943411264
0.586048598259937
0.58597628265013
0.5859039965963
0.585831740113513
0.585759513217448
0.585687315924395
0.585615148251252
0.585543010215531
0.585470901835349
0.585398823129437
0.585326774117132
0.585254754818381
0.585182765253738
0.585110805444368
0.585038875412038
0.584966975179128
0.584895104768622
0.584823264204109
0.584751453509788
0.58467967271046
0.584607921831533
0.584536200899019
0.584464509939538
0.584392848980309
0.584321218049158
0.584249617174516
0.584178046385413
0.584106505711485
0.584034995182969
0.583963514830705
0.583892064686134
0.5838206447813
0.583749255148844
0.583677895822013
0.583606566834651
0.583535268221201
0.583464000016709
0.583392762256818
0.58332155497777
0.583250378216406
0.583179232010164
0.583108116397082
0.583037031415794
0.582965977105531
0.582894953506122
0.58282396065799
0.582752998602156
0.582682067380238
0.582611167034445
0.582540297607585
0.582469459143059
0.582398651684864
0.582327875277587
0.582257129966413
0.582186415797117
0.58211573281607
0.582045081070233
0.58197446060716
0.581903871474997
0.581833313722481
0.581762787398943
0.5816922925543
0.581621829239064
0.581551397504334
0.581480997401801
0.581410628983744
0.581340292303032
0.581269987413122
0.581199714368061
0.581129473222483
0.581059264031608
0.580989086851248
0.580918941737798
0.580848828748242
0.580778747940149
0.580708699371675
0.580638683101562
0.580568699189137
0.580498747694312
0.580428828677583
0.580358942200032
0.580289088323325
0.580219267109711
0.580149478622022
0.580079722923675
0.580010000078667
0.57994031015158
0.579870653207576
0.579801029312402
0.579731438532383
0.579661880934427
0.579592356586022
0.579522865555237
0.579453407910721
0.579383983721704
0.579314593057992
0.579245235989975
0.579175912588619
0.579106622925468
0.579037367072646
0.578968145102854
0.578898957089371
0.578829803106053
0.578760683227333
0.57869159752822
0.578622546084301
0.578553528971738
0.578484546267268
0.578415598048205
0.578346684392436
0.578277805378424
0.578208961085207
0.578140151592395
0.578071376980175
0.578002637329305
0.577933932721117
0.577865263237515
0.577796628960976
0.577728029974552
0.577659466361862
0.5775909382071
0.577522445595031
0.57745398861099
0.577385567340883
0.577317181871188
0.57724883228895
0.577180518681787
0.577112241137884
0.577043999745996
0.576975794595449
0.576907625776135
0.576839493378514
0.576771397493616
0.576703338213038
0.576635315628945
0.576567329834066
0.576499380921701
0.576431468985714
0.576363594120537
0.576295756421165
0.576227955983162
0.576160192902655
0.576092467276337
0.576024779201466
0.575957128775864
0.575889516097917
0.575821941266575
0.575754404381352
0.575686905542326
0.575619444850136
0.575552022405985
0.57548463831164
0.575417292669426
0.575349985582234
0.575282717153515
0.575215487487281
0.575148296688106
0.575081144861123
0.575014032112028
0.574946958547076
0.574879924273081
0.574812929397417
0.574745974028019
0.574679058273381
0.574612182242552
0.574545346045145
0.574478549791327
0.574411793591826
0.574345077557925
0.574278401801468
0.574211766434852
0.574145171571035
0.574078617323527
0.574012103806401
0.573945631134279
0.573879199422344
0.573812808786332
0.573746459342535
0.573680151207801
0.573613884499531
0.573547659335682
0.573481475834766
0.573415334115846
0.573349234298542
0.573283176503026
0.573217160850024
0.573151187460813
0.573085256457226
0.573019367961646
0.572953522097009
0.572887718986804
0.57282195875507
0.572756241526398
0.572690567425931
0.572624936579363
0.572559349112939
0.572493805153452
0.572428304828249
0.572362848265224
0.572297435592822
0.572232066940039
0.572166742436417
0.572101462212051
0.57203622639758
0.571971035124197
0.57190588852364
0.571840786728194
0.571775729870696
0.571710718084528
0.571645751503619
0.571580830262446
0.571515954496033
0.57145112433995
0.571386339930316
0.571321601403793
0.571256908897591
0.571192262549464
0.571127662497715
0.571063108881188
0.570998601839276
0.570934141511914
0.570869728039585
0.570805361563312
0.570741042224666
0.570676770165762
0.570612545529255
0.570548368458348
0.570484239096786
0.570420157588856
0.570356124079389
0.570292138713759
0.570228201637881
0.570164312998215
0.570100472941762
0.570036681616063
0.569972939169204
0.56990924574981
0.569845601507049
0.569782006590629
0.569718461150798
0.569654965338349
0.569591519304611
0.569528123201454
0.569464777181291
0.569401481397072
0.569338236002289
0.56927504115097
0.569211896997688
0.56914880369755
0.569085761406204
0.569022770279837
0.568959830475175
0.568896942149482
0.56883410546056
0.568771320566749
0.568708587626927
0.56864590680051
0.568583278247451
0.568520702128242
0.568458178603911
0.568395707836022
0.568333289986678
0.568270925218516
0.568208613694713
0.568146355578979
0.568084151035561
0.568022000229245
0.567959903325349
0.567897860489728
0.567835871888773
0.56777393768941
0.5677120580591
0.567650233165839
0.567588463178159
0.567526748265125
0.567465088596338
0.567403484341933
0.567341935672578
0.567280442759477
0.567219005774368
0.567157624889521
0.567096300277741
0.567035032112366
0.566973820567269
0.566912665816853
0.566851568036057
0.566790527400352
0.566729544085742
0.566668618268763
0.566607750126485
0.566546939836508
0.566486187576968
0.566425493526529
0.56636485786439
0.566304280770281
0.566243762424464
0.566183303007732
0.566122902701411
0.566062561687356
0.566002280147956
0.565942058266129
0.565881896225325
0.565821794209526
0.565761752403244
0.56570177099152
0.565641850159929
0.565581990094573
0.565522190982087
0.565462453009637
0.565402776364915
0.565343161236147
0.565283607812088
0.565224116282022
0.565164686835765
0.56510531966366
0.56504601495658
0.56498677290593
0.564927593703642
0.564868477542179
0.564809424614531
0.56475043511422
0.564691509235295
0.564632647172334
0.564573849120446
0.564515115275266
0.564456445832961
0.564397840990223
0.564339300944276
0.564280825892871
0.564222416034287
0.564164071567332
0.564105792691343
0.564047579606184
0.563989432512249
0.563931351610457
0.563873337102259
0.563815389189631
0.563757508075079
0.563699693961635
0.563641947052862
0.563584267552846
0.563526655666205
0.563469111598084
0.563411635554154
0.563354227740614
0.563296888364193
0.563239617632144
0.56318241575225
0.563125282932821
0.563068219382694
0.563011225311234
0.562954300928333
0.562897446444409
0.56284066207041
0.56278394801781
0.56272730449861
0.562670731725339
0.562614229911052
0.562557799269333
0.562501440014292
0.562445152360566
0.56238893652332
0.562332792718245
0.562276721161561
0.562220722070014
0.562164795660878
0.562108942151952
0.562053161761564
0.56199745470857
0.561941821212351
0.561886261492816
0.561830775770402
0.561775364266071
0.561720027201317
0.561664764798155
0.56160957727913
0.561554464867317
0.561499427786314
0.561444466260248
0.561389580513774
0.561334770772074
0.561280037260856
0.561225380206358
0.561170799835343
0.561116296375102
0.561061870053455
0.561007521098749
0.560953249739857
0.560899056206181
0.560844940727651
0.560790903534725
0.560736944858386
0.560683064930149
0.560629263982053
0.560575542246668
0.560521899957091
0.560468337346947
0.560414854650388
0.560361452102096
0.560308129937281
0.560254888391679
0.560201727701559
0.560148648103715
0.56009564983547
0.560042733134675
0.559989898239714
0.559937145389494
0.559884474823454
0.559831886781563
0.559779381504317
0.559726959232742
0.559674620208393
0.559622364673355
0.559570192870242
0.559518105042198
0.559466101432895
0.559414182286539
0.559362347847861
0.559310598362125
0.559258934075124
0.559207355233182
0.559155862083153
0.559104454872422
0.559053133848904
0.559001899261045
0.558950751357821
0.558899690388741
0.558848716603844
0.5587978302537
0.558747031589411
0.558696320862611
0.558645698325464
0.558595164230668
0.558544718831453
0.558494362381578
0.558444095135339
0.558393917347561
0.558343829273603
0.558293831169357
0.558243923291248
0.558194105896233
0.558144379241803
0.558094743585984
0.558045199187334
0.557995746304945
0.557946385198443
0.55789711612799
0.557847939354279
0.557798855138542
0.557749863742541
0.557700965428577
0.557652160459485
0.557603449098634
0.55755483160993
0.557506308257815
0.557457879307267
0.557409545023798
0.55736130567346
0.557313161522839
0.557265112839059
0.557217159889782
0.557169302943205
0.557121542268064
0.557073878133633
0.557026310809724
0.556978840566687
0.55693146767541
0.55688419240732
0.556837015034385
0.55678993582911
0.556742955064539
0.556696073014257
0.55664928995239
0.556602606153603
0.556556021893101
0.556509537446631
0.556463153090481
0.55641686910148
0.556370685756998
0.556324603334949
0.556278622113786
0.556232742372507
0.556186964390652
0.556141288448305
0.556095714826092
0.556050243805183
0.556004875667292
0.555959610694677
0.555914449170142
0.555869391377035
0.555824437599247
0.555779588121219
0.555734843227934
0.555690203204923
0.555645668338263
0.555601238914578
0.555556915221038
0.555512697545362
0.555468586175817
0.555424581401216
0.555380683510922
0.555336892794848
0.555293209543455
0.555249634047752
0.555206166599299
0.555162807490209
0.555119557013142
0.55507641546131
0.555033383128477
0.554990460308958
0.554947647297621
0.554904944389887
0.554862351881727
0.554819870069668
0.55477749925079
0.554735239722728
0.554693091783668
0.554651055732355
0.554609131868088
0.55456732049072
0.554525621900661
0.554484036398879
0.554442564286897
0.554401205866797
0.554359961441217
0.554318831313354
0.554277815786964
0.554236915166361
0.554196129756421
0.554155459862576
0.554114905790822
0.554074467847715
0.55403414634037
0.553993941576467
0.553953853864245
0.55391388351251
0.553874030830626
0.553834296128525
0.5537946797167
0.553755181906211
0.553715803008682
0.553676543336301
0.553637403201825
0.553598382918575
0.553559482800441
0.55352070316188
0.553482044317915
0.553443506584141
0.553405090276719
0.553366795712382
0.553328623208432
0.55329057308274
0.553252645653752
0.553214841240482
0.553177160162518
0.55313960274002
0.553102169293723
0.553064860144934
0.553027675615534
0.552990616027982
0.552953681705308
0.552916872971123
0.552880190149612
0.552843633565536
0.552807203544236
0.55277090041163
0.552734724494217
0.552698676119074
0.552662755613857
0.552626963306806
0.552591299526738
0.552555764603056
0.552520358865744
0.552485082645368
0.552449936273079
0.552414920080613
0.55238003440029
0.552345279565015
0.552310655908281
0.552276163764167
0.552241803467339
0.552207575353053
0.552173479757152
0.552139517016069
0.552105687466827
0.552071991447042
0.552038429294918
0.552005001349253
0.551971707949439
0.551938549435459
0.551905526147891
0.55187263842791
0.551839886617283
0.551807271058377
0.551774792094153
0.55174245006817
0.551710245324589
0.551678178208164
0.551646249064255
0.551614458238818
0.551582806078413
0.551551292930201
0.551519919141945
0.551488685062012
0.551457591039375
0.551426637423609
0.551395824564897
0.551365152814028
0.551334622522397
0.551304234042008
0.551273987725476
0.551243883926021
0.551213922997476
0.551184105294287
0.551154431171507
0.551124900984807
0.551095515090468
0.551066273845386
0.551037177607074
0.551008226733659
0.550979421583886
0.550950762517116
0.550922249893331
0.550893884073129
0.550865665417732
0.550837594288979
0.550809671049334
0.550781896061881
0.55075426969033
0.550726792299015
0.550699464252893
0.55067228591755
0.550645257659197
0.550618379844673
0.550591652841448
0.550565077017619
0.550538652741916
0.550512380383697
0.550486260312956
0.550460292900319
0.550434478517045
0.55040881753503
0.550383310326806
0.55035795726554
0.550332758725038
0.550307715079747
0.55028282670475
0.550258093975774
0.550233517269187
0.550209096961997
0.550184833431861
0.550160727057075
0.550136778216585
0.550112987289981
0.550089354657502
0.550065880700035
0.550042565799116
0.550019410336934
0.549996414696327
0.549973579260787
0.549950904414459
0.549928390542144
0.549906038029297
0.549883847262031
0.549861818627116
0.549839952511983
0.549818249304719
0.549796709394076
0.549775333169466
0.549754121020964
0.54973307333931
0.54971219051591
0.549691472942834
0.549670921012821
0.54965053511928
0.549630315656286
0.54961026301859
0.549590377601609
0.549570659801437
0.549551110014842
0.549531728639266
0.549512516072827
0.549493472714323
0.549474598963229
0.5494558952197
0.549437361884571
0.549418999359363
0.549400808046276
0.549382788348197
0.549364940668698
0.54934726541204
0.549329762983169
0.549312433787722
0.549295278232027
0.549278296723103
0.549261489668662
0.549244857477111
0.549228400557553
0.549212119319785
0.549196014174306
0.54918008553231
0.549164333805695
0.549148759407058
0.549133362749702
0.549118144247633
0.54910310431556
0.549088243368904
0.54907356182379
0.549059060097053
0.549044738606242
0.549030597769615
0.549016638006144
0.549002859735516
0.548989263378134
0.54897584935512
0.548962618088312
0.54894957000027
0.548936705514276
0.548924025054333
0.54891152904517
0.54889921791224
0.548887092081724
0.548875151980533
0.548863398036304
0.548851830677409
0.548840450332949
0.548829257432763
0.548818252407423
0.548807435688238
0.548796807707256
0.548786368897264
0.548776119691793
0.548766060525111
0.548756191832237
0.548746514048931
0.548737027611701
0.548727732957804
0.548718630525249
0.548709720752792
0.548701004079948
0.548692480946982
0.548684151794916
0.548676017065531
0.548668077201367
0.548660332645725
0.548652783842666
0.548645431237017
0.548638275274371
0.548631316401086
0.54862455506429
0.54861799171188
0.548611626792526
0.548605460755671
0.548599494051532
0.548593727131104
0.54858816044616
0.548582794449251
0.548577629593711
0.548572666333658
0.548567905123992
0.548563346420403
0.548558990679365
0.548554838358146
0.548550889914802
0.548547145808183
0.548543606497936
0.5485402724445
0.548537144109118
0.548534221953827
0.54853150644147
0.548528998035692
0.548526697200943
0.548524604402479
0.548522720106366
0.548521044779481
0.548519578889511
0.548518322904958
0.54851727729514
0.548516442530192
0.548515819081069
0.548515407419547
0.548515208018225
0.548515221350525
0.548515447890699
0.548515888113824
0.54851654249581
0.548517411513398
0.548518495644162
0.548519795366515
0.548521311159703
0.548523043503817
0.548524992879786
0.548527159769383
0.548529544655228
0.548532148020786
0.548534970350373
0.548538012129155
0.548541273843153
0.548544755979242
0.548548459025152
0.548552383469475
0.548556529801663
0.548560898512031
0.548565490091759
0.548570305032893
0.54857534382835
0.548580606971915
0.548586094958251
0.54859180828289
0.548597747442246
0.54860391293361
0.548610305255155
0.548616924905936
0.548623772385896
0.548630848195862
0.548638152837555
0.548645686813583
0.548653450627452
0.548661444783561
0.548669669787209
0.548678126144594
0.548686814362817
0.548695734949884
0.548704888414706
0.548714275267106
0.548723896017815
0.548733751178479
0.548743841261659
0.548754166780834
0.548764728250403
0.548775526185686
0.54878656110293
0.548797833519306
0.548809343952916
0.548821092922791
0.548833080948898
0.548845308552138
0.548857776254352
0.548870484578319
0.548883434047762
0.54889662518735
0.548910058522697
0.548923734580369
0.548937653887883
0.548951816973711
0.548966224367281
0.548980876598982
0.548995774200162
0.549010917703136
0.549026307641182
0.549041944548551
0.549057828960462
0.549073961413109
0.549090342443662
0.54910697259027
0.549123852392063
0.549140982389155
0.549158363122646
0.549175995134623
0.549193878968166
0.54921201516735
0.549230404277242
0.549249046843912
0.549267943414428
0.549287094536865
0.549306500760302
0.549326162634829
0.549346080711545
0.549366255542565
0.549386687681023
0.549407377681067
0.549428326097873
0.549449533487637
0.549471000407587
0.549492727415976
0.549514715072095
0.549536963936266
0.549559474569853
0.549582247535258
0.549605283395928
0.549628582716356
0.549652146062084
0.549675973999706
0.549700067096872
0.549724425922287
0.549749051045717
0.549773943037992
0.549799102471007
0.549824529917725
0.549850225952183
0.549876191149489
0.549902426085831
0.549928931338475
0.54995570748577
0.549982755107153
0.550010074783147
0.550037667095369
0.550065532626528
0.550093671960433
0.550122085681991
0.550150774377215
0.550179738633222
0.55020897903824
0.550238496181608
0.550268290653782
0.550298363046335
0.550328713951961
0.550359343964479
0.550390253678837
0.550421443691111
0.550452914598512
0.550484666999388
0.550516701493226
0.550549018680656
0.550581619163454
0.550614503544545
0.550647672428008
0.550681126419075
0.550714866124138
0.550748892150751
0.550783205107632
0.550817805604668
0.550852694252919
0.550887871664616
0.550923338453171
0.550959095233176
0.550995142620407
0.55103148123183
0.551068111685599
0.551105034601065
0.551142250598775
0.551179760300478
0.551217564329126
0.551255663308881
0.551294057865113
0.551332748624411
0.551371736214576
0.551411021264636
0.55145060440484
0.551490486266667
0.551530667482827
0.551571148687265
0.551611930515164
0.551653013602951
0.551694398588296
0.551736086110121
0.551778076808597
0.551820371325156
0.551862970302484
0.551905874384535
0.551949084216528
0.551992600444952
0.552036423717571
0.552080554683427
0.552124993992842
0.552169742297423
0.552214800250069
0.552260168504967
0.552305847717602
0.552351838544759
0.552398141644527
0.552444757676301
0.552491687300788
0.552538931180008
0.552586489977302
0.552634364357331
0.552682554986085
0.552731062530882
0.552779887660373
0.552829031044549
0.552878493354741
0.552928275263626
0.55297837744523
0.553028800574933
0.55307954532947
0.553130612386941
0.553182002426808
0.553233716129901
0.553285754178428
0.553338117255968
0.553390806047486
0.55344382123933
0.553497163519236
0.553550833576335
0.553604832101155
0.553659159785625
0.553713817323079
0.553768805408262
0.553824124737331
0.553879776007862
0.553935759918854
0.553992077170729
0.554048728465344
0.554105714505987
0.554163035997386
0.554220693645713
0.554278688158587
0.554337020245078
0.554395690615712
0.554454699982478
0.554514049058825
0.554573738559675
0.554633769201422
0.554694141701937
0.554754856780574
0.554815915158174
0.554877317557068
0.554939064701082
0.555001157315544
0.555063596127285
0.555126381864643
0.555189515257474
0.555252997037148
0.555316827936559
0.555381008690128
0.555445540033806
0.555510422705083
0.555575657442988
0.555641244988095
0.55570718608253
0.555773481469972
0.555840131895661
0.555907138106399
0.555974500850559
0.556042220878086
0.556110298940505
0.556178735790922
0.556247532184034
0.556316688876127
0.556386206625088
0.556456086190403
0.556526328333169
0.556596933816091
0.556667903403495
0.556739237861327
0.556810937957159
0.556883004460197
0.556955438141282
0.557028239772898
0.557101410129175
0.557174949985895
0.557248860120497
0.557323141312082
0.557397794341418
0.557472819990945
0.55754821904478
0.557623992288723
0.557700140510261
0.557776664498575
0.557853565044541
0.557930842940742
0.558008498981466
0.558086533962716
0.558164948682214
0.558243743939406
0.558322920535468
0.558402479273311
0.558482420957584
0.558562746394684
0.558643456392757
0.558724551761709
0.558806033313203
0.558887901860672
0.558970158219322
0.559052803206136
0.559135837639881
0.559219262341114
0.559303078132185
0.559387285837247
0.559471886282258
0.559556880294987
0.559642268705019
0.559728052343766
0.559814232044464
0.559900808642186
0.559987782973845
0.560075155878199
0.560162928195858
0.560251100769287
0.560339674442818
0.560428650062649
0.560518028476855
0.560607810535389
0.560697997090092
0.560788588994699
0.560879587104841
0.560970992278054
0.561062805373785
0.561155027253397
0.561247658780175
0.561340700819333
0.561434154238019
0.561528019905322
0.561622298692278
0.561716991471874
0.561812099119059
0.561907622510744
0.562003562525814
0.562099920045131
0.562196695951538
0.562293891129874
0.562391506466968
0.562489542851657
0.562588001174784
0.562686882329208
0.56278618720981
0.5628859167135
0.562986071739223
0.563086653187963
0.563187661962754
0.563289098968683
0.563390965112898
0.563493261304615
0.563595988455122
0.563699147477789
0.563802739288073
0.563906764803524
0.564011224943794
0.56411612063064
0.564221452787934
0.564327222341669
0.564433430219965
0.564540077353076
0.564647164673398
0.564754693115473
0.564862663616
0.564971077113838
0.565079934550016
0.565189236867737
0.565298985012389
0.565409179931547
0.565519822574983
0.565630913894675
0.565742454844809
0.565854446381791
0.565966889464251
0.56607978505305
0.566193134111291
0.566306937604321
0.566421196499744
0.566535911767421
0.566651084379486
0.566766715310345
0.566882805536689
0.566999356037498
0.567116367794053
0.567233841789937
0.567351779011047
0.567470180445601
0.567589047084144
0.567708379919557
0.567828179947063
0.567948448164237
0.56806918557101
0.56819039316968
0.568312071964921
0.568434222963784
0.568556847175711
0.56867994561254
0.568803519288517
0.568927569220295
0.569052096426951
0.569177101929988
0.569302586753348
0.569428551923414
0.569554998469023
0.56968192742147
0.56980933981452
0.569937236684413
0.570065619069874
0.57019448801212
0.570323844554868
0.570453689744345
0.570584024629293
0.570714850260981
0.570846167693211
0.570977977982325
0.571110282187217
0.57124308136934
0.571376376592712
0.571510168923927
0.571644459432163
0.571779249189191
0.571914539269381
0.572050330749714
0.572186624709788
0.572323422231829
0.572460724400695
0.572598532303892
0.572736847031575
0.572875669676564
0.573015001334347
0.57315484310309
0.573295196083649
0.573436061379576
0.573577440097128
0.573719333345278
0.573861742235722
0.574004667882888
0.574148111403946
0.574292073918817
0.574436556550181
0.57458156042349
0.57472708666697
0.574873136411637
0.575019710791304
0.575166810942588
0.575314438004923
0.575462593120567
0.575611277434613
0.575760492094996
0.575910238252505
0.576060517060791
0.576211329676378
0.576362677258669
0.576514560969962
0.576666981975453
0.576819941443249
0.576973440544378
0.577127480452798
0.577282062345405
0.577437187402048
0.577592856805532
0.577749071741633
0.577905833399106
0.578063142969696
0.578221001648146
0.57837941063221
0.578538371122659
0.578697884323296
0.578857951440962
0.57901857368555
0.57917975227001
0.579341488410365
0.579503783325718
0.579666638238263
0.579830054373296
0.579994032959224
0.580158575227577
0.580323682413017
0.580489355753351
0.580655596489539
0.580822405865707
0.580989785129153
0.581157735530366
0.581326258323028
0.581495354764029
0.58166502611348
0.581835273634718
0.582006098594322
0.582177502262123
0.582349485911212
0.582522050817954
0.582695198262
0.582868929526294
0.583043245897087
0.58321814866395
0.58339363911978
0.583569718560816
0.583746388286648
0.58392364960023
0.584101503807889
0.58427995221934
0.584458996147692
0.584638636909467
0.584818875824604
0.584999714216476
0.5851811534119
0.585363194741147
0.585545839537958
0.585729089139551
0.585912944886635
0.586097408123423
0.586282480197642
0.586468162460546
0.586654456266929
0.586841362975135
0.587028883947071
0.587217020548219
0.587405774147648
0.58759514611803
0.587785137835645
0.587975750680399
0.588166986035837
0.588358845289149
0.588551329831191
0.58874444105649
0.588938180363262
0.589132549153422
0.589327548832597
0.58952318081014
0.589719446499141
0.58991634731644
0.590113884682642
0.590312060022127
0.590510874763067
0.590710330337433
0.590910428181014
0.591111169733427
0.591312556438132
0.591514589742441
0.591717271097538
0.591920601958488
0.592124583784248
0.592329218037688
0.592534506185598
0.592740449698703
0.592947050051679
0.593154308723162
0.593362227195769
0.593570806956102
0.593780049494772
0.593989956306405
0.594200528889659
0.594411768747239
0.59462367738591
0.594836256316509
0.595049507053963
0.595263431117301
0.595478030029667
0.595693305318338
0.595909258514734
0.596125891154434
0.596343204777195
0.596561200926958
0.596779881151869
0.596999247004291
0.59721930004082
0.597440041822299
0.597661473913831
0.597883597884799
0.598106415308874
0.598329927764036
0.598554136832585
0.598779044101159
0.599004651160748
0.599230959606706
0.599457971038772
0.599685687061082
0.599914109282185
0.600143239315057
0.60037307877712
0.600603629290251
0.600834892480809
0.601066869979636
0.601299563422086
0.601532974448033
0.601767104701887
0.602001955832616
0.602237529493755
0.602473827343425
0.602710851044351
0.602948602263873
0.603187082673969
0.603426293951264
0.603666237777053
0.603906915837313
0.604148329822721
0.60439048142867
0.604633372355288
0.60487700430745
0.605121378994799
0.605366498131762
0.605612363437564
0.605858976636248
0.606106339456692
0.606354453632623
0.60660332090264
0.606852943010222
0.607103321703755
0.607354458736543
0.607606355866829
0.60785901485781
0.608112437477653
0.60836662549952
0.608621580701576
0.608877304867014
0.60913379978407
0.60939106724604
0.6096491090513
0.609907927003324
0.610167522910698
0.610427898587144
0.610689055851534
0.610950996527913
0.61121372244551
0.611477235438763
0.611741537347335
0.612006630016132
0.612272515295324
0.612539195040361
0.612806671111992
0.613074945376287
0.613344019704653
0.613613895973854
0.613884576066029
0.614156061868714
0.614428355274857
0.614701458182843
0.614975372496507
0.615250100125158
0.615525642983599
0.61580200299214
0.616079182076629
0.616357182168461
0.616636005204602
0.616915653127613
0.617196127885662
0.617477431432552
0.617759565727734
0.618042532736334
0.618326334429169
0.618610972782767
0.618896449779393
0.619182767407062
0.619469927659565
0.619757932536488
0.620046784043234
0.62033648419104
0.620627034997005
0.620918438484104
0.621210696681213
0.621503811623129
0.621797785350595
0.622092619910313
0.622388317354975
0.622684879743278
0.622982309139949
0.623280607615767
0.623579777247581
0.623879820118336
0.624180738317094
0.624482533939056
0.624785209085582
0.625088765864218
0.625393206388714
0.625698532779047
0.626004747161449
0.62631185166842
0.62661984843876
0.626928739617587
0.627238527356359
0.627549213812901
0.627860801151426
0.628173291542557
0.628486687163353
0.628800990197329
0.629116202834483
0.629432327271318
0.629749365710864
0.630067320362705
0.630386193443
0.630705987174511
0.631026703786621
0.631348345515363
0.631670914603443
0.631994413300264
0.632318843861949
0.632644208551368
0.632970509638164
0.633297749398772
0.633625930116449
0.633955054081296
0.634285123590287
0.634616140947288
0.634948108463088
0.635281028455422
0.635614903248996
0.635949735175512
0.636285526573696
0.636622279789323
0.63695999717524
0.637298681091397
0.637638333904868
0.637978957989882
0.638320555727846
0.63866312950737
0.639006681724299
0.639351214781735
0.639696731090065
0.640043233066988
0.640390723137542
0.640739203734131
0.641088677296552
0.641439146272021
0.641790613115204
0.642143080288242
0.642496550260777
0.642851025509983
0.643206508520591
0.643563001784919
0.643920507802901
0.644279029082112
0.644638568137796
0.644999127492899
0.645360709678094
0.64572331723181
0.646086952700262
0.646451618637476
0.646817317605325
0.647184052173553
0.647551824919802
0.647920638429649
0.648290495296629
0.648661398122266
0.649033349516106
0.649406352095741
0.649780408486845
0.6501555213232
0.650531693246727
0.650908926907517
0.651287224963862
0.651666590082285
0.652047024937568
0.652428532212789
0.652811114599347
0.653194774796995
0.653579515513873
0.653965339466537
0.654352249379993
0.654740247987724
0.655129338031727
0.655519522262542
0.655910803439285
0.656303184329678
0.656696667710085
0.657091256365542
0.657486953089788
0.657883760685302
0.658281681963331
0.658680719743928
0.659080876855979
0.659482156137243
0.659884560434379
0.660288092602983
0.660692755507622
0.661098552021867
0.661505485028324
0.661913557418673
0.6623227720937
0.66273313196333
0.663144639946663
0.663557298972008
0.663971111976919
0.664386081908228
0.664802211722082
0.665219504383975
0.665637962868788
0.66605759016082
0.666478389253827
0.666900363151057
0.667323514865283
0.667747847418843
0.668173363843675
0.668600067181352
0.669027960483121
0.669457046809936
0.669887329232501
0.670318810831299
0.670751494696635
0.671185383928673
0.67162048163747
0.672056790943018
0.672494314975277
0.672933056874217
0.673373019789855
0.673814206882292
0.674256621321752
0.674700266288622
0.675145144973489
0.675591260577179
0.676038616310799
0.67648721539577
0.676937061063875
0.677388156557289
0.677840505128628
0.678294110040983
0.678748974567959
0.679205101993722
0.679662495613033
0.680121158731292
0.680581094664576
0.681042306739684
0.681504798294175
0.681968572676408
0.682433633245588
0.682899983371805
0.683367626436074
0.683836565830381
0.684306804957722
0.684778347232147
0.685251196078803
0.685725354933972
0.686200827245123
0.686677616470946
0.6871557260814
0.687635159557756
0.688115920392639
0.688598012090073
0.689081438165527
0.689566202145954
0.690052307569841
0.69053975798725
0.691028556959863
0.69151870806103
0.692010214875809
0.692503081001018
0.692997310045274
0.693492905629042
0.693989871384681
0.69448821095649
0.694987928000753
0.695489026185788
0.695991509191989
0.696495380711881
0.697000644450157
0.697507304123736
0.698015363461799
0.698524826205849
0.699035696109749
0.699547976939775
0.700061672474663
0.700576786505658
0.701093322836564
0.701611285283789
0.7021306776764
0.702651503856167
0.703173767677615
0.703697473008075
0.704222623727733
0.704749223729677
0.705277276919955
0.705806787217619
0.706337758554777
0.706870194876647
0.707404100141608
0.707939478321247
0.708476333400418
0.709014669377286
0.709554490263387
0.710095800083676
0.71063860287658
0.711182902694053
0.711728703601625
0.712276009678462
0.712824825017415
0.713375153725072
0.713926999921818
0.714480367741887
0.715035261333412
0.715591684858487
0.716149642493219
0.716709138427781
0.717270176866471
0.717832762027767
0.718396898144381
0.718962589463319
0.719529840245933
0.720098654767982
0.720669037319687
0.721240992205788
0.721814523745601
0.72238963627308
0.722966334136868
0.723544621700363
0.724124503341769
0.724705983454163
0.725289066445544
0.725873756738903
0.726460058772275
0.727047976998803
0.727637515886794
0.728228679919785
0.728821473596598
0.729415901431405
0.730011967953787
0.730609677708797
0.731209035257021
0.731810045174638
0.732412712053486
0.733017040501122
0.733623035140886
0.734230700611964
0.734840041569451
0.735451062684412
0.736063768643954
0.736678164151281
0.737294253925762
0.737912042703
0.73853153523489
0.739152736289689
0.739775650652081
0.740400283123243
0.741026638520907
0.741654721679435
0.742284537449879
0.74291609070005
0.743549386314586
0.74418442919502
0.744821224259848
0.745459776444594
0.746100090701887
0.746742172001518
0.747386025330523
0.748031655693239
0.748679068111385
0.749328267624125
0.749979259288142
0.750632048177709
0.751286639384757
0.751943038018952
0.752601249207759
0.753261278096523
0.753923129848534
0.754586809645105
0.755252322685641
0.755919674187717
0.756588869387147
0.757259913538061
0.757932811912979
0.758607569802885
0.759284192517304
0.759962685384374
0.760643053750925
0.761325302982556
0.762009438463705
0.762695465597734
0.763383389807002
0.764073216532942
0.76476495123614
0.765458599396414
0.766154166512891
0.766851658104087
0.767551079707985
0.768252436882118
0.768955735203644
0.76966098026943
0.770368177696132
0.771077333120275
0.771788452198338
0.772501540606828
0.773216604042373
0.773933648221796
0.774652678882202
0.775373701781059
0.776096722696284
0.776821747426327
0.777548781790254
0.778277831627831
0.779008902799614
0.779742001187029
0.780477132692462
0.781214303239342
0.781953518772234
0.782694785256917
0.783438108680481
0.784183495051407
0.784930950399664
0.785680480776788
0.78643209225598
0.78718579093219
0.787941582922211
0.788699474364767
0.789459471420602
0.790221580272578
0.790985807125759
0.79175215820751
0.792520639767584
0.793291258078219
0.794064019434228
0.794838930153097
0.795615996575076
0.796395225063274
0.797176622003757
0.79796019380564
0.798745946901186
0.799533887745901
0.800324022818629
0.801116358621656
0.8019109016808
0.802707658545514
0.803506635788984
0.804307840008228
0.805111277824194
0.805916955881864
0.806724880850351
0.807535059423001
0.808347498317497
0.809162204275956
0.809979184065037
0.810798444476041
0.811619992325015
0.812443834452856
0.813269977725415
0.814098429033603
0.814929195293494
0.815762283446435
0.816597700459149
0.817435453323842
0.818275549058313
0.819117994706059
0.819962797336385
0.820809964044514
0.821659501951691
0.822511418205302
0.823365719978975
0.824222414472697
0.825081508912925
0.825943010552695
0.826806926671738
0.827673264576589
0.828542031600704
0.829413235104576
0.830286882475842
0.831162981129406
0.832041538507551
0.832922562080057
0.833806059344315
0.834692037825449
0.835580505076427
0.836471468678189
0.837364936239757
0.838260915398359
0.839159413819551
0.840060439197332
0.840963999254271
0.841870101741627
0.84277875443947
0.843689965156805
0.844603741731697
0.845520092031393
0.846439023952448
0.847360545420852
0.848284664392152
0.849211388851583
0.850140726814191
0.851072686324966
0.852007275458965
0.852944502321444
0.853884375047988
0.854826901804639
0.855772090788031
0.856719950225515
0.857670488375298
0.858623713526572
0.859579633999647
0.860538258146088
0.861499594348847
0.862463651022399
0.863430436612879
0.864399959598217
0.865372228488277
0.866347251824993
0.86732503818251
0.868305596167321
0.869288934418409
0.870275061607385
0.871263986438632
0.872255717649445
0.873250264010176
0.874247634324374
0.875247837428931
0.876250882194227
0.877256777524275
0.878265532356868
0.879277155663722
0.88029165645063
0.881309043757604
0.882329326659026
0.883352514263802
0.884378615715506
0.885407640192532
0.886439596908253
0.887474495111162
0.888512344085036
0.889553153149085
0.890596931658106
0.891643689002641
0.892693434609131
0.893746177940078
0.894801928494194
0.89586069580657
0.896922489448828
0.897987319029283
0.899055194193104
0.900126124622479
0.901200120036772
0.902277190192689
0.903357344884444
0.904440593943919
0.905526947240835
0.906616414682916
0.907709006216055
0.908804731824484
0.909903601530945
0.911005625396853
0.912110813522475
0.913219176047094
0.914330723149189
0.915445465046598
0.916563411996704
0.917684574296599
0.918808962283267
0.919936586333756
0.921067456865361
0.922201584335793
0.923338979243369
0.924479652127185
0.925623613567297
0.926770874184907
0.927921444642543
0.929075335644242
0.930232557935738
0.931393122304641
0.93255703958063
0.933724320635638
0.934894976384039
0.936069017782838
0.937246455831859
0.938427301573942
0.939611566095128
0.940799260524856
0.941990396036155
0.943184983845841
0.94438303521471
0.945584561447736
0.946789573894269
0.947998083948235
0.949210103048331
0.950425642678232
0.951644714366788
0.95286732968823
0.954093500262369
0.955323237754806
0.956556553877133
0.957793460387148
0.959033969089049
0.960278091833656
0.961525840518615
0.962777227088607
0.964032263535567
0.965290961898888
0.966553334265641
0.967819392770792
0.96908914959741
0.970362616976893
0.971639807189181
0.972920732562978
0.974205405475972
0.975493838355056
0.976786043676551
0.978082033966432
0.979381821800551
0.980685419804861
0.98199284065565
0.983304097079763
0.984619201854834
0.985938167809517
0.987261007823719
0.988587734828831
0.989918361807963
0.991252901796179
0.992591367880736
0.99393377320132
0.995280130950283
0.996630454372888
0.997984756767547
0.999343051486064
1.00070535193388
1.00207167157032
1.00344202390884
1.00481642251725
1.00619488101802
1.00757741308847
1.00896403246105
1.0103547529236
1.01174958831958
1.01314855254834
1.01455165956538
1.01595892338261
1.01737035806858
1.01878597774879
1.0202057966059
1.02162982888003
1.02305808886902
1.02449059092867
1.02592734947303
1.02736837897468
1.02881369396496
1.03026330903428
1.03171723883238
1.0331754980686
1.03463810151214
1.03610506399238
1.03757640039912
1.03905212568287
1.04053225485515
1.04201680298875
1.043505785218
1.0449992167391
1.04649711281039
1.0479994887526
1.0495063599492
1.05101774184666
1.05253364995473
1.05405409984677
1.05557910716002
1.05710868759591
1.05864285692034
1.060181630964
1.06172502562268
1.06327305685754
1.06482574069546
1.06638309322929
1.06794513061823
1.06951186908806
1.07108332493153
1.07265951450862
1.07424045424686
1.07582616064168
1.0774166502567
1.07901193972403
1.08061204574466
1.08221698508871
1.08382677459579
1.08544143117534
1.08706097180692
1.08868541354056
1.09031477349711
1.09194906886855
1.09358831691831
1.09523253498164
1.09688174046596
1.09853595085113
1.10019518368989
1.1018594566081
1.10352878730519
1.10520319355441
1.10688269320326
1.10856730417379
1.11025704446298
1.11195193214306
1.11365198536193
1.11535722234345
1.11706766138784
1.11878332087204
1.12050421925006
1.12223037505335
1.12396180689119
1.12569853345102
1.12744057349886
1.12918794587962
1.13094066951755
1.13269876341657
1.13446224666067
1.13623113841426
1.13800545792261
1.13978522451218
1.14157045759105
1.14336117664927
1.1451574012593
1.14695915107637
1.14876644583888
1.15057930536881
1.15239774957212
1.15422179843912
1.15605147204493
1.15788679054985
1.15972777419978
1.16157444332662
1.16342681834871
1.16528491977122
1.16714876818656
1.16901838427485
1.17089378880427
1.17277500263156
1.17466204670239
1.17655494205182
1.17845370980469
1.18035837117614
1.18226894747194
1.184185460089
1.1861079305158
1.18803638033281
1.18997083121294
1.19191130492202
1.19385782331919
1.19581040835744
1.19776908208397
1.19973386664071
1.20170478426476
1.20368185728886
1.20566510814183
1.20765455934909
1.20965023353305
1.21165215341367
1.21366034180887
1.21567482163505
1.21769561590754
1.21972274774108
1.22175624035036
1.22379611705042
1.22584240125723
1.22789511648811
1.22995428636228
1.23201993460131
1.23409208502968
1.23617076157522
1.23825598826967
1.24034778924916
1.24244618875472
1.24455121113282
1.24666288083587
1.24878122242272
1.25090626055925
1.2530380200188
1.2551765256828
1.25732180254122
1.25947387569316
1.26163277034734
1.2637985118227
1.2659711255489
1.26815063706685
1.27033707202933
1.27253045620147
1.27473081546135
1.27693817580053
1.27915256332463
1.28137400425391
1.28360252492379
1.28583815178546
1.28808091140646
1.29033083047121
1.29258793578165
1.29485225425777
1.29712381293824
1.29940263898098
1.30168875966373
1.30398220238471
1.30628299466315
1.30859116413994
1.31090673857821
1.31322974586397
1.31556021400668
1.3178981711399
1.32024364552191
1.3225966655363
1.32495725969263
1.32732545662707
1.32970128510298
1.3320847740116
1.33447595237268
1.33687484933508
1.33928149417751
1.34169591630906
1.34411814526997
1.34654821073223
1.34898614250022
1.35143197051144
1.35388572483714
1.35634743568299
1.35881713338977
1.36129484843405
1.36378061142887
1.36627445312445
1.36877640440882
1.3712864963086
1.37380475998965
1.37633122675777
1.37886592805942
1.38140889548246
1.38396016075681
1.38651975575522
1.38908771249395
1.39166406313353
1.39424883997949
1.39684207548308
1.39944380224202
1.40205405300124
1.40467286065364
1.40730025824082
1.40993627895385
1.41258095613405
1.41523432327372
1.41789641401693
1.42056726216028
1.42324690165373
1.42593536660128
1.42863269126187
1.4313389100501
1.43405405753704
1.43677816845104
1.43951127767855
1.44225342026488
1.44500463141508
1.44776494649469
1.45053440103063
1.45331303071197
1.45610087139081
1.45889795908306
1.46170432996937
1.46452002039588
1.46734506687514
1.47017950608694
1.47302337487916
1.47587671026868
1.47873954944219
1.48161192975711
1.48449388874248
1.48738546409979
1.49028669370394
1.49319761560407
1.49611826802453
1.49904868936572
1.50198891820505
1.50493899329784
1.50789895357824
1.51086883816014
1.51384868633815
1.5168385375885
1.51983843156999
1.52284840812494
1.52586850728015
1.52889876924785
1.53193923442669
1.53498994340266
1.53805093695013
1.54112225603278
1.54420394180461
1.54729603561094
1.55039857898939
1.5535116136709
1.55663518158072
1.55976932483946
1.56291408576409
1.56606950686896
1.56923563086684
1.57241250066999
1.57560015939115
1.57879865034465
1.58200801704742
1.58522830322009
1.58845955278801
1.59170180988241
1.5949551188414
1.5982195242111
1.60149507074673
1.60478180341371
1.60807976738877
1.61138900806104
1.61470957103322
1.61804150212266
1.62138484736253
1.62473965300293
1.62810596551205
1.63148383157734
1.63487329810665
1.63827441222938
1.64168722129771
1.64511177288772
1.64854811480063
1.65199629506395
1.65545636193271
1.65892836389067
1.66241234965149
1.66590836816004
1.66941646859353
1.67293670036284
1.6764691131137
1.68001375672795
1.68357068132482
1.68713993726222
1.69072157513793
1.69431564579096
1.69792220030282
1.7015412899988
1.70517296644928
1.70881728147104
1.7124742871286
1.71614403573551
1.71982657985574
1.72352197230495
1.72723026615192
1.73095151471983
1.73468577158769
1.73843309059169
1.74219352582658
1.74596713164707
1.74975396266921
1.75355407377184
1.75736752009795
1.76119435705614
1.76503464032207
1.76888842583985
1.77275576982352
1.77663672875852
1.78053135940314
1.78443971879
1.78836186422751
1.79229785330143
1.79624774387629
1.80021159409696
1.80418946239016
1.80818140746596
1.81218748831936
1.8162077642318
1.82024229477275
1.82429113980124
1.82835435946749
1.83243201421442
1.83652416477931
1.84063087219539
1.84475219779341
1.84888820320333
1.85303895035589
1.85720450148432
1.86138491912591
1.86558026612375
1.86979060562837
1.87401600109941
1.87825651630732
1.88251221533508
1.88678316257992
1.89106942275498
1.89537106089113
1.89968814233865
1.90402073276902
1.90836889817668
1.91273270488077
1.91711221952697
1.92150750908928
1.9259186408718
1.93034568251059
1.93478870197548
1.93924776757189
1.94372294794274
1.94821431207025
1.95272192927787
1.95724586923213
1.96178620194454
1.96634299777353
1.97091632742632
1.97550626196092
1.98011287278799
1.98473623167289
1.98937641073756
1.99403348246258
1.9987075196891
2.00339859562086
2.00810678382624
2.01283215824023
2.01757479316655
2.02233476327962
2.02711214362667
2.03190700962983
2.03671943708819
2.04154950217992
2.0463972814644
2.05126285188433
2.05614629076786
2.06104767583081
2.06596708517875
2.07090459730926
2.07586029111409
2.08083424588136
2.08582654129783
2.09083725745107
2.09586647483178
2.10091427433599
2.10598073726741
2.11106594533965
2.11616998067857
2.1212929258246
2.12643486373506
2.13159587778651
2.13677605177715
2.14197546992913
2.14719421689101
2.15243237774014
2.15769003798509
2.16296728356807
2.1682642008674
2.17358087669999
2.17891739832382
2.18427385344039
2.18965033019731
2.19504691719079
2.20046370346819
2.20590077853059
2.21135823233534
2.21683615529871
2.22233463829846
2.22785377267645
2.23339365024133
2.23895436327118
2.24453600451616
2.25013866720125
2.25576244502893
2.2614074321819
2.26707372332584
2.27276141361218
2.27847059868085
2.28420137466309
2.28995383818427
2.2957280863667
2.30152421683252
2.30734232770651
2.31318251761901
2.31904488570882
2.32492953162611
2.33083655553537
2.33676605811836
2.34271814057707
2.34869290463676
2.35469045254894
2.36071088709439
2.36675431158626
2.37282082987308
2.3789105463419
2.38502356592139
2.39115999408495
2.39731993685386
2.40350350080048
2.40971079305143
2.41594192129075
2.42219699376321
2.42847611927749
2.43477940720951
2.44110696750566
2.44745891068618
2.45383534784843
2.4602363906703
2.46666215141353
2.47311274292716
2.47958827865094
2.48608887261872
2.49261463946199
2.49916569441331
2.50574215330982
2.51234413259682
2.51897174933126
2.52562512118535
2.53230436645014
2.53900960403917
2.54574095349208
2.55249853497829
2.55928246930071
2.56609287789941
2.57292988285541
2.5797936068944
2.58668417339056
2.59360170637034
2.60054633051633
2.60751817117107
2.614517354341
2.62154400670031
2.62859825559491
2.63568022904636
2.64279005575591
2.64992786510845
2.65709378717659
2.66428795272468
2.67151049321297
2.67876154080164
2.68604122835502
2.69334968944571
2.70068705835878
2.70805347009603
2.71544906038019
2.72287396565924
2.73032832311071
2.73781227064598
2.74532594691469
2.75286949130909
2.76044304396849
2.76804674578368
2.77568073840144
2.78334516422901
2.79104016643866
2.79876588897221
2.80652247654569
2.81431007465389
2.82212882957507
2.82997888837563
2.8378603989148
2.84577350984944
2.85371837063875
2.86169513154915
2.86970394365905
2.87774495886378
2.88581832988046
2.89392421025295
2.90206275435682
2.91023411740433
2.91843845544949
2.9266759253931
2.9349466849879
2.94325089284364
2.95158870843228
2.95996029209319
2.96836580503839
2.97680540935781
2.9852792680246
2.99378754490046
3.00233040474104
3.01090801320131
3.01952053684105
3.02816814313031
3.03685100045492
3.04556927812207
3.05432314636587
3.06311277635301
3.07193834018842
3.08080001092094
3.08969796254911
3.09863237002692
3.10760340926963
3.11661125715964
3.12565609155238
3.13473809128222
3.14385743616848
3.15301430702145
3.16220888564839
3.17144135485968
3.18071189847491
3.19002070132911
3.19936794927891
3.20875382920884
3.21817852903761
3.22764223772445
3.23714514527552
3.2466874427503
3.25626932226808
3.2658909770145
3.27555260124805
3.28525439030673
3.29499654061465
3.30477924968875
3.31460271614553
3.32446713970781
3.33437272121158
3.34431966261287
3.35430816699465
3.36433843857383
3.37441068270821
3.38452510590361
3.39468191582094
3.40488132128336
3.41512353228347
3.42540875999059
3.43573721675803
3.44610911613046
3.45652467285131
3.4669841028702
3.47748762335046
3.48803545267669
3.49862781046233
3.50926491755731
3.51994699605583
3.53067426930401
3.54144696190778
3.55226529974071
3.56312950995194
3.57403982097415
3.58499646253156
3.59599966564806
3.60704966265529
3.61814668720086
3.62929097425661
3.64048276012686
3.65172228245685
3.66300978024106
3.67434549383177
3.68572966494752
3.69716253668179
3.70864435351152
3.72017536130596
