0.10431998411407
0.0416353321855447
0.0132503823510291
-0.0193320256252093
-0.0148961270871769
-0.0531464587244537
-0.100944659240741
-0.132658823629588
-0.192114102162308
-0.249707629105399
-0.305414805485915
-0.26149141185167
-0.320327666606984
-0.206474012822365
-0.222980076252458
-0.250466140183671
-0.261620797108922
-0.313967303315427
-0.332730193417185
-0.364063214911499
-0.380361724002302
-0.189102295403057
-0.172941499779729
-0.220899201771997
-0.0422224089618883
-0.0707633029081369
-0.116460206269597
-0.163452733466675
-0.0664211745590324
-0.109050739931987
-0.155593224567222
-0.0656240725648274
-0.103995923583516
-0.131369316751414
-0.188936122750883
-0.202975830431126
-0.168122895127528
0.0242233173888851
0.0935951472160541
0.103635553642532
0.0942103571058142
0.167482685355478
0.36452079125272
0.322748022951967
0.281677136297992
0.316528093613917
0.335182105671477
0.331696477756832
0.492448260516833
0.684536775634409
0.681605689284297
0.698609657835846
0.650553015360774
0.598977121633275
0.65798943306738
0.639601999237365
0.592111358613635
0.611618493732234
0.576193623835816
0.552663339114629
0.50372324750332
0.606308500702724
0.616388752328688
0.595312321027044
0.81976034467621
0.78281008298878
0.79514342856164
0.746758014974195
0.72189805171024
0.663828323998219
0.76548186243465
0.796615548681733
0.73775590495776
0.682325716461544
0.634496044028217
0.575405693175546
0.57671229083939
0.570722820258494
0.609576147639376
0.601010424923831
0.555352144247914
0.531052478643132
0.525217601370222
0.654840816062233
0.696128526404476
0.664492864217799
0.611591470640546
0.580104760193343
0.56011111433248
0.51282875988353
0.472449019041387
0.544982039616799
0.594655178332993
0.555384518308685
0.498867101474863
0.556865206861458
0.565768930758215
0.529166346832228
0.492375471723137
0.466519950376221
0.435667380857957
0.378447803226171
0.349161767556478
0.362078033709063
0.302912915542899
0.473946952391525
0.585404473389588
0.522957266134397
0.640210246432935
0.615143124051563
0.557667967722699
0.52467323329026
0.500497056619437
0.590364913294882
0.531917637929276
0.513453211196519
0.542353735497811
0.493910832016817
0.526099179747582
0.478926383598841
0.442129396332856
0.380182678596708
0.331514637267243
0.296124477604718
0.279682358640529
0.230766757236344
0.174541787590041
0.165197137529312
0.197557454631029
0.216579448981335
0.154360359088816
0.196337646469754
0.170333367675701
0.12643476610789
0.131434967086493
0.19073483791195
0.135930399248473
0.0959204080682685
0.0517175317799659
-0.0110248642253463
-0.0384749624187961
-0.0814822666533264
-0.100840063538786
-0.097960335630507
-0.14525981229346
-0.143845172478365
-0.127833191075824
-0.162188866412462
-0.217985669720637
-0.268161558061285
-0.317009411212618
-0.330105044298342
-0.37399043668103
-0.373752992858945
-0.220255114474286
-0.238096339784935
-0.299051250308782
-0.356742879406742
-0.352777693566006
-0.40782328106105
-0.122526192059933
-0.179468613229499
-0.21557162098561
-0.26553050764001
-0.183136577147092
-0.213617059395132
-0.201641725254101
-0.213325713029235
-0.268659142694389
-0.328879764106764
-0.356403397174269
-0.332470051955941
-0.333147366608257
-0.339410866248805
-0.38494839381622
-0.420893909905764
-0.482745972666592
-0.372659506226071
-0.361770258050186
-0.289967464928077
-0.280693113488429
-0.28578440276701
-0.310007395923838
-0.348269964378391
-0.406427951881692
-0.420552160870692
-0.424460958111979
-0.439075605978172
-0.490043602114818
-0.546587926584433
-0.307620577346487
-0.33003237684227
-0.34920128393391
-0.375054096627387
-0.403230659939856
-0.278657576591385
-0.312044408633657
-0.166926648992728
-0.200177418681852
-0.255833114325425
-0.288052487212969
-0.204832710188368
-0.234950411040529
-0.264459860521091
-0.252633200788294
-0.246571301960509
-0.19863999216572
-0.176470546901722
0.0487422032105123
-0.0115873608787744
-0.0590418822490761
-0.0625635810449285
-0.0795707795691207
-0.0955229510409801
-0.129633899754662
-0.142182414691911
-0.112212000193809
-0.131690820599802
-0.131848673527559
-0.193739851001645
-0.159937121283569
-0.152593472399797
-0.197367072753085
-0.139288470309269
-0.191714588117035
-0.17753401828716
-0.157067340225627
-0.0651190812975635
0.0372473139925606
0.142912049704071
0.0943629490034947
0.139974358538534
0.218241536944754
0.211003068030251
0.364266567208313
0.447790491757823
0.443961223903104
0.400293101464374
0.338109348979476
0.327267064425353
0.331026138715792
0.28295711293131
0.237272026023852
0.214700350898603
0.172789448831219
0.136307930717766
0.185834897068208
0.136085671395479
0.101255646623168
0.0430771958544742
0.0155827077408741
-0.00403101883221169
-0.0275584444732999
-0.090105291760338
