-0.0310820337667934
-0.0937611255420331
-0.156279101378268
-0.204109943366342
-0.244455663537532
-0.262304946513136
-0.299409912247554
-0.282602528351517
-0.141330340097704
0.0829589942078569
0.0591889210784553
0.100918041318544
0.514759431498936
0.503998098821393
0.560403268399396
0.780810653453296
0.802873318853162
0.753915327829399
0.705609001027783
0.645789610639952
0.590374039012597
0.529253893950856
0.471474565092619
0.415098145990403
0.354027664591924
0.294921467329741
0.23545134751818
0.172999870109084
0.110686092246098
0.0532387224459603
-0.00873622224349746
-0.0373372048726841
-0.0949660487377721
-0.123127357009298
-0.177363170616524
-0.202000750816346
-0.238466136120822
-0.274319140215622
-0.183779470160355
-0.169221961039998
0.0263849629608903
0.100697012937571
0.0989965945326343
0.058556634106087
0.00175795986814142
0.0427815841833543
0.0544074157862782
0.0402343881087219
0.456747932952484
0.460750256849126
0.431354999528903
0.497925002870505
0.609532448531982
0.60700651423912
0.555628309967541
0.714842455051388
0.697406439719351
0.874504076631011
1.08426617714284
1.03524611838938
1.11601041841056
1.17279616995124
1.27583389189879
1.2154051096328
1.21001583665668
1.27046558956633
1.3680674638665
1.3859320833747
1.38941611447107
1.33090233530456
1.36334191022766
1.49443449875516
1.48001249340791
1.48321251115111
1.47009289445292
1.48106238271872
1.58500773930418
1.59257561021293
1.53125888765298
1.49018263806229
1.54082209032592
1.48520715532928
1.49568093782951
1.51090068878508
1.55838319610015
1.51356122311574
1.5283816417804
1.46646292245563
1.54836311127311
1.49412167193885
1.44717035165571
1.38988474732212
1.36615936729446
1.34819113051984
1.34040166846127
1.28507557086108
1.29238131998808
1.30933002917267
1.28948587100202
1.44123634305529
1.41244696526094
1.35237885999969
1.39759601708416
1.38507616579756
1.35347199095311
1.30134420381786
1.27449232486992
1.23264816743283
1.24751269436164
1.18723064045012
1.16774108819005
1.13235857043319
1.09497421512044
1.09117720494165
1.06442690423207
1.08839509470365
1.03462539007457
1.20976155456791
1.16733139889814
1.11464000095615
1.07439198046038
1.056027525931
1.01901731705269
1.02588791565248
0.983325009272948
0.929013898923742
0.985809472423975
0.933474452862564
0.967835222445938
0.982105015168141
1.01183919971425
0.964256958554499
0.926803112295255
0.978884072702147
0.953996037832558
0.926982900501992
0.882155322099004
0.880363140032943
0.845938967804001
0.82182541342838
1.16639741135017
1.11931912992631
1.07797737684755
1.11728612368061
1.28628327524114
1.24336608372142
1.23664137437467
1.47459060558161
1.59199561989503
1.80819153499989
1.98138964941341
1.93232840243771
1.95362034730883
2.00577302983647
2.07106015984098
2.07202783684702
2.03083741412473
2.21863389147514
2.22801120539697
2.25752293732156
2.25548492356255
2.22002680463503
2.24587304137423
2.18803163048361
2.13366029848454
2.13498766255034
2.24584385966747
2.21198832915375
2.22988569467688
2.19193085831102
2.22130722446842
2.22973227338694
2.23639443312701
2.32928108089705
2.28532917277147
2.23761269381191
2.18295035974687
2.24251857131306
2.20912559160857
2.15503454835957
2.28261895244103
2.24121526321833
2.17847122683512
2.13704976268855
2.10654661357571
2.05619466519803
1.99737388542523
2.02120668731861
2.03085687970012
1.99800913568717
2.03125460437525
2.05521229999308
2.06907406564066
2.11239668794032
2.10085604091266
2.14988975102044
2.10123084951948
2.13319828370273
2.16480744555857
2.14563769082833
2.27758139766326
2.38503869103953
2.39893848999189
2.356954392881
2.33400017291886
2.36631578540608
2.5297019198902
2.69986773277158
2.73249403273894
2.79140209928581
2.72873817556931
2.66607775241202
2.60376881894667
2.54118218865173
NaN
NaN
NaN
NaN
NaN
NaN
NaN
NaN
NaN
NaN
NaN
NaN
NaN
NaN
NaN
NaN
NaN
NaN
NaN
NaN
NaN
NaN
NaN
NaN
NaN
NaN
NaN
NaN
NaN
NaN
NaN
NaN
NaN
NaN
NaN
NaN
NaN
NaN
NaN
NaN
