0.00839677880521185
0.00878058116770739
0.0107426998628636
0.0121829914110344
0.0147939795961187
0.0151040204648239
0.0157418823718337
0.0157458838921489
0.0217159730890577
0.0233401351730797
0.0258604650381359
0.026227787373257
0.0286298555144691
0.0291328182374633
0.0370555704889305
0.0372245751598573
0.0405935067232899
0.0407817492955241
0.0468361096576112
0.0476389373452011
0.056788744250558
0.0600947713999871
0.0608934956103374
0.0691997076111208
0.0693809578222065
0.0826406101803872
0.0826443111474967
0.0833582789953996
0.085136455850353
0.0893653002742044
0.0974361345396856
0.0990540982757274
0.100720517720624
0.125452276286681
0.132330573416806
0.140624753432402
0.1468180188728
0.148676534551367
0.152974299475257
0.154042283163925
0.158137455304786
0.158601006034359
0.163313641538768
0.169610357125725
0.171259756034133
0.177901270896052
0.188976421926123
0.195179339392603
0.201287626381348
0.202356857545044
0.20289365042476
0.202937484502302
0.208196808184328
0.20944973441651
0.22340321464319
0.225747982125953
0.229133617514224
0.230791501411076
0.235236469184831
0.235658427733875
0.249380395326303
0.250365114931126
0.252371530159807
0.254435904100514
0.262012183833863
0.263598673389895
0.263703894775902
0.264517423936561
0.264657094940153
0.272943342843035
0.275774694042945
0.282452033747934
0.289959618318115
0.292201940890868
0.294900557251063
0.297645647339504
0.310843152104179
0.310997105261028
0.348393426873874
0.351188480849665
0.353832477938613
0.355375634429381
0.355740564506402
0.355800722697344
0.356000546338354
0.359198823980991
0.369675666263176
0.372703198104198
0.375286444671561
0.384036194030518
0.384510022344127
0.386370004298118
0.386829079558226
0.389314347656329
0.391450021533958
0.404772414177301
0.406768014773404
0.412323071426528
0.413817026947378
0.420301412086187
0.427221016497832
0.434668607417149
0.44472752917658
0.446556796469317
0.447549446278271
0.45118539070775
0.469138634865723
0.475564745717173
0.48302311722336
0.498403984769511
0.498944038947254
0.49965626261617
0.509066905576005
0.509732831683779
0.510858201099115
0.520997617174275
0.521651619021801
0.525966027620237
0.532111777607505
0.538452272831159
0.543456163247121
0.543812739241975
0.544902068219526
0.54579468655928
0.547999499277786
0.551604325662953
0.56635859542751
0.568006686952925
0.577581257545826
0.599851586971302
0.60027807499176
0.604938105001256
0.609138123899702
0.615728257739825
0.616066202454546
0.616370786088082
0.622276371921708
0.638538520418043
0.639014297308356
0.643621780162111
0.648937293943972
0.653176424773465
0.654188481461397
0.654388435840756
0.654813051545289
0.657525120362086
0.657674031226243
0.660032117009697
0.663475331809202
0.670288445785569
0.675441496472233
0.675559918624235
0.676185833107727
0.681199569963076
0.682945093874349
0.685084534545174
0.686508808456999
0.689062229409365
0.689708527707027
0.690834382918688
0.699801358498435
0.702880995199506
0.704348756349346
0.711956612804062
0.712929361385475
0.713065882623771
0.72208065558827
0.723564641737748
0.724244292201511
0.73111073225372
0.733077928931119
0.733656118673248
0.737953923664856
0.738692845057136
0.741850243071069
0.750684505222598
0.752053334100256
0.756941286289441
0.757996812743917
0.760197231401156
0.765657963021852
0.767029503868627
0.768187621338442
0.773056247589525
0.774421540484909
0.776355163445606
0.781152404718738
0.782047921097022
0.782266247541445
0.783383443725909
0.793999626251961
0.799148858389325
0.799436744215973
0.800927610920629
0.801756777066395
0.810099578712639
0.811816624312511
0.814517967091989
0.82373501637662
0.830894124120842
0.840249021603399
0.84046356171674
0.842459562492744
0.844227326300436
0.845527105170171
0.850749146401706
0.854895007072796
0.858544404072019
0.860796416634065
0.8608912828792
0.862336935472749
0.871180573456938
0.87381513736674
0.87417906570751
0.891468507754556
0.893624242861064
0.90341048561558
0.904452767489125
0.915553435630837
0.918549024508947
0.92450367428112
0.938884113075652
0.942706052026798
0.949786404448662
0.951116605406734
0.951747326226602
0.952944686373502
0.953682324843081
0.954960785646878
0.962259546992516
0.965552804362345
0.974585072264847
0.980785939917101
0.99163956133796
0.995402901408407
NaN
NaN
NaN
NaN
NaN
NaN
NaN
NaN
NaN
NaN
NaN
NaN
NaN
NaN
NaN
NaN
NaN
NaN
NaN
