0.0969788669522728
0.106094148375364
0.132658864261661
0.11370865823056
0.116053524515791
0.113960025161119
0.120417255262939
0.143027752615186
0.138160374479464
0.116058701171588
0.0965425297985041
0.086963772565459
0.0653113906744536
0.0812584056151102
0.0637820418112891
0.052461533514225
0.0650931400816608
0.0946567020676912
0.103216193936838
0.0976975078714208
0.113215484567879
0.102754127168203
0.087177952126607
0.06680378920969
0.0656417540154205
0.0656012735012003
0.0660406796932207
0.0677586043893499
0.0834710511893136
0.0804119404733358
0.0649377320337167
0.0452986067343326
0.026299761247813
0.0104384706933103
0.0504125231927857
0.0588403306029798
0.0639694812061224
0.0422466998654774
0.0439622816681596
0.0520864853794517
0.0363434130975802
0.0553383053477189
0.0373580070544086
0.0351319572298136
0.0148651244588273
-0.00224365799391969
-0.00709082760105826
0.00278956325960992
0.00880316802540137
-0.00381262010279863
-0.00668418947591977
-0.0245670233196281
-0.0436235641308702
-0.0268101225882913
-0.0287962449995571
-0.0466600182712034
-0.0346470144075225
-0.0462228095926431
-0.0666314194462009
-0.0881519483253621
-0.0760379251144475
-0.00839025782363407
0.00838400246577618
0.0026496663023146
-0.00812304541970454
-0.00236740208920121
-0.0075219987054244
-0.0289967779204719
-0.0237667034391267
-0.0440469925763669
-0.0539844212411409
-0.0677596858411024
-0.0826261731755756
-0.0888048212266614
-0.0831162813744812
-0.0890468957077765
-0.0809197137788278
-0.0660926542097607
-0.0865083286350094
-0.103593128635755
-0.10473868962189
-0.125442309439548
-0.0963235199783431
-0.112090530877277
-0.107549685607769
-0.112151638050167
-0.122148871777141
-0.078360530055417
-0.100018617728937
-0.118334949744828
-0.0961603341484226
-0.0972305012726172
-0.0895694324259433
-0.0942999747906118
-0.105840367387855
-0.127391860943725
-0.144341415957167
-0.135442765056606
-0.130721434006191
-0.152777710949009
-0.160770425257187
-0.182405731628983
-0.188681874085233
-0.206629081424748
-0.225294441528021
-0.236505949477454
-0.256168411654091
-0.249834877927039
-0.26197628897935
-0.277591886508847
-0.271364745691349
-0.273521944707147
-0.287350179615349
-0.226621264996126
-0.246694304305186
-0.242789193426355
-0.261777840142565
-0.233305607786854
-0.235462482278723
-0.257336270093843
-0.271833473008901
-0.280901358975956
-0.265040625923348
-0.273723524235333
-0.286554622273783
-0.296720981748121
-0.304798191804888
-0.321958284174947
-0.259654332682456
-0.259576764771517
-0.238619456286658
-0.217158823914162
-0.238160588321716
-0.253343446906794
-0.260285720589027
-0.256811876961011
-0.277626372688492
-0.295842081808431
-0.306809076102374
-0.296743858878519
-0.27379636593749
-0.248051005770626
-0.236026290985943
-0.255296707228894
-0.271852018199523
-0.257150925386346
-0.226599988745794
-0.227267502334696
-0.244828839482749
-0.156085186127222
-0.13622667004979
-0.132685896104188
-0.116575786261548
-0.11782561567959
-0.125269930203214
-0.120642466388473
-0.108875623540138
-0.126255327281743
-0.146111885255746
-0.148544421295798
-0.0703756830201792
-0.058327177379966
-0.0535072794662576
-0.064889882411216
-0.0699656903958216
-0.0315244659069774
-0.0270881832622692
-0.0411591411680724
-0.0539798241670787
-0.057922781405802
-0.0783731979288469
-0.0652039828775692
-0.0123563010502288
-0.0337443974628765
-0.0298590476375895
-0.0438125093978526
-0.0654586426876355
-0.0844434264112778
-0.103664334206724
-0.098145526932992
-0.0953928715563828
-0.087602614919861
-0.108760871778114
-0.129956273786921
-0.138230633898973
-0.152931507441456
-0.154699840977057
-0.165128404819415
-0.18284030796766
-0.155101333373766
-0.176012340901845
-0.171676410124709
-0.173419169229961
-0.190380362854222
-0.193697727337559
-0.2028343478953
-0.222719562903593
-0.203838837815514
-0.202533107330515
-0.170150095693279
-0.187251475173791
-0.173101150682886
-0.121659735245114
-0.103735666119411
-0.109840291580596
-0.122768536651095
-0.136565324138073
-0.115149020732443
-0.132327469744628
-0.135462810151389
-0.147157020943007
-0.0393378394355845
-0.0529627726050167
-0.0448551998699251
-0.0589412017532349
-0.0699565689204826
-0.0476557691488165
0.00538154987871082
0.0550983137816997
0.073024314712564
0.0602884526330742
0.0550971678858591
0.0549346080248515
0.0351573903771581
0.0208826302130451
-0.00100164693777183
0.0443555120326163
0.0462094831332919
0.0386375314039414
0.0289451551007906
0.0181953795125029
0.0126031823882012
0.00123433719137065
-0.0137982826665705
-0.0336361559980666
-0.0369977201703757
0.013248500207706
0.0338792371984667
0.0314170003228433
0.0734183160537239
0.0625401034512659
0.04203188548832
0.0238374107132832
0.00306754112795635
-0.00708242599016871
0.00503386041299829
-0.00866387770641418
-0.0270583102478076
-0.0153185617139622
-0.0367888608050429
-0.0247993633578172
0.00442658339774145
-0.000512583355514422
-0.0124489763360348
-0.0315198141142422
-0.0292705581023702
-0.0259454455317446
-0.0462284419951929
-0.0532299743138069
-0.0700879772747979
-0.0895263577887923
-0.0961546275373507
-0.111123873340032
-0.12726666967915
-0.0913289716639306
-0.0659031135734089
-0.0764419200173072
-0.0960142804655051
-0.079344361199429
-0.0793749512306715
-0.0823655503735619
-0.0925848433655166
-0.0779816469412107
-0.0782393337685479
-0.0949296059871591
-0.101060834837871
-0.0975570760367421
-0.112770424355253
-0.0860506461499553
-0.0944965367065887
-0.0816761509089784
-0.0946836538213035
-0.109935331870525
-0.104941240945595
-0.0791426511590275
-0.0755442162008701
-0.0923448681093193
-0.100572697646189
-0.108869328724528
-0.127855345432436
-0.0849767595408815
-0.0919713757707036
-0.104211367912042
-0.125943826770924
-0.136806263702242
-0.108678166192411
-0.0741267230249148
-0.0815235219407303
-0.0535720149512433
-0.0703488429107253
-0.0810979965578262
-0.0782558216268538
-0.0950634480862944
-0.0990026600344974
-0.104009147010478
-0.11280676355037
-0.102082874929395
-0.0935453199795111
-0.105490959172312
-0.123953321012927
-0.1408612544713
-0.134123229907928
-0.150560255703872
-0.168866463105715
-0.179176547182994
-0.194530059019563
-0.211287644897495
-0.230128194883317
-0.247206032283646
-0.262286642532527
-0.284004672102568
-0.275872876018235
-0.271778827727475
-0.250628168111865
-0.26328387140588
-0.27782465211179
-0.282103566852653
-0.289378696696213
-0.308680764384182
-0.307504379310655
-0.297774475585784
-0.294768754408604
-0.290752068311518
-0.302107461864743
-0.280590632586752
-0.283038647519593
-0.284580529128695
-0.303798780950516
-0.264984760847973
-0.228263745550488
-0.24366460151679
-0.248395659206115
-0.269948753000913
-0.272887280436737
-0.246491738009201
-0.255773916702356
-0.269514742522294
-0.282884795455908
-0.25949183885794
-0.275507842452733
-0.284169438682381
-0.304035186436241
-0.292764983648694
-0.293602155060677
-0.283410411472545
-0.258278339573515
-0.239876220049606
-0.182893312986054
-0.194836996844534
-0.164100805165863
-0.183610953231363
-0.203509299096387
-0.224823948288626
-0.213723862406127
-0.22956013641473
-0.249114254063941
-0.243922320567734
-0.263342065891112
-0.231960047639747
-0.227522891395391
-0.242639273940391
-0.244266956442685
-0.264269567540389
-0.27823853704858
-0.274552156035556
-0.273332503827743
-0.294002650510388
-0.254038255304288
-0.274023219568958
-0.259063935421683
-0.255868196622587
-0.269229637640876
-0.284427158751374
-0.302354624694172
-0.316477580033828
-0.327381681454746
-0.346468429105506
-0.357670502051102
-0.336113477495747
-0.349591376026372
-0.366525180993942
-0.354163035846866
-0.370309345617651
-0.324244029060364
-0.333700581451023
-0.353985477140471
-0.372414024948282
-0.338327226589375
-0.357958156757949
-0.324765184299563
-0.328087845604897
-0.336594766995893
-0.35473791503515
-0.375540223828118
-0.368784731611735
-0.38884588046344
-0.402789291994097
-0.416181382449151
-0.425030480643959
-0.378945774350173
-0.396270915771823
-0.417380725869248
-0.418696078689846
-0.439194493520932
-0.417306883937017
-0.423316022011607
-0.432395181546671
-0.418837409317722
-0.434417413513853
-0.44519319169514
-0.465474890495188
-0.487544364875969
-0.493842100124682
-0.50933654164574
-0.449635261642389
-0.467809106943552
-0.48450268828659
-0.494622040971255
-0.514654833508149
-0.532767350665885
-0.504487544899666
-0.505146928735159
-0.51367923733492
-0.525413476605161
-0.513729123860264
-0.511293169629292
-0.464731977855147
-0.463285730406002
-0.385133263847778
-0.360664996130963
-0.340210217540618
-0.354597574916043
-0.338767539540213
-0.346443498070078
-0.339556410348923
-0.333040366146545
-0.346861167782621
-0.354282908256629
-0.36090529760264
-0.334224190003641
-0.353171969214054
-0.371902778405306
-0.361432120096987
-0.372295317199885
-0.37847005140979
-0.399018468777176
-0.406833649603788
-0.426264763046794
-0.443590751962789
-0.448124407394646
-0.437952196433002
-0.42116185361342
-0.352732731543868
-0.358949028161635
-0.364125431904632
-0.383296545987588
-0.358497227121463
-0.364979775439423
-0.371053431524269
-0.353475697716548
-0.371074705269514
-0.387382179259931
-0.400456489927428
-0.404164109922975
-0.365594648704194
-0.370999207595038
-0.360534709895193
-0.372514221453125
-0.3735717340301
-0.359942186371201
-0.357099723751399
-0.300135478057903
-0.255620782123756
-0.208719368862468
-0.125871194807439
-0.142572655535144
-0.153024413431815
-0.170129383491305
-0.159998941387042
-0.162749727403754
-0.164322760207838
-0.159152770159909
-0.176928465642809
-0.184490245435568
-0.186578390266315
-0.142370150157488
-0.163211616758565
-0.169664681621342
-0.174152997308809
-0.182755805763515
-0.201474912131603
-0.185089065197411
-0.202069779485542
-0.221931898173817
-0.196109522828883
-0.192386853838685
-0.202325019786736
-0.222162930354228
-0.22290859486585
-0.205226694797637
-0.210954505007912
-0.230396036798375
-0.18463618514074
-0.181281037552818
-0.185105006817758
-0.189874047927565
-0.0982118327376125
-0.0973366013380372
-0.107767059257609
-0.0451246751798893
-0.0481914202137524
0.0276430854724173
0.0358082585490176
0.0192978250504
0.0149630706527031
-0.000806670179997226
0.0135055254975679
-0.00313721870478154
-0.0198196576811512
-0.00734115836899435
0.012456647083817
-0.00592042802781004
-0.00699035737979371
-0.0214674306453718
-0.0303784260126235
-0.0424475449993571
-0.0622105548947306
-0.0708016794821429
-0.0206303566472508
-0.0220468368414331
-0.0144537249777892
0.0222615851267334
0.0385299258650672
0.024904484788243
0.0839572357157792
0.0703667108679214
0.105952255184536
0.134259880193746
0.124618046107127
0.128634420797935
0.123678370705896
0.133429727772507
0.143266430872664
0.136302241346541
0.118294823910416
0.115353317391314
0.12939269413508
0.121528693530332
0.132435615987344
0.124494326291467
0.113360352043998
0.098745737416788
0.10946060008716
0.0932510172971791
0.0750024798383438
0.0561901100771312
0.104660220362772
0.0878566096541173
0.0771226095109594
0.0955851191194845
0.0888323994851456
0.0714845227501981
0.0769683411341487
0.0574758349937565
0.0698324173025909
0.0864736443083137
0.157651197881476
0.136888092803922
0.155812024434246
0.165663044970409
0.206284503499863
0.194370453364157
0.246600265237082
0.229998207358484
0.23558354559694
0.226036266176939
0.226031632663724
0.2700416302232
0.266642098651592
0.244848813172323
0.330479544314649
0.310293676790975
0.291446251860975
0.27279374455032
0.27888498448967
0.282334422420494
0.269946334306627
0.253440217986966
0.238746456187878
0.219532233600843
0.198604606010402
0.178254310299725
0.158724747698634
0.199450713415722
0.239419453041148
0.223180721268006
0.209661098850235
0.19277985065373
0.18188149189867
0.176324308433557
0.176125476271356
0.167790730609517
0.165827827865671
0.16014290441669
0.142630506494506
0.136451697180664
0.121242078289756
0.171452729221537
0.168242658471571
0.160783825762086
0.148632908780139
0.155458852612042
0.145510653033457
0.163001227415106
0.158779897308239
0.174700656522935
0.178098340585357
0.188577609473468
0.166927655785117
0.2457569104356
0.224563569404637
0.247993662321978
0.238746844782647
0.22292576669321
0.205763385293221
0.186487414737196
0.166168159567011
0.200167252047512
0.32520131548995
0.371442252309178
0.382647194374486
0.409396247534607
0.397943796720934
0.421601988125551
0.409700168360484
0.394423493813825
0.385329339720539
0.381834309095864
0.366707639553544
0.42976718737962
0.471070442114619
0.459795039722727
0.438282683547886
0.435862454771413
0.468768378383028
0.450053578459034
0.452762530270451
0.433766170368231
0.476262121251515
0.465433097890886
0.444989953976735
0.428921957938281
0.419024985963404
0.397214985442054
0.38290415663766
0.36223245209863
0.353223791269906
0.339334552609371
0.336789910241602
0.367473505875224
0.361963720145086
0.359456059880252
0.352465875092143
0.37469688483789
0.359275977758517
0.347018107543414
0.328838778496884
0.321789027773391
0.311813173730118
0.376973840851239
0.360893781532657
0.340869898693735
0.319813568762424
0.310576901649244
0.288717991181164
0.330841322505052
0.32630779538167
0.326264275897508
0.3305317026857
0.309520526863117
0.301735839578204
0.282240171873528
0.268184157458386
0.255421561204049
0.26386557483229
0.281860670275842
0.26827234812641
0.333597538285746
0.313028304269478
0.297282850360247
0.286748184340449
0.298955101249531
0.299979467858989
0.299892878828425
0.288040273072289
0.323070092332715
0.323271403173428
0.322400267855585
0.320248107485034
0.302709681887352
0.28423660731534
0.292735678388321
0.319664805022989
0.300856674642688
0.347181404402889
0.368007485094622
0.393710347774232
0.403560271096323
0.390557933650221
0.459203683174435
0.445523563022319
0.458521514644756
0.474866193926708
0.45867266490916
0.44848283994232
0.431679813328393
0.422908323308698
0.438357721451699
0.45204549413208
0.454587652434862
0.503449795098923
0.482729579044433
0.463857443473235
0.450496880074984
0.537913533259415
0.558610666380504
0.56832666582455
0.579507299064453
0.561127972519269
0.545306489095517
0.528911593106961
0.520343007633105
0.536525012828715
0.524231101982027
0.518460169359674
0.521994453732769
0.502054743285976
0.492846425109918
0.475275896390629
0.461371451242308
0.475112149566916
0.470515116853423
0.520837943306569
0.516748735221504
0.507424168474166
0.485541093369684
0.520764955620464
0.500839156197035
0.482560279930173
0.462521203669916
0.483543988443837
0.462749695038645
0.444090471562757
0.471292763078282
0.450258737698097
0.466568790413346
0.471922473685284
0.496648766393849
0.516065981782932
0.501442696063513
0.488277873208185
0.50138577006151
0.479571058137083
0.465876829425852
0.454893753870972
0.439162594813847
0.446502641640927
0.429804124456728
0.408203673117023
0.38746418716474
0.397575096324855
0.392834866027275
0.379087492187342
0.363412127983607
0.364257237045387
0.407890282958856
0.395457061898831
0.374022558306701
0.366082289021977
0.467731270387199
0.449832619851014
0.459694432232878
0.439449877950768
0.431648368843379
0.425786949797182
0.422715735040841
0.407174025513085
0.402045155014239
0.401578810051373
0.479080903333674
0.483806718484046
0.479653061143374
0.485561682191182
0.46932042092886
0.467082397425748
0.447069555206226
0.471357837962634
0.451015552428882
0.435611567736271
0.430176612567878
0.437741417305509
0.432536218978516
0.41525707752851
0.409151449509378
0.433035014124468
0.4241616463769
0.45195735357941
0.442968845237416
0.455304560933011
0.46388854885371
0.443725255205814
0.44265218215645
0.4348089786849
0.462370323289868
0.446182214414949
0.427950452885104
0.447359804702558
0.445550207321891
0.46202040049234
0.453629387754945
0.4547563544466
0.448867845698191
0.443174054124029
0.430461899473842
0.411926825827411
0.396693758150249
0.390939316958818
0.428083543232166
0.459171166912685
0.445905928492036
0.518770309968547
0.5573403734998
0.595821416336135
0.577991695994872
0.560596196727429
0.541185759887168
0.554431577908017
0.580211878974977
0.606925414840086
0.591134956118389
0.605379137184031
0.598661610013792
0.621288993673275
0.601367104032287
0.625118091832035
0.638946999765949
0.681693437333708
0.725092719967118
0.729810513398185
0.774258364987351
0.758977516992222
0.739845735948759
0.72854629617595
0.752328206725319
0.772397742356912
0.770774107369629
0.749104491685509
0.758377349123786
0.770872100779908
0.78574885559871
0.797703552034647
0.79060715111654
0.786561830659296
0.779162610897465
0.77618701974053
0.772487174535881
0.77669982192607
0.830573559008851
0.819795104189867
0.800938933089709
0.855712393248014
0.885000039603842
0.865922794733954
0.850500685422858
0.829733892422516
0.828000765289257
0.820500467327233
0.822261051211383
0.864435075493508
0.900988573266885
0.882926641542204
0.885134013870736
0.955750309187326
0.943029407333121
0.971159580415477
0.98108242573059
0.962221311513353
0.978274939859167
0.962540656346339
0.954550050930689
0.942358114991055
0.923761544174032
0.96684596934367
0.9575358069419
0.941980236657782
0.953370333270238
0.982856091931879
1.03136642070524
1.0142130068411
0.993188831226279
0.991567661783566
1.00475492120613
0.992179519157605
1.00042673497
0.988371719320513
0.973830672132234
0.974923292978011
1.05286458912101
1.06979562493161
1.06093016636719
1.11628459316924
1.11028170589862
1.10319298137908
1.08647155425802
1.07169479441547
1.06084449505221
1.08870427426787
1.07136777953938
1.05967549258299
1.06745753438437
1.0564686962666
1.04811493869936
1.04714482246535
1.02519279935152
1.05936116359659
1.0415997567946
1.04025859821044
1.03471894225096
1.03044824611687
1.01321028310904
1.05069637875214
1.04603654709202
1.04375338132574
1.02444706439246
1.03711540633135
1.02228728842312
1.01739207325982
1.01201410690804
0.993397261934997
0.991145002344421
0.997295917417923
1.00828855537306
1.06755269980647
1.05763768260694
1.06205051347202
1.07597249907984
1.06721762527319
1.05089076480756
1.10126868582007
1.08060851668006
1.06657920935175
1.06094276272179
1.04951972787889
1.04522684001946
1.02976844212283
1.06233374371998
1.04180170148673
1.06369124801539
1.04226559361102
1.0291444988508
1.01320969484136
0.993904327556717
0.972899619514218
0.999781316398541
0.995836710847895
0.981419319309139
0.959490684672601
0.943791183743928
0.92703028339988
0.922090916666689
0.943241425419752
0.935031132615784
0.928459829099541
0.911630375262739
0.890276464313851
0.869515313488131
0.852871848450204
0.847128428325832
0.840736004888147
0.849335692256168
0.830228135788414
0.81489387954178
0.794964044960801
0.776050175945205
0.756048967291256
0.741516415596498
0.780565085820077
0.761525718463455
0.742585867736615
0.767572090759089
0.751733013249865
0.769833880797763
0.75671564052192
0.741801336168121
0.725533316758084
0.717121603557067
0.712224884460464
0.701573239409352
0.688250257810397
0.715910283724527
0.695963722466865
0.680648520529536
0.664220590902016
0.652631404428748
0.639585301835728
0.636597127417383
0.616909357389292
0.599221937693775
0.598567835763653
0.576656449834094
0.581708023052433
0.567562476056167
0.545615315081774
0.526943053787272
0.517009840331122
0.540604220311388
0.588974377323768
0.588647617598557
0.588230646836023
0.575361671004188
0.562689260187322
0.560606472748552
0.597487485776808
0.598656120233605
0.599661843714177
0.597918204212985
0.598817660512316
0.58696590177438
0.578015141974853
0.561225401637278
0.558029992420382
0.579170769299923
0.595119847867984
0.609711450622092
0.591955404018672
0.585102254448169
0.586082889094845
0.564369942856059
0.549715034037081
0.564576269464608
0.557474085636149
0.561874659914582
0.598824049568226
0.57724207333693
0.585743167478702
0.579361067633223
0.564806261475277
0.543682923787344
0.537789479159958
0.522445839405595
0.501769539859978
0.48547278705788
0.484790525420183
0.490102505345221
0.469498319176235
0.460242089603521
0.43855376244588
0.426018251918501
0.407840808982844
0.386253892930603
0.381798578284408
0.365159707807729
0.370875072515532
0.357991583645068
0.35977123468419
0.351247937947147
0.331036951262341
0.315359764339203
0.301369214202889
0.294064248409852
0.273730985321863
0.261553535776692
0.253210214608563
0.238384473198139
0.323717338666298
0.318369691766556
0.323377340999227
0.315644247252859
0.315880771602309
0.346546193433198
0.32465756544009
0.302895405233393
0.289415845757512
0.272918752545709
0.257725296168031
0.244425877303145
0.227855267375748
0.224656958428248
0.215012168110143
0.204850215344565
0.185384690155755
0.174296001580775
0.169060513532945
0.171653132342827
0.163623455479076
0.19148441039264
0.20203857849102
0.180027367356682
0.163936917376393
0.176387023272024
0.219046435735177
0.198269536536053
0.192619393077756
0.207236294991579
0.205434561629082
0.189670411165082
0.180285847873557
0.16851097717999
0.157767941082116
0.224594498012805
0.231615511660842
0.222474170211941
0.228110099817543
0.217281407925798
0.203477698222473
0.200991354053118
0.195882046828237
0.207709855109123
0.206776363975993
0.195966335153663
0.193908687033316
0.178843227563048
0.253676992155357
0.234035915103441
0.285948541484196
0.270858172836482
0.256239320973834
0.234860610598
0.23315711942749
0.215687571718028
0.193804367571571
0.176934845090757
0.179601179735967
0.165831664057919
0.148928435208287
0.183619985851277
0.190627114071185
0.175886216696151
0.164062125314133
0.160717224465807
0.143946086202072
0.127371244265695
0.106871740110338
0.121399444173465
0.149332853061014
0.139400642185509
0.119824639447407
0.135267014762779
0.122583864959829
0.118033191893143
0.133143215722741
0.132634158562981
0.164324390131344
0.176208708754547
0.158406659070737
0.218137915477418
0.227998342401811
0.224424031990574
0.312101318509621
0.306665980809837
0.308174210330958
0.299979640754843
0.282153857338413
0.282314925407566
0.275962054185324
0.255844759722619
0.283959314613194
0.282049493648429
0.299567783759546
0.288896637956141
0.285495946064828
0.28086944160267
0.279752535576261
0.279212716674463
0.288252571367282
0.266309146821178
0.273454834519871
0.251728967204965
0.29873795501036
0.29494122840312
0.27444825737996
0.266845752882837
0.24894849703846
0.24454568836254
0.261003238318965
0.244211761470521
0.233151818787139
0.219950177139919
0.258732858271593
0.314689434510712
0.318597482107453
0.313054424937379
0.313929049848493
0.31763623736995
0.379359829157034
0.367011307563847
0.364705496674663
0.380115412050379
0.36318297410138
0.376599860720908
0.362732930038451
0.378840933649343
0.372086715332064
0.387371754130989
0.447383959170192
0.450773488735772
0.459049876116937
0.440527952527403
0.420215852196453
0.459734396077125
0.446123136622838
0.495029485182987
0.492735167965431
0.474514982890239
0.470336281290863
0.449619978174411
0.452581338228238
0.455239461997581
0.485216548240095
0.489695205746357
0.496119057550673
0.526285400612036
0.535350245205437
0.541582328823479
0.526080301606277
0.518566378844817
0.524428832453206
0.612002157047928
0.671746652364998
0.689203276114113
0.697407547886944
0.692420726045115
0.701432520208561
0.681243748981445
0.68293633728682
0.672379002998793
0.666946038027947
0.656481002916383
0.64525576469446
0.624707065462096
0.632871417154441
0.625494390643322
0.609351133488441
0.589190564735241
0.585925208219232
0.578304756263301
0.584016597004613
0.60585111508805
0.605209432592439
0.606351014662414
0.591397716365252
0.587984971157987
0.575688497284749
0.591244962033159
0.57692927009659
0.577466238550752
0.577762729774547
0.563416062168446
0.559546747518
0.608821411846527
0.599339923497346
0.652951741301768
0.674611027706412
0.66130674036183
0.659210226134948
0.655855856253187
0.634182657041543
0.622703877365362
0.648436207268272
0.655112145726925
0.729985025338048
0.72207097331521
0.707048567318016
0.728501101708151
0.723233681072191
0.701469083199912
0.688640514804751
0.688591835919953
0.703037796521787
0.728851085770717
0.710176270223069
0.707505708538642
0.756326328325178
0.766802252280952
0.764648671434764
0.76102704042997
0.747462940481521
0.779154399816411
0.757185610557626
0.764392128837304
0.75377318944465
0.749156718053645
0.733713549731358
0.731076162788021
0.735187960885573
0.740340303196334
0.721391800586462
0.726121605967768
0.715795527261214
0.71172299559442
0.70143219838045
0.685899006333965
0.680164255296143
0.688031536004671
0.701283154362831
0.680649280474835
0.658812677006647
0.673781159469833
0.675247989812574
0.726334930412627
0.722237239696844
0.718374924461337
0.724354594582358
0.720551502072936
0.712130809400709
0.695095764490338
0.679881066912274
0.665575198391513
0.666299077114673
0.648762717193858
0.639656730528842
0.708150915492989
0.695354801271095
0.68525650272706
0.666090384136853
0.689424138884463
0.671661536117675
0.665656598151809
0.664539753134731
0.647938113084986
0.656602538155482
0.683662286875983
0.663613605313082
0.673832721473476
0.673353518882547
0.702604964279131
0.69195688115602
0.724928159190283
0.714690440269696
0.713619455703478
0.720556226533352
0.753695868521093
0.771917936572383
0.779482080658671
0.789266109063122
0.796316763339052
0.787348891751278
0.77741948103369
0.75709188583735
0.751280981658473
0.735140660138799
0.732842554852982
0.751124500332274
0.848002504600427
0.848947587863278
0.833076489737759
0.823358158768209
0.824124677304733
0.8023109204015
0.816662706689921
0.829052612125452
0.835815937825747
0.840848448767206
0.820439635630104
0.803087155440855
0.8095381246016
0.837908286355512
0.862332182444752
0.841724603397898
0.849605364187015
0.83638508127384
0.815831201793022
0.805233604658382
0.805270248680532
0.81749720734288
0.834747467510487
0.8347706089315
0.839900521983162
0.84283363870578
0.847785984955239
0.860515531356343
0.853684851722739
0.864205100618463
0.886323841116045
0.903904213701132
0.971890566510647
1.02106294645772
1.00169766821906
0.985219870670321
0.984973881848377
0.966045342924174
0.986212946695097
0.96917419017652
0.983912476694304
1.0458752162199
1.02786229025387
1.0062850861683
1.05399210455948
1.04219007118974
1.05510727203012
1.03310836222988
1.01215857191509
0.992251805317362
0.977735086606145
0.976134364292637
0.956396114550424
0.935759236087859
0.92467978927028
0.905191841967729
0.897902489014308
0.887388898383009
0.875739149796543
0.871443396208584
0.872239290003867
0.855703661240526
0.853850290440147
0.84341463102875
0.823490326258406
0.805122752736033
0.796721534128527
0.78483076579623
0.768890016120515
0.767913723337612
0.780374572272679
0.799368910060051
0.781836767107931
0.760111444346786
0.756493423773631
0.751986770115118
0.755577600294695
0.738201745784318
0.735615617957966
0.719930202552085
0.723298399687597
0.728787926825676
0.716793555682029
0.699299637644924
0.70647059265554
0.704429949546018
0.692931860818769
0.68072485637419
0.686126507674531
0.666180278420619
0.672526486263149
0.656502812064189
0.637391051682797
0.636575333272883
0.632986752218034
0.634936869514037
0.628896787385285
0.658091269683718
0.650788278201524
0.662198147804833
0.67933281886341
0.665743572896675
0.655254510757962
0.640582148236682
0.623710026704483
0.636728842151167
0.626408966439307
0.617189921949743
0.612338354394208
0.600822521416867
0.60722594434528
0.596301542790664
0.582852488222041
0.561732190949985
0.581734372774936
0.585167698956368
0.585239471218666
0.572194408397444
0.557656061948777
0.551475334807047
0.538681065336644
0.536020057209763
0.517729362983067
0.503598042530766
0.615681141537717
0.607973385284074
0.624016840638029
0.611927551902062
0.623168654125253
0.610495703888492
0.610552549186922
0.600968166408703
0.588198619825722
0.599175465495054
0.599739222942165
0.595687292728984
0.593467184766752
0.578934152809278
0.557023616110474
0.541634627734587
0.536121555430837
0.544101513598448
0.53836057722488
0.518071085800039
0.50082375088455
0.481766139265186
0.468504814841345
0.463342323528794
0.459510991390692
0.450507157704597
0.450986346799443
0.431354968069019
0.424654984240088
0.407643662143517
0.389692964000244
0.375483957368245
0.358427575555277
0.346390749411231
0.336744187891368
0.32774399645347
0.316692015202397
0.299385029350626
0.305546128396942
0.300141096246375
0.290682806834643
0.289513127775875
0.282683685118361
0.285246002057353
0.266640754029839
0.31579046345956
0.308834758992403
0.292625429028987
0.30962180648283
0.316052469006127
0.316256564024624
0.313245646114468
0.305484583642962
0.293918273783967
0.29898015482366
0.297744552406725
0.325890557796202
0.415448733451268
0.418412606001313
0.41342102488731
0.400681671868267
0.386967682222631
0.366330896053965
0.367538010627339
0.421697027870476
0.405483021571103
0.391355936191954
0.410946665408417
0.398593914237714
0.392751897418217
0.395031960572097
0.373995121173797
0.355201645045909
0.34497184394948
0.34700729420683
0.329371556244293
0.353923669631504
0.388597633365729
0.368290011340179
0.409484106594733
0.391075849450559
0.370449520100692
0.359462992360833
0.394713699944892
0.405053192324771
0.426467410871239
0.426970271175468
0.414741461039477
0.456789373343443
0.44603647664218
0.429969276476625
0.425432752635803
0.411266028169957
0.391674801704052
0.38084611806512
0.418100819443993
0.420924765534055
0.411285071954392
0.405952499421812
0.389322219217609
0.389339326766717
0.395353198688681
0.396545013074177
0.398484361754592
0.390467266231531
0.399749204851562
0.39977624003715
0.378644905227636
0.356803271999674
0.377628348867447
0.35826428852685
0.371944912407758
0.352343640175605
0.341678641861809
0.322722927789053
0.301712076969031
0.283120467321542
0.286800148572151
0.273045523869714
0.251396928316932
0.24926798705714
0.23449242445535
0.219331529226242
0.245651302299109
0.224044425328304
0.204659578250769
0.183505038859423
0.206867318616445
0.188258328076237
0.18346091278162
0.186375276752815
0.202842466702069
0.195114965547117
0.18675453802199
0.164860376977965
0.197528032914617
0.178600939669113
0.175086293492303
0.153701227300576
0.151947143212405
0.17135461484887
0.178309682764521
0.180361150031995
0.167438998410196
0.158618416917269
0.152038265292742
0.130581277999756
0.112343475913207
0.0925636795942573
0.120446871796629
0.109605291685122
0.125831964155842
0.126604511248089
0.108208679035637
0.129246903282788
0.109282830711652
0.121230515819625
0.109480431852771
0.122433077659811
0.102528290047503
0.0928871652353174
0.149134717920834
0.153234291004131
0.172504478258004
0.153134376144566
0.17644172776551
0.174309093038506
0.1631656360089
0.141803957477099
0.138979250502616
0.164610052851145
0.15733674378546
0.151574584990736
0.197524660067375
0.176624125172835
0.231477395143029
0.222879894694366
0.246834650884903
0.245275604335314
0.254399513468848
0.239453640975967
0.321089302016346
0.308483809581596
0.292471013482453
0.339789868011876
0.333199149108843
0.311227998024057
0.300650644860354
0.389749063026152
0.378743874042832
0.370066265363513
0.381335908319028
0.394445691305486
0.38785175979838
0.370769019877779
0.370076093827763
0.370595973674694
0.374765332935311
0.426282129311019
0.421508190712828
0.43025147938628
0.41010750061513
0.392270222319462
0.41995792760018
0.414554530819392
0.436832616166259
0.434567257880806
0.417360463195361
0.441370084581803
0.423363406311208
0.404552842057859
0.421534421345503
0.40435864716514
0.506255343990184
0.51179772629627
0.535257429698758
0.566320097634278
0.549432951651105
0.567685241026853
0.569199833603143
0.552229427256624
0.605160285749658
0.601145007906816
0.644565364569549
0.623157938662129
0.604211557006058
0.605127463604925
0.591431190522055
0.605813219341969
0.627836907594957
0.691635219918997
0.669845267363958
0.69629676594912
0.689140060258215
0.690389739616535
0.712390169178652
0.708023948259569
0.703150114357217
0.682052234558527
0.671770948911243
0.651146124844115
0.641125427856492
0.704477936870665
0.728009473940045
0.71141234771842
0.697657881590815
0.679567893512875
0.682970369701869
0.685067941901877
0.668982973979941
0.748814720380422
0.735952696090805
0.734746119883103
0.748298401382901
0.821358916118665
0.824406603365622
0.802855832783268
0.78282131014869
0.782365286648297
0.797131292607794
0.804856231476525
0.827317236059443
0.811827130525133
0.796971027156034
0.794678382027344
0.81452962719944
0.848592657718028
0.827592886291721
0.862925344695576
0.859805330861636
0.878642556746883
0.864198547937882
0.859645347111021
0.870321019676999
0.858068180038893
0.87883288905622
0.868746577162248
0.855721227562099
0.838971868215555
0.831085866232772
0.812984127367957
0.809842069722217
0.803489885867923
0.783224118018119
0.789938058807497
0.768293934799859
0.804839525131541
0.795927204008566
0.788285035290465
0.782088037478494
0.789042732503878
0.785390436197948
0.811045879544429
0.843781718117502
0.838513598700628
0.862152085658715
0.859511169337454
0.906245210302903
0.90195787521494
0.882996691642936
0.940303542405961
0.937010508168187
0.939582245079303
0.92015080083217
0.91861148130647
0.904435839203243
0.885303388054154
0.873495478533241
0.859732740039081
0.842420249202185
0.820637659437923
0.80315710722383
0.782099299156276
0.76076434299295
0.845629676822254
0.829455431069545
0.811058062347751
0.832037978372732
0.828811449785221
0.838722898550082
0.834318243070904
0.822294299555789
0.868531150356211
0.84652415030761
0.82604781047869
0.833298513476597
0.819372181305592
0.807486356971284
0.794703447547608
0.797926812542614
0.788705687344478
0.783750145015509
0.783454084949559
0.843223119664269
0.837806943545661
0.887783451194612
0.881043284189076
0.861625914342094
0.88865255858573
0.917988498020406
0.927584243870732
0.941455072097276
0.984184334474071
0.963886576245012
0.945475179889448
0.974695519435186
0.954072210044981
0.948511213058494
0.932214033640012
0.933661460398673
0.937475402078002
0.951149764827119
0.930319852389652
0.916744580897962
0.913753484611157
0.899968442067225
0.902323740897652
0.95678319285984
0.957050161417758
0.950706403739795
0.966482194855884
0.969345134785562
0.952637159725883
0.931114415816217
0.92610041317711
0.921735422084711
0.910662083589728
0.904524057019826
0.90512036310688
0.886422788291227
0.874409673839451
0.889635588867592
0.923052153605988
0.924779722876588
0.919457329225027
0.89833906235567
0.876470558025515
0.869306284054875
0.879570526738255
0.868217322358015
0.848567448931816
0.855451281166376
0.836486403982698
0.89472571424488
0.883622040420547
0.868056042548182
0.847131394185438
0.83725500127251
0.867511939073979
0.859690383092016
0.855295799979592
0.836899920259211
0.838550552548786
0.818126960959988
0.803134233963455
0.792536758347088
0.774743632228123
0.778450783180564
0.770565009076775
0.753920815729247
0.737990995990739
0.718312095447864
0.711940298454311
0.694342225487345
0.679250383586586
0.657224412981447
0.652299489996134
0.633693962736363
0.650522085241119
0.635576455935312
0.615584962382373
0.597811010219847
0.598300883386756
0.600454302248696
0.578441365977284
0.559885477061531
0.546062726160143
0.616644659740749
0.643232728429989
0.63895150207922
0.656331559824183
0.676539710228942
0.663188136392282
0.645787264293524
0.630035966934804
0.633736408465655
0.618671274268548
0.60599760831351
0.611004398859641
0.595948610007109
0.612669491076958
0.606772604383686
0.604673477997894
0.583826497595611
0.568306840194428
0.566690573802677
0.547790317208317
0.541618592515486
0.646504759181504
0.63607295039131
0.627692226738719
0.64768490972971
0.662771740121624
0.642800323585372
0.632435260230428
0.675073378361928
0.655151332395941
0.636745281783475
0.614961805378224
0.632602846565183
0.61341604360055
0.602855442820268
0.616990014176433
0.629584512042616
0.664357119091817
0.697858876747188
0.713748796847285
0.722718455137723
0.720174711410876
0.733238261961858
0.726296414716111
0.730146315822023
0.751393074005213
0.740982378540735
0.82887531930909
0.810635094480893
0.795556337923321
0.777425628340847
0.760714923432866
0.888702845923948
0.888206572708653
0.881597050408963
0.862535197554504
0.862322466727595
0.850050498132482
0.835202204873888
0.815956211523728
0.827184525704608
0.830280829425981
0.839190551431189
0.845969363398265
0.832660574903528
0.844645995828536
0.867180199289966
0.857117861058844
0.84793212896621
0.829046945244777
0.839353651047848
0.824745065201294
0.806603441964045
0.805845324562368
0.801332003226833
0.842512294770435
0.832110334016052
0.844890990664255
0.870211437788267
0.968240474905517
0.960388721392327
0.95443124245008
0.940401025143642
0.938110536935114
0.943201371852866
0.92301689794846
0.922465597664797
0.960930312682632
0.965225876764144
0.952101997005229
0.978845420591125
0.964653516372961
0.978187321440089
0.959838367501795
0.973625384454308
0.958248395574403
0.939037089767414
NaN
NaN
NaN
NaN
NaN
NaN
NaN
NaN
NaN
NaN
NaN
NaN
NaN
NaN
NaN
NaN
NaN
NaN
NaN
NaN
NaN
NaN
NaN
NaN
NaN
NaN
NaN
NaN
NaN
NaN
NaN
NaN
NaN
NaN
NaN
NaN
NaN
NaN
NaN
NaN
NaN
NaN
NaN
NaN
NaN
