-0.00766460938146598
-0.0293493087745753
-0.0512699602325838
-0.0724066184874729
-0.0927014075476127
-0.114380041639072
-0.132954422377417
-0.152756232369738
-0.172850453804972
-0.194745115538571
-0.209530018174131
-0.229534195125419
-0.238312470067114
-0.241367385078971
-0.258212983972076
-0.274905545245231
-0.285160610131054
-0.289098844759931
-0.3066002438961
-0.326328340266232
-0.339828984988734
-0.35596135416687
-0.345482847655046
-0.367490720098116
-0.379590944204092
-0.337815814949277
-0.358960875695295
-0.376696719837022
-0.353426268090757
-0.356492029100041
-0.353769070126468
-0.371927023943146
-0.373602760412062
-0.342211576509781
-0.351539882090231
-0.35977461254409
-0.350067409315403
-0.369287480739354
-0.37634941455576
-0.394239008456437
-0.413003059178382
-0.37625925618975
-0.389549400090424
-0.409187696303981
-0.426749234154005
-0.447396458441119
-0.468368585848226
-0.476261322461535
-0.482660697953775
-0.481384563663594
-0.429204400562476
-0.444487646671943
-0.443420911755507
-0.456181531478709
-0.454187059868461
-0.460935942689502
-0.452613216348795
-0.442043897214089
-0.438522776611327
-0.435096727353535
-0.429944814171576
-0.441696893571827
-0.445838090817678
-0.445242451727787
-0.46554141871721
-0.466299456057377
-0.485895459416729
-0.506593996637611
-0.455099735356618
-0.4764565465419
-0.449685219272714
-0.461725012450611
-0.479130782746571
-0.482915318517351
-0.500948612435444
-0.503016534269308
-0.484757431775587
-0.439408338386142
-0.411992807077121
-0.406906152748866
-0.400321180183817
-0.407272277276143
-0.405387441191904
-0.400730734149669
-0.403538631209751
-0.335877338403394
-0.349770505118446
-0.370770929384996
-0.349184998985534
-0.353601128646531
-0.346139926553387
-0.33079027832636
-0.322698519652357
-0.328375165993416
-0.349165988434482
-0.349974447307736
-0.319322077804991
-0.14319983410031
-0.148592605187073
-0.130921113762165
-0.113477164103707
-0.116282401336733
-0.0744393510170228
-0.081895952440869
-0.0964286774228737
-0.0603192781275931
-0.0689120735778716
-0.0684830750880298
-0.0242078786457326
-0.0433958538287839
-0.0376362818700112
-0.0170560216228091
-0.0332105662421256
0.0327050144735181
0.023302417476641
0.0773350533071309
0.211360092009586
0.209200960015217
0.204369535753661
0.230788226923515
0.232620929154335
0.220880469003477
0.217262747350961
0.210613041670984
0.189799350951767
0.199083037183043
0.199070149086621
0.19168808302622
0.201576898094595
0.198921498746208
0.188790799902195
0.171117810160085
0.155055586754697
0.134592246618773
0.150336101459011
0.169445429537312
0.148278923980201
0.14294264908082
0.169891172495098
0.148297029363787
0.136936412692687
0.126291682179037
0.133409775880724
0.125160167487005
0.106265957349263
0.0844780727676489
0.0770582314183713
0.0786457931409526
0.122984569241912
0.104975274734248
0.092617332287449
0.119649438902476
0.101824033001089
0.0913981935031946
0.129049353094204
0.11765861857414
0.0997283357337726
0.0957010670242763
0.0911416788018611
0.0905319201157935
0.0725246111544395
0.127446482911087
0.203569276955449
0.224912302594086
0.212214093089229
0.24042655556254
0.255234980999262
0.246833035584914
0.233465118997765
0.213151227509225
0.198946890756734
0.221851056610544
0.208631516986419
0.191744686221831
0.219470003325428
0.248859775290474
0.238050573701284
0.236014011744898
0.24730288052342
0.233683135273731
0.262102052979668
0.283190459379937
0.284478536403718
0.291512196487909
0.29259139858042
0.271179063506537
0.265082817620852
0.277059906247939
0.291599698313882
0.270720022214749
0.254563285911914
0.314911514960318
0.295251135207338
0.276996210344802
0.269428786160372
0.256882648995944
0.296287209864508
0.337445187862301
0.34009286870884
0.335854096407377
0.314997798266923
0.335260270450592
0.342884660114192
0.343564243459361
0.337039221875436
0.319040331014683
0.355868061422593
0.337776211271988
0.315824785124769
0.318554406795343
0.335192357102423
0.315755554138685
0.309639385469856
0.294582274502108
0.28555372417803
0.276398174990406
0.281584761860404
0.267937169501823
0.265444979216928
0.260519184061096
0.298412997687551
0.329174475647034
0.320063070717312
0.336945093954229
0.356721815191751
0.336707573519498
0.320762670728233
0.337052973739584
0.341064765470804
0.365559051573834
0.360867201556321
0.344481418185024
0.323116761661712
0.314656449656669
0.307710995850904
0.31257663804246
0.301564795172045
0.319798132547784
0.304347233003881
0.290174122444921
0.281695184659072
0.334872619071361
0.324779690066067
0.308152003547738
0.337750294730594
0.320571737502735
0.33007073325253
0.349244424593781
0.392533483803306
0.420289641162701
0.454000271038563
0.46444311959461
0.459841016668997
0.474517297874363
0.469274167050193
0.455884015304594
0.439363043320359
0.439513450522213
0.41921676313084
0.410755761654145
0.402628931279822
0.422135435459498
0.415407625554892
0.400453400803213
0.380051020764745
0.385716199569097
0.411203680191357
0.430542180634185
0.468941527580414
0.457658088989984
0.4860484726327
0.479958064161069
0.477510782157054
0.463204942374494
0.443204119099968
0.440557266203594
0.423103959193075
0.402020919659378
0.380572354541291
0.371486566341115
0.382821317557761
0.363626486611783
0.348327013556888
0.36933708578211
0.354399593322378
0.340872826270056
0.33913441319848
0.331207752910552
0.311616424089551
0.298965019984853
0.309879229948521
0.288965647206746
0.271079973376215
0.249652873230668
0.228554179702199
0.227319725864235
0.211463032661204
0.198335500351164
0.232064582558416
0.294129256897643
0.27283367034075
0.282767319272424
0.265681928676812
0.245802690158805
0.23251477706119
0.233395980461802
0.217698390886955
0.198125098973229
0.233152509971036
0.23305872379223
0.364834877846839
0.352980874081338
0.333486577966735
0.355539972149238
0.354222573066993
0.33913508866981
0.32738629883763
0.30734386157177
0.314378077010731
0.345235597115017
0.329979656237874
0.315514846285279
0.294500409805027
0.297261430510804
0.291445622227414
0.29399315442523
0.300247454591283
0.300348231524626
0.279830124468999
0.25820561982347
0.240075045592905
0.229320705224087
0.21675722823274
0.313147494564828
0.295504439944529
0.278067726770816
0.257420354822247
0.244143600951666
0.224044945793871
0.210720476527152
0.205976334047842
0.19134154012747
0.172468712598118
0.168652149691868
0.154361563884291
0.175109084701589
0.155845360942601
0.148125119026083
0.131983957964056
0.118850278086574
0.134042877496138
0.114849814203589
0.109643453694234
0.101860517694599
0.0973238676401239
0.0875530583170133
0.0842019717257852
0.0739020210736378
0.0677656976820336
0.0483667707261638
0.0478518646951773
0.0345248959692107
0.0549223968628156
0.0422938150124116
0.0231923023733154
0.00429088793280055
-0.0147624004763726
0.118071791857617
0.115640831658615
0.105036685506195
0.111248936814732
0.134824243700053
0.125698355775735
0.113208362092205
0.0965221124813891
0.0763869594881964
0.0651313375313969
0.0591361563622579
0.047900599654927
0.0384302233550431
0.0256703739368185
0.0245173327412259
0.0096844112999792
-0.00855007305804264
-0.00859947405830603
0.000300171732302155
-0.00847188521173764
0.0209370690756361
-0.000520438640401467
-0.0066008540487221
-0.00325140425267043
-0.00599480658654893
-0.0228133584859579
-0.0265237308255041
-0.0365408451978073
-0.0412553647080408
-0.0470602427121287
-0.023649989157387
-0.0404524042615259
-0.0385711878632308
-0.0425021982088133
-0.0451219425662873
0.0057188566073083
0.0706381475179774
0.0668463019782663
0.0568727914677282
0.0498797512515516
0.0511971977041058
0.0871880112353554
0.0805247757323163
0.0587183764613602
0.0631849638251569
0.0510487016520044
0.0339423260823766
0.0267936587294412
0.00679408366704108
-0.0129954931371904
-0.0294900997498001
-0.0395993567205934
-0.0506313486417655
-0.022727522875021
-0.0317446287500186
-0.0490810825329254
-0.0693755052106872
-0.0892527760393792
-0.0810248475335754
-0.102566855888538
-0.119024347928223
-0.140977769879625
-0.155085915972258
-0.165749192673116
-0.177451542529347
-0.187897522030989
-0.187366176836169
-0.205864930096929
-0.218633341080181
-0.226505277286579
-0.236309449550182
-0.258092246707902
-0.25537437717951
-0.241202981415767
-0.203452065067627
-0.224933468156956
-0.233430491630635
-0.243136746806893
-0.254635851158964
-0.269229951142389
-0.226832883892172
-0.243524665071694
-0.261377519121851
-0.274462572414176
-0.28556938717253
-0.294745066966532
-0.315133551668461
-0.310658411085224
-0.31475472838294
-0.31892886445526
-0.300932278732335
-0.265060114745747
-0.258148412186185
-0.266504678328022
-0.273432876130684
-0.264944018153791
-0.265010884809906
-0.247912543346879
-0.217466725754903
-0.239382352075597
-0.257742387900045
-0.270757967920695
-0.281108604594094
-0.302398017172107
-0.319148610283716
-0.334781697059167
-0.33413039408307
-0.355178254493446
-0.309415771463128
-0.325727735938382
-0.333287910516185
-0.35126084604986
-0.365342308274142
-0.387105934895006
-0.362516844996033
-0.38300870190301
-0.395884131555248
-0.367653202148293
-0.369643998377899
-0.383614321611921
-0.404634123391521
-0.423404116586554
-0.437601248621281
-0.446266365888222
-0.467567152704259
-0.476226748844375
-0.456672260461561
-0.440995440479483
-0.457475247228164
-0.462988697700716
-0.441248056171147
-0.370935199984859
-0.386851169753162
-0.381870250251903
-0.389290926726184
-0.394470644072682
-0.413728081808348
-0.432779152376779
-0.448734491897751
-0.458171285597826
-0.4734861420789
-0.481359208524276
-0.484078356857931
-0.49853244325849
-0.502223066007325
-0.461299470372759
-0.466640346348454
-0.463547786175657
-0.440354975740921
-0.451402848893796
-0.467410123320674
-0.454482592853169
-0.457839445611842
-0.475008857170858
-0.468919216584284
-0.48227624781584
-0.468176459239742
-0.476075771201491
-0.496358074185299
-0.484859840094629
-0.49943816125503
-0.482228296289279
-0.493482729835648
-0.500148846814533
-0.517431038947262
-0.513896473811628
-0.52593382644909
-0.525301936846025
-0.526892145302676
-0.548815204927503
-0.568661799378166
-0.479248553900859
-0.480327084311027
-0.498964782835013
-0.515137755646496
-0.475041939922522
-0.489589067938062
-0.508662265320145
-0.526841254153155
-0.544756361301725
-0.512993577353289
-0.532682459961806
-0.536674314314725
-0.513124292624664
-0.52232839539662
-0.526054304472562
-0.532416722583503
-0.542123486005075
-0.559246093918489
-0.571832431454889
-0.517016771565758
-0.530951922586628
-0.546034207571091
-0.522529026477514
-0.535175836056313
-0.522580656862089
-0.480642965308014
-0.449870263499513
-0.46095124922093
-0.46729968188766
-0.470012839810539
-0.423188887302057
-0.42436208392573
-0.429924189253482
-0.412433939115231
-0.426694743244642
-0.43633280700416
-0.44983371372249
-0.462416290750979
-0.481785931981329
-0.485701635899122
-0.482019317084455
-0.497223523501537
-0.519141111116132
-0.524008671958523
-0.519651972895117
-0.52391484479309
-0.541956684958648
-0.526566589161014
-0.51694386366291
-0.537444963356978
-0.533614701477204
-0.499422515080909
-0.520963482407864
-0.530504507503722
-0.540194998070247
-0.556687834678649
-0.571153600516518
-0.583103121908662
-0.601849599850727
-0.591300403201086
-0.580850367583871
-0.570387786441974
-0.569022853132258
-0.567524813004903
-0.588630698030764
-0.597571030749439
-0.589805824207297
-0.584254473747155
-0.598938361019678
-0.616616651814701
-0.63484569850577
-0.631844724109193
-0.653353222157381
-0.656145432532387
-0.661736374377297
-0.676551539326595
-0.688307092739079
-0.692889541413982
-0.702054461273401
-0.715055297732564
-0.709644929627062
-0.6683772331432
-0.666172381774719
-0.670804876759977
-0.688718398834317
-0.705576862389721
-0.691045855917945
-0.686880581625997
-0.707206942762684
-0.723794812493487
-0.72888952328801
-0.727573230959091
-0.689746929418639
-0.665203747182773
-0.633157974559927
-0.647524339374852
-0.582506395764362
-0.568220177329827
-0.545418065138185
-0.536926659213164
-0.5512929526584
-0.537319380472185
-0.501817673517252
-0.505869037060865
-0.510020711644528
-0.483714336592218
-0.498668839725298
-0.495945739897252
-0.422677758007132
-0.435997980854392
-0.40891719603185
-0.394379735674642
-0.413563951618503
-0.431458127443141
-0.448285373528188
-0.459692732573288
-0.415960220445305
-0.437114408491219
-0.453739842124826
-0.440053047133156
-0.448930888038268
-0.446135920191413
-0.330217882991502
-0.333652011271121
-0.353397375647539
-0.308437303676639
-0.282008538400875
-0.142297192118848
-0.135757949063743
-0.100915814369722
-0.114713265456494
-0.12160786300362
-0.136414957791299
-0.135926827932695
-0.121422131146959
-0.129238103246386
-0.139981097967036
-0.129521592134444
-0.121603473899657
-0.0856139682995686
-0.0904491919916753
-0.0961441396558722
-0.112276412907194
-0.108860544096969
-0.10612696761885
-0.119642075220553
-0.137351150760338
-0.133243913064931
-0.14505201288517
-0.0975693237590899
-0.10298973177501
-0.124443889719961
-0.110940178219
-0.0885359172427493
-0.0670357084869627
-0.0417394437754818
-0.060247027430939
-0.0587906164949452
-0.0181488738192209
0.00654830221194869
0.0123085972925748
1.23033583191082e-05
0.00224384188741439
-0.0188836266904119
-0.0107288135687788
-0.0279001714182561
-0.0284752877506057
-0.0441639541493128
-0.0555382020089071
-0.06672631731326
-0.0838169877152881
-0.103465902166223
-0.118321245391482
-0.134436392192823
-0.0773405044611949
-0.0822457151974379
-0.0920570760099833
-0.0547903709214876
-0.0691190356190351
-0.0585421067241064
-0.0800599408545773
-0.0424017261814714
-0.0597774873306009
-0.0584599975726445
-0.0394409316813618
-0.0268107430001205
-0.0384906890338576
-0.0548188623925226
-0.0708797899304337
-0.0762780247131534
-0.061132865040471
-0.0735098628703992
-0.0146247282269885
-0.0221258251954466
-0.0417418792686657
-0.000456042689809131
0.00150609979119669
-0.00679922817306626
-0.0262179989229554
-0.0454900749744501
-0.0649661172845254
-0.01411555969697
-0.00432190465108597
0.071913265486975
0.19033325023279
0.191145264343423
0.170936832247253
0.184620070703128
0.204143474730551
0.211028616871839
0.198798359550935
0.191145008734295
0.180909041931803
0.165660102822871
0.14861328802845
0.23032960538973
0.265183130450716
0.248416378103684
0.236718101914948
0.238991112040901
0.236218108256769
0.251020987101803
0.248574110515114
0.253562660377717
0.263100533967449
0.253808802409137
0.275790008409514
0.291592677392589
0.288857603946591
0.323319637705505
0.347225592553124
0.344979667646523
0.360833715368634
0.385294200188868
0.373992737190689
0.357354729839209
0.362390797618431
0.344182802995318
0.342914498676191
0.321162315220769
0.33167908546152
0.352042052046298
0.331978998045623
0.313390520051106
0.314045456704442
0.370892636332684
0.360180608440371
0.356620649795735
0.424406672338887
0.443769771562496
0.435655822718245
0.44477864060773
0.484398095003901
0.478971505716022
0.469423612085517
0.459389154535166
0.442746497472637
0.437620844698349
0.416835477556715
0.400203504655293
0.388102115356144
0.432915474985701
0.431383501132849
0.415307003288671
0.396993864620786
0.408451309753034
0.391194293741152
0.374676125254131
0.381035965887324
0.387096666024784
0.390868321878713
0.368847560028549
0.349375203044472
0.348701667822935
0.405119979227213
0.395492144858747
0.379887198158795
0.362228460979151
0.370586471367358
0.350057146195945
0.333029873900241
0.321459446528487
0.301227689577305
0.308913184877416
0.299321582972442
0.297082320459897
0.278618015948535
0.262953613093435
0.293594380928611
0.273904485329248
0.28402168838243
0.294823788646688
0.374350219044248
0.392700598355648
0.414083243593166
0.396886734032755
0.377290081516153
0.384149444599499
0.363472817927611
0.344757082477018
0.348376792712916
0.378172204581261
0.370404602963092
0.375423727486893
0.35391092601663
0.408969309660828
0.459042336642277
0.442790869646734
0.430731322561795
0.423126959510509
0.422373720364829
0.4333326878059
0.413139393287776
0.391727971058575
0.37440352525824
0.359529671249943
0.3399955244593
0.326018310541593
0.311158164133901
0.308613739085863
0.293543251314507
0.274059279329074
0.259483759398326
0.245664019246365
0.228483398221308
0.210876445843792
0.193334746777243
0.178041319690163
0.161771365035075
0.140140582511685
0.122066168020213
0.115366893498487
0.147456998356445
0.135962452510846
0.184059760685494
0.20465247255649
0.185002200308747
0.184833896573807
0.164868091178121
0.144937480159405
0.206707366011279
0.188469321472048
0.192948531555657
0.189618321174398
0.176088636416586
0.17736837502957
0.161987440617447
0.153046457895577
0.161771393446526
0.153052575525424
0.153863234157099
0.168819486952567
0.155925221867941
0.14335173600425
0.124440806560849
0.107971586368532
0.087067934712606
0.0680116201616977
0.101083118927321
0.0987317897843366
0.0796431667521151
0.0586400054143396
0.0761118983562033
0.0845718327169707
0.0655785323494748
0.0594726406405897
0.0395245305177275
0.0624442624030613
0.0594005572538845
0.0442068183496699
0.0348332558341884
0.0342539265114994
0.0462544889805291
0.077939906687179
0.0700897036345898
0.0508487452239746
0.0334001955009504
0.0452391409814655
0.0282886877082379
0.0353053562153103
0.0492897726877096
0.0493945074578465
0.055072706321342
0.036336500731739
0.0543379434754164
0.0397616958143527
0.0276543277184535
0.0193976961356242
0.0234641850700789
0.0194499070901829
0.0357723510192894
0.0168627369396412
0.00283483795280811
0.00307345569184449
-0.0109021985404517
-0.0172600524069275
-0.0251667315930446
-0.0143684472136551
-0.0274602439564384
0.000613002680897342
-0.00843081287330453
-0.0168254437236906
-0.0167791712552251
-0.0177849068822655
-0.03290538792961
-0.0490256251337984
-0.0550111040532373
-0.054581097173321
0.00263664579837024
0.018183335742502
0.00158258680143927
-0.0197369930744024
-0.0254850492736138
-0.0175464497417942
-0.0355295956034655
0.00147444586323915
0.00126979321506569
-0.00811977684103845
-0.0131373499819439
-0.0184732621093873
0.0090778478315343
-0.00875219091042952
0.0031787628710764
0.0212142557391238
0.0111006310151731
0.0306066882389589
0.0727742254220847
0.0675489572705763
0.106591490761815
0.0886129152911344
0.0746106764660162
0.0546825697773339
0.0401421907343594
0.0348519511948057
0.0371288753832473
0.0997475043278731
0.0855388628934638
0.0702893318114772
0.0520268388259868
0.043410911244992
0.034335248823101
0.0209651101261584
0.00531556788800963
-0.0086526826776573
-0.0213567837458266
-0.0334803604286659
-0.0283314417099702
-0.0401102303103562
-0.0264491678434826
-0.035800601923265
-0.0381822524282345
-0.021363713829487
-0.038990285277082
-0.0274543527359037
-0.0479744304360658
-0.062031231641687
-0.080289366279419
-0.0863867032390772
-0.105468414568073
-0.119133686221763
-0.135666903610402
-0.131655947363983
-0.14151788269605
-0.145556677519836
-0.14687485277696
-0.140364922396464
-0.148923987207312
-0.149682859444338
-0.158373937683846
-0.179587125032055
-0.14893830660669
-0.150944187807267
-0.167834235672119
-0.183927284002382
-0.198046082999524
-0.212006110213123
-0.185004912057275
-0.193447465318896
-0.176866991898925
-0.147490834701716
-0.147710612851082
-0.1436520861888
-0.157750916956138
-0.123697954057806
-0.136188737157399
-0.0687566696070017
-0.0873133052270952
-0.0916440741441634
-0.112983742843271
-0.132617082516841
-0.138781094293131
-0.159431932709588
-0.177514327388861
-0.192583882091858
-0.153778592094296
-0.171496242349369
-0.186218027339233
-0.135680582022541
-0.151337567112622
-0.167381294331477
-0.162410489796829
-0.182958922672146
-0.169189557570899
-0.178729570557274
-0.200289172803182
-0.215220348627745
-0.227392903251988
-0.215247185961048
-0.213344935328946
-0.227029812367195
-0.230217936061192
-0.242255407569371
-0.219062070230709
-0.211447265760932
-0.205729518092277
-0.199451947882979
-0.203567460857563
-0.221512874690975
-0.182435558276596
-0.190045865921952
-0.197838485780648
-0.18761019245082
-0.195735322205018
-0.216846455128015
-0.230500833272078
-0.241203825126031
-0.258669080939498
-0.260233830118125
-0.27957745855143
-0.294753544035883
-0.288578921647901
-0.266916183107898
-0.287359514194053
-0.290108361802813
-0.283845501186629
-0.208544912796029
-0.216173389395588
-0.224948924837043
-0.241282792473059
-0.239989399608302
-0.25495805837918
-0.254005803965325
-0.253096068254273
-0.274358240419514
-0.26423403645707
-0.274565029617692
-0.280620989581894
-0.268161745708461
-0.22646255251365
-0.225028169907757
-0.243826379821862
-0.265622820024363
-0.263612737763439
-0.277117452225899
-0.272464696775482
-0.28117125887183
-0.278223614470869
-0.282819574368143
-0.29359836758408
-0.293548019960417
-0.313892315498371
-0.317982322713246
-0.309876224872735
-0.313807554675786
-0.312711792669527
-0.329087232577267
-0.342744183440301
-0.31138613138368
-0.332090848656232
-0.348954999851765
-0.342602026508745
-0.353145375217415
-0.31885520830513
-0.234448556997057
-0.24546054483497
-0.257890634898615
-0.235675148866483
-0.241980152863399
-0.223579356747391
-0.21248747921797
-0.191036835247513
-0.199271747600276
-0.174044037538089
-0.192571210061151
-0.189019566052251
-0.187508699921891
-0.200660601252739
-0.211427083033859
-0.183906581947348
-0.192362791576055
-0.182535007894946
-0.202990171866537
-0.222975911077607
-0.241302071769915
-0.247839586303964
-0.260991919158792
-0.230422449683612
-0.238823586985883
-0.235369415323395
-0.230819108380625
-0.21306205826515
-0.221294086587633
-0.217226799913454
-0.193013613079318
-0.165715949854891
-0.130351096426322
-0.141835083837337
-0.058343125365769
-0.0640680316993997
-0.0774126433912673
-0.062163965700336
-0.073208549509742
-0.0699570714580321
-0.0486794523019756
-0.0639550051390405
-0.0851401204282727
-0.087756517483428
-0.105781572793178
-0.11130627763687
-0.110716489242945
-0.114684859710515
-0.125648696691944
-0.146081124462451
-0.107182682402671
-0.116629031305287
-0.106058581603672
-0.0798370273003381
-0.0698714241397261
-0.0878262125492066
-0.0470001152563462
-0.0656366402108603
-0.08338792898211
-0.0740527692972288
-0.0904897557703832
-0.104082502862025
-0.111140045952662
-0.117847943382228
-0.125785431708098
-0.143896643007681
-0.146427338622473
-0.167328867113423
-0.18241920171988
-0.165146495288214
-0.13009320866503
-0.152048917463134
-0.165215281260631
-0.172711558808934
-0.18746765333722
-0.205100615692787
-0.220982297149959
-0.222709608888644
-0.238273705603909
-0.253452032810504
-0.248060880729223
-0.269204811537145
-0.246918002182743
-0.262087985212632
-0.283243162640431
-0.301265408519098
-0.31190914917937
-0.331258717467108
-0.315703623551436
-0.315491296158904
-0.336389717169968
-0.351523065883738
-0.281548644924833
-0.271531696147652
-0.264548115814845
-0.282236122423358
-0.297161906494935
-0.293786981687671
-0.296924584327757
-0.313908354556256
-0.330548624992014
-0.279400817462254
-0.247458547617961
-0.237454084870361
-0.244583143179169
-0.262363045697966
-0.275241264034304
-0.281336400189027
-0.288570626245843
-0.308629239830655
-0.318469610379571
-0.31525368415814
-0.323995404850036
-0.344780795224127
-0.341456092032342
-0.358399548434598
-0.355029688655897
-0.376808028764747
-0.387839689596568
-0.404377151196152
-0.426212910975051
-0.423636903191419
-0.435074338625911
-0.407779572768085
-0.375850315050774
-0.38954911342385
-0.409218151060715
-0.411523181201141
-0.427900005837505
-0.319898942434752
-0.281219002301078
-0.27665707701034
-0.298389589998942
-0.307308685133412
-0.324827641185755
-0.220814315275216
-0.229239562956014
-0.214780995740911
-0.190567960377634
-0.197445261268968
-0.219352328789444
-0.232951710855398
-0.254467030039309
-0.214220690544556
-0.230696380091316
-0.224994964807063
-0.243307358360918
-0.261409446351698
-0.282180422512095
-0.294916687341724
-0.300717017968215
-0.290114345141321
-0.302548527648256
-0.301773723682901
-0.309966849767408
-0.318465388911941
-0.331747637182207
-0.349683077013715
-0.353945165717234
-0.368554532589737
-0.385736815804307
-0.384152529437258
-0.392454847212688
-0.409602297488888
-0.403458699186281
-0.423600661693501
-0.425929149888277
-0.427974457492057
-0.4441396613238
-0.440561629392024
-0.4625369199631
-0.480795668505672
-0.484691999126844
-0.502643958521721
-0.48379928266593
-0.504443502934366
-0.512641644271947
-0.50631774900662
-0.520839829773125
-0.534193888475039
-0.453546015837227
-0.460736391910205
-0.482188504066696
-0.485485960965435
-0.500420347908663
-0.476616033053526
-0.467685430984728
-0.463948654972626
-0.485815492938796
-0.499743117282635
-0.504165263433095
-0.463235619037473
-0.450992752124003
-0.416634346027834
-0.365648709194964
-0.383895762383722
-0.371832117288126
-0.367769483343355
-0.38626629695122
-0.394018377031129
-0.378406378646623
-0.381525422682303
-0.392637074955325
-0.412306033838412
-0.428744352440245
-0.420994104990934
-0.347843986484734
-0.354656983922128
-0.327026223075261
-0.348957194583667
-0.358167004554901
-0.367774315175737
-0.388723950274198
-0.365693556410952
-0.369986810086021
-0.390670919588958
-0.385362988895206
-0.380166559706129
-0.371958411297899
-0.386720964830619
-0.398922641272461
-0.382798009015325
-0.39217908275557
-0.371403545855829
-0.381795729258416
-0.380153646257654
-0.362727628771953
-0.375578356163213
-0.3277733477984
-0.346851374398484
-0.356630379353018
-0.349280147372281
-0.354163143407652
-0.346694033587595
-0.342191204983471
-0.351246362480314
-0.350679125658343
-0.364415385609685
-0.378170101389612
-0.394962714872528
-0.401107498350644
-0.417455171410002
-0.400678744587852
-0.398152681610785
-0.412567275948001
-0.427239601910464
-0.44714992772298
-0.466204096947598
-0.462445226194132
-0.454226054275943
-0.431358691330456
-0.444878131178155
-0.44863667173773
-0.430281308130542
-0.419764675210264
-0.435325550624058
-0.368314985497622
-0.377319688565798
-0.381903859835169
-0.337897239891485
-0.353370311213922
-0.354975190841324
-0.36709222991671
-0.315818345364122
-0.329564801430484
-0.334266380201388
-0.312123061789496
-0.294806149088402
-0.315821303707778
-0.218484708045485
-0.208432799354205
-0.225702498047683
-0.231739538970367
-0.23296416543259
-0.213980600422304
-0.226374459460397
-0.193480950507165
-0.168064562993703
-0.168449107388619
-0.185937040933146
-0.189242267855418
-0.194814492918025
-0.19512261901513
-0.201638359552829
-0.17269309218174
-0.191577782949076
-0.184797511958144
-0.183162952051071
-0.1998148140149
-0.183299285708705
-0.191736184782914
-0.212712561881804
-0.232606667112639
-0.233964325466194
-0.255818080177328
-0.267515014946539
-0.26178671815996
-0.232785284423533
-0.245588527454695
-0.266789456985774
-0.226139014453177
-0.242737745402078
-0.261123081807522
-0.27941748819405
-0.172798049782298
-0.191204215999883
-0.139755974226793
-0.157093849527661
-0.127334992187675
-0.130109188173845
-0.0366015450880286
-0.0573084220701868
-0.0334352708207886
-0.0388566112138049
-0.0564355925575238
-0.0729076637479193
-0.0563778922096166
-0.0454914813164822
-0.0485548271675531
-0.0642409616887781
-0.0335767116080327
-0.0469468279501396
-0.0197683349439415
-0.0387069416400943
-0.0430194839672234
-0.0546981522466294
-0.0649103876509796
-0.0823814934456217
-0.0262830150878194
-0.0399054775064194
0.00102324008475685
-0.0131819847912801
0.0157643858248942
0.0628029258577615
0.120404024445775
0.100314715991439
0.085404693311132
0.117331876356355
0.121685447463408
0.125693889555056
0.153243929230703
0.142163475703593
0.128601149349774
0.133545418884103
0.120478288716615
0.10787066732013
0.131483078138434
0.114049715374079
0.10018252940017
0.0844932214593055
0.115178696620617
0.102647854336752
0.115874410478479
0.189563643619873
0.179866996249019
0.206242970669975
0.208300836463605
0.221149595366056
0.200209049658602
0.184457303681307
0.197609778930367
0.227281007355398
0.207942376601402
0.290073507147201
0.297360705166061
0.322650673866044
0.455915315862071
0.434086136681991
0.422949027745162
0.41803998817597
0.400200089348704
0.386869179023524
0.367412374634558
0.374726385100389
0.354668904813775
0.342590561326265
0.320525303626489
0.307934563680014
0.29284203922405
0.285032626062741
0.305339515970275
0.345538051281607
0.32698796382678
0.343063709075781
0.371800278743951
0.353306241373813
0.341623027355938
0.320954284033474
0.325144944275931
0.311409770436138
0.299430368854675
0.32425910883691
0.335280034742394
0.353937612873819
0.345162589770034
0.342867826214191
0.321399355997645
0.356958720943628
0.345769005781317
0.328913668449973
0.330423906366996
0.335550374412936
0.316125898552063
0.320011804789646
0.301864214875419
0.33084965370052
0.348516242966104
0.348587952640864
0.348350669348864
0.349318041376735
0.335604189387707
0.316548932756895
0.349136195389754
0.341757378617974
0.324207551452535
0.331053136789977
0.317312073590397
0.295774200090623
0.297724154082002
0.302192283205891
0.301343899310618
0.30698075131773
0.298310018220771
0.288213213924825
0.314911468301618
0.303363226940417
0.414652594392807
0.418329805863902
0.399268793427638
0.379306171125766
0.389631631648945
0.373701010200618
0.368201860887189
0.388717753642076
0.381829461304307
0.363087921052366
0.38064565295515
0.374651421530305
0.354667507150623
0.333773778909571
0.338872827555321
0.322674008668131
0.312372401719991
0.320690293473048
0.309525847479434
0.318483825719633
0.315093524105324
0.302379091871584
0.432771546464114
0.524719478052288
0.517598496896763
0.51302522428287
0.502526600172775
0.491767787597797
0.496670645460724
0.493407205927297
0.476359581337892
0.461970550766625
0.483688945723974
0.477041607829277
0.462917932948589
0.446453843814739
0.457121682803896
0.442153944010873
0.461384265213679
0.448230704642558
0.435647183554771
0.432666426395664
0.428538958193807
0.413160990165347
0.400477079406716
0.401850605832811
0.392968183046295
0.391457399847028
0.393997835213616
0.392881006302563
0.381319520013605
0.373587172751699
0.422285109420864
0.440562785492597
0.465260533414779
0.512707353463966
0.504849806816043
0.498655974298244
0.481804211157483
0.472833508146333
0.468496138688595
0.451719301560528
0.442921184842412
0.446037661115881
0.448831342734685
0.440233171492769
0.432703392685732
0.417020003362833
0.400964032501331
0.423598419936555
0.412745364269257
0.406778282786614
0.408594043941
0.390244606767793
0.409938969624259
0.403683895939358
0.394198667829832
0.373855072286952
0.362162003319196
0.357264938875131
0.381772963648579
0.399442252674917
0.405054196268176
0.411964052147575
0.392606254000689
0.371169041655079
0.355515047379962
0.344606848954587
0.32375212574485
0.313995455303443
0.292935306753956
0.277175450784396
0.29759365967339
0.304607154977551
0.321446096081901
0.307677854013357
0.311933532894908
0.293968811593162
0.306012533370839
0.286262156193828
0.286168427760211
0.312583677544882
0.310217658962224
0.296980137272664
0.279802300681846
0.272704070940181
0.258058613184801
0.280288860723218
0.311418922407583
0.332729892314295
0.318188219810056
0.298627731431195
0.27881386795913
0.275717642689413
0.259002753820391
0.255587261655739
0.244458416637614
0.249130328233517
0.227095526978967
0.233887119487814
0.258740203852338
0.278751758102417
0.259360322908007
0.259740310388565
0.259488123786846
0.24677138810996
0.244385634515406
0.231395700840507
0.227698774874594
0.20958591839208
0.219110041493833
0.199078446493596
0.184696545303101
0.165240758508818
0.16107594319263
0.147096477200332
0.128345382094849
0.127527439827737
0.106982311863213
0.122791450836797
0.101801342434807
0.0803442135082966
0.0611345130507525
0.0432681271073906
0.031073411474928
0.0137945588854986
0.0214601984563376
0.00262219737836998
-0.0154356762231067
-0.00944907747242154
-0.00811809896776164
-0.00930461738150268
0.00391123786199101
-0.0169900107268031
0.00368209110887302
0.0101754656282453
-0.0114811437514234
0.00928313121434622
0.013319823478721
0.0441197213468993
0.039959851094413
0.15363449947593
0.141937120133859
0.126549832887303
0.134336893853731
0.11986287747285
0.129218565156506
0.157431868255493
0.135738454934613
0.160923735917196
0.144567164371269
0.138463030935473
0.122529582813447
0.1364199308498
0.119612824677683
0.10491444214419
0.0978284079777917
0.154519080587239
0.134203253983048
0.160173763197835
0.144992437291489
0.124677912451032
0.156947765270425
0.202499309489615
0.195588732474768
0.231403514183348
0.214523244338422
0.20574755026821
0.218603958331029
0.213613727614671
0.202497984721927
0.217453231155782
0.204751640999203
0.246440162728864
0.235851298736471
0.292884904627987
0.295868390145923
0.299842879242854
0.288311864821626
0.270499065276432
0.250257353533697
0.237312551306806
0.252914147157647
0.291149467865177
0.295213685266003
0.290354756873022
0.283637318928847
0.27255127017969
0.257717036615691
0.247789362862907
0.265212671146911
0.276332095786034
0.257414952370049
0.281630334168944
0.279096581753247
0.26193695284171
0.243446870541937
0.235019305683965
0.23136215118042
0.21599212934153
0.211146408728952
0.216627187369059
0.194526135548033
0.194875110559997
0.191064536561346
0.18215427229224
0.172172870358834
0.156158280318388
0.16577421882583
0.158473912779976
0.152950560388821
0.131352519583517
0.111186261968222
0.0956548661728307
0.0750419958553103
0.0682236028789816
0.0618960486255475
0.0409274780382698
0.035653653896082
0.025406846648232
0.00670924237356517
-0.00577267327322712
-0.0258639718934963
-0.0314322892956027
-0.0183631146459207
-0.0285486431207283
-0.0227754910502728
-0.00744234246886968
-0.00519677015879165
0.035747947649674
0.0296599262477966
0.0754919687962771
0.054254817439051
0.0386020848320215
0.0311678263439551
0.0504685434272471
0.0450281246061458
0.0872751018981303
0.0807263293251656
0.0790547856139578
0.0681545495922185
0.0538734072396244
0.0907873095318713
0.0839546492822944
0.0775590875250097
0.059454949239277
0.0449672164133997
0.029332443705406
0.0415138853753795
0.0324159250581324
0.0126555290406936
-0.00259949963750541
0.0167329899635486
0.0139953982551821
-0.00375690167509521
-0.0209415612193208
-0.02421321345059
-0.0373335417058182
-0.0415434421830449
-0.0628001647882334
-0.0683272812885308
-0.082328342479175
-0.099449771474663
-0.113829664842865
-0.119147787667626
-0.129365249777984
-0.134935371610557
-0.150781408262319
-0.135674425595388
-0.132978946481265
-0.120234601548484
-0.113935325712167
-0.101241633485058
-0.111990577046703
-0.0934943310723354
-0.0845851929470368
-0.0706418232300017
-0.0617927043928042
-0.0805688560120131
-0.0404292028000704
-0.0464904000289889
-0.0659036388332906
-0.0679336207710783
-0.0733720718433787
-0.0847688317123377
-0.0671406632089229
-0.081046593793603
-0.0938151556006259
-0.10946579352437
-0.125597914136577
-0.138363841535123
-0.131403174697153
-0.151285553684567
-0.140553676949051
-0.158667422565122
-0.177315989987506
-0.185431411479954
-0.204648297037671
-0.178369675255364
-0.173470463807037
-0.161816180651966
-0.181208614678424
-0.180385458715793
-0.153662507863965
-0.168526963690418
-0.18883161733234
-0.200588653885254
-0.214063169251303
-0.204305971136795
-0.187160343993581
-0.20651661856409
-0.2165911378048
-0.221225376992094
-0.240986161781066
-0.198952091039659
-0.20650560527801
-0.220216278627687
-0.236558644473263
-0.212355911632563
-0.199881302655304
-0.181815573036757
-0.136855367230152
-0.110336285109523
-0.132360604012957
-0.12495862584586
-0.139811018655917
-0.158654924216018
-0.175156758335938
-0.196124521070074
-0.210292402844304
-0.215481540297493
-0.232203896269703
-0.206432992852409
-0.182146247518895
-0.187442117551902
-0.180155014683775
-0.200624279783933
-0.194902536540718
-0.192814448120262
-0.159706248767602
-0.180097583131998
-0.170102023019468
-0.191771089780589
-0.172841144940894
-0.168311946762122
-0.133077159457222
-0.139133570145038
-0.154948927259482
-0.167657161882992
-0.179973222318994
-0.149550959233549
-0.140831280487662
-0.15787571375566
-0.137084619462815
-0.150703080972812
-0.14211433532701
-0.161156457595916
-0.178436080682234
-0.157161050156044
-0.157489126423341
-0.168011110491543
-0.186277631124175
-0.201997848773702
-0.213222772104478
-0.207286507292677
-0.219644966694131
-0.232480159389191
-0.20687236956782
-0.193943672968368
-0.208798914536155
-0.223519631289659
-0.223688469832597
-0.199759271687647
-0.167904325254286
-0.107611205694013
-0.126974817070866
-0.122810085030463
-0.115287220787083
0.00270528544138614
0.064754759567224
0.0929942079714957
0.0921011869645902
0.109080740409012
0.170260314477781
0.158459582324031
0.142651439086429
0.174533277959133
0.165469812246825
0.155511288925026
0.232161347360873
0.23042892007187
0.21871202249382
0.212989330604279
0.201675283414587
0.190293997211098
0.23319052031184
0.253099975998474
0.232434520388076
0.225342780239039
0.288547406380051
0.300590525986931
0.283480288065151
0.269531776476375
0.256500426354003
0.240414474896447
0.242120536832935
0.22101549752873
0.201340828761612
0.189580407008155
0.189498389139085
0.192573388555379
0.205975128165952
0.199207805330481
0.191550322824169
0.191025328843082
0.194180805334284
0.175143773243983
0.160765404194332
0.171929302495723
0.187986786877137
0.169616772367887
0.164845896953179
0.155874203475891
0.139717818986678
0.152885363900687
0.148658609927828
0.180400040845475
0.231483730619888
0.225950920606204
0.275896777017188
0.306547356037734
0.284712634294172
0.280624938345843
0.266529499983252
0.245066212387196
0.232456095725451
0.211054314774004
0.204387198666374
0.188967355720122
0.186245209475687
0.231165471582536
0.213469692306715
0.197293236078683
0.176124599935821
0.166566387821317
0.172693600631408
0.166453336661015
0.144478630379997
0.129116274523143
0.108333838262045
0.0864060788680545
0.0932458130866095
0.0786476406509081
0.0595432906589246
0.0694572467365031
0.0624542834504614
0.0623977092328355
0.0501034361480987
0.0352718420940302
0.0159237222847558
-0.0038734671615601
0.0130843662672952
0.000214872919591384
0.0015537744156771
-0.0150133181041666
-0.00913745771731333
-0.0239866775787685
-0.0453921285647937
-0.0618024949402863
-0.067043766266764
-0.067692942662801
-0.0413945702261258
-0.0415723410209919
0.000990271063014127
-0.00405207181704107
0.0328046288830298
0.0134397938735551
-0.00341093742938229
-0.00906371898398794
0.0204130047141353
0.0115782854199498
0.0184231690600198
0.00923887983257901
0.0106465055324642
-0.000214823382641737
-0.0221072387278582
-0.0379474792804564
-0.0364575816159979
-0.0518541571580279
