0.0009765625
0.000986747797515237
0.000996771041786363
0.00100663597596424
0.00101634624231572
0.0010259053853232
0.00103531685467891
0.00104458400817786
0.00105371011451309
0.00106269835597693
0.00107155183107161
0.00108027355703262
0.00108886647226795
0.00109733343871624
0.00110567724412688
0.00111390060426471
0.00112200616504229
0.00112999650458203
0.00113787413521093
0.0011456415053903
0.00115330100158264
0.00116085495005804
0.00116830561864225
0.00117565521840838
0.00118290590531426
0.00119005978178744
0.00119711889825953
0.00120408525465174
0.0012109608018133
0.00121774744291442
0.00122444703479525
0.00123106138927247
0.00123759227440503
0.00124404141572019
0.0012504104974015
0.00125670116343985
0.00126291501874888
0.00126905363024597
0.00127511852790002
0.00128111120574704
0.00128703312287469
0.00129288570437686
0.00129867034227915
0.00130438839643643
0.00131004119540314
0.00131563003727752
0.00132115619052043
0.00132662089474962
0.00133202536151042
0.00133737077502335
0.0013426582929097
0.00134788904689554
0.00135306414349507
0.0013581846646738
0.00136325166849237
0.00136826618973154
0.00137322924049893
0.00137814181081823
0.00138300486920128
0.00138781936320369
0.00139258621996441
0.00139730634672994
0.00140198063136337
0.00140660994283912
0.00141119513172341
0.00141573703064127
0.00142023645473024
0.00142469420208141
0.00142911105416793
0.00143348777626167
0.00143782511783813
0.00144212381297014
0.00144638458071062
0.00145060812546477
0.00145479513735197
0.00145894629255776
0.0014630622536761
0.00146714367004239
0.00147119117805731
0.00147520540150194
0.00147918695184427
0.0014831364285375
0.00148705441931029
0.00149094150044919
0.00149479823707357
0.00149862518340314
0.00150242288301843
0.00150619186911432
0.00150993266474689
0.00151364578307371
0.00151733172758791
0.00152099099234603
0.00152462406218997
0.00152823141296315
0.00153181351172104
0.00153537081693626
0.0015389037786984
0.00154241283890864
0.00154589843146947
0.00154936098246951
0.00155280091036357
0.00155621862614823
0.00155961453353293
0.0015629890291067
0.00156634250250076
0.00156967533654699
0.00157298790743244
0.00157628058485003
0.00157955373214542
0.00158280770646033
0.00158604285887223
0.00158925953453067
0.00159245807279017
0.00159563880733996
0.00159880206633046
0.00160194817249673
0.00160507744327892
0.00160819019093978
0.00161128672267939
0.00161436734074705
0.0016174323425506
0.00162048202076299
0.00162351666342647
0.00162653655405414
0.00162954197172927
0.0016325331912021
0.00163551048298452
0.00163847411344242
0.00164142434488596
0.00164436143565768
0.00164728564021858
0.00165019720923225
0.00165309638964698
0.00165598342477606
0.0016588585543762
0.00166172201472415
0.0016645740386916
0.00166741485581837
0.00167024469238395
0.0016730637714774
0.00167587231306573
0.0016786705340607
0.00168145864838413
0.00168423686703183
0.00168700539813598
0.00168976444702628
0.00169251421628963
0.00169525490582857
0.00169798671291842
0.00170070983226316
0.00170342445605015
0.00170613077400358
0.00170882897343683
0.00171151923930369
0.00171420175424847
0.00171687669865507
0.00171954425069494
0.0017222045863741
0.00172485787957912
0.00172750430212215
0.00173014402378499
0.00173277721236224
0.00173540403370358
0.00173802465175514
0.0017406392286
0.00174324792449791
0.00174585089792417
0.00174844830560765
0.00175104030256819
0.00175362704215302
0.0017562086760727
0.00175878535443609
0.00176135722578478
0.00176392443712679
0.00176648713396957
0.00176904546035236
0.00177159955887794
0.00177414957074368
0.00177669563577209
0.00177923789244067
0.00178177647791124
0.00178431152805866
0.00178684317749904
0.00178937155961738
0.00179189680659469
0.00179441904943456
0.00179693841798929
0.00179945504098547
0.00180196904604908
0.00180448055973017
0.00180698970752701
0.00180949661390986
0.00181200140234421
0.00181450419531371
0.00181700511434256
0.00181950428001757
0.00182200181200979
0.00182449782909572
0.00182699244917821
0.00182948578930693
0.00183197796569844
0.00183446909375602
0.00183695928808901
0.0018394486625319
0.00184193733016306
0.00184442540332313
0.0018469129936331
0.00184940021201209
0.00185188716869479
0.00185437397324862
0.00185686073459062
0.00185934756100399
0.00186183456015442
0.0018643218391061
0.00186680950433748
0.00186929766175675
0.00187178641671709
0.00187427587403163
0.00187676613798822
0.00187925731236388
0.00188174950043911
0.00188424280501186
0.00188673732841138
0.00188923317251179
0.00189173043874541
0.00189422922811596
0.00189672964121145
0.00189923177821697
0.00190173573892722
0.0019042416227588
0.00190674952876245
0.00190925955563497
0.00191177180173098
0.00191428636507458
0.00191680334337074
0.00191932283401659
0.00192184493411246
0.00192436974047283
0.0019268973496371
0.00192942785788018
0.00193196136122293
0.00193449795544245
0.00193703773608224
0.00193958079846219
0.00194212723768844
0.00194467714866306
0.00194723062609369
0.0019497877645029
0.00195234865823756
0.00195491340147799
0.00195748208824702
0.00196005481241889
0.00196263166772807
0.00196521274777797
0.00196779814604943
0.00197038795590925
0.00197298227061844
0.00197558118334052
0.00197818478714958
0.0019807931750383
0.00198340643992586
0.00198602467466572
0.00198864797205333
0.0019912764248337
0.00199391012570892
0.00199654916734555
0.00199919364238194
0.00200184364343541
0.00200449926310941
0.00200716059400052
0.00200982772870544
0.00201250075982777
0.00201517977998487
0.00201786488181449
0.00202055615798142
0.00202325370118396
0.00202595760416043
0.0020286679596955
0.00203138486062651
0.00203410839984963
0.0020368386703261
0.00203957576508821
0.00204231977724533
0.00204507079998988
0.0020478289266031
0.00205059425046093
0.00205336686503968
0.00205614686392167
0.00205893434080089
0.00206172938948847
0.00206453210391816
0.00206734257815171
0.00207016090638426
0.00207298718294957
0.00207582150232525
0.00207866395913793
0.00208151464816837
0.00208437366435648
0.00208724110280631
0.00209011705879101
0.00209300162775767
0.00209589490533219
0.00209879698732399
0.00210170796973079
0.00210462794874321
0.00210755702074945
0.00211049528233978
0.00211344283031113
0.00211639976167149
0.00211936617364435
0.00212234216367306
0.00212532782942515
0.00212832326879658
0.00213132857991601
0.00213434386114892
0.00213736921110177
0.00214040472862609
0.00214345051282249
0.0021465066630447
0.00214957327890347
0.00215265046027051
0.00215573830728237
0.00215883692034422
0.00216194640013364
0.00216506684760438
0.00216819836399004
0.00217134105080772
0.00217449500986164
0.00217766034324671
0.00218083715335206
0.00218402554286453
0.00218722561477213
0.00219043747236744
0.00219366121925101
0.00219689695933466
0.00220014479684478
0.00220340483632564
0.00220667718264251
0.00220996194098493
0.00221325921686983
0.00221656911614461
0.00221989174499021
0.00222322720992419
0.00222657561780367
0.00222993707582829
0.00223331169154318
0.00223669957284179
0.00224010082796875
0.00224351556552271
0.00224694389445908
0.00225038592409278
0.00225384176410094
0.00225731152452561
0.0022607953157763
0.00226429324863268
0.00226780543424706
0.00227133198414695
0.00227487301023757
0.00227842862480426
0.00228199894051493
0.00228558407042243
0.00228918412796691
0.00229279922697813
0.00229642948167773
0.00230007500668151
0.00230373591700157
0.00230741232804858
0.00231110435563383
0.00231481211597138
0.00231853572568013
0.00232227530178585
0.00232603096172317
0.00232980282333757
0.00233359100488727
0.00233739562504519
0.00234121680290073
0.00234505465796167
0.00234890931015593
0.0023527808798333
0.00235666948776721
0.0023605752551564
0.00236449830362655
0.00236843875523192
0.00237239673245692
0.00237637235821765
0.00238036575586346
0.00238437704917833
0.00238840636238239
0.00239245382013332
0.00239651954752765
0.00240060367010219
0.00240470631383525
0.00240882760514794
0.00241296767090538
0.00241712663841791
0.00242130463544221
0.00242550179018247
0.00242971823129141
0.00243395408787138
0.00243820948947534
0.00244248456610782
0.00244677944822592
0.00245109426674011
0.00245542915301519
0.00245978423887106
0.00246415965658353
0.00246855553888505
0.00247297201896545
0.00247740923047262
0.00248186730751312
0.00248634638465281
0.00249084659691741
0.00249536807979303
0.00249991096922662
0.00250447540162651
0.00250906151386271
0.0025136694432674
0.00251829932763517
0.00252295130522338
0.0025276255147524
0.00253232209540583
0.00253704118683068
0.00254178292913751
0.00254654746290058
0.00255133492915783
0.00255614546941098
0.0025609792256255
0.00256583634023053
0.00257071695611882
0.00257562121664656
0.00258054926563327
0.00258550124736152
0.00259047730657672
0.00259547758848681
0.00260050223876193
0.00260555140353405
0.00261062522939657
0.00261572386340383
0.00262084745307063
0.00262599614637172
0.00263117009174118
0.00263636943807183
0.00264159433471455
0.00264684493147758
0.00265212137862582
0.00265742382687996
0.00266275242741574
0.00266810733186302
0.00267348869230489
0.00267889666127674
0.00268433139176521
0.00268979303720721
0.0026952817514888
0.00270079768894409
0.00270634100435404
0.00271191185294532
0.00271751039038896
0.00272313677279917
0.00272879115673189
0.00273447369918349
0.00274018455758932
0.00274592388982222
0.00275169185419106
0.00275748860943913
0.00276331431474257
0.00276916912970874
0.00277505321437452
0.00278096672920458
0.00278690983508958
0.00279288269334443
0.00279888546570634
0.00280491831433297
0.00281098140180047
0.00281707489110148
0.00282319894564307
0.00282935372924471
0.00283553940613609
0.00284175614095498
0.00284800409874501
0.0028542834449534
0.00286059434542865
0.0028669369664182
0.00287331147456605
0.00287971803691027
0.0028861568208806
0.00289262799429581
0.00289913172536124
0.00290566818266609
0.00291223753518082
0.00291883995225438
0.00292547560361152
0.00293214465934996
0.00293884728993754
0.00294558366620933
0.00295235395936474
0.00295915834096448
0.00296599698292757
0.00297287005752827
0.00297977773739297
0.00298672019549703
0.00299369760516156
0.00300071014005019
0.00300775797416578
0.00301484128184709
0.00302196023776535
0.0030291150169209
0.00303630579463969
0.00304353274656974
0.00305079604867763
0.00305809587724485
0.00306543240886417
0.00307280582043595
0.00308021628916442
0.00308766399255384
0.00309514910840475
0.00310267181481003
0.00311023229015104
0.00311783071309363
0.00312546726258417
0.00313314211784546
0.00314085545837269
0.00314860746392927
0.00315639831454267
0.00316422819050023
0.00317209727234484
0.00318000574087068
0.00318795377711886
0.00319594156237304
0.00320396927815498
0.00321203710622008
0.00322014522855285
0.00322829382736237
0.00323648308507767
0.0032447131843431
0.00325298430801366
0.00326129663915023
0.00326965036101485
0.00327804565706588
0.00328648271095319
0.00329496170651321
0.00330348282776408
0.00331204625890059
0.00332065218428926
0.00332930078846323
0.00333799225611718
0.00334672677210223
0.00335550452142073
0.00336432568922111
0.00337319046079256
0.00338209902155981
0.00339105155707777
0.00340004825302622
0.00340908929520433
0.00341817486952531
0.00342730516201086
0.00343648035878573
0.00344570064607213
0.00345496621018417
0.00346427723752222
0.00347363391456728
0.00348303642787528
0.00349248496407133
0.00350197970984401
0.00351152085193953
0.00352110857715593
0.00353074307233721
0.0035404245243674
0.0035501531201647
0.00355992904667545
0.00356975249086818
0.00357962363972753
0.00358954268024826
0.0035995097994291
0.00360952518426665
0.00361958902174923
0.00362970149885068
0.00363986280252416
0.0036500731196959
0.00366033263725892
0.00367064154206674
0.00368100002092703
0.00369140826059526
0.00370186644776832
0.00371237476907808
0.00372293341108498
0.00373354256027153
0.00374420240303582
0.00375491312568502
0.0037656749144288
0.00377648795537278
0.00378735243451192
0.0037982685377239
0.00380923645076251
0.00382025635925089
0.00383132844867496
0.00384245290437659
0.00385362991154695
0.00386485965521971
0.00387614232026425
0.00388747809137892
0.00389886715308412
0.00391030968971558
0.0039218058854174
0.00393335592413522
0.00394495998960932
0.00395661826536771
0.00396833093471916
0.00398009818074632
0.00399192018629869
0.00400379713398566
0.00401572920616955
0.00402771658495854
0.00403975945219969
0.00405185798947186
0.00406401237807872
0.00407622279904161
0.00408848943309251
0.00410081246066694
0.00411319206189685
0.00412562841660352
0.00413812170429044
0.00415067210413615
0.00416327979498713
0.00417594495535064
0.00418866776338757
0.00420144839690524
0.00421428703335029
0.00422718384980144
0.00424013902296233
0.00425315272915433
0.00426622514430934
0.00427935644396262
0.00429254680324554
0.00430579639687838
0.00431910539916315
0.00433247398397638
0.00434590232476187
0.00435939059452349
0.00437293896581799
0.00438654761074777
0.00440021670095364
0.00441394640760768
0.00442773690140593
0.00444158835256128
0.00445550093079619
0.00446947480533555
0.00448351014489943
0.00449760711769592
0.00451176589141394
0.00452598663321605
0.00454026950973129
0.004554614687048
0.00456902233070665
0.00458349260569272
0.00459802567642954
0.00461262170677115
0.0046272808599952
0.0046420032987958
0.00465678918527646
0.00467163868094299
0.00468655194669639
0.00470152914282584
0.0047165704290016
0.00473167596426799
0.0047468459070364
0.00476208041507825
0.00477737964551798
0.00479274375482612
0.00480817289881233
0.00482366723261841
0.00483922691071143
0.00485485208687684
0.0048705429142115
0.00488629954511692
0.00490212213129235
0.00491801082372798
0.00493396577269816
0.00494998712775456
0.00496607503771951
0.00498222965067917
0.00499845111397688
0.00501473957420648
0.00503109517720562
0.00504751806804914
0.00506400839104248
0.00508056628971507
0.00509719190681383
0.00511388538429657
0.00513064686332556
0.00514747648426105
0.00516437438665478
0.00518134070924366
0.00519837558994334
0.00521547916584186
0.00523265157319336
0.0052498929474118
0.00526720342306469
0.0052845831338669
0.00530203221267447
0.00531955079147846
0.00533713900139883
0.00535479697267839
0.00537252483467676
0.00539032271586434
0.00540819074381634
0.00542612904520693
0.00544413774580325
0.0054622169704596
0.00548036684311165
0.00549858748677064
0.00551687902351765
0.00553524157449794
0.00555367525991526
0.00557218019902624
0.00559075651013487
0.00560940431058695
0.00562812371676458
0.00564691484408077
0.00566577780697403
0.00568471271890302
0.00570371969234126
0.00572279883877183
0.00574195026868221
0.0057611740915591
0.00578047041588327
0.00579983934912456
0.00581928099773677
0.00583879546715274
0.00585838286177941
0.00587804328499295
0.00589777683913391
0.00591758362550248
0.00593746374435371
0.00595741729489288
0.00597744437527085
0.00599754508257948
0.00601771951284714
0.0060379677610342
0.00605828992102865
0.00607868608564167
0.00609915634660342
0.00611970079455869
0.00614031951906273
0.00616101260857711
0.00618178015046565
0.0062026222309903
0.00622353893530723
0.00624453034746289
0.00626559655039012
0.00628673762590432
0.00630795365469974
0.00632924471634578
0.00635061088928327
0.00637205225082096
0.00639356887713199
0.00641516084325036
0.00643682822306759
0.00645857108932934
0.00648038951363211
0.00650228356642001
0.00652425331698161
0.0065462988334468
0.00656842018278376
0.00659061743079593
0.00661289064211914
0.0066352398802187
0.00665766520738659
0.00668016668473873
0.00670274437221228
0.00672539832856303
0.00674812861136282
0.0067709352769971
0.00679381838066239
0.00681677797636401
0.0068398141169137
0.00686292685392741
0.0068861162378231
0.00690938231781863
0.00693272514192969
0.00695614475696782
0.00697964120853847
0.00700321454103914
0.0070268647976576
0.00705059202037008
0.00707439624993972
0.00709827752591485
0.00712223588662749
0.00714627136919188
0.00717038400950307
0.00719457384223555
0.00721884090084196
0.00724318521755193
0.00726760682337086
0.00729210574807886
0.00731668202022974
0.00734133566715003
0.0073660667149381
0.00739087518846333
0.00741576111136538
0.00744072450605344
0.00746576539370564
0.00749088379426848
0.00751607972645633
0.00754135320775097
0.00756670425440131
0.00759213288142297
0.00761763910259813
0.00764322293047534
0.0076688843763694
0.00769462345036133
0.00772044016129842
0.00774633451679427
0.00777230652322902
0.0077983561857495
0.00782448350826956
0.00785068849347042
0.0078769711428011
0.00790333145647884
0.00792976943348977
0.00795628507158939
0.00798287836730335
0.00800954931592814
0.00803629791153191
0.00806312414695534
0.00809002801381263
0.00811700950249239
0.00814406860215883
0.00817120530075278
0.00819841958499297
0.00822571144037723
0.00825308085118384
0.00828052780047293
0.00830805227008787
0.00833565424065683
0.00836333369159433
0.0083910906011029
0.00841892494617475
0.00844683670259354
0.00847482584493624
0.00850289234657496
0.0085310361796789
0.00855925731521642
0.00858755572295704
0.0086159313714736
0.00864438422814448
0.0086729142591558
0.00870152142950376
0.00873020570299701
0.00875896704225909
0.0087878054087309
0.00881672076267329
0.00884571306316965
0.00887478226812855
0.00890392833428652
0.00893315121721082
0.00896245087130226
0.00899182724979816
0.00902128030477521
0.00905080998715263
0.00908041624669511
0.00911009903201602
0.00913985829058056
0.00916969396870903
0.00919960601158011
0.00922959436323423
0.00925965896657697
0.00928979976338251
0.00932001669429718
0.00935030969884299
0.00938067871542132
0.00941112368131653
0.00944164453269973
0.00947224120463258
0.00950291363107107
0.00953366174486947
0.00956448547778424
0.00959538476047802
0.00962635952252369
0.00965740969240846
0.00968853519753799
0.00971973596424062
0.00975101191777158
0.0097823629823173
0.00981378908099972
0.00984529013588075
0.00987686606796663
0.00990851679721243
0.00994024224252661
0.00997204232177556
0.0100039169517883
0.0100358660483609
0.0100678895262617
0.0100999872992355
0.0101321592800087
0.0101644053802939
0.0101967255107953
0.0102291195812131
0.0102615875002484
0.010294129175609
0.0103267445140135
0.010359433421197
0.0103921958019162
0.0104250315599544
0.0104579405981267
0.0104909228182854
0.0105239781213253
0.0105571064071891
0.0105903075748724
0.0106235815224297
0.0106569281469795
0.0106903473447097
0.0107238390108834
0.0107574030398443
0.0107910393250223
0.0108247477589394
0.0108585282332149
0.0108923806385714
0.0109263048648407
0.0109603008009691
0.0109943683350236
0.0110285073541976
0.0110627177448168
0.011096999392345
0.0111313521813902
0.0111657759957105
0.0112002707182198
0.0112348362309945
0.0112694724152787
0.0113041791514911
0.0113389563192304
0.0113738037972819
0.0114087214636235
0.011443709195432
0.0114787668690891
0.0115138943601877
0.0115490915435383
0.0115843582931753
0.011619694482363
0.0116550999836024
0.0116905746686371
0.0117261184084602
0.0117617310733201
0.0117974125327273
0.0118331626554611
0.0118689813095753
0.0119048683624055
0.0119408236805751
0.011976847130002
0.0120129385759052
0.0120490978828113
0.0120853249145609
0.0121216195343157
0.0121579816045646
0.0121944109871307
0.0122309075431776
0.0122674711332165
0.0123041016171124
0.0123407988540912
0.0123775627027464
0.0124143930210454
0.0124512896663366
0.0124882524953562
0.0125252813642348
0.0125623761285041
0.0125995366431039
0.0126367627623889
0.0126740543401351
0.0127114112295472
0.0127488332832651
0.0127863203533707
0.0128238722913948
0.0128614889483242
0.0128991701746081
0.0129369158201654
0.0129747257343913
0.0130125997661642
0.0130505377638528
0.0130885395753228
0.0131266050479437
0.0131647340285961
0.0132029263636781
0.0132411818991127
0.0132795004803543
0.0133178819523957
0.0133563261597753
0.0133948329465838
0.0134334021564711
0.0134720336326531
0.013510727217919
0.013549482754638
0.013588300084766
0.0136271790498531
0.0136661194910497
0.0137051212491144
0.01374418416442
0.0137833080769609
0.0138224928263601
0.0138617382518757
0.0139010441924081
0.0139404104865069
0.0139798369723778
0.0140193234878891
0.0140588698705791
0.0140984759576629
0.0141381415860389
0.0141778665922961
0.0142176508127207
0.014257494083303
0.0142973962397443
0.0143373571174638
0.0143773765516052
0.0144174543770436
0.0144575904283927
0.0144977845400109
0.0145380365460086
0.0145783462802548
0.0146187135763841
0.014659138267803
0.0146996201876971
0.0147401591690375
0.0147807550445878
0.0148214076469107
0.0148621168083745
0.0149028823611602
0.0149437041372679
0.0149845819685232
0.0150255156865847
0.0150665051229496
0.0151075501089609
0.0151486504758141
0.0151898060545634
0.0152310166761284
0.0152722821713009
0.015313602370751
0.015354977105034
0.0153964062045968
0.0154378894997842
0.0154794268208456
0.0155210179979414
0.0155626628611493
0.0156043612404709
0.0156461129658379
0.0156879178671188
0.0157297757741248
0.0157716865166165
0.01581364992431
0.0158556658268835
0.015897734053983
0.0159398544352294
0.0159820268002239
0.0160242509785546
0.0160665267998029
0.0161088540935492
0.0161512326893795
0.016193662416891
0.0162361431056988
0.0162786745854417
0.016321256685788
0.0163638892364422
0.0164065720671501
0.0164493050077057
0.0164920878879567
0.0165349205378103
0.0165778027872395
0.0166207344662887
0.0166637154050799
0.0167067454338179
0.0167498243827969
0.0167929520824059
0.0168361283631343
0.0168793530555779
0.0169226259904447
0.0169659469985602
0.0170093159108735
0.0170527325584627
0.0170961967725404
0.0171397083844596
0.017183267225719
0.0172268731279686
0.0172705259230151
0.0173142254428279
0.0173579715195436
0.0174017639854722
0.0174456026731023
0.0174894874151063
0.0175334180443458
0.017577394393877
0.0176214162969559
0.0176654835870436
0.0177095960978112
0.0177537536631458
0.0177979561171545
0.0178422032941707
0.0178864950287583
0.0179308311557173
0.0179752115100886
0.018019635927159
0.0180641042424666
0.0181086162918051
0.0181531719112291
0.018197770937059
0.0182424132058857
0.0182870985545757
0.0183318268202756
0.018376597840417
0.0184214114527214
0.0184662674952044
0.0185111658061811
0.0185561062242703
0.018601088588399
0.0186461127378072
0.0186911785120528
0.0187362857510154
0.0187814342949011
0.0188266239842473
0.0188718546599267
0.0189171261631516
0.018962438335479
0.0190077910188141
0.0190531840554149
0.0190986172878966
0.0191440905592359
0.0191896037127748
0.0192351565922251
0.0192807490416727
0.0193263809055812
0.0193720520287964
0.0194177622565502
0.0194635114344646
0.0195092994085558
0.0195551260252381
0.0196009911313275
0.0196468945740463
0.0196928362010262
0.0197388158603126
0.0197848334003683
0.0198308886700771
0.0198769815187477
0.0199231117961173
0.0199692793523552
0.0200154840380668
0.0200617257042968
0.0201080042025326
0.0201543193847087
0.020200671103209
0.0202470592108715
0.0202934835609907
0.0203399440073217
0.0203864404040831
0.0204329726059608
0.0204795404681109
0.0205261438461633
0.0205727825962246
0.0206194565748817
0.0206661656392047
0.0207129096467502
0.0207596884555643
0.0208065019241858
0.0208533499116493
0.020900232277488
0.0209471488817368
0.0209940995849354
0.021041084248131
0.0210881027328815
0.021135154901258
0.0211822406158478
0.0212293597397574
0.021276512136615
0.0213236976705732
0.021370916206312
0.0214181676090414
0.0214654517445036
0.0215127684789764
0.0215601176792751
0.0216074992127554
0.0216549129473159
0.0217023587514005
0.0217498364940009
0.021797346044659
0.0218448872734694
0.0218924600510817
0.0219400642487027
0.0219876997380991
0.0220353663915994
0.0220830640820962
0.0221307926830488
0.0221785520684847
0.0222263421130026
0.0222741626917736
0.0223220136805443
0.0223698949556379
0.0224178063939571
0.0224657478729854
0.0225137192707895
0.0225617204660213
0.0226097513379196
0.0226578117663118
0.0227059016316165
0.0227540208148446
0.0228021691976014
0.0228503466620884
0.0228985530911051
0.0229467883680506
0.0229950523769253
0.0230433450023325
0.0230916661294805
0.0231400156441835
0.0231883934328638
0.0232367993825529
0.0232852333808933
0.0233336953161401
0.023382185077162
0.0234307025534433
0.023479247635085
0.0235278202128061
0.0235764201779454
0.0236250474224624
0.0236737018389387
0.0237223833205797
0.0237710917612151
0.0238198270553008
0.0238685890979198
0.0239173777847834
0.0239661930122326
0.0240150346772387
0.024063902677405
0.0241127969109674
0.0241617172767958
0.0242106636743949
0.0242596360039054
0.0243086341661046
0.0243576580624079
0.0244067075948693
0.0244557826661825
0.0245048831796815
0.024554009039342
0.0246031601497817
0.0246523364162612
0.0247015377446852
0.0247507640416026
0.0248000152142078
0.0248492911703411
0.0248985918184894
0.0249479170677871
0.0249972668280163
0.0250466410096081
0.0250960395236423
0.0251454622818487
0.0251949091966074
0.0252443801809493
0.0252938751485565
0.0253433940137632
0.0253929366915555
0.0254425030975724
0.025492093148106
0.0255417067601019
0.0255913438511595
0.0256410043395325
0.0256906881441292
0.0257403951845127
0.0257901253809012
0.0258398786541684
0.0258896549258437
0.0259394541181121
0.0259892761538151
0.0260391209564503
0.0260889884501716
0.0261388785597895
0.0261887912107716
0.0262387263292417
0.0262886838419809
0.0263386636764272
0.0263886657606755
0.0264386900234777
0.0264887363942429
0.0265388048030372
0.0265888951805834
0.0266390074582616
0.0266891415681087
0.0267392974428182
0.0267894750157404
0.0268396742208823
0.0268898949929072
0.0269401372671345
0.0269904009795399
0.0270406860667551
0.0270909924660671
0.0271413201154188
0.0271916689534079
0.0272420389192873
0.0272924299529647
0.0273428419950017
0.0273932749866145
0.0274437288696727
0.0274942035866994
0.0275446990808706
0.0275952152960153
0.0276457521766143
0.0276963096678006
0.0277468877153585
0.0277974862657233
0.0278481052659808
0.0278987446638669
0.0279494044077671
0.028000084446716
0.0280507847303966
0.0281015052091401
0.0281522458339252
0.0282030065563774
0.0282537873287687
0.0283045881040167
0.0283554088356844
0.0284062494779792
0.0284571099857524
0.0285079903144988
0.0285588904203555
0.0286098102601019
0.0286607497911584
0.0287117089715863
0.0287626877600864
0.028813686115999
0.0288647039993025
0.0289157413706133
0.0289667981911845
0.0290178744229054
0.0290689700283007
0.0291200849705296
0.0291712192133852
0.0292223727212934
0.0292735454593123
0.0293247373931311
0.0293759484890697
0.0294271787140772
0.0294784280357318
0.0295296964222391
0.0295809838424317
0.0296322902657683
0.0296836156623326
0.0297349600028324
0.0297863232585985
0.0298377054015844
0.0298891064043644
0.0299405262401333
0.0299919648827053
0.0300434223065127
0.0300948984866054
0.0301463933986495
0.0301979070189261
0.0302494393243311
0.0303009902923732
0.0303525599011735
0.030404148129464
0.030455754956587
0.0305073803624936
0.0305590243277428
0.0306106868335004
0.0306623678615379
0.0307140673942315
0.0307657854145606
0.0308175219061072
0.0308692768530542
0.0309210502401849
0.0309728420528812
0.0310246522771228
0.0310764808994862
0.031128327907143
0.0311801932878592
0.0312320770299938
0.0312839791224975
0.0313358995549118
0.0313878383173674
0.0314397954005836
0.0314917707958661
0.0315437644951068
0.0315957764907819
0.0316478067759509
0.0316998553442553
0.0317519221899172
0.0318040073077384
0.0318561106930988
0.0319082323419552
0.0319603722508401
0.0320125304168603
0.0320647068376956
0.0321169015115978
0.0321691144373889
0.0322213456144601
0.0322735950427705
0.0323258627228455
0.032378148655776
0.0324304528432164
0.0324827752873837
0.0325351159910562
0.0325874749575717
0.0326398521908268
0.0326922476952748
0.032744661475925
0.032797093538341
0.0328495438886393
0.032902012533488
0.0329544994801055
0.0330070047362589
0.033059528310263
0.0331120702109782
0.0331646304478101
0.033217209030707
0.0332698059701594
0.033322421277198
0.0333750549633927
0.0334277070408508
0.0334803775222159
0.0335330664206663
0.0335857737499135
0.0336384995242011
0.0336912437583029
0.0337440064675218
0.0337967876676883
0.0338495873751589
0.0339024056068149
0.0339552423800606
0.0340080977128223
0.0340609716235463
0.034113864131198
0.03416677525526
0.0342197050157309
0.0342726534331236
0.0343256205284641
0.0343786063232897
0.0344316108396478
0.0344846341000945
0.0345376761276926
0.0345907369460107
0.0346438165791214
0.0346969150515999
0.0347500323885223
0.0348031686154647
0.034856323758501
0.0349094978442017
0.0349626908996324
0.0350159029523526
0.0350691340304136
0.0351223841623574
0.035175653377215
0.0352289417045051
0.0352822491742325
0.0353355758168864
0.0353889216634393
0.035442286745345
0.0354956710945375
0.0355490747434292
0.0356024977249095
0.0356559400723434
0.0357094018195697
0.0357628830008996
0.0358163836511155
0.0358699038054689
0.0359234434996792
0.0359770027699323
0.0360305816528787
0.0360841801856324
0.036137798405769
0.0361914363513244
0.0362450940607932
0.0362987715731271
0.0363524689277335
0.0364061861644741
0.0364599233236627
0.0365136804460646
0.0365674575728944
0.0366212547458147
0.0366750720069347
0.0367289093988082
0.0367827669644328
0.0368366447472475
0.0368905427911318
0.0369444611404042
0.03699839983982
0.0370523589345706
0.0371063384702814
0.0371603384930102
0.0372143590492464
0.0372684001859085
0.0373224619503433
0.037376544390324
0.0374306475540486
0.0374847714901388
0.037538916247638
0.03759308187601
0.0376472684251373
0.0377014759453199
0.0377557044872732
0.0378099541021271
0.0378642248414242
0.0379185167571178
0.0379728299015714
0.038027164327556
0.0380815200882496
0.0381358972372348
0.038190295828498
0.0382447159164273
0.0382991575558113
0.0383536208018375
0.0384081057100907
0.0384626123365514
0.0385171407375946
0.0385716909699879
0.0386262630908901
0.0386808571578497
0.0387354732288035
0.0387901113620748
0.0388447716163721
0.0388994540507874
0.0389541587247947
0.0390088856982488
0.0390636350313832
0.0391184067848091
0.0391732010195135
0.0392280177968581
0.0392828571785772
0.0393377192267767
0.0393926040039324
0.0394475115728884
0.0395024419968557
0.0395573953394105
0.0396123716644929
0.0396673710364053
0.039722393519811
0.0397774391797323
0.0398325080815495
0.0398876002909991
0.0399427158741722
0.0399978548975133
0.0400530174278185
0.0401082035322342
0.0401634132782553
0.0402186467337242
0.0402739039668287
0.0403291850461011
0.040384490040416
0.0404398190189895
0.0404951720513771
0.0405505492074727
0.0406059505575069
0.0406613761720452
0.0407168261219871
0.040772300478564
0.0408277993133382
0.0408833226982011
0.0409388707053718
0.0409944434073956
0.0410500408771426
0.0411056631878059
0.0411613104129005
0.0412169826262617
0.0412726799020435
0.041328402314717
0.0413841499390692
0.0414399228502016
0.0414957211235281
0.0415515448347744
0.0416073940599755
0.0416632688754753
0.0417191693579242
0.0417750955842782
0.0418310476317972
0.0418870255780435
0.0419430295008804
0.0419990594784708
0.0420551155892753
0.0421111979120515
0.0421673065258517
0.042223441510022
0.0422796029442006
0.0423357909083165
0.0423920054825875
0.0424482467475196
0.0425045147839048
0.0425608096728199
0.0426171314956252
0.0426734803339627
0.0427298562697548
0.042786259385203
0.0428426897627862
0.0428991474852592
0.0429556326356516
0.043012145297266
0.0430686855536765
0.0431252534887276
0.0431818491865325
0.0432384727314715
0.043295124208191
0.0433518037016015
0.0434085112968767
0.0434652470794515
0.043522011135021
0.0435788035495386
0.0436356244092153
0.0436924738005173
0.0437493518101651
0.0438062585251323
0.0438631940326434
0.0439201584201731
0.0439771517754443
0.044034174186427
0.0440912257413367
0.0441483065286331
0.0442054166370185
0.0442625561554364
0.04431972517307
0.044376923779341
0.0444341520639079
0.0444914101166647
0.0445486980277394
0.0446060158874925
0.0446633637865157
0.0447207418156305
0.0447781500658866
0.0448355886285605
0.044893057595154
0.0449505570573931
0.0450080871072262
0.0450656478368228
0.045123239338572
0.0451808617050813
0.0452385150291748
0.045296199403892
0.0453539149224865
0.0454116616784242
0.0454694397653822
0.0455272492772471
0.0455850903081138
0.045642962952284
0.0457008673042647
0.0457588034587668
0.0458167715107038
0.04587477155519
0.0459328036875397
0.0459908680032652
0.0460489645980754
0.0461070935678749
0.0461652550087619
0.0462234490170274
0.0462816756891532
0.0463399351218108
0.04639822741186
0.0464565526563473
0.0465149109525046
0.0465733023977476
0.0466317270896748
0.0466901851260653
0.0467486766048784
0.0468072016242512
0.0468657602824976
0.0469243526781073
0.0469829789097433
0.0470416390762417
0.0471003332766093
0.0471590616100227
0.0472178241758266
0.0472766210735328
0.0473354524028182
0.0473943182635237
0.0474532187556528
0.04751215397937
0.0475711240349995
0.0476301290230237
0.0476891690440818
0.0477482441989685
0.0478073545886323
0.0478665003141743
0.0479256814768465
0.0479848981780509
0.0480441505193373
0.0481034386024028
0.0481627625290892
0.0482221224013829
0.0482815183214124
0.0483409503914474
0.048400418713897
0.0484599233913089
0.0485194645263672
0.0485790422218915
0.0486386565808353
0.0486983077062845
0.0487579957014559
0.0488177206696961
0.0488774827144797
0.0489372819394081
0.0489971184482079
0.0490569923447295
0.0491169037329458
0.0491768527169504
0.0492368394009567
0.049296863889296
0.0493569262864162
0.0494170266968804
0.0494771652253655
0.0495373419766605
0.0495975570556655
0.0496578105673897
0.0497181026169503
0.0497784333095713
0.0498388027505813
0.0498992110454127
0.0499596582996001
0.0500201446187787
0.0500806701086828
0.0501412348751448
0.0502018390240931
0.050262482661551
0.0503231658936355
0.0503838888265552
0.0504446515666094
0.0505054542201863
0.0505662968937617
0.0506271796938975
0.0506881027272403
0.0507490661005198
0.0508100699205473
0.0508711142942147
0.0509321993284922
0.0509933251304276
0.0510544918071444
0.0511156994658406
0.0511769482137869
0.0512382381583254
0.0512995694068684
0.0513609420668963
0.0514223562459566
0.0514838120516625
0.0515453095916908
0.0516068489737812
0.0516684303057342
0.05173005369541
0.0517917192507269
0.0518534270796594
0.0519151772902377
0.0519769699905451
0.0520388052887172
0.0521006832929402
0.0521626041114495
0.0522245678525279
0.0522865746245045
0.0523486245357529
0.0524107176946899
0.0524728542097739
0.0525350341895034
0.0525972577424154
0.0526595249770842
0.0527218360021194
0.052784190926165
0.0528465898578972
0.0529090329060235
0.052971520179281
0.0530340517864343
0.0530966278362752
0.0531592484376198
0.0532219136993081
0.0532846237302018
0.053347378639183
0.0534101785351528
0.0534730235270295
0.0535359137237471
0.0535988492342541
0.0536618301675115
0.0537248566324917
0.0537879287381767
0.0538510465935563
0.0539142103076274
0.0539774199893915
0.0540406757478537
0.0541039776920211
0.054167325930901
0.0542307205734998
0.0542941617288208
0.0543576495058633
0.0544211840136206
0.0544847653610787
0.0545483936572146
0.0546120690109947
0.0546757915313734
0.0547395613272913
0.0548033785076738
0.0548672431814296
0.054931155457449
0.0549951154446021
0.0550591232517378
0.0551231789876816
0.0551872827612346
0.0552514346811712
0.0553156348562384
0.0553798833951533
0.0554441804066024
0.0555085259992391
0.0555729202816829
0.0556373633625174
0.0557018553502886
0.0557663963535037
0.0558309864806291
0.0558956258400891
0.0559603145402641
0.0560250526894889
0.0560898403960516
0.0561546777681912
0.0562195649140968
0.0562845019419052
0.0563494889597
0.0564145260755095
0.0564796133973052
0.0565447510330004
0.0566099390904482
0.05667517767744
0.056740466901704
0.0568058068709036
0.0568711976926354
0.056936639474428
0.0570021323237401
0.0570676763479588
0.0571332716543984
0.057198918350298
0.0572646165428206
0.0573303663390511
0.0573961678459945
0.0574620211705747
0.0575279264196322
0.0575938836999231
0.0576598931181171
0.0577259547807957
0.057792068794451
0.0578582352654835
0.0579244543002007
0.0579907260048156
0.0580570504854446
0.0581234278481062
0.0581898581987191
0.0582563416431007
0.058322878286965
0.0583894682359216
0.0584561115954734
0.0585228084710153
0.0585895589678322
0.0586563631910977
0.0587232212458718
0.0587901332371
0.0588570992696107
0.0589241194481144
0.0589911938772013
0.05905832266134
0.0591255059048756
0.0591927437120279
0.0592600361868901
0.0593273834334266
0.0593947855554715
0.0594622426567271
0.0595297548407618
0.0595973222110084
0.0596649448707627
0.0597326229231817
0.0598003564712814
0.0598681456179358
0.0599359904658745
0.0600038911176815
0.0600718476757931
0.0601398602424962
0.060207928919927
0.0602760538100685
0.0603442350147494
0.0604124726356421
0.0604807667742608
0.0605491175319602
0.0606175250099333
0.0606859893092098
0.0607545105306545
0.0608230887749653
0.0608917241426715
0.0609604167341323
0.0610291666495347
0.0610979739888918
0.0611668388520411
0.061235761338643
0.0613047415481785
0.0613737795799477
0.0614428755330682
0.061512029506473
0.061581241598909
0.0616505119089349
0.0617198405349198
0.0617892275750412
0.0618586731272832
0.0619281772894349
0.0619977401590883
0.0620673618336369
0.0621370424102736
0.0622067819859892
0.0622765806575701
0.0623464385215971
0.0624163556744433
0.0624863322122725
0.0625563682310369
0.062626463826476
0.0626966190941144
0.0627668341292599
0.062837109027002
0.06290744388221
0.062977838789531
0.0630482938433884
0.0631188091379798
0.0631893847672756
0.0632600208250166
0.0633307174047126
0.0634014745996407
0.0634722925028432
0.0635431712071257
0.0636141108050557
0.0636851113889605
0.0637561730509253
0.0638272958827916
0.0638984799761555
0.0639697254223653
0.0640410323125202
0.0641124007374686
0.0641838307878057
0.0642553225538722
0.0643268761257519
0.0643984915932708
0.0644701690459943
0.064541908573226
0.0646137102640056
0.064685574207107
0.064757500491037
0.0648294892040326
0.0649015404340602
0.0649736542688127
0.0650458307957085
0.0651180701018893
0.0651903722742185
0.0652627373992788
0.0653351655633713
0.0654076568525126
0.065480211352434
0.065552829148579
0.0656255103261014
0.0656982549698642
0.0657710631644368
0.0658439349940941
0.0659168705428137
0.0659898698942752
0.0660629331318572
0.0661360603386364
0.066209251597385
0.0662825069905698
0.0663558266003492
0.0664292105085725
0.0665026587967773
0.0665761715461879
0.0666497488377136
0.0667233907519467
0.0667970973691607
0.0668708687693086
0.0669447050320209
0.0670186062366038
0.0670925724620374
0.067166603786974
0.067240700289736
0.0673148620483143
0.0673890891403663
0.0674633816432143
0.0675377396338434
0.0676121631888999
0.0676866523846894
0.067761207297175
0.0678358280019752
0.0679105145743625
0.0679852670892616
0.0680600856212469
0.0681349702445417
0.0682099210330153
0.0682849380601821
0.0683600213991994
0.0684351711228654
0.0685103873036176
0.0685856700135312
0.0686610193243169
0.0687364353073191
0.0688119180335146
0.0688874675735102
0.068963083997541
0.0690387673754692
0.0691145177767813
0.0691903352705871
0.0692662199256177
0.0693421718102235
0.0694181909923725
0.0694942775396487
0.0695704315192502
0.069646652997987
0.0697229420422799
0.0697992987181584
0.0698757230912589
0.0699522152268228
0.0700287751896949
0.0701054030443217
0.0701820988547495
0.0702588626846224
0.0703356945971811
0.0704125946552605
0.0704895629212885
0.0705665994572839
0.0706437043248545
0.0707208775851958
0.070798119299089
0.0708754295268991
0.0709528083285736
0.0710302557636401
0.0711077718912052
0.0711853567699522
0.0712630104581401
0.0713407330136009
0.0714185244937388
0.0714963849555278
0.0715743144555104
0.0716523130497956
0.0717303807940572
0.0718085177435324
0.0718867239530199
0.0719649994768778
0.0720433443690228
0.0721217586829275
0.0722002424716193
0.0722787957876787
0.0723574186832374
0.0724361112099767
0.0725148734191258
0.0725937053614602
0.0726726070872999
0.0727515786465078
0.0728306200884882
0.0729097314621848
0.0729889128160793
0.0730681641981896
0.0731474856560682
0.0732268772368008
0.0733063389870041
0.0733858709528249
0.0734654731799377
0.0735451457135436
0.0736248885983686
0.0737047018786618
0.0737845855981941
0.073864539800256
0.0739445645276568
0.0740246598227223
0.0741048257272938
0.0741850622827259
0.0742653695298855
0.0743457475091499
0.0744261962604051
0.0745067158230446
0.0745873062359678
0.074667967537578
0.0747486997657813
0.074829502957985
0.0749103771510959
0.0749913223815188
0.0750723386851552
0.0751534260974014
0.0752345846531473
0.0753158143867747
0.075397115332156
0.0754784875226524
0.0755599309911127
0.0756414457698718
0.0757230318907489
0.0758046893850465
0.0758864182835484
0.0759682186165187
0.0760500904137001
0.0761320337043128
0.0762140485170523
0.0762961348800889
0.0763782928210656
0.0764605223670969
0.0765428235447674
0.0766251963801306
0.076707640898707
0.0767901571254832
0.0768727450849102
0.0769554048009021
0.077038136296835
0.077120939595545
0.0772038147193278
0.0772867616899362
0.0773697805285798
0.0774528712559231
0.0775360338920841
0.0776192684566334
0.0777025749685927
0.0777859534464333
0.077869403908075
0.0779529263708849
0.0780365208516759
0.0781201873667055
0.0782039259316747
0.0782877365617266
0.078371619271445
0.0784555740748534
0.078539600985414
0.0786237000160257
0.0787078711790236
0.0787921144861777
0.0788764299486912
0.0789608175772
0.0790452773817711
0.0791298093719015
0.0792144135565171
0.0792990899439714
0.0793838385420446
0.0794686593579424
0.0795535523982945
0.0796385176691543
0.0797235551759967
0.079808664923718
0.0798938469166344
0.0799791011584806
0.0800644276524093
0.08014982640099
0.0802352974062076
0.0803208406694616
0.0804064561915653
0.0804921439727444
0.0805779040126361
0.0806637363102882
0.0807496408641581
0.0808356176721115
0.0809216667314222
0.08100778803877
0.0810939815902409
0.0811802473813253
0.0812665854069176
0.081352995661315
0.0814394781382166
0.0815260328307228
0.081612659731334
0.0816993588319499
0.0817861301238688
0.0818729735977863
0.0819598892437951
0.0820468770513834
0.0821339370094349
0.0822210691062271
0.0823082733294315
0.0823955496661117
0.0824828981027235
0.0825703186251138
0.0826578112185198
0.0827453758675684
0.0828330125562752
0.0829207212680441
0.0830085019856664
0.0830963546913202
0.0831842793665693
0.0832722759923634
0.0833603445490365
0.0834484850163069
0.0835366973732762
0.0836249815984286
0.0837133376696307
0.0838017655641306
0.0838902652585572
0.0839788367289201
0.0840674799506082
0.0841561948983901
0.0842449815464129
0.0843338398682018
0.0844227698366597
0.0845117714240666
0.0846008446020792
0.0846899893417302
0.0847792056134282
0.0848684933869568
0.0849578526314744
0.0850472833155139
0.0851367854069817
0.0852263588731583
0.0853160036806968
0.0854057197956231
0.0854955071833358
0.085585365808605
0.0856752956355728
0.0857652966277525
0.0858553687480283
0.0859455119586554
0.086035726221259
0.0861260114968347
0.0862163677457479
0.0863067949277336
0.0863972930018961
0.0864878619267089
0.0865785016600145
0.0866692121590241
0.0867599933803175
0.0868508452798425
0.0869417678129158
0.0870327609342216
0.0871238245978123
0.0872149587571083
0.0873061633648972
0.0873974383733349
0.0874887837339444
0.0875801993976165
0.0876716853146093
0.0877632414345483
0.0878548677064267
0.0879465640786047
0.0880383304988103
0.0881301669141388
0.0882220732710529
0.088314049515383
0.0884060955923271
0.0884982114464507
0.0885903970216874
0.0886826522613384
0.0887749771080731
0.0888673715039291
0.0889598353903121
0.0890523687079966
0.0891449713971255
0.0892376433972108
0.0893303846471333
0.0894231950851433
0.0895160746488608
0.0896090232752754
0.0897020409007467
0.0897951274610049
0.0898882828911509
0.0899815071256562
0.0900748000983641
0.0901681617424893
0.0902615919906185
0.090355090774711
0.0904486580260988
0.0905422936754871
0.0906359976529546
0.0907297698879543
0.0908236103093135
0.0909175188452346
0.0910114954232956
0.0911055399704501
0.0911996524130285
0.091293832676738
0.0913880806866636
0.091482396367268
0.0915767796423929
0.0916712304352593
0.0917657486684677
0.0918603342639996
0.0919549871432173
0.0920497072268648
0.0921444944350689
0.0922393486873393
0.0923342699025694
0.0924292579990375
0.0925243128944068
0.0926194345057267
0.0927146227494333
0.0928098775413504
0.09290519879669
0.0930005864300531
0.093096040355431
0.0931915604862055
0.0932871467351503
0.0933827990144315
0.0934785172356084
0.0935743013096351
0.0936701511468604
0.0937660666570296
0.0938620477492851
0.093958094332167
0.0940542063136149
0.0941503836009683
0.0942466261009674
0.094342933719755
0.0944393063628767
0.0945357439352823
0.094632246341327
0.0947288134847721
0.0948254452687865
0.0949221415959476
0.0950189023682424
0.0951157274870691
0.0952126168532374
0.0953095703669706
0.0954065879279061
0.0955036694350972
0.0956008147870138
0.095698023881544
0.0957952966159951
0.0958926328870953
0.0959900325909944
0.0960874956232657
0.0961850218789069
0.0962826112523415
0.0963802636374204
0.0964779789274231
0.0965757570150591
0.0966735977924692
0.0967715011512272
0.0968694669823409
0.0969674951762542
0.0970655856228477
0.0971637382114411
0.0972619528307939
0.0973602293691076
0.0974585677140266
0.0975569677526401
0.0976554293714837
0.0977539524565409
0.0978525368932445
0.0979511825664784
0.0980498893605793
0.0981486571593382
0.0982474858460019
0.098346375303275
0.0984453254133216
0.0985443360577664
0.0986434071176971
0.0987425384736659
0.0988417300056911
0.0989409815932591
0.0990402931153258
0.099139664450319
0.0992390954761395
0.0993385860701635
0.099438136109244
0.0995377454697129
0.0996374140273831
0.0997371416575496
0.0998369282349924
0.0999367736339775
0.100036677728259
0.100136640391083
0.100236661495185
0.100336740912797
0.100436878515646
0.100537074174957
0.100637327761457
0.100737639145374
0.100838008196439
0.100938434783891
0.101038918776478
0.101139460042456
0.101240058449597
0.101340713865184
0.101441426156019
0.101542195188424
0.101643020828239
0.101743902940831
0.101844841391089
0.101945836043433
0.102046886761811
0.102147993409702
0.102249155850124
0.102350373945626
0.1024516475583
0.102552976549777
0.102654360781234
0.102755800113391
0.102857294406519
0.102958843520437
0.103060447314519
0.103162105647693
0.103263818378445
0.10336558536482
0.103467406464429
0.103569281534444
0.103671210431607
0.103773193012227
0.103875229132189
0.10397731864695
0.104079461411544
0.104181657280588
0.104283906108278
0.104386207748396
0.104488562054311
0.104590968878983
0.104693428074963
0.104795939494398
0.104898502989034
0.105001118410214
0.105103785608887
0.105206504435606
0.105309274740533
0.10541209637344
0.105514969183713
0.105617893020355
0.105720867731986
0.10582389316685
0.105926969172814
0.106030095597373
0.10613327228765
0.106236499090403
0.106339775852024
0.106443102418543
0.106546478635632
0.106649904348606
0.106753379402428
0.106856903641708
0.10696047691071
0.107064099053353
0.107167769913213
0.107271489333529
0.107375257157202
0.1074790732268
0.10758293738456
0.107686849472394
0.107790809331886
0.107894816804301
0.107998871730584
0.108102973951364
0.10820712330696
0.108311319637378
0.108415562782319
0.108519852581179
0.108624188873056
0.108728571496746
0.108833000290755
0.108937475093295
0.109041995742289
0.109146562075375
0.109251173929911
0.109355831142971
0.109460533551358
0.109565280991597
0.109670073299948
0.1097749103124
0.109879791864681
0.109984717792257
0.110089687930337
0.110194702113876
0.110299760177578
0.110404861955899
0.11051000728305
0.110615195993001
0.110720427919483
0.110825702895994
0.110931020755799
0.111036381331932
0.111141784457206
0.111247229964209
0.111352717685312
0.111458247452668
0.111563819098221
0.111669432453703
0.111775087350642
0.111880783620364
0.111986521093994
0.112092299602463
0.11219811897651
0.112303979046683
0.112409879643346
0.112515820596679
0.112621801736684
0.112727822893188
0.112833883895843
0.112939984574136
0.113046124757386
0.113152304274749
0.113258522955224
0.113364780627654
0.11347107712073
0.113577412262996
0.113683785882848
0.113790197808541
0.113896647868195
0.114003135889791
0.11410966170118
0.114216225130087
0.11432282600411
0.114429464150727
0.114536139397298
0.114642851571071
0.11474960049918
0.114856386008655
0.114963207926421
0.115070066079304
0.11517696029403
0.115283890397237
0.115390856215469
0.115497857575187
0.115604894302768
0.115711966224509
0.115819073166635
0.115926214955295
0.116033391416572
0.116140602376484
0.116247847660986
0.116355127095977
0.116462440507302
0.116569787720753
0.116677168562078
0.116784582856978
0.116892030431117
0.116999511110121
0.117107024719585
0.117214571085071
0.11732215003212
0.117429761386247
0.117537404972951
0.117645080617715
0.117752788146011
0.117860527383303
0.117968298155051
0.118076100286715
0.118183933603758
0.118291797931647
0.118399693095864
0.118507618921902
0.118615575235271
0.118723561861504
0.118831578626157
0.118939625354816
0.119047701873097
0.119155808006654
0.119263943581179
0.119372108422405
0.119480302356115
0.11958852520814
0.119696776804364
0.119805056970729
0.11991336553324
0.120021702317963
0.120130067151035
0.120238459858663
0.120346880267131
0.120455328202801
0.120563803492117
0.120672305961612
0.120780835437907
0.120889391747716
0.120997974717852
0.121106584175227
0.121215219946859
0.121323881859874
0.121432569741508
0.121541283419114
0.121650022720165
0.121758787472253
0.1218675775031
0.121976392640555
0.122085232712603
0.122194097547364
0.122302986973099
0.122411900818214
0.122520838911264
0.122629801080952
0.12273878715614
0.122847796965847
0.122956830339253
0.123065887105708
0.123174967094727
0.123284070136001
0.123393196059396
0.123502344694961
0.123611515872927
0.123720709423712
0.123829925177926
0.123939162966375
0.124048422620061
0.124157703970189
0.124267006848169
0.124376331085622
0.12448567651438
0.124595042966489
0.12470443027422
0.124813838270062
0.124923266786734
0.125032715657184
0.125142184714596
0.125251673792389
0.125361182724225
0.125470711344008
0.125580259485894
0.125689826984286
0.125799413673847
0.125909019389495
0.126018643966412
0.126128287240045
0.126237949046111
0.126347629220599
0.126457327599775
0.126567044020183
0.126676778318652
0.126786530332298
0.126896299898525
0.127006086855033
0.127115891039817
0.127225712291175
0.127335550447706
0.12744540534832
0.127555276832235
0.127665164738984
0.127775068908419
0.127884989180713
0.127994925396361
0.128104877396191
0.128214845021358
0.128324828113354
0.128434826514008
0.128544840065493
0.128654868610325
0.128764911991368
0.128874970051841
0.128985042635313
0.129095129585717
0.129205230747345
0.129315345964853
0.129425475083269
0.129535617947991
0.129645774404791
0.129755944299822
0.129866127479617
0.129976323791095
0.130086533081564
0.130196755198723
0.130306989990665
0.130417237305883
0.13052749699327
0.130637768902126
0.130748052882158
0.130858348783483
0.130968656456634
0.131078975752561
0.131189306522636
0.131299648618654
0.131410001892838
0.131520366197842
0.131630741386753
0.131741127313096
0.131851523830834
0.131961930794376
0.132072348058575
0.132182775478735
0.132293212910613
0.132403660210421
0.132514117234829
0.132624583840972
0.132735059886448
0.132845545229322
0.132956039728135
0.133066543241897
0.133177055630098
0.13328757675271
0.133398106470185
0.133508644643466
0.133619191133981
0.133729745803654
0.133840308514904
0.133950879130647
0.134061457514302
0.134172043529794
0.134282637041552
0.134393237914519
0.134503846014151
0.134614461206417
0.134725083357811
0.134835712335344
0.134946348006555
0.135056990239512
0.135167638902811
0.135278293865584
0.1353889549975
0.135499622168767
0.135610295250134
0.135720974112898
0.135831658628903
0.135942348670542
0.136053044110766
0.136163744823079
0.136274450681545
0.136385161560791
0.13649587733601
0.13660659788296
0.13671732307797
0.136828052797944
0.136938786920361
0.137049525323277
0.137160267885331
0.137271014485747
0.137381765004332
0.137492519321487
0.137603277318201
0.137714038876059
0.137824803877245
0.137935572204541
0.138046343741331
0.138157118371607
0.138267895979966
0.138378676451616
0.138489459672379
0.138600245528692
0.138711033907608
0.138821824696804
0.138932617784577
0.139043413059852
0.139154210412181
0.139265009731747
0.139375810909364
0.139486613836486
0.1395974184052
0.139708224508238
0.139819032038971
0.139929840891419
0.140040650960246
0.14015146214077
0.140262274328958
0.140373087421435
0.140483901315481
0.140594715909037
0.140705531100706
0.140816346789755
0.140927162876117
0.141037979260396
0.141148795843864
0.141259612528471
0.141370429216839
0.14148124581227
0.141592062218745
0.141702878340931
0.141813694084176
0.141924509354517
0.14203532405868
0.142146138104082
0.142256951398835
0.142367763851746
0.142478575372319
0.14258938587076
0.142700195257977
0.142811003445581
0.142921810345891
0.143032615871934
0.143143419937449
0.143254222456886
0.14336502334541
0.143475822518906
0.143586619893973
0.143697415387936
0.14380820891884
0.143919000405456
0.144029789767283
0.144140576924546
0.144251361798206
0.144362144309952
0.144472924382211
0.144583701938146
0.14469447690166
0.144805249197394
0.144916018750735
0.145026785487813
0.145137549335503
0.145248310221432
0.145359068073973
0.145469822822254
0.145580574396156
0.145691322726315
0.145802067744126
0.145912809381742
0.146023547572079
0.146134282248812
0.146245013346386
0.146355740800008
0.146466464545655
0.146577184520074
0.146687900660783
0.146798612906075
0.146909321195015
0.147020025467449
0.147130725663996
0.147241421726061
0.147352113595826
0.14746280121626
0.147573484531113
0.147684163484925
0.147794838023024
0.147905508091527
0.148016173637341
0.148126834608169
0.148237490952507
0.148348142619647
0.14845878955968
0.148569431723494
0.14868006906278
0.14879070153003
0.148901329078541
0.149011951662414
0.149122569236556
0.149233181756686
0.149343789179328
0.149454391461819
0.149564988562311
0.149675580439767
0.149786167053966
0.149896748365504
0.150007324335795
0.150117894927074
0.150228460102395
0.150339019825636
0.150449574061497
0.150560122775505
0.150670665934012
0.150781203504198
0.150891735454073
0.151002261752474
0.151112782369075
0.151223297274378
0.151333806439722
0.15144430983728
0.151554807440062
0.151665299221916
0.151775785157529
0.15188626522243
0.151996739392987
0.152107207646412
0.152217669960761
0.152328126314935
0.152438576688682
0.152549021062595
0.15265945941812
0.152769891737549
0.152880318004026
0.152990738201547
0.153101152314963
0.153211560329976
0.153321962233146
0.153432358011889
0.153542747654476
0.153653131150041
0.153763508488574
0.153873879660927
0.153984244658815
0.154094603474813
0.154204956102361
0.154315302535767
0.154425642770199
0.154535976801696
0.154646304627164
0.154756626244377
0.15486694165198
0.154977250849487
0.155087553837285
0.155197850616633
0.155308141189664
0.155418425559385
0.15552870372968
0.155638975705306
0.155749241491902
0.15585950109598
0.155969754524935
0.156080001787039
0.156190242891447
0.156300477848195
0.156410706668201
0.156520929363266
0.156631145946076
0.156741356430202
0.156851560830101
0.156961759161115
0.157071951439476
0.157182137682303
0.157292317907602
0.157402492134273
0.157512660382104
0.157622822671775
0.157732979024857
0.157843129463816
0.15795327401201
0.158063412693693
0.158173545534013
0.158283672559013
0.158393793795636
0.158503909271718
0.158614019015996
0.158724123058104
0.158834221428578
0.158944314158851
0.159054401281259
0.159164482829039
0.159274558836329
0.159384629338172
0.159494694370513
0.1596047539702
0.159714808174989
0.159824857023539
0.159934900555416
0.160044938811092
0.160154971831947
0.160264999660269
0.160375022339254
0.160485039913008
0.160595052426546
0.160705059925793
0.160815062457586
0.160925060069674
0.161035052810716
0.161145040730286
0.161255023878869
0.161365002307866
0.161474976069591
0.161584945217273
0.161694909805058
0.161804869888007
0.161914825522096
0.16202477676422
0.162134723672193
0.162244666304743
0.162354604721521
0.162464538983095
0.162574469150953
0.162684395287503
0.162794317456075
0.162904235720918
0.163014150147205
0.16312406080103
0.163233967749411
0.163343871060287
0.163453770802523
0.163563667045907
0.163673559861152
0.163783449319895
0.1638933354947
0.164003218459057
0.164113098287381
0.164222975055017
0.164332848838234
0.164442719714231
0.164552587761134
0.164662453057999
0.164772315684811
0.164882175722485
0.164992033252863
0.165101888358723
0.165211741123769
0.165321591632638
0.165431439970901
0.165541286225058
0.165651130482543
0.165760972831724
0.165870813361902
0.165980652163309
0.166090489327117
0.166200324945428
0.166310159111281
0.16641999191865
0.166529823462445
0.166639653838514
0.16674948314364
0.166859311475542
0.16696913893288
0.16707896561525
0.167188791623186
0.167298617058161
0.167408442022588
0.167518266619818
0.167628090954144
0.167737915130798
0.167847739255953
0.167957563436722
0.168067387781162
0.16817721239827
0.168287037397986
0.168396862891191
0.168506688989713
0.168616515806318
0.168726343454722
0.168836172049579
0.168946001706492
0.169055832542008
0.169165664673617
0.169275498219759
0.169385333299816
0.169495170034119
0.169605008543946
0.16971484895152
0.169824691380014
0.169934535953549
0.170044382797192
0.170154232036963
0.170264083799826
0.1703739382137
0.17048379540745
0.170593655510894
0.170703518654798
0.170813384970883
0.170923254591818
0.171033127651225
0.171143004283681
0.171252884624711
0.171362768810798
0.171472656979376
0.171582549268832
0.171692445818511
0.171802346768708
0.171912252260678
0.172022162436627
0.172132077439722
0.172241997414083
0.172351922504787
0.172461852857869
0.172571788620322
0.172681729940097
0.172791676966103
0.172901629848208
0.17301158873724
0.173121553784987
0.173231525144195
0.173341502968575
0.173451487412794
0.173561478632485
0.17367147678424
0.173781482025615
0.173891494515128
0.174001514412262
0.174111541877462
0.174221577072138
0.174331620158665
0.174441671300383
0.174551730661596
0.174661798407579
0.174771874704567
0.174881959719768
0.174992053621354
0.175102156578467
0.175212268761216
0.17532239034068
0.175432521488908
0.175542662378918
0.175652813184699
0.175762974081211
0.175873145244387
0.175983326851129
0.176093519079316
0.176203722107795
0.176313936116391
0.176424161285902
0.1765343977981
0.176644645835732
0.176754905582523
0.176865177223172
0.176975460943357
0.177085756929732
0.17719606536993
0.177306386452563
0.17741672036722
0.177527067304474
0.177637427455875
0.177747801013955
0.177858188172228
0.17796858912519
0.17807900406832
0.178189433198081
0.178299876711918
0.178410334808264
0.178520807686535
0.178631295547133
0.178741798591448
0.178852317021856
0.178962851041722
0.179073400855399
0.179183966668229
0.179294548686545
0.179405147117671
0.179515762169919
0.179626394052597
0.179737042976004
0.179847709151432
0.179958392791168
0.180069094108494
0.180179813317685
0.180290550634017
0.180401306273759
0.180512080454179
0.180622873393544
0.180733685311121
0.180844516427174
0.180955366962972
0.181066237140782
0.181177127183876
0.181288037316527
0.181398967764014
0.18150991875262
0.181620890509632
0.181731883263346
0.181842897243063
0.181953932679095
0.182064989802759
0.182176068846385
0.182287170043313
0.182398293627893
0.182509439835489
0.182620608902476
0.182731801066247
0.182843016565206
0.182954255638776
0.183065518527394
0.183176805472518
0.183288116716621
0.183399452503199
0.183510813076767
0.183622198682861
0.18373360956804
0.183845045979888
0.18395650816701
0.184067996379039
0.184179510866635
0.184291051881482
0.184402619676296
0.18451421450482
0.18462583662183
0.184737486283129
0.184849163745558
0.184960869266987
0.185072603106324
0.18518436552351
0.185296156779525
0.185407977136384
0.185519826857144
0.185631706205901
0.185743615447792
0.185855554848995
0.185967524676733
0.186079525199274
0.18619155668593
0.186303619407061
0.186415713634075
0.186527839639428
0.186639997696627
0.186752188080232
0.186864411065854
0.186976666930159
0.187088955950867
0.187201278406755
0.187313634577659
0.187426024744472
0.187538449189148
0.187650908194702
0.187763402045212
0.187875931025821
0.187988495422735
0.18810109552323
0.188213731615646
0.188326403989396
0.18843911293496
0.188551858743892
0.18866464170882
0.188777462123445
0.188890320282545
0.189003216481974
0.189116151018668
0.189229124190638
0.189342136296983
0.189455187637879
0.189568278514591
0.189681409229468
0.189794580085945
0.189907791388549
0.190021043442895
0.190134336555691
0.190247671034738
0.19036104718893
0.19047446532826
0.190587925763818
0.190701428807793
0.190814974773475
0.190928563975256
0.191042196728633
0.191155873350208
0.19126959415769
0.191383359469899
0.191497169606762
0.191611024889319
0.191724925639726
0.191838872181252
0.191952864838284
0.192066903936326
0.192180989802005
0.192295122763066
0.192409303148383
0.19252353128795
0.192637807512892
0.192752132155461
0.192866505549039
0.192980928028142
0.193095399928418
0.193209921586653
0.193324493340769
0.193439115529828
0.193553788494033
0.19366851257473
0.193783288114409
0.193898115456708
0.194012994946412
0.194127926929458
0.194242911752933
0.194357949765081
0.194473041315298
0.194588186754142
0.194703386433328
0.194818640705733
0.194933949925398
0.195049314447529
0.195164734628501
0.195280210825857
0.19539574339831
0.19551133270575
0.195626979109239
0.195742682971018
0.195858444654508
0.195974264524309
0.196090142946206
0.19620608028717
0.196322076915358
0.196438133200118
0.196554249511988
0.196670426222702
0.196786663705189
0.196902962333574
0.197019322483184
0.197135744530549
0.197252228853401
0.19736877583068
0.197485385842535
0.197602059270324
0.19771879649662
0.197835597905211
0.197952463881101
0.198069394810514
0.198186391080898
0.198303453080922
0.198420581200483
0.198537775830707
0.198655037363951
0.198772366193802
0.198889762715087
0.199007227323868
0.199124760417448
0.199242362394372
0.19936003365443
0.199477774598657
0.199595585629342
0.199713467150022
0.199831419565489
0.199949443281791
0.200067538706237
0.200185706247396
0.2003039463151
0.200422259320448
0.200540645675808
0.200659105794818
0.200777640092391
0.200896248984714
0.201014932889255
0.20113369222476
0.20125252741126
0.201371438870074
0.201490427023805
0.20160949229635
0.2017286351129
0.20184785589994
0.201967155085254
0.202086533097929
0.202205990368354
0.202325527328225
0.202445144410547
0.202564842049637
0.202684620681125
0.202804480741958
0.202924422670404
0.203044446906051
0.203164553889814
0.203284744063933
0.20340501787198
0.203525375758858
0.203645818170807
0.203766345555404
0.203886958361568
0.204007657039562
0.204128442040992
0.204249313818817
0.204370272827345
0.204491319522241
0.204612454360525
0.204733677800577
0.204854990302143
0.204976392326332
0.205097884335621
0.205219466793859
0.205341140166271
0.205462904919456
0.205584761521394
0.205706710441447
0.205828752150363
0.205950887120279
0.206073115824722
0.206195438738613
0.20631785633827
0.206440369101411
0.206562977507157
0.206685682036033
0.206808483169976
0.20693138139233
0.207054377187856
0.207177471042732
0.207300663444556
0.207423954882349
0.207547345846559
0.207670836829061
0.207794428323164
0.207918120823611
0.208041914826585
0.208165810829707
0.208289809332045
0.208413910834111
0.208538115837869
0.208662424846737
0.208786838365587
0.208911356900751
0.209035980960022
0.209160711052661
0.209285547689395
0.209410491382422
0.209535542645416
0.209660701993529
0.20978596994339
0.209911347013115
0.210036833722305
0.210162430592052
0.210288138144939
0.210413956905048
0.210539887397956
0.210665930150747
0.210792085692006
0.210918354551828
0.211044737261821
0.211171234355105
0.211297846366321
0.211424573831627
0.211551417288709
0.211678377276778
0.211805454336576
0.211932649010379
0.212059961841998
0.212187393376787
0.212314944161639
0.212442614744996
0.21257040567685
0.212698317508742
0.212826350793774
0.212954506086601
0.213082783943445
0.21321118492209
0.213339709581891
0.213468358483773
0.213597132190235
0.213726031265358
0.213855056274799
0.213984207785803
0.214113486367203
0.214242892589419
0.21437242702447
0.214502090245968
0.214631882829128
0.214761805350768
0.214891858389313
0.215022042524797
0.215152358338869
0.215282806414793
0.215413387337454
0.215544101693358
0.21567495007064
0.215805933059061
0.215937051250017
0.216068305236539
0.216199695613296
0.2163312229766
0.216462887924408
0.216594691056327
0.216726632973613
0.216858714279179
0.216990935577596
0.217123297475094
0.217255800579571
0.21738844550059
0.217521232849386
0.217654163238867
0.21778723728362
0.217920455599912
0.218053818805691
0.218187327520595
0.21832098236595
0.218454783964777
0.218588732941789
0.218722829923404
0.218857075537738
0.218991470414615
0.219126015185566
0.219260710483836
0.219395556944384
0.219530555203886
0.219665705900742
0.219801009675073
0.219936467168729
0.220072079025292
0.220207845890076
0.220343768410132
0.22047984723425
0.220616083012964
0.220752476398554
0.220889028045048
0.221025738608227
0.221162608745626
0.221299639116538
0.221436830382018
0.221574183204885
0.221711698249724
0.221849376182891
0.221987217672514
0.222125223388498
0.222263394002527
0.222401730188065
0.222540232620364
0.222678901976461
0.222817738935184
0.222956744177155
0.223095918384793
0.223235262242315
0.223374776435741
0.223514461652897
0.223654318583413
0.223794347918734
0.223934550352116
0.224074926578631
0.224215477295172
0.224356203200453
0.22449710499501
0.22463818338121
0.224779439063247
0.22492087274715
0.225062485140782
0.225204276953843
0.225346248897876
0.225488401686266
0.225630736034244
0.22577325265889
0.225915952279133
0.22605883561576
0.226201903391409
0.22634515633058
0.226488595159634
0.226632220606795
0.226776033402153
0.226920034277667
0.227064223967167
0.227208603206356
0.227353172732815
0.227497933285999
0.227642885607248
0.227788030439782
0.227933368528708
0.228078900621018
0.228224627465597
0.228370549813218
0.228516668416551
0.228662984030162
0.228809497410514
0.228956209315972
0.229103120506803
0.229250231745178
0.229397543795177
0.229545057422786
0.229692773395904
0.229840692484341
0.229988815459824
0.230137143095994
0.230285676168412
0.23043441545456
0.23058336173384
0.23073251578758
0.230881878399033
0.231031450353378
0.231181232437727
0.231331225441118
0.231481430154526
0.231631847370857
0.231782477884954
0.231933322493597
0.232084381995504
0.232235657191334
0.232387148883688
0.232538857877108
0.232690784978084
0.232842930995048
0.232995296738382
0.233147883020413
0.233300690655422
0.233453720459636
0.233606973251237
0.233760449850358
0.233914151079089
0.234068077761472
0.234222230723506
0.234376610793148
0.234531218800312
0.23468605557687
0.234841121956656
0.234996418775462
0.235151946871043
0.235307707083114
0.235463700253355
0.235619927225407
0.235776388844876
0.235933085959331
0.236090019418306
0.236247190073303
0.236404598777784
0.236562246387183
0.236720133758895
0.236878261752284
0.23703663122868
0.237195243051382
0.237354098085651
0.23751319719872
0.237672541259785
0.237832131140011
0.237991967712529
0.238152051852438
0.2383123844368
0.238472966344647
0.238633798456974
0.238794881656743
0.23895621682888
0.239117804860276
0.239279646639786
0.239441743058228
0.239604095008382
0.239766703384992
0.239929569084762
0.240092693006356
0.240256076050398
0.240419719119471
0.240583623118114
0.240747788952825
0.240912217532054
0.241076909766208
0.241241866567647
0.241407088850679
0.241572577531566
0.241738333528517
0.241904357761689
0.242070651153183
0.242237214627047
0.242404049109267
0.242571155527774
0.242738534812433
0.242906187895051
0.243074115709364
0.243242319191046
0.243410799277697
0.243579556908849
0.243748593025957
0.243917908572402
0.244087504493484
0.244257381736424
0.244427541250358
0.244597983986335
0.244768710897317
0.244939722938171
0.245111021065671
0.245282606238494
0.245454479417214
0.245626641564301
0.245799093644121
0.245971836622926
0.246144871468855
0.246318199151932
0.246491820644057
0.246665736919008
0.246839948952433
0.247014457721851
0.247189264206642
0.247364369388048
0.247539774249168
0.247715479774952
0.247891486952198
0.248067796769548
0.248244410217484
0.248421328288321
0.248598551976207
0.248776082277112
0.24895392018883
0.24913206671097
0.24931052284495
0.249489289593998
0.249668367963139
0.249847758959195
0.25002746359078
0.250207482868291
0.250387817803903
0.250568469411569
0.250749438707005
0.250930726707694
0.251112334432871
0.251294262903523
0.251476513142383
0.251659086173919
0.251841983024332
0.252025204721546
0.252208752295208
0.252392626776672
0.252576829199
0.252761360596951
0.252946222006976
0.25313141446721
0.253316939017465
0.253502796699222
0.253688988555625
0.253875515631472
0.254062378973209
0.254249579628921
0.254437118648323
0.254624997082756
0.254813215985173
0.255001776410138
0.25519067941381
0.25537992605394
0.255569517389862
0.255759454482479
0.255949738394262
0.256140370189236
0.25633135093297
0.256522681692574
0.256714363536682
0.256906397535446
0.25709878476053
0.257291526285094
0.257484623183787
0.257678076532739
0.257871887409546
0.258066056893265
0.258260586064402
0.258455476004897
0.258650727798123
0.258846342528864
0.259042321283313
0.259238665149057
0.259435375215066
0.259632452571682
0.259829898310609
0.260027713524899
0.260225899308941
0.260424456758452
0.26062338697046
0.260822691043297
0.261022370076581
0.261222425171211
0.261422857429346
0.2616236679544
0.261824857851024
0.262026428225096
0.262228380183705
0.26243071483514
0.262633433288877
0.262836536655562
0.263040026047002
0.263243902576147
0.263448167357078
0.263652821504994
0.263857866136194
0.264063302368064
0.264269131319067
0.264475354108719
0.264681971857583
0.264888985687249
0.265096396720317
0.26530420608039
0.265512414892047
0.265721024280837
0.265930035373256
0.266139449296736
0.266349267179627
0.266559490151177
0.266770119341523
0.266981155881667
0.267192600903463
0.267404455539599
0.26761672092358
0.267829398189709
0.268042488473072
0.268255992909519
0.268469912635646
0.268684248788775
0.268899002506941
0.269114174928867
0.269329767193952
0.269545780442245
0.269762215814432
0.269979074451816
0.270196357496294
0.27041406609034
0.270632201376988
0.270850764499807
0.271069756602883
0.271289178830801
0.271509032328621
0.271729318241861
0.271950037716473
0.272171191898824
0.272392781935674
0.272614808974156
0.272837274161753
0.273060178646277
0.273283523575847
0.273507310098866
0.273731539364001
0.27395621252016
0.274181330716467
0.274406895102241
0.274632906826975
0.274859367040308
0.275086276892007
0.275313637531937
0.275541450110045
0.275769715776331
0.275998435680822
0.276227610973555
0.276457242804544
0.276687332323762
0.276917880681112
0.277148889026404
0.277380358509328
0.277612290279429
0.277844685486084
0.27807754527847
0.278310870805545
0.278544663216016
0.278778923658316
0.279013653280575
0.279248853230594
0.279484524655819
0.279720668703311
0.279957286519723
0.280194379251265
0.280431948043683
0.280669994042228
0.280908518391628
0.281147522236058
0.281387006719114
0.281626972983781
0.281867422172407
0.28210835542667
0.282349773887552
0.282591678695307
0.282834070989432
0.283076951908635
0.283320322590806
0.283564184172989
0.283808537791344
0.284053384581125
0.284298725676639
0.284544562211224
0.28479089531721
0.285037726125892
0.285285055767495
0.285532885371141
0.285781216064821
0.286030048975356
0.286279385228371
0.286529225948254
0.28677957225813
0.287030425279822
0.287281786133821
0.287533655939248
0.287786035813825
0.288038926873835
0.288292330234091
0.2885462470079
0.288800678307027
0.289055625241663
0.289311088920384
0.28956707045012
0.289823570936118
0.290080591481903
0.290338133189247
0.290596197158127
0.29085478448669
0.291113896271218
0.291373533606088
0.291633697583738
0.291894389294624
0.292155609827186
0.292417360267811
0.292679641700792
0.292942455208288
0.29320580187029
0.29346968276458
0.293734098966689
0.293999051549862
0.294264541585017
0.294530570140703
0.294797138283063
0.295064247075792
0.295331897580097
0.295600090854656
0.29586882795558
0.296138109936367
0.296407937847863
0.296678312738224
0.296949235652869
0.297220707634439
0.297492729722758
0.29776530295479
0.298038428364593
0.298312106983279
0.298586339838971
0.298861127956761
0.299136472358665
0.299412374063576
0.299688834087229
0.29996585344215
0.300243433137613
0.300521574179598
0.300800277570744
0.301079544310306
0.30135937539411
0.301639771814505
0.301920734560321
0.302202264616825
0.302484362965667
0.302767030584845
0.303050268448651
0.303334077527627
0.303618458788521
0.303903413194234
0.304188941703781
0.30447504527224
0.304761724850701
0.305048981386226
0.305336815821797
0.305625229096269
0.30591422214432
0.306203795896407
0.306493951278715
0.306784689213107
0.30707601061708
0.307367916403711
0.30766040748161
0.307953484754873
0.308247149123027
0.308541401480986
0.308836242719
0.309131673722601
0.309427695372559
0.309724308544826
0.310021514110489
0.310319312935721
0.310617705881724
0.310916693804683
0.311216277555717
0.311516457980819
0.311817235920815
0.312118612211304
0.312420587682612
0.312723163159737
0.313026339462297
0.313330117404481
0.313634497794993
0.313939481437001
0.314245069128083
0.314551261660179
0.314858059819531
0.315165464386636
0.31547347613619
0.315782095837035
0.316091324252106
0.316401162138377
0.316711610246807
0.317022669322289
0.317334340103592
0.317646623323308
0.317959519707802
0.31827302997715
0.318587154845092
0.318901895018974
0.319217251199693
0.319533224081644
0.319849814352665
0.320167022693978
0.320484849780141
0.320803296278989
0.321122362851576
0.321442050152125
0.321762358827972
0.322083289519504
0.322404842860112
0.322727019476131
0.323049819986783
0.323373245004126
0.323697295132991
0.324021970970936
0.324347273108178
0.324673202127546
0.324999758604423
0.325326943106686
0.325654756194654
0.32598319842103
0.326312270330843
0.326641972461397
0.326972305342206
0.327303269494945
0.327634865433391
0.327967093663364
0.328299954682675
0.328633448981064
0.328967577040149
0.329302339333364
0.329637736325906
0.329973768474676
0.330310436228225
0.330647740026692
0.330985680301753
0.331324257476562
0.331663471965693
0.332003324175086
0.332343814501984
0.332684943334887
0.333026711053483
0.333369118028601
0.333712164622149
0.33405585118706
0.334400178067233
0.334745145597477
0.335090754103456
0.335437003901632
0.335783895299205
0.336131428594062
0.336479604074718
0.336828422020257
0.337177882700282
0.337527986374852
0.33787873329443
0.338230123699825
0.338582157822138
0.338934835882704
0.339288158093038
0.339642124654775
0.339996735759622
0.340351991589293
0.340707892315463
0.341064438099703
0.341421629093434
0.341779465437866
0.342137947263942
0.342497074692289
0.342856847833157
0.343217266786368
0.343578331641261
0.343940042476635
0.344302399360699
0.344665402351012
0.345029051494437
0.34539334682708
0.345758288374238
0.346123876150349
0.346490110158935
0.346856990392549
0.347224516832726
0.347592689449923
0.347961508203474
0.348330973041532
0.348701083901022
0.349071840707581
0.349443243375515
0.349815291807743
0.350187985895744
0.350561325519509
0.35093531054749
0.351309940836548
0.351685216231901
0.352061136567076
0.35243770166386
0.352814911332248
0.353192765370393
0.35357126356456
0.353950405689072
0.354330191506269
0.354710620766451
0.355091693207834
0.355473408556504
0.355855766526366
0.356238766819098
0.356622409124104
0.357006693118468
0.357391618466906
0.357777184821723
0.358163391822763
0.358550239097366
0.358937726260325
0.359325852913836
0.359714618647459
0.360104023038071
0.360494065649822
0.360884746034092
0.361276063729453
0.361668018261616
0.3620606091434
0.36245383587468
0.362847697942354
0.363242194820297
0.363637325969322
0.36403309083714
0.364429488858318
0.364826519454241
0.365224182033075
0.365622475989724
0.366021400705795
0.366420955549561
0.366821139875918
0.367221953026356
0.367623394328916
0.368025463098158
0.368428158635124
0.368831480227302
0.369235427148593
0.369639998659277
0.370045194005977
0.370451012421628
0.370857453125445
0.371264515322887
0.37167219820563
0.372080500951533
0.372489422724608
0.37289896267499
0.373309119938906
0.373719893638648
0.374131282882545
0.374543286764931
0.374955904366122
0.375369134752386
0.375782976975919
0.376197430074814
0.376612493073046
0.377028164980436
0.377444444792633
0.377861331491091
0.378278824043042
0.378696921401478
0.379115622505125
0.379534926278427
0.379954831631521
0.380375337460218
0.380796442645985
0.381218146055926
0.381640446542763
0.38206334294482
0.382486834086003
0.382910918775789
0.383335595809206
0.38376086396682
0.384186722014721
0.384613168704508
0.385040202773279
0.385467822943614
0.38589602792357
0.386324816406665
0.386754187071868
0.387184138583593
0.387614669591687
0.388045778731425
0.388477464623498
0.388909725874011
0.389342561074475
0.389775968801802
0.3902099476183
0.39064449607167
0.391079612695002
0.391515296006776
0.391951544510854
0.392388356696487
0.392825731038308
0.393263665996337
0.393702160015982
0.394141211528038
0.394580818948695
0.395020980679538
0.395461695107553
0.395902960605131
0.396344775530078
0.396787138225615
0.397230047020394
0.3976735002285
0.398117496149462
0.398562033068265
0.39900710925536
0.399452722966674
0.399898872443623
0.40034555591313
0.40079277158763
0.401240517665096
0.401688792329044
0.40213759374856
0.402586920078307
0.403036769458553
0.403487140015184
0.403938029859726
0.404389437089366
0.404841359786975
0.405293796021126
0.405746743846124
0.406200201302024
0.406654166414662
0.407108637195677
0.407563611642537
0.408019087738573
0.408475063452999
0.408931536740951
0.409388505543508
0.409845967787731
0.410303921386692
0.410762364239504
0.411221294231362
0.411680709233573
0.412140607103591
0.412600985685057
0.413061842807836
0.413523176288052
0.413984983928133
0.414447263516845
0.414910012829339
0.415373229627189
0.415836911658438
0.416301056657638
0.4167656623459
0.417230726430935
0.417696246607104
0.418162220555463
0.418628645943813
0.419095520426752
0.419562841645717
0.420030607229047
0.420498814792024
0.420967461936935
0.421436546253117
0.421906065317024
0.422376016692271
0.422846397929696
0.423317206567421
0.423788440130903
0.424260096133
0.424732172074029
0.425204665441829
0.42567757371182
0.42615089434707
0.426624624798356
0.427098762504233
0.427573304891096
0.42804824937325
0.428523593352977
0.428999334220604
0.429475469354574
0.429951996121515
0.430428911876316
0.430906213962191
0.431383899710764
0.431861966442133
0.432340411464952
0.432819232076502
0.433298425562773
0.43377798919854
0.434257920247442
0.434738215962061
0.435218873584004
0.435699890343985
0.436181263461905
0.43666299014694
0.437145067597621
0.437627493001923
0.438110263537348
0.438593376371013
0.43907682865974
0.439560617550143
0.440044740178718
0.440529193671934
0.441013975146324
0.441499081708578
0.441984510455637
0.442470258474785
0.442956322843747
0.443442700630782
0.443929388894782
0.444416384685367
0.444903685042988
0.445391286999021
0.445879187575871
0.446367383787073
0.446855872637391
0.447344651122923
0.447833716231204
0.448323064941312
0.448812694223969
0.449302601041652
0.449792782348696
0.450283235091406
0.450773956208159
0.451264942629521
0.45175619127835
0.452247699069912
0.452739462911991
0.453231479704999
0.453723746342095
0.454216259709293
0.454709016685581
0.455202014143032
0.455695248946926
0.456188717955865
0.456682418021887
0.457176345990589
0.457670498701248
0.458164872986933
0.458659465674634
0.45915427358538
0.45964929353436
0.460144522331049
0.46063995677933
0.461135593677616
0.46163142981898
0.462127461991277
0.46262368697727
0.46312010155476
0.463616702496711
0.464113486571381
0.464610450542445
0.465107591169133
0.465604905206355
0.466102389404833
0.466600040511231
0.467097855268292
0.467595830414963
0.468093962686536
0.468592248814778
0.469090685528064
0.469589269551517
0.470087997607138
0.470586866413948
0.47108587268812
0.471585013143117
0.472084284489833
0.472583683436729
0.47308320668997
0.473582850953568
0.474082612929522
0.474582489317954
0.475082476817255
0.475582572124223
0.476082771934206
0.476583072941244
0.477083471838214
0.477583965316968
0.478084550068484
0.478585222783002
0.479085980150176
0.479586818859213
0.480087735599022
0.480588727058357
0.481089789925968
0.48159092089074
0.482092116641846
0.482593373868893
0.483094689262067
0.483596059512284
0.484097481311336
0.48459895135204
0.485100466328389
0.485602022935697
0.486103617870753
0.486605247831968
0.487106909519527
0.487608599635534
0.488110314884172
0.488612051971845
0.489113807607332
0.489615578501941
0.490117361369657
0.490619152927295
0.491120949894653
0.49162274899466
0.492124546953534
0.49262634050093
0.493128126370096
0.493629901298023
0.494131662025598
0.49463340529776
0.49513512786365
0.495636826476765
0.496138497895114
0.496640138881367
0.497141746203011
0.497643316632507
0.498144846947434
0.498646333930656
0.499147774370464
0.499649165060736
0.50015050280109
0.500651784397038
0.501153006660137
0.501654166408149
0.502155260465188
0.502656285661878
0.503157238835507
0.503658116830177
0.504158916496964
0.504659634694064
0.505160268286956
0.505660814148544
0.506161269159321
0.506661630207517
0.507161894189253
0.507662058008694
0.508162118578204
0.508662072818496
0.509161917658786
0.509661650036945
0.510161266899654
0.510660765202552
0.511160141910391
0.511659393997189
0.512158518446374
0.512657512250949
0.513156372413629
0.513655095947001
0.514153679873673
0.514652121226421
0.515150417048344
0.515648564393011
0.516146560324611
0.516644401918105
0.517142086259372
0.517639610445357
0.518136971584225
0.518634166795503
0.519131193210233
0.519628047971116
0.520124728232659
0.520621231161326
0.52111755393568
0.521613693746532
0.522109647797084
0.52260541330308
0.523100987492942
0.523596367607924
0.524091550902249
0.524586534643258
0.52508131611155
0.525575892601126
0.526070261419533
0.526564419888001
0.527058365341594
0.527552095129339
0.528045606614378
0.528538897174102
0.52903196420029
0.529524805099253
0.53001741729197
0.530509798214223
0.531001945316743
0.531493856065339
0.531985527941039
0.532476958440226
0.532968145074772
0.533459085372175
0.533949776875693
0.534440217144476
0.534930403753705
0.535420334294717
0.535910006375145
0.536399417619046
0.53688856566703
0.537377448176398
0.537866062821263
0.538354407292688
0.538842479298808
0.539330276564962
0.539817796833822
0.540305037865515
0.540791997437754
0.541278673345962
0.541765063403398
0.542251165441282
0.542736977308916
0.543222496873812
0.543707722021811
0.544192650657205
0.544677280702865
0.545161610100351
0.545645636810041
0.546129358811247
0.546612774102334
0.547095880700838
0.547578676643585
0.548061159986807
0.548543328806257
0.549025181197327
0.549506715275161
0.549987929174771
0.550468821051147
0.550949389079378
0.551429631454751
0.551909546392876
0.55238913212979
0.552868386922068
0.553347309046933
0.553825896802365
0.554304148507208
0.554782062501282
0.555259637145482
0.555736870821894
0.556213761933891
0.556690308906243
0.557166510185224
0.557642364238707
0.558117869556276
0.55859302464932
0.559067828051142
0.559542278317056
0.560016374024485
0.560490113773067
0.560963496184747
0.561436519903881
0.561909183597328
0.562381485954554
0.562853425687719
0.563325001531785
0.563796212244596
0.564267056606987
0.564737533422868
0.56520764151932
0.56567737974669
0.566146746978678
0.566615742112433
0.567084364068642
0.567552611791617
0.568020484249391
0.5684879804338
0.568955099360577
0.569421840069434
0.569888201624156
0.570354183112681
0.57081978364719
0.57128500236419
0.571749838424603
0.572214291013845
0.572678359341913
0.573142042643468
0.573605340177917
0.574068251229495
0.574530775107349
0.574992911145616
0.575454658703506
0.575916017165382
0.576376985940839
0.576837564464782
0.577297752197511
0.57775754862479
0.578216953257933
0.578675965633879
0.579134585315265
0.579592811890511
0.580050644973889
0.580508084205602
0.580965129251861
0.581421779804957
0.581878035583337
0.582333896331682
0.582789361820974
0.583244431848577
0.583699106238307
0.584153384840505
0.584607267532112
0.585060754216741
0.585513844824748
0.585966539313307
0.586418837666478
0.586870739895283
0.587322246037778
0.587773356159119
0.588224070351637
0.588674388734911
0.589124311455836
0.589573838688692
0.590022970635222
0.590471707524695
0.590920049613979
0.591367997187615
0.591815550557882
0.592262710064873
0.592709476076559
0.593155848988866
0.593601829225741
0.594047417239226
0.594492613509524
0.594937418545074
0.595381832882619
0.595825857087281
0.596269491752627
0.596712737500741
0.597155594982299
0.597598064876638
0.598040147891827
0.598481844764742
0.598923156261135
0.599364083175708
0.599804626332186
0.600244786583393
0.600684564811318
0.601123961927197
0.601562978871583
0.602001616614424
0.602439876155131
0.602877758522664
0.6033152647756
0.603752396002213
0.60418915332055
0.604625537878512
0.605061550853927
0.605497193454632
0.605932466918554
0.606367372513789
0.606801911538679
0.607236085321902
0.607669895222546
0.608103342630199
0.608536428965027
0.608969155677865
0.609401524250296
0.609833536194743
0.610265193054557
0.610696496404099
0.611127447848836
0.611558049025428
0.611988301601821
0.61241820727734
0.61284776778278
0.613276984880504
0.613705860364538
0.614134396060667
0.614562593826535
0.614990455551742
0.61541798315795
0.615845178598981
0.616272043860922
0.616698580962231
0.617124791953842
0.617550678919276
0.617976243974745
0.618401489269272
0.618826416984794
0.619251029336284
0.619675328571862
0.620099316972918
0.620522996854225
0.620946370564066
0.621369440484356
0.621792209030764
0.622214678652845
0.622636851834164
0.623058731092431
0.623480318979631
0.623901618082162
0.62432263102097
0.624743360451689
0.625163809064786
0.625583979585699
0.626003874774987
0.626423497428481
0.62684285037743
0.627261936488657
0.627680758664718
0.628099319844055
0.628517623001165
0.628935671146754
0.629353467327914
0.629771014628287
0.630188316168239
0.630605375105034
0.631022194633016
0.631438777983784
0.631855128426385
0.632271249267493
0.632687143851606
0.633102815561238
0.633518267817115
0.633933504078378
0.634348527842785
0.634763342646921
0.635177952066407
0.635592359716118
0.636006569250398
0.636420584363283
0.636834408788732
0.63724804630085
0.637661500714127
0.638074775883674
0.638487875705468
0.638900804116593
0.639313565095498
0.639726162662246
0.640138600878777
0.640550883849172
0.640963015719918
0.641375000680188
0.641786842962111
0.642198546841062
0.642610116635945
0.643021556709491
0.643432871468548
0.643844065364393
0.644255142893034
0.644666108595527
0.645076967058293
0.645487722913445
0.645898380839118
0.646308945559802
0.64671942184669
0.647129814518021
0.647540128439433
0.647950368524331
0.648360539734244
0.648770647079203
0.64918069561812
0.649590690459173
0.650000636760197
0.650410539729087
0.650820404624201
0.651230236754776
0.651640041481346
0.652049824216172
0.652459590423675
0.652869345620882
0.653279095377872
0.653688845318239
0.654098601119557
0.65450836851385
0.654918153288081
0.655327961284638
0.655737798401836
0.656147670594426
0.656557583874105
0.656967544310052
0.657377558029456
0.65778763121806
0.65819777012072
0.658607981041961
0.659018270346556
0.659428644460104
0.659839109869627
0.66024967312417
0.660660340835415
0.661071119678307
0.661482016391687
0.661893037778939
0.662304190708648
0.662715482115264
0.663126918999788
0.66353850843046
0.663950257543464
0.664362173543645
0.664774263705233
0.665186535372589
0.665598995960958
0.666011652957233
0.666424513920735
0.666837586484012
0.66725087835364
0.667664397311049
0.668078151213354
0.66849214799421
0.668906395664673
0.669320902314083
0.669735676110956
0.670150725303897
0.670566058222525
0.670981683278417
0.671397608966067
0.671813843863858
0.672230396635061
0.67264727602884
0.673064490881282
0.67348205011644
0.6738999627474
0.674318237877361
0.674736884700738
0.675155912504281
0.675575330668214
0.675995148667398
0.67641537607251
0.676836022551244
0.677257097869532
0.677678611892791
0.678100574587183
0.678522996020909
0.678945886365514
0.679369255897225
0.679793114998305
0.680217474158435
0.680642343976117
0.681067735160111
0.681493658530882
0.681920125022087
0.682347145682082
0.682774731675454
0.683202894284585
0.683631644911241
0.684060995078188
0.684490956430843
0.684921540738946
0.685352759898268
0.685784625932345
0.686217150994252
0.686650347368396
0.687084227472349
0.687518803858719
0.687954089217038
0.688390096375703
0.688826838303942
0.689264328113814
0.689702579062251
0.690141604553134
0.690581418139408
0.691022033525232
0.691463464568173
0.69190572528144
0.69234882983615
0.69279279256365
0.693237627957867
0.693683350677712
0.694129975549525
0.694577517569558
0.695025991906516
0.695475413904138
0.69592579908382
0.696377163147305
0.696829521979398
0.697282891650755
0.697737288420707
0.698192728740149
0.69864922925447
0.69910680680655
0.699565478439808
0.700025261401306
0.700486173144914
0.700948231334533
0.701411453847379
0.701875858777331
0.702341464438342
0.702808289367909
0.703276352330621
0.70374567232176
0.704216268570987
0.704688160546081
0.705161367956764
0.705635910758595
0.706111809156933
0.706589083610986
0.707067754837931
0.707547843817119
0.708029371794355
0.708512360286271
0.708996831084773
0.709482806261584
0.70997030817287
0.710459359463959
0.710949983074153
0.711442202241634
0.711936040508468
0.712431521725706
0.712928670058583
0.713427509991832
0.71392806633509
0.714430364228416
0.714934429147928
0.715440286911536
0.71594796368481
0.716457485986946
0.716968880696867
0.71748217505944
0.717997396691823
0.718514573589936
0.719033734135068
0.719554907100614
0.720078121658954
0.720603407388475
0.721130794280723
0.721660312747724
0.722191993629433
0.722725868201358
0.723261968182323
0.723800325742408
0.72434097351104
0.724883944585265
0.725429272538186
0.725976991427577
0.726527135804684
0.727079740723202
0.727634841748452
0.728192474966741
0.728752676994932
0.729315484990206
0.72988093666004
0.730449070272396
0.731019924666123
0.731593539261589
0.73216995407154
0.73274920971219
0.733331347414554
0.733916409036022
0.734504437072191
0.735095474668949
0.735689565634824
0.736286754453606
0.736887086297238
0.737490607039003
0.73809736326699
0.73870740229786
0.739320772190924
0.739937521762525
0.740557700600742
0.741181359080425
0.741808548378568
0.742439320490018
0.743073728243546
0.743711825318275
0.744353666260486
0.744999306500792
0.745648802371719
0.74630221112567
0.746959590953316
0.747621001002392
0.748286501396937
0.748956153256968
0.749630018718616
0.750308160954716
0.75099064419589
0.751677533752105
0.75236889603474
0.753064798579176
0.7537653100679
0.754470500354162
0.75518044048619
0.75589520273197
0.756614860604618
0.757339488888354
0.758069163665092
0.758803962341662
0.759543963677696
0.760289247814163
0.761039896302612
0.761795992135101
0.762557619774867
0.76332486518772
0.764097815874227
0.764876560902649
0.765661190942714
0.766451798300191
0.767248476952335
0.768051322584192
0.768860432625805
0.769675906290344
0.770497844613181
0.771326350491942
0.772161528727546
0.773003486066297
0.773852331243006
0.774708175025217
0.775571130258542
0.77644131191315
0.777318837131426
0.778203825276854
0.779096397984141
0.77999667921063
0.780904795289025
0.781820874981485
0.782745049535098
0.783677452738806
0.784618220981801
0.785567493313438
0.786525411504719
0.787492120111378
0.78846776653863
0.789452501107617
0.790446477123609
0.791449850946014
0.792462782060246
0.793485433151493
0.794517970180475
0.795560562461209
0.796613382740877
0.79767660728183
0.798750415945816
0.799834992280484
0.800930523608228
0.802037201117468
0.803155219956397
0.80428477932932
0.805426082595617
0.806579337371441
0.807744755634223
0.808922553830065
0.810112952984116
0.811316178814029
0.812532461846575
0.813762037537522
0.815005146394899
0.8162620341057
0.817532951666202
0.818818155515939
0.820117907675512
0.821432475888304
0.822762133766252
0.824107160939795
0.825467843212131
0.826844472717915
0.828237348086549
0.829646774610203
0.83107306441671
0.832516536647525
0.833977517640857
0.835456341120198
0.83695334838837
0.838468888527322
0.840003318603812
0.841557003881209
0.843130318037581
0.844723643390304
0.84633737112738
0.847971901545711
0.849627644296532
0.851305018638257
0.853004453696993
0.854726388734939
0.856471273426993
0.858239568145772
0.860031744255396
0.861848284414277
0.86368968288725
0.865556445867347
0.867449091807547
0.869368151762842
0.871314169742965
0.873287703076164
0.875289322784358
0.877319613970138
0.879379176215937
0.881468623995873
0.883588587100629
0.885739711075899
0.887922657674796
0.890138105324786
0.8923867496096
0.894669303766682
0.896986499200717
0.899339086013797
0.90172783355284
0.904153530974833
0.906616987830602
0.909119034667695
0.911660523653141
0.914242329216724
0.9168653487156
0.919530503120936
0.922238737727453
0.924991022886657
0.927788354764644
0.930631756125372
0.933522277140346
0.936460996225679
0.93944902090753
0.942487488717021
0.945577568115646
0.948720459452404
0.951917395953747
0.955169644747663
0.958478507923102
0.961845323626129
0.965271467194164
0.968758352329777
0.972307432315511
0.975920201271336
0.979598195456332
0.983342994616316
0.987156223379188
0.991039552699794
0.994994701356304
0.9990234375
