0.00192723899316977
0.00195033539705952
0.00243735379406031
0.00264748566617052
0.00287791548633905
0.00466883961905387
0.0050150828116569
0.0054283101267366
0.00596119469596996
0.00668597469394727
0.00732874207152531
0.00810013709079076
0.0091049257852985
0.0114669945816245
0.0139949177584998
0.015005096308379
0.0180438999190991
0.0198705107295413
0.0216435545843898
0.0218375574862833
0.0224252895677922
0.0230673268465332
0.0232920501977555
0.0238838492901392
0.0248652316391164
0.0289187576017856
0.0321172653169254
0.034342207701973
0.0385290771366299
0.0392132186006027
0.0439440922533024
0.0443523440241534
0.0447725804855627
0.0491477416886248
0.049848921323687
0.0541895201303862
0.0559255727514233
0.0573596950609464
0.0645842187243979
0.0665418242536437
0.0667731118631995
0.0733470076937973
0.0748519146987716
0.0752198224233626
0.0801144370835602
0.0815053679797795
0.0817769168144838
0.0857231243109276
0.10207486653276
0.102813655764273
0.103401807430512
0.109015408386204
0.109527286104151
0.110181295277453
0.110744510605575
0.114756709477997
0.11587701729979
0.116816383018748
0.118542290928181
0.121234491239357
0.124192659974988
0.126462157187369
0.129066690471831
0.129102077928572
0.132921597291795
0.133249442980759
0.136224536616308
0.137108654912004
0.144278548533814
0.144798659999672
0.149389773851456
0.150754458603685
0.15167102523734
0.154339718058906
0.157422018293537
0.160207468697959
0.160605497111024
0.16159471715887
0.164483017303562
0.166207105353253
0.171817919641891
0.172403355846219
0.18265006432499
0.185415548137483
0.187613477294526
0.192413963775186
0.196425694230047
0.197388845917399
0.203083925686218
0.206031053711086
0.206904883252454
0.207042516202362
0.210693370681013
0.210859362549505
0.211228557461617
0.211513126681236
0.214151756842615
0.217416991970296
0.221025906574464
0.224792290839146
0.224841799521168
0.22552672761474
0.226857445360227
0.229605746080254
0.231868685670582
0.232994435511096
0.234825238994918
0.236444043958812
0.239212269365285
0.23939552060764
0.240267122697417
0.240959108834097
0.243845938735675
0.245339733360325
0.246360229473966
0.252654750745517
0.254454506439729
0.255244137615841
0.255407115852974
0.259278981917211
0.265632930280871
0.265762035168361
0.266052126126259
0.271981281158365
0.272786658838036
0.273238924274624
0.275724074120247
0.276101781744164
0.276933928337509
0.279198929988521
0.283127616204537
0.284639611650907
0.285175442147131
0.285831222783218
0.288822318831672
0.289749438459919
0.292607984067545
0.292763455454655
0.294770871980334
0.296525343898376
0.296727873623921
0.297756219599266
0.298631053984085
0.302078603355594
0.302286617560852
0.302314415558387
0.302437895422665
0.303417192446946
0.304354009464515
0.304748739687966
0.304850678041968
0.305811345239682
0.307434639776698
0.308703952931898
0.311293746047576
0.311502491041125
0.312831082315636
0.312959729699378
0.313001604633137
0.313875811760906
0.315337399341301
0.319193391756609
0.321098264719082
0.321984736083474
0.322718110965572
0.323991331053352
0.327478952880458
0.328376860047105
0.328915725673938
0.329464747701657
0.330173979752453
0.33174522916393
0.333078961300904
0.337872369902681
0.339237508452285
0.340195106133658
0.342466032174062
0.343731015786468
0.345922132527998
0.346393309823077
0.346928176344686
0.351409940713148
0.352920823774337
0.353675353910852
0.358176330565332
0.358839535392123
0.359591879004127
0.359863735920069
0.360071298393466
0.360174896602246
0.360722748713915
0.361825729094996
0.361883178941047
0.362658418884256
0.36464344288186
0.368537291487918
0.372555788489043
0.372944252732448
0.373290992044649
0.373432551227305
0.374050684668631
0.375469437094112
0.376092995579772
0.376523148745979
0.377163232788893
0.378357491139686
0.379574625730159
0.381570579900274
0.384377094479652
0.387207267952507
0.38966430353545
0.390816358931414
0.391119372247389
0.396287763547617
0.398035242495449
0.399003398493632
0.399909178109489
0.400009371916936
0.403291408692238
0.405965655498876
0.413084037193815
0.41426919999548
0.418277539401192
0.423484158817563
0.425257470420533
0.425542065371043
0.428681571800186
0.432339321832843
0.433281548750875
0.436796767043759
0.440359767351863
0.44564075390039
0.446798051787651
0.447875784680098
0.448078563573607
0.453701545366891
0.456139007484894
0.458085798413863
0.458815628385666
0.462375459173864
0.462815990619571
0.464695358966687
0.464805395273484
0.464839170939555
0.465121889910791
0.466461228554847
0.468644826834414
0.471923430197514
0.47628760425467
0.47886191028715
0.483116667043704
0.484810386260594
0.485703485217987
0.487744990942142
0.488195546637941
0.489573268882209
0.490188128618468
0.4929242199243
0.492997554509992
0.493857593092193
0.502758757417536
0.503107574768735
0.503713168773491
0.504383261871295
0.506046187060041
0.50867754523484
0.508771786251546
0.511651706699979
0.523851102807903
0.525737671815059
0.525867676349261
0.527461555533096
0.528188741019349
0.529559214216151
0.530874803510136
0.536183175829499
0.539371040306185
0.542203175623345
0.547868508572047
0.549359925535815
0.550987432432608
0.551029149578269
0.552546449828477
0.553464711465925
0.556224380126128
0.561044486478015
0.564019960430314
0.565990515604514
0.566723925792017
0.56840734533871
0.568554458507174
0.569040475470894
0.569741221087552
0.569879371218946
0.570289315020875
0.572150457120647
0.574635700533605
0.576051012597687
0.578830958998439
0.58279108906294
0.582887490105545
0.587542170438835
0.588566749251256
0.589475356181009
0.594289169970025
0.598143897967863
0.598175529102276
0.600090313715907
0.602175751592693
0.602999550470543
0.603161500947191
0.60330071265723
0.606117616510559
0.606557083118184
0.606808460201824
0.613806289440969
0.615896386158225
0.636909709139472
0.638055368638774
0.639289099328355
0.640874034309737
0.641176804280156
0.64144931253428
0.647117272716894
0.647223917480133
0.647287455462725
0.648407757054147
0.652066467031751
0.654031513030983
0.655836180981227
0.655994220552664
0.656739214300392
0.661920674496539
0.662252730950285
0.662258541092755
0.662296809065476
0.66373899589716
0.664043800378388
0.664149910829631
0.66432442315948
0.664492911721185
0.666447411903555
0.669057185244959
0.676086978953268
0.676787591565464
0.682085122250407
0.683618126825353
0.683932896354699
0.684366511288018
0.685685363901923
0.687139491470106
0.687951364196144
0.688232843480786
0.689588584177622
0.690209018719391
0.690982207863078
0.691415191810787
0.691917174296519
0.693084543765962
0.694175635814376
0.694947945941308
0.696019814477531
0.701637947203183
0.706326658265716
0.706677475664695
0.711116162806244
0.71113776905565
0.711595268951284
0.712007414698475
0.714472631466098
0.714585303245308
0.722664565810536
0.724167831990455
0.724534661450919
0.726901741633913
0.730125404337641
0.732177895148817
0.737396228922287
0.738945587002259
0.739136375204161
0.739505452159479
0.739508831446273
0.739595631762443
0.739756853333648
0.743549293099472
0.745996881674972
0.749849603386151
0.751616142726989
0.752508476628926
0.754058985662153
0.75697805559496
0.765761438606557
0.766072664428144
0.77083001031403
0.773527359265406
0.77396729549612
0.776907711875369
0.780260770804257
0.78066901261049
0.780934168386357
0.782951129790301
0.783579758521293
0.786048848672632
0.787426773398206
0.788113052664295
0.78919726244469
0.789379069143867
0.793482381591312
0.793491377520476
0.794994289702335
0.796863651722457
0.798209809294314
0.798977632260684
0.801408575928819
0.802239120133915
0.805905138002095
0.809382650540335
0.809623098318696
0.810469423535102
0.810918623873668
0.811167336032644
0.811273252579615
0.814993117093218
0.815294107496925
0.816638837908159
0.817992969138904
0.818048008907542
0.81855714225776
0.820614470567075
0.821636693848025
0.827869014096818
0.829207491270465
0.831389202140923
0.832237902670588
0.838715928697502
0.839588295632957
0.841421071490655
0.841565736098086
0.846734967348648
0.848342453288665
0.849127614843866
0.854146428423626
0.855377732738355
0.861455636642339
0.863278750256154
0.86568758994716
0.865780298894105
0.867778312178432
0.869517350728795
0.870754551196571
0.873021549680189
0.880754994615336
0.882973014807159
0.883670941051623
0.884934820081285
0.885594865284007
0.897836823968485
0.89837855030154
0.902369484555166
0.905201355811339
0.908291803203381
0.909688876402532
0.912781989301909
0.915889254938979
0.916136115943729
0.916776197051436
0.918663799991914
0.919284803676229
0.920162149704444
0.921119476293723
0.922744249132513
0.922800973264669
0.923744893044504
0.924804474768903
0.930833160034368
0.935765334837233
0.94035098522932
0.940606791773705
0.943867131239724
0.944251955836616
0.944576471226503
0.944781544802355
0.954229522652005
0.954451355985523
0.956240688927174
0.95881705510026
0.961180806954737
0.962074108147945
0.963056375227959
0.965835816264692
0.96662120460557
0.970147517518173
0.970412526176143
0.971928103067351
0.974874744606437
0.975957062976194
0.97776009667937
0.979352471056119
0.979494817276683
0.982811027714968
0.984022088760484
0.98439700053445
0.985349865128627
0.988186498998984
0.989016275832981
0.989727804783559
0.991451770329988
0.991820929088025
0.992328651910971
0.993641981622302
