0.082381597906253
0.0366765329230587
0.143685124018183
0.101665495101455
0.162276327779535
0.104039108087296
0.128863678508271
0.214877756286079
0.322740681032564
0.285221877267261
0.233490777648512
0.191439616134092
0.130266463766476
0.130177503144838
0.186769896029556
0.129384799921502
0.293602388496419
0.270452260240667
0.257658247945226
0.230977882539459
0.245273198218232
0.255679235218266
0.419531096549171
0.375336801048709
0.50401457667015
0.51492789316447
0.572792895417478
0.523367352223993
0.468559683942547
0.451871978357836
0.440283842848699
0.402422542159325
0.363096049577639
0.312739661368806
0.352067812616605
0.313899998278695
0.297039269833907
0.238870585982459
0.280104185172611
0.254059823212312
0.310809562550539
0.277117251586783
0.222728907727432
0.160924545693588
0.180272965122605
0.196801456046001
0.310401265226994
0.313212858555242
0.304168161738738
0.287334712216241
0.233393599267844
0.213656706125217
0.153439886719648
0.160128228426202
0.130122395546266
0.0876488874952588
0.0433435981014361
-0.00159297810553261
-0.0174132595248739
0.138317794141731
0.15545446941293
0.114167289627051
0.0615444079838694
0.00526499784842116
-0.0427689773869524
0.0320785569991697
0.00446749793170298
0.00765797603377649
-0.00874252353356386
-0.0510874994269974
-0.109653620480273
-0.128915883901632
-0.155244788524643
-0.0279581633720847
-0.0855603267032157
-0.107056086818082
-0.128556757174102
-0.168009523206156
-0.190774234622173
-0.212822185384792
-0.18537861184239
-0.211434915956555
-0.266196764814807
-0.303025227590832
-0.330821814982687
-0.393195229715861
-0.443535885453256
-0.438875648554633
-0.500679836524593
-0.460588792813335
-0.485654047223995
-0.256726976113772
-0.304950065152853
-0.360044891909947
-0.373541138676968
-0.376086341702395
-0.406570933277774
-0.419470365693093
-0.443758263127354
-0.4586679734224
-0.368591679163808
-0.428985938630677
-0.35963733705823
-0.389882147397971
-0.335383841648213
-0.371852692950918
-0.432384440997628
-0.488786170896873
-0.455063459138565
-0.440421818314515
-0.465107465689846
-0.463715458037814
-0.504554214821232
-0.522764171055154
-0.540500397336269
-0.505417836022227
-0.560178462556309
-0.478904461846282
-0.498150734163108
-0.548106108176178
-0.508819337306515
-0.53495216044954
-0.520745012424535
-0.557910915038138
-0.556138391655414
-0.552219953697733
-0.557871800276147
-0.548165320372572
-0.467895642275135
-0.499814084913916
-0.450442996191227
-0.459809404234759
-0.445490029329511
-0.501691117959182
-0.526728262977739
-0.569215437383921
-0.612403601651343
-0.579386939981925
-0.396664100725511
-0.447934675548426
-0.299928169421232
-0.334804797158137
-0.156438536275203
-0.173038964146516
-0.222810860111128
-0.171977180142738
-0.124276266200919
-0.185390720482728
-0.178226664642429
-0.0752074096847437
-0.124199283616528
-0.156058030539265
-0.106164982920449
-0.0840651293682839
-0.120777114332361
-0.118282646682829
0.0925405005730067
0.0516293362184541
0.112988235272503
0.0974200046133475
0.0884315649287863
0.0503296520640788
-0.00878977068586195
-0.062025843375773
-0.0190468430307522
-0.0244178691797874
-0.0539095640728746
-0.0671184396366673
-0.0964471412257435
-0.144169602955984
-0.157295339819337
-0.19417289668376
-0.197484526755318
-0.243837166789435
-0.300750421240599
-0.300151225317459
-0.292184715277426
-0.264067195605959
-0.321708582060754
-0.229939903924825
-0.120183330074743
-0.141979320395189
-0.155997742688138
-0.0558388186542267
-0.102465077932857
-0.0739059904045334
-0.0841571034911173
-0.116181765578217
-0.142301709691456
-0.185371928659336
-0.237552020615766
-0.162592015657147
-0.174292329055412
-0.200772530315001
-0.190759972438293
-0.195094572467669
-0.127299516972865
-0.036840263375586
-0.00815494613503276
-0.0237192049686872
-0.0863949703636901
-0.133746671816361
-0.194315414358789
-0.255799464339894
-0.187268816001934
-0.22469455348245
-0.131934476721334
-0.150138692714236
-0.193296291063971
-0.0748855646951085
-0.0807635708964263
-0.134818592881544
-0.0294578467755962
-0.0585972625066802
-0.0280296435410623
-0.0869983117076725
0.03275499832721
0.150411244470375
0.165313605869125
0.322443965072303
0.312726115791026
0.515577281290835
0.483912872051349
0.573464630176161
0.694311815423902
0.693420565588525
0.72607222823418
0.717338493769397
0.689590622760866
0.691906550282505
0.65881075720684
0.604040424022861
0.613594738185157
0.598442403375797
0.545182311295259
0.539285266433714
0.505468944741823
0.456312691241219
0.440562015931006
0.458393967362294
0.409226768537335
0.351279751319646
0.314331138989598
0.258688259647453
0.233165294667275
0.185183180974112
0.204908624310793
0.205743507183241
0.177746325032915
0.126559394153643
0.0816901983285589
0.0538095741725613
-0.00832202799925241
-0.0468221521646388
