0.000244140625
0.00769877026841166
0.0147426418969734
0.0214050064039617
0.0277127081500282
0.0336904062805475
0.0393607737769718
0.044744676658504
0.0498613354704652
0.0547284709500983
0.0593624355448116
0.0637783322683453
0.0679901222134323
0.0720107218926259
0.0758520914493933
0.0795253146671948
0.0830406716032781
0.0864077045845851
0.0896352782240658
0.0927316340456915
0.0957044402442874
0.0985608370511963
0.101307478127791
0.103950568365275
0.106495898430448
0.108948876362602
0.111314556495848
0.113597665953788
0.115802628938814
0.117933589016438
0.119994429575403
0.121988792626745
0.123920096089255
0.125791549694623
0.127606169632908
0.129366792047574
0.131076085479078
0.132736562346807
0.134350589550872
0.135920398267755
0.137448093007108
0.138935659990912
0.140384974910675
0.14179781011345
0.143175841262899
0.144520653517602
0.145833747265139
0.147116543447092
0.148370388507141
0.149596558991647
0.150796265829639
0.151970658316845
0.15312082782636
0.154247811266645
0.155352594305872
0.156436114380048
0.157499263500954
0.15854289087862
0.159567805371884
0.160574777779512
0.161564542983358
0.162537801954134
0.163495223629555
0.164437446673846
0.165365081126923
0.166278709950906
0.167178890481056
0.168066155787681
0.168941015955074
0.169803959283089
0.170655453416534
0.171495946407218
0.172325867713078
0.173145629138551
0.173955625720003
0.174756236559794
0.175547825612271
0.176330742424785
0.17710532283657
0.177871889638145
0.178630753193732
0.179382212028962
0.180126553386053
0.180864053748418
0.181594979336604
0.182319586577282
0.183038122546912
0.183750825391605
0.184457924724594
0.185159642002638
0.185856190882591
0.186547777559303
0.187234601085924
0.187916853677631
0.188594720999729
0.189268382441005
0.189938011373183
0.190603775397242
0.191265836577358
0.191924351663127
0.192579472300735
0.193231345233679
0.193880112493606
0.194525911581802
0.195168875641847
0.195809133623894
0.196446810441041
0.197082027118183
0.19771490093378
0.198345545554879
0.198974071165762
0.199600584590542
0.200225189410028
0.200847986073146
0.201469072003194
0.202088541699212
0.202706486832683
0.203322996339836
0.203938156509745
0.20455205106845
0.205164761259297
0.205776365919673
0.206386941554335
0.206996562405487
0.207605300519762
0.208213225812279
0.2088204061279
0.209426907299829
0.210032793205694
0.210638125821216
0.211242965271591
0.211847369880704
0.212451396218267
0.213055099144981
0.213658531855835
0.214261745921607
0.214864791328678
0.21546771651722
0.216070568417853
0.216673392486828
0.21727623273983
0.217879131784441
0.218482130851352
0.219085269824367
0.219688587269272
0.220292120461611
0.220895905413433
0.221499976899056
0.222104368479896
0.222709112528409
0.22331424025119
0.223919781711269
0.224525765849646
0.225132220506102
0.225739172439331
0.226346647346408
0.22695466988165
0.227563263674888
0.228172451349181
0.22878225453801
0.229392693901965
0.230003789144973
0.230615559030066
0.23122802139474
0.231841193165905
0.232455090374466
0.233069728169548
0.233685120832381
0.234301281789873
0.23491822362789
0.235535958104247
0.236154496161443
0.236773847939147
0.237394022786454
0.238015029273919
0.238636875205391
0.23925956762966
0.239883112851915
0.240507516445051
0.241132783260807
0.24175891744077
0.242385922427238
0.243013800973963
0.243642555156776
0.244272186384108
0.244902695407405
0.245534082331465
0.246166346624675
0.246799487129181
0.247433502070988
0.248068389069983
0.248704145149916
0.249340766748311
0.249978249726332
0.250616589378611
0.251255780443023
0.251895817110435
0.252536693034407
0.25317840134088
0.253820934637818
0.25446428502484
0.255108444102818
0.255753402983458
0.256399152298864
0.257045682211078
0.257692982421612
0.258341042180958
0.258989850298085
0.259639395149925
0.260289664690843
0.260940646462094
0.261592327601272
0.262244694851737
0.262897734572038
0.263551432745318
0.264205774988704
0.264860746562688
0.265516332380484
0.266172517017377
0.26682928472005
0.267486619415891
0.268144504722287
0.26880292395589
0.269461860141861
0.270121296023094
0.27078121406941
0.271441596486728
0.272102425226201
0.272763681993322
0.273425348257003
0.274087405258614
0.27474983402098
0.275412615357353
0.276075729880325
0.276739158010716
0.277402879986403
0.278066875871105
0.278731125563124
0.279395608804025
0.280060305187269
0.280725194166788
0.281390255065495
0.282055467083746
0.282720809307729
0.283386260717786
0.28405180019668
0.284717406537779
0.285383058453177
0.286048734581737
0.286714413497057
0.287380073715367
0.288045693703333
0.288711251885787
0.289376726653374
0.290042096370107
0.290707339380842
0.291372434018653
0.29203735861213
0.292702091492568
0.293366611001072
0.294030895495565
0.294694923357691
0.295358672999624
0.296022122870775
0.296685251464398
0.297348037324087
0.298010459050172
0.298672495306009
0.299334124824161
0.299995326412469
0.300656078960013
0.301316361442971
0.301976152930351
0.302635432589622
0.303294179692232
0.303952373619
0.304609993865409
0.305267020046774
0.305923431903293
0.306579209304991
0.307234332256536
0.307888780901945
0.308542535529171
0.309195576574571
0.30984788462726
0.310499440433339
0.311150224900018
0.311800219099608
0.3124494042734
0.313097761835435
0.313745273376141
0.314391920665864
0.315037685658279
0.315682550493686
0.316326497502183
0.316969509206738
0.31761156832613
0.318252657777783
0.318892760680492
0.319531860357023
0.320169940336613
0.320806984357351
0.321442976368449
0.322077900532408
0.322711741227072
0.323344483047571
0.323976110808163
0.324606609543966
0.325235964512588
0.325864161195651
0.326491185300213
0.327117022760093
0.327741659737084
0.328365082622086
0.328987278036122
0.329608232831271
0.330227934091499
0.330846369133404
0.331463525506856
0.332079390995562
0.332693953617528
0.333307201625441
0.333919123506965
0.334529707984943
0.335138944017529
0.335746820798226
0.336353327755849
0.336958454554412
0.337562191092932
0.338164527505157
0.338765454159227
0.339364961657254
0.339963040834835
0.340559682760496
0.341154878735065
0.341748620290983
0.342340899191545
0.342931707430082
0.34352103722908
0.344108881039238
0.34469523153847
0.345280081630846
0.345863424445482
0.346445253335376
0.347025561876185
0.347604343864964
0.348181593318841
0.34875730447366
0.349331471782563
0.349904089914537
0.350475153752918
0.351044658393847
0.351612599144695
0.352178971522438
0.352743771252005
0.353306994264589
0.353868636695918
0.354428694884494
0.35498716536981
0.355544044890526
0.356099330382619
0.356653018977512
0.357205108000165
0.357755594967155
0.358304477584721
0.358851753746793
0.359397421533
0.359941479206656
0.360483925212727
0.361024758175786
0.361563976897942
0.362101580356767
0.362637567703197
0.363171938259428
0.363704691516799
0.364235827133659
0.364765344933234
0.365293244901477
0.365819527184915
0.366344192088489
0.366867240073387
0.367388671754872
0.367908487900112
0.368426689425999
0.368943277396969
0.369458253022827
0.369971617656563
0.370483372792172
0.370993520062481
0.371502061236965
0.372008998219583
0.3725143330466
0.37301806788443
0.373520205027472
0.374020746895958
0.374519696033803
0.375017055106468
0.375512826898825
0.376007014313034
0.376499620366429
0.376990648189407
0.377480101023337
0.377967982218473
0.378454295231878
0.378939043625364
0.379422231063436
0.37990386131126
0.380383938232631
0.380862465787964
0.381339448032294
0.381814889113291
0.38228879326929
0.382761164827334
0.383232008201235
0.383701327889648
0.38416912847416
0.384635414617401
0.385100191061159
0.385563462624529
0.386025234202058
0.386485510761927
0.386944297344139
0.387401599058723
0.387857421083961
0.388311768664636
0.388764647110285
0.389216061793483
0.389666018148139
0.390114521667813
0.390561577904049
0.391007192464727
0.391451371012436
0.391894119262865
0.392335442983211
0.392775347990607
0.39321384015057
0.393650925375467
0.394086609623
0.39452089889471
0.394953799234502
0.395385316727187
0.395815457497041
0.396244227706391
0.396671633554213
0.397097681274747
0.397522377136143
0.397945727439111
0.398367738515602
0.398788416727502
0.399207768465343
0.399625800147042
0.400042518216646
0.400457929143109
0.400872039419074
0.401284855559687
0.401696384101419
0.402106631600911
0.402515604633838
0.402923309793787
0.403329753691159
0.403734942952085
0.404138884217357
0.404541584141384
0.404943049391162
0.405343286645257
0.405742302592814
0.406140103932577
0.406536697371928
0.406932089625941
0.407326287416457
0.407719297471171
0.408111126522741
0.408501781307903
0.408891268566617
0.409279595041216
0.409666767475577
0.410052792614308
0.410437677201946
0.410821427982179
0.411204051697073
0.41158555508632
0.411965944886502
0.412345227830365
0.412723410646112
0.413100500056708
0.413476502779199
0.413851425524048
0.414225274994481
0.41459805788585
0.414969780885006
0.415340450669692
0.41571007390794
0.416078657257489
0.416446207365213
0.41681273086656
0.417178234385006
0.417542724531522
0.417906207904051
0.418268691086995
0.418630180650722
0.418990683151079
0.419350205128912
0.41970875310961
0.420066333602646
0.420422953101141
0.420778618081434
0.421133335002658
0.421487110306335
0.421839950415979
0.422191861736705
0.422542850654852
0.422892923537617
0.423242086732693
0.423590346567925
0.42393770935097
0.424284181368966
0.424629768888211
0.424974478153856
0.425318315389598
0.42566128679739
0.426003398557152
0.426344656826498
0.426685067740468
0.427024637411265
0.427363371928005
0.427701277356473
0.428038359738886
0.428374625093663
0.428710079415207
0.42904472867369
0.429378578814843
0.429711635759763
0.430043905404712
0.430375393620939
0.430706106254497
0.43103604912607
0.431365228030809
0.431693648738171
0.432021316991766
0.43234823850921
0.43267441898198
0.432999864075285
0.43332457942793
0.433648570652196
0.433971843333717
0.434294403031371
0.43461625527717
0.434937405576156
0.435257859406306
0.435577622218436
0.435896699436117
0.436215096455588
0.43653281864568
0.436849871347741
0.437166259875566
0.437481989515336
0.437797065525551
0.438111493136979
0.438425277552599
0.438738423947557
0.439050937469119
0.439362823236629
0.439674086341477
0.439984731847059
0.440294764788754
0.440604190173894
0.440913012981742
0.441221238163472
0.441528870642156
0.441835915312746
0.442142377042071
0.442448260668822
0.442753571003557
0.443058312828692
0.443362490898509
0.443666109939159
0.443969174648666
0.444271689696945
0.444573659725804
0.44487508934897
0.445175983152098
0.445476345692797
0.445776181500646
0.446075495077227
0.446374290896142
0.446672573403052
0.446970347015698
0.447267616123942
0.447564385089797
0.447860658247467
0.448156439903384
0.448451734336249
0.448746545797074
0.449040878509228
0.44933473666848
0.44962812444305
0.449921045973652
0.450213505373553
0.450505506728617
0.450797054097364
0.451088151511022
0.451378802973587
0.451669012461874
0.451958783925582
0.452248121287353
0.452537028442831
0.452825509260728
0.453113567582886
0.453401207224339
0.453688431973386
0.453975245591652
0.454261651814159
0.454547654349392
0.454833256879374
0.455118463059732
0.455403276519772
0.45568770086255
0.455971739664946
0.456255396477738
0.456538674825679
0.45682157820757
0.457104110096339
0.457386273939115
0.457668073157311
0.457949511146699
0.458230591277491
0.458511316894415
0.458791691316803
0.459071717838665
0.459351399728775
0.45963074023075
0.459909742563136
0.460188409919488
0.460466745468456
0.460744752353868
0.461022433694815
0.461299792585736
0.461576832096502
0.461853555272504
0.46212996513474
0.462406064679896
0.46268185688044
0.462957344684704
0.463232531016973
0.463507418777576
0.463782010842968
0.464056310065824
0.464330319275126
0.46460404127625
0.464877478851058
0.465150634757985
0.465423511732132
0.465696112485351
0.465968439706341
0.466240496060733
0.466512284191184
0.466783806717468
0.467055066236561
0.467326065322742
0.467596806527673
0.467867292380502
0.468137525387942
0.468407508034376
0.468677242781935
0.468946732070603
0.469215978318298
0.469484983920971
0.469753751252697
0.470022282665765
0.470290580490771
0.470558647036714
0.470826484591083
0.471094095419956
0.471361481768086
0.471628645859
0.471895589895087
0.472162316057694
0.472428826507219
0.472695123383203
0.47296120880442
0.473227084868979
0.473492753654409
0.473758217217754
0.47402347759567
0.474288536804514
0.47455339684044
0.474818059679492
0.475082527277698
0.47534680157116
0.475610884476154
0.475874777889217
0.476138483687246
0.476402003727587
0.476665339848133
0.476928493867415
0.477191467584696
0.477454262780065
0.477716881214533
0.477979324630122
0.478241594749964
0.478503693278391
0.478765621901031
0.479027382284902
0.479288976078503
0.479550404911913
0.47981167039688
0.480072774126918
0.4803337176774
0.480594502605651
0.480855130451045
0.481115602735095
0.48137592096155
0.48163608661649
0.481896101168415
0.482155966068344
0.48241568274991
0.482675252629447
0.482934677106092
0.483193957561876
0.483453095361817
0.483712091854015
0.483970948369749
0.484229666223567
0.484488246713382
0.484746691120567
0.485005000710049
0.485263176730402
0.485521220413944
0.485779132976828
0.486036915619138
0.486294569524985
0.486552095862599
0.486809495784424
0.487066770427212
0.487323920912119
0.487580948344797
0.487837853815494
0.48809463839914
0.488351303155448
0.488607849129005
0.488864277349372
0.48912058883117
0.489376784574182
0.489632865563443
0.489888832769338
0.490144687147695
0.490400429639878
0.490656061172885
0.490911582659439
0.491166994998088
0.491422299073291
0.491677495755524
0.491932585901365
0.492187570353592
0.49244244994128
0.492697225479893
0.492951897771381
0.49320646760427
0.493460935753764
0.493715302981833
0.493969570037312
0.494223737655993
0.494477806560724
0.494731777461497
0.49498565105555
0.495239428027456
0.495493109049222
0.495746694780381
0.496000185868088
0.496253582947213
0.496506886640439
0.496760097558354
0.497013216299546
0.4972662434507
0.497519179586688
0.49777202527067
0.498024781054182
0.498277447477237
0.498530025068412
0.498782514344951
0.499034915812853
0.499287229966971
0.499539457291102
0.499791598258086
0.500043653329896
0.500295622957738
0.500547507582138
0.500799307633043
0.501051023529911
0.501302655681807
0.501554204487497
0.501805670335541
0.50205705360439
0.502308354662474
0.502559573868303
0.502810711570555
0.503061768108175
0.503312743810464
0.503563638997173
0.503814453978602
0.504065189055687
0.504315844520095
0.504566420654321
0.504816917731775
0.505067336016882
0.505317675765169
0.505567937223361
0.505818120629473
0.506068226212904
0.506318254194526
0.506568204786782
0.506818078193773
0.507067874611354
0.507317594227223
0.507567237221016
0.507816803764398
0.508066294021152
0.508315708147274
0.508565046291065
0.508814308593217
0.509063495186912
0.509312606197904
0.509561641744617
0.509810601938235
0.510059486882787
0.510308296675244
0.510557031405605
0.510805691156988
0.51105427600572
0.511302786021428
0.511551221267126
0.511799581799306
0.512047867668026
0.512296078917
0.512544215583685
0.512792277699371
0.513040265289269
0.513288178372598
0.513536016962674
0.513783781066998
0.514031470687339
0.514279085819829
0.514526626455042
0.514774092578085
0.515021484168686
0.515268801201272
0.515516043645067
0.515763211464165
0.516010304617627
0.516257323059555
0.516504266739188
0.516751135600977
0.516997929584675
0.517244648625419
0.517491292653813
0.517737861596014
0.517984355373813
0.518230773904717
0.518477117102036
0.518723384874959
0.518969577128641
0.519215693764281
0.519461734679208
0.519707699766955
0.519953588917347
0.520199402016576
0.520445138947282
0.520690799588637
0.520936383816417
0.521181891503087
0.521427322517877
0.521672676726859
0.521917953993029
0.522163154176381
0.522408277133984
0.522653322720062
0.522898290786067
0.523143181180757
0.523387993750271
0.523632728338204
0.523877384785684
0.524121962931444
0.524366462611895
0.524610883661205
0.524855225911367
0.525099489192275
0.525343673331795
0.525587778155837
0.525831803488429
0.526075749151785
0.526319614966378
0.52656340075101
0.526807106322882
0.527050731497664
0.527294276089561
0.527537739911388
0.527781122774633
0.528024424489526
0.528267644865108
0.528510783709295
0.528753840828949
0.528996816029939
0.52923970911721
0.529482519894848
0.529725248166141
0.52996789373365
0.530210456399266
0.530452935964276
0.530695332229427
0.530937644994987
0.531179874060807
0.531422019226382
0.531664080290914
0.531906057053368
0.532147949312538
0.532389756867102
0.53263147951568
0.532873117056899
0.533114669289444
0.533356136012118
0.5335975170239
0.533838812124002
0.534080021111923
0.534321143787504
0.534562179950986
0.534803129403063
0.535043991944935
0.535284767378362
0.53552545550572
0.535766056130047
0.536006569055103
0.536246994085415
0.536487331026332
0.536727579684071
0.536967739865774
0.537207811379549
0.537447794034527
0.537687687640903
0.53792749200999
0.538167206954264
0.538406832287408
0.538646367824364
0.538885813381375
0.539125168776029
0.539364433827308
0.53960360835563
0.539842692182894
0.540081685132518
0.540320587029491
0.540559397700405
0.540798116973506
0.541036744678727
0.541275280647735
0.541513724713966
0.54175207671267
0.541990336480944
0.542228503857775
0.542466578684076
0.542704560802724
0.542942450058597
0.54318024629861
0.543417949371752
0.543655559129119
0.543893075423953
0.544130498111671
0.544367827049902
0.544605062098523
0.544842203119686
0.545079249977853
0.545316202539828
0.545553060674789
0.545789824254318
0.546026493152429
0.546263067245601
0.546499546412807
0.546735930535538
0.546972219497839
0.547208413186331
0.547444511490237
0.547680514301416
0.547916421514381
0.548152233026329
0.548387948737165
0.548623568549527
0.548859092368812
0.549094520103195
0.549329851663656
0.549565086964003
0.54980022592089
0.550035268453843
0.55027021448528
0.550505063940532
0.550739816747861
0.550974472838482
0.551209032146582
0.551443494609339
0.551677860166938
0.551912128762593
0.552146300342561
0.552380374856158
0.552614352255781
0.552848232496918
0.553082015538165
0.553315701341244
0.553549289871014
0.553782781095488
0.554016174985843
0.554249471516438
0.554482670664821
0.554715772411747
0.554948776741186
0.555181683640336
0.555414493099635
0.555647205112768
0.555879819676682
0.556112336791589
0.556344756460982
0.556577078691643
0.556809303493644
0.557041430880364
0.557273460868493
0.557505393478038
0.557737228732329
0.55796896665803
0.55820060728514
0.558432150647
0.558663596780299
0.558894945725078
0.559126197524734
0.559357352226023
0.559588409879065
0.559819370537348
0.560050234257727
0.56028100110043
0.560511671129056
0.560742244410583
0.560972721015361
0.561203101017118
0.561433384492961
0.561663571523371
0.561893662192208
0.562123656586709
0.562353554797482
0.562583356918513
0.562813063047159
0.563042673284143
0.563272187733561
0.563501606502869
0.563730929702885
0.563960157447786
0.564189289855104
0.564418327045716
0.564647269143849
0.564876116277068
0.565104868576273
0.565333526175695
0.565562089212888
0.565790557828724
0.566018932167386
0.566247212376361
0.566475398606435
0.566703491011684
0.566931489749464
0.567159394980409
0.567387206868416
0.567614925580644
0.567842551287495
0.568070084162617
0.568297524382883
0.56852487212839
0.568752127582444
0.568979290931554
0.569206362365416
0.569433342076906
0.56966023026207
0.569887027120109
0.570113732853369
0.57034034766733
0.570566871770595
0.570793305374875
0.571019648694976
0.57124590194879
0.571472065357278
0.57169813914446
0.571924123537398
0.572150018766185
0.572375825063932
0.572601542666748
0.572827171813732
0.573052712746955
0.573278165711447
0.573503530955179
0.573728808729051
0.573953999286875
0.574179102885356
0.574404119784085
0.574629050245512
0.574853894534938
0.575078652920493
0.575303325673123
0.575527913066573
0.575752415377366
0.575976832884788
0.576201165870874
0.576425414620384
0.57664957942079
0.576873660562256
0.577097658337619
0.577321573042375
0.577545404974653
0.577769154435204
0.577992821727377
0.578216407157102
0.578439911032872
0.578663333665721
0.578886675369205
0.579109936459387
0.579333117254809
0.57955621807648
0.57977923924785
0.580002181094794
0.58022504394559
0.580447828130899
0.580670533983743
0.580893161839485
0.581115712035811
0.581338184912704
0.581560580812427
0.5817829000795
0.582005143060678
0.582227310104931
0.582449401563423
0.582671417789488
0.582893359138611
0.583115225968403
0.583337018638581
0.583558737510948
0.583780382949364
0.584001955319732
0.584223454989971
0.584444882329992
0.58466623771168
0.584887521508868
0.585108734097317
0.58532987585469
0.585550947160529
0.585771948396238
0.585992879945051
0.586213742192017
0.58643453552397
0.586655260329511
0.586875916998981
0.587096505924442
0.587317027499646
0.587537482120019
0.587757870182634
0.587978192086188
0.588198448230975
0.588418639018869
0.588638764853294
0.588858826139201
0.589078823283049
0.589298756692773
0.589518626777766
0.589738433948854
0.589958178618269
0.590177861199628
0.590397482107905
0.590617041759412
0.590836540571769
0.591055978963883
0.591275357355923
0.591494676169295
0.591713935826619
0.591933136751702
0.592152279369513
0.592371364106164
0.592590391388879
0.592809361645971
0.59302827530682
0.593247132801846
0.593465934562485
0.593684681021161
0.593903372611268
0.59412200976714
0.594340592924028
0.594559122518072
0.594777598986284
0.594996022766513
0.59521439429743
0.595432714018494
0.595650982369934
0.595869199792721
0.596087366728545
0.596305483619786
0.596523550909495
0.596741569041365
0.596959538459706
0.597177459609423
0.597395332935988
0.597613158885418
0.597830937904247
0.598048670439502
0.598266356938683
0.598483997849728
0.598701593621
0.598919144701251
0.599136651539605
0.599354114585531
0.599571534288815
0.599788911099542
0.600006245468062
0.600223537844975
0.600440788681098
0.600657998427444
0.6008751675352
0.601092296455697
0.601309385640386
0.601526435540818
0.601743446608614
0.601960419295444
0.602177354053
0.602394251332972
0.602611111587026
0.602827935266775
0.603044722823758
0.603261474709412
0.603478191375054
0.603694873271848
0.603911520850788
0.60412813456267
0.604344714858068
0.604561262187309
0.604777777000451
0.604994259747258
0.605210710877174
0.605427130839302
0.605643520082375
0.605859879054738
0.60607620820432
0.60629250797861
0.606508778824636
0.606725021188937
0.606941235517541
0.607157422255944
0.607373581849081
0.607589714741307
0.607805821376367
0.608021902197382
0.608237957646815
0.608453988166455
0.60866999419739
0.608885976179985
0.609101934553856
0.609317869757849
0.609533782230018
0.609749672407598
0.609965540726984
0.610181387623708
0.610397213532415
0.61061301888684
0.610828804119785
0.611044569663098
0.611260315947646
0.611476043403297
0.611691752458894
0.611907443542232
0.612123117080038
0.612338773497945
0.612554413220473
0.612770036671004
0.61298564427176
0.613201236443782
0.613416813606905
0.61363237617974
0.613847924579646
0.614063459222714
0.61427898052374
0.614494488896206
0.614709984752257
0.61492546850268
0.615140940556881
0.615356401322862
0.615571851207203
0.61578729061504
0.61600271995004
0.61621813961438
0.61643355000873
0.616648951532229
0.616864344582462
0.61707972955544
0.617295106845582
0.61751047684569
0.617725839946928
0.617941196538805
0.61815654700915
0.618371891744095
0.618587231128051
0.618802565543689
0.619017895371919
0.619233220991871
0.619448542780873
0.619663861114432
0.619879176366213
0.620094488908019
0.62030979910977
0.620525107339487
0.620740413963267
0.620955719345266
0.62117102384768
0.621386327830723
0.621601631652611
0.621816935669537
0.622032240235658
0.622247545703071
0.622462852421798
0.622678160739762
0.622893471002772
0.623108783554502
0.623324098736474
0.623539416888037
0.62375473834635
0.623970063446363
0.6241853925208
0.624400725900136
0.624616063912584
0.624831406884076
0.625046755138241
0.625262108996391
0.625477468777503
0.625692834798199
0.625908207372728
0.626123586812953
0.626338973428328
0.626554367525882
0.626769769410207
0.626985179383431
0.62720059774521
0.627416024792707
0.627631460820574
0.627846906120937
0.62806236098338
0.628277825694927
0.628493300540026
0.628708785800532
0.628924281755692
0.629139788682128
0.629355306853821
0.629570836542095
0.629786378015601
0.630001931540303
0.63021749737946
0.630433075793611
0.630648667040562
0.630864271375366
0.631079889050313
0.631295520314911
0.631511165415875
0.631726824597106
0.631942498099684
0.632158186161847
0.63237388901898
0.632589606903599
0.632805340045338
0.633021088670934
0.633236853004214
0.633452633266079
0.633668429674492
0.633884242444466
0.634100071788044
0.634315917914294
0.63453178102929
0.634747661336101
0.634963559034778
0.635179474322339
0.635395407392759
0.635611358436956
0.635827327642779
0.636043315194994
0.636259321275275
0.636475346062187
0.636691389731178
0.636907452454568
0.637123534401532
0.637339635738093
0.637555756627109
0.63777189722826
0.637988057698041
0.638204238189748
0.638420438853464
0.638636659836056
0.638852901281157
0.639069163329158
0.639285446117201
0.639501749779162
0.639718074445647
0.639934420243978
0.640150787298184
0.640367175728995
0.640583585653825
0.640800017186771
0.641016470438598
0.641232945516729
0.641449442525242
0.641665961564856
0.641882502732925
0.642099066123425
0.642315651826954
0.642532259930714
0.642748890518511
0.64296554367074
0.643182219464383
0.643398917973
0.643615639266717
0.643832383412226
0.644049150472771
0.644265940508145
0.644482753574682
0.64469958972525
0.644916449009243
0.645133331472579
0.645350237157688
0.64556716610351
0.645784118345489
0.646001093915561
0.646218092842159
0.646435115150197
0.646652160861072
0.646869229992655
0.647086322559287
0.647303438571773
0.647520578037381
0.647737740959833
0.647954927339302
0.64817213717241
0.64838937045222
0.648606627168236
0.648823907306396
0.649041210849072
0.649258537775061
0.64947588805959
0.649693261674303
0.649910658587267
0.650128078762965
0.650345522162291
0.650562988742554
0.65078047845747
0.650997991257164
0.651215527088164
0.651433085893403
0.651650667612217
0.65186827218034
0.652085899529906
0.652303549589449
0.652521222283899
0.652738917534583
0.652956635259223
0.653174375371938
0.653392137783242
0.653609922400046
0.653827729125655
0.65404555785977
0.65426340849849
0.65448128093431
0.654699175056123
0.654917090749221
0.655135027895298
0.655352986372447
0.655570966055166
0.655788966814358
0.656006988517332
0.656225031027806
0.656443094205911
0.656661177908188
0.656879281987598
0.657097406293518
0.65731555067175
0.65753371496452
0.65775189901048
0.657970102644718
0.658188325698755
0.658406568000554
0.658624829374518
0.658843109641501
0.659061408618808
0.659279726120201
0.659498061955904
0.659716415932606
0.65993478785347
0.660153177518133
0.660371584722719
0.660590009259834
0.660808450918583
0.661026909484569
0.6612453847399
0.661463876463199
0.661682384429605
0.661900908410787
0.662119448174943
0.662338003486811
0.662556574107679
0.662775159795387
0.662993760304338
0.663212375385505
0.663431004786439
0.663649648251276
0.663868305520748
0.66408697633219
0.664305660419548
0.664524357513388
0.664743067340908
0.664961789625942
0.665180524088974
0.665399270447146
0.665618028414266
0.665836797700823
0.666055578013989
0.666274369057638
0.66649317053235
0.666711982135426
0.666930803560896
0.667149634499531
0.667368474638853
0.66758732366315
0.667806181253483
0.668025047087699
0.668243920840447
0.668462802183182
0.668681690784185
0.66890058630857
0.669119488418301
0.669338396772201
0.669557311025965
0.669776230832176
0.669995155840317
0.670214085696782
0.670433020044893
0.670651958524911
0.670870900774053
0.671089846426501
0.671308795113423
0.67152774646298
0.671746700100348
0.671965655647726
0.672184612724355
0.672403570946532
0.672622529927625
0.672841489278087
0.673060448605476
0.673279407514465
0.67349836560686
0.673717322481619
0.673936277734864
0.674155230959898
0.674374181747224
0.674593129684558
0.67481207435685
0.675031015346296
0.675249952232358
0.675468884591783
0.675687811998617
0.675906734024221
0.676125650237295
0.676344560203891
0.67656346348743
0.676782359648726
0.677001248245996
0.677220128834886
0.677439000968484
0.677657864197343
0.677876718069496
0.678095562130476
0.678314395923338
0.678533218988675
0.678752030864636
0.678970831086951
0.679189619188944
0.67940839470156
0.679627157153376
0.67984590607063
0.680064640977234
0.6802833613948
0.680502066842654
0.680720756837864
0.680939430895254
0.681158088527428
0.681376729244791
0.681595352555569
0.68181395796583
0.682032544979504
0.682251113098411
0.682469661822271
0.682688190648737
0.682906699073408
0.683125186589856
0.683343652689647
0.683562096862361
0.683780518595616
0.683998917375089
0.684217292684538
0.684435644005828
0.684653970818947
0.684872272602037
0.685090548831408
0.685308798981567
0.685527022525238
0.685745218933385
0.685963387675239
0.686181528218314
0.686399640028437
0.686617722569767
0.686835775304822
0.687053797694499
0.687271789198099
0.687489749273351
0.687707677376437
0.687925572962014
0.688143435483237
0.688361264391784
0.688579059137884
0.688796819170334
0.689014543936528
0.689232232882479
0.689449885452847
0.689667501090958
0.689885079238832
0.690102619337208
0.690320120825566
0.690537583142154
0.690755005724009
0.690972388006989
0.691189729425789
0.691407029413973
0.691624287403996
0.691841502827226
0.692058675113974
0.69227580369352
0.69249288799413
0.692709927443089
0.692926921466724
0.693143869490428
0.693360770938686
0.6935776252351
0.693794431802415
0.694011190062545
0.694227899436595
0.694444559344892
0.694661169207003
0.69487772844177
0.695094236467325
0.695310692701125
0.69552709655997
0.695743447460034
0.695959744816889
0.696175988045526
0.696392176560389
0.696608309775394
0.696824387103957
0.69704040795902
0.697256371753076
0.697472277898194
0.697688125806046
0.697903914887932
0.698119644554805
0.698335314217298
0.698550923285748
0.698766471170224
0.69898195728055
0.699197381026332
0.699412741816983
0.699628039061749
0.699843272169735
0.70005844054993
0.700273543611232
0.700488580762475
0.700703551412453
0.700918454969946
0.701133290843745
0.70134805844268
0.70156275717564
0.701777386451605
0.701991945679666
0.702206434269052
0.702420851629158
0.702635197169566
0.702849470300071
0.703063670430708
0.703277796971778
0.703491849333868
0.703705826927883
0.703919729165063
0.704133555457016
0.704347305215736
0.704560977853634
0.704774572783556
0.704988089418814
0.705201527173208
0.705414885461048
0.705628163697184
0.705841361297025
0.706054477676568
0.706267512252421
0.706480464441823
0.706693333662675
0.706906119333559
0.707118820873767
0.707331437703318
0.707543969242988
0.707756414914333
0.70796877413971
0.708181046342301
0.70839323094614
0.708605327376135
0.708817335058088
0.709029253418723
0.709241081885709
0.709452819887677
0.709664466854253
0.709876022216073
0.710087485404809
0.710298855853192
0.710510132995034
0.710721316265252
0.710932405099887
0.711143398936131
0.711354297212346
0.71156509936809
0.711775804844134
0.711986413082487
0.712196923526419
0.712407335620479
0.712617648810523
0.712827862543728
0.71303797626862
0.71324798943509
0.71345790149442
0.713667711899302
0.713877420103858
0.714087025563663
0.714296527735765
0.714505926078705
0.714715220052538
0.714924409118855
0.7151334927408
0.715342470383094
0.715551341512051
0.715760105595603
0.715968762103316
0.716177310506408
0.716385750277776
0.716594080892008
0.716802301825405
0.717010412556002
0.717218412563583
0.717426301329704
0.71763407833771
0.717841743072752
0.718049295021809
0.718256733673705
0.718464058519125
0.718671269050636
0.718878364762703
0.719085345151709
0.719292209715971
0.719498957955757
0.719705589373305
0.71991210347284
0.72011849976059
0.720324777744803
0.720530936935766
0.720736976845819
0.720942896989374
0.721148696882927
0.72135437604508
0.721559933996554
0.721765370260203
0.721970684361034
0.72217587582622
0.722380944185115
0.722585888969273
0.722790709712457
0.72299540595066
0.723199977222116
0.723404423067316
0.723608743029024
0.723812936652289
0.724017003484458
0.724220943075195
0.724424754976492
0.72462843874268
0.72483199393045
0.725035420098856
0.725238716809339
0.725441883625734
0.725644920114282
0.725847825843647
0.726050600384926
0.726253243311661
0.726455754199854
0.726658132627977
0.726860378176983
0.727062490430321
0.727264468973944
0.727466313396323
0.72766802328846
0.727869598243892
0.728071037858712
0.72827234173157
0.728473509463691
0.728674540658883
0.728875434923545
0.72907619186668
0.729276811099906
0.729477292237462
0.729677634896221
0.729877838695696
0.730077903258056
0.730277828208126
0.730477613173404
0.730677257784065
0.730876761672972
0.731076124475683
0.731275345830462
0.731474425378283
0.731673362762842
0.731872157630563
0.732070809630605
0.732269318414871
0.732467683638014
0.732665904957447
0.732863982033346
0.733061914528659
0.733259702109114
0.733457344443223
0.733654841202288
0.733852192060412
0.734049396694498
0.734246454784261
0.734443366012231
0.734640130063757
0.734836746627018
0.73503321539302
0.735229536055607
0.735425708311466
0.735621731860129
0.735817606403979
0.736013331648251
0.736208907301045
0.73640433307332
0.736599608678905
0.736794733834498
0.736989708259673
0.737184531676882
0.73737920381146
0.737573724391623
0.737768093148479
0.737962309816024
0.738156374131147
0.738350285833633
0.738544044666167
0.738737650374331
0.738931102706612
0.7391244014144
0.73931754625199
0.739510536976586
0.739703373348301
0.739896055130158
0.74008858208809
0.740280953990945
0.740473170610481
0.740665231721373
0.740857137101209
0.741048886530491
0.741240479792638
0.741431916673982
0.741623196963772
0.74181432045417
0.742005286940254
0.742196096220016
0.742386748094361
0.742577242367107
0.742767578844982
0.742957757337627
0.743147777657592
0.743337639620334
0.743527343044217
0.743716887750511
0.743906273563388
0.744095500309923
0.744284567820088
0.744473475926755
0.744662224465688
0.744850813275545
0.745039242197874
0.74522751107711
0.745415619760572
0.74560356809846
0.745791355943853
0.745978983152705
0.746166449583841
0.746353755098956
0.746540899562606
0.746727882842212
0.746914704808049
0.747101365333247
0.747287864293783
0.747474201568481
0.747660377039002
0.747846390589846
0.748032242108343
0.74821793148465
0.748403458611744
0.748588823385421
0.748774025704287
0.748959065469756
0.749143942586041
0.749328656960153
0.749513208501891
0.749697597123842
0.749881822741368
0.750065885272607
0.750249784638462
0.750433520762597
0.750617093571433
0.750800502994137
0.750983748962619
0.751166831411525
0.751349750278229
0.751532505502828
0.751715097028133
0.751897524799666
0.752079788765649
0.752261888876998
0.752443825087317
0.752625597352889
0.75280720563267
0.752988649888281
0.753169930084001
0.753351046186757
0.753531998166118
0.75371278599429
0.7538934096461
0.754073869098998
0.75425416433304
0.754434295330886
0.754614262077787
0.754794064561582
0.754973702772684
0.755153176704074
0.755332486351292
0.75551163171243
0.75569061278812
0.755869429581527
0.75604808209834
0.756226570346762
0.756404894337503
0.756583054083766
0.756761049601245
0.756938880908109
0.757116548024996
0.757294050975003
0.757471389783675
0.757648564478997
0.757825575091384
0.75800242165367
0.7581791042011
0.75835562277132
0.758531977404363
0.758708168142645
0.758884195030951
0.759060058116424
0.75923575744856
0.759411293079192
0.759586665062481
0.759761873454909
0.759936918315263
0.760111799704629
0.760286517686381
0.760461072326165
0.760635463691897
0.760809691853744
0.76098375688412
0.761157658857669
0.761331397851258
0.761504973943966
0.76167838721707
0.761851637754039
0.762024725640515
0.762197650964312
0.762370413815396
0.762543014285878
0.762715452470002
0.762887728464133
0.763059842366746
0.763231794278415
0.763403584301803
0.763575212541645
0.763746679104744
0.763917984099952
0.764089127638164
0.764260109832304
0.764430930797314
0.764601590650141
0.764772089509726
0.764942427496992
0.765112604734835
0.765282621348105
0.765452477463604
0.765622173210065
0.765791708718144
0.76596108412041
0.766130299551329
0.766299355147255
0.766468251046415
0.766636987388902
0.766805564316654
0.766973981973454
0.767142240504907
0.767310340058432
0.767478280783252
0.767646062830379
0.767813686352602
0.767981151504476
0.768148458442307
0.768315607324144
0.768482598309762
0.768649431560655
0.768816107240019
0.76898262551274
0.769148986545385
0.769315190506188
0.769481237565034
0.769647127893454
0.769812861664605
0.769978439053262
0.770143860235807
0.77030912539021
0.770474234696023
0.770639188334366
0.770803986487912
0.770968629340876
0.771133117079005
0.771297449889562
0.771461627961315
0.771625651484524
0.77178952065093
0.77195323565374
0.772116796687618
0.772280203948668
0.772443457634425
0.772606557943843
0.772769505077279
0.772932299236482
0.773094940624584
0.773257429446083
0.77341976590683
0.773581950214022
0.773743982576183
0.773905863203159
0.774067592306097
0.774229170097438
0.774390596790905
0.774551872601487
0.774712997745429
0.77487397244022
0.775034796904578
0.775195471358442
0.775355996022954
0.77551637112045
0.77567659687445
0.775836673509639
0.775996601251861
0.776156380328103
0.776316010966485
0.776475493396245
0.776634827847729
0.776794014552379
0.776953053742718
0.777111945652341
0.7772706905159
0.777429288569095
0.777587740048657
0.777746045192341
0.777904204238912
0.77806221742813
0.778220085000742
0.778377807198469
0.778535384263992
0.778692816440941
0.778850103973884
0.779007247108313
0.779164246090634
0.779321101168154
0.779477812589068
0.779634380602451
0.779790805458241
0.77994708740723
0.780103226701052
0.780259223592171
0.780415078333869
0.780570791180233
0.780726362386146
0.780881792207274
0.781037080900053
0.781192228721679
0.781347235930095
0.781502102783982
0.781656829542744
0.781811416466498
0.781965863816063
0.782120171852948
0.78227434083934
0.782428371038095
0.782582262712721
0.782736016127374
0.782889631546841
0.78304310923653
0.783196449462462
0.783349652491253
0.783502718590111
0.783655648026817
0.78380844106972
0.783961097987722
0.784113619050268
0.784266004527337
0.784418254689427
0.784570369807546
0.784722350153203
0.784874195998394
0.785025907615592
0.785177485277737
0.785328929258224
0.785480239830893
0.785631417270018
0.785782461850297
0.78593337384684
0.786084153535158
0.786234801191154
0.786385317091112
0.786535701511687
0.786685954729891
0.786836077023088
0.786986068668979
0.787135929945593
0.787285661131279
0.787435262504692
0.787584734344785
0.787734076930797
0.787883290542244
0.788032375458911
0.788181331960836
0.788330160328307
0.788478860841845
0.788627433782201
0.788775879430338
0.788924198067428
0.789072389974841
0.78922045543413
0.789368394727027
0.789516208135432
0.789663895941399
0.789811458427133
0.789958895874974
0.790106208567393
0.790253396786977
0.790400460816424
0.790547400938531
0.790694217436185
0.790840910592354
0.790987480690076
0.791133928012454
0.791280252842641
0.791426455463833
0.791572536159264
0.791718495212188
0.791864332905878
0.792010049523613
0.79215564534867
0.792301120664314
0.792446475753791
0.792591710900315
0.792736826387066
0.792881822497173
0.793026699513712
0.793171457719694
0.793316097398055
0.793460618831652
0.793605022303248
0.79374930809551
0.793893476490996
0.794037527772147
0.79418146222128
0.79432528012058
0.794468981752088
0.794612567397697
0.794756037339142
0.794899391857991
0.795042631235638
0.795185755753292
0.795328765691975
0.795471661332506
0.7956144429555
0.795757110841355
0.795899665270249
0.796042106522124
0.796184434876689
0.796326650613402
0.796468754011469
0.796610745349833
0.796752624907169
0.796894392961871
0.797036049792052
0.797177595675529
0.797319030889822
0.797460355712141
0.797601570419382
0.797742675288117
0.797883670594592
0.798024556614713
0.798165333624041
0.798306001897787
0.798446561710804
0.798587013337578
0.798727357052221
0.798867593128468
0.799007721839663
0.799147743458761
0.799287658258311
0.799427466510459
0.799567168486933
0.79970676445904
0.799846254697662
0.799985639473242
0.800124919055786
0.800264093714847
0.800403163719528
0.800542129338469
0.800680990839841
0.800819748491342
0.800958402560192
0.801096953313121
0.801235401016367
0.801373745935669
0.801511988336259
0.801650128482861
0.801788166639676
0.801926103070385
0.802063938038137
0.802201671805546
0.802339304634683
0.802476836787073
0.802614268523685
0.802751600104929
0.802888831790651
0.803025963840125
0.803162996512047
0.803299930064533
0.803436764755109
0.803573500840706
0.803710138577661
0.8038466782217
0.803983120027943
0.804119464250894
0.804255711144434
0.804391860961819
0.804527913955675
0.80466387037799
0.804799730480109
0.804935494512731
0.805071162725903
0.805206735369015
0.805342212690795
0.805477594939301
0.805612882361924
0.805748075205372
0.805883173715676
0.806018178138179
0.80615308871753
0.806287905697685
0.806422629321897
0.806557259832717
0.80669179747198
0.806826242480812
0.806960595099617
0.807094855568076
0.807229024125143
0.807363101009036
0.807497086457241
0.807630980706499
0.807764783992809
0.807898496551418
0.80803211861682
0.808165650422751
0.808299092202187
0.808432444187334
0.808565706609631
0.808698879699743
0.808831963687556
0.808964958802174
0.809097865271917
0.809230683324314
0.809363413186101
0.809496055083218
0.809628609240804
0.809761075883194
0.809893455233914
0.810025747515679
0.810157952950391
0.810290071759131
0.810422104162161
0.810554050378914
0.810685910627999
0.81081768512719
0.810949374093426
0.81108097774281
0.811212496290601
0.811343929951214
0.811475278938218
0.811606543464328
0.811737723741409
0.811868819980465
0.811999832391643
0.812130761184227
0.812261606566635
0.812392368746416
0.81252304793025
0.812653644323941
0.812784158132417
0.812914589559727
0.813044938809039
0.813175206082634
0.813305391581909
0.81343549550737
0.813565518058631
0.813695459434413
0.813825319832538
0.81395509944993
0.814084798482613
0.814214417125706
0.814343955573422
0.814473414019066
0.814602792655033
0.814732091672807
0.814861311262957
0.814990451615133
0.815119512918071
0.815248495359583
0.815377399126562
0.815506224404975
0.815634971379863
0.81576364023534
0.815892231154591
0.816020744319869
0.816149179912494
0.816277538112854
0.816405819100397
0.816534023053638
0.816662150150149
0.816790200566563
0.816918174478572
0.817046072060923
0.817173893487419
0.817301638930918
0.817429308563328
0.817556902555611
0.817684421077778
0.81781186429889
0.817939232387055
0.818066525509427
0.818193743832208
0.818320887520644
0.818447956739024
0.81857495165068
0.818701872417988
0.818828719202361
0.818955492164257
0.81908219146317
0.819208817257634
0.819335369705223
0.819461848962544
0.819588255185245
0.819714588528008
0.819840849144551
0.819967037187628
0.820093152809025
0.820219196159565
0.820345167389104
0.820471066646531
0.820596894079767
0.820722649835769
0.820848334060522
0.820973946899048
0.821099488495397
0.821224958992653
0.821350358532933
0.821475687257383
0.821600945306182
0.821726132818542
0.821851249932704
0.821976296785945
0.822101273514569
0.822226180253915
0.822351017138355
0.822475784301291
0.82260048187516
0.822725109991431
0.822849668780607
0.822974158372223
0.823098578894851
0.823222930476096
0.823347213242597
0.82347142732003
0.823595572833108
0.82371964990558
0.82384365866023
0.823967599218883
0.824091471702402
0.824215276230688
0.824339012922685
0.824462681896374
0.824586283268781
0.824709817155974
0.824833283673063
0.824956682934205
0.825080015052599
0.825203280140494
0.825326478309186
0.825449609669016
0.82557267432938
0.82569567239872
0.825818603984533
0.825941469193369
0.826064268130831
0.826187000901578
0.826309667609328
0.826432268356856
0.826554803245997
0.826677272377646
0.826799675851763
0.82692201376737
0.827044286222557
0.827166493314479
0.827288635139361
0.827410711792499
0.827532723368259
0.827654669960084
0.827776551660488
0.827898368561067
0.828020120752494
0.828141808324523
0.828263431365989
0.828384989964815
0.828506484208008
0.828627914181665
0.828749279970972
0.828870581660209
0.828991819332749
0.829112993071063
0.82923410295672
0.82935514907039
0.829476131491847
0.829597050299968
0.82971790557274
0.829838697387258
0.829959425819731
0.830080090945479
0.830200692838942
0.830321231573679
0.830441707222369
0.830562119856816
0.830682469547949
0.830802756365829
0.830922980379647
0.831043141657728
0.831163240267533
0.831283276275665
0.831403249747866
0.831523160749026
0.831643009343181
0.831762795593517
0.831882519562372
0.832002181311244
0.832121780900785
0.832241318390812
0.832360793840304
0.832480207307411
0.83259955884945
0.832718848522913
0.832838076383469
0.832957242485965
0.833076346884431
0.833195389632085
0.833314370781331
0.833433290383765
0.833552148490181
0.833670945150569
0.833789680414122
0.833908354329236
0.834026966943518
0.834145518303785
0.834264008456068
0.834382437445619
0.834500805316909
0.834619112113635
0.834737357878725
0.834855542654335
0.83497366648186
0.835091729401932
0.835209731454428
0.835327672678468
0.835445553112425
0.835563372793924
0.835681131759848
0.83579883004634
0.835916467688809
0.836034044721931
0.836151561179655
0.836269017095206
0.836386412501088
0.83650374742909
0.836621021910286
0.836738235975043
0.836855389653025
0.836972482973191
0.837089515963807
0.837206488652443
0.837323401065983
0.837440253230624
0.837557045171883
0.8376737769146
0.837790448482942
0.837907059900409
0.838023611189834
0.838140102373393
0.838256533472603
0.83837290450833
0.838489215500792
0.838605466469566
0.838721657433585
0.838837788411153
0.838953859419937
0.839069870476984
0.839185821598714
0.839301712800932
0.83941754409883
0.839533315506989
0.839649027039388
0.839764678709405
0.839880270529822
0.83999580251283
0.840111274670035
0.840226687012458
0.840342039550546
0.840457332294171
0.840572565252637
0.840687738434682
0.84080285184849
0.840917905501684
0.841032899401343
0.841147833553995
0.841262707965632
0.841377522641707
0.841492277587143
0.841606972806336
0.84172160830316
0.841836184080973
0.841950700142618
0.842065156490433
0.842179553126251
0.84229389005141
0.84240816726675
0.842522384772627
0.842636542568912
0.842750640654997
0.842864679029798
0.842978657691767
0.843092576638887
0.843206435868685
0.843320235378232
0.84343397516415
0.843547655222617
0.843661275549371
0.843774836139715
0.843888336988526
0.844001778090251
0.844115159438921
0.844228481028152
0.844341742851149
0.844454944900714
0.84456808716925
0.844681169648763
0.844794192330873
0.844907155206813
0.845020058267438
0.845132901503228
0.845245684904294
0.845358408460385
0.845471072160889
0.845583675994841
0.845696219950927
0.84580870401749
0.845921128182534
0.846033492433731
0.846145796758422
0.84625804114363
0.846370225576055
0.846482350042088
0.846594414527811
0.846706419019003
0.846818363501149
0.846930247959438
0.847042072378776
0.847153836743786
0.847265541038812
0.847377185247932
0.847488769354955
0.84760029334343
0.847711757196649
0.847823160897656
0.84793450442925
0.848045787773988
0.848157010914194
0.848268173831962
0.848379276509163
0.848490318927447
0.848601301068252
0.848712222912808
0.848823084442139
0.848933885637074
0.849044626478248
0.849155306946108
0.84926592702092
0.849376486682771
0.849486985911578
0.84959742468709
0.849707802988896
0.849818120796428
0.849928378088966
0.850038574845647
0.850148711045465
0.850258786667279
0.85036880168982
0.850478756091691
0.850588649851378
0.850698482947252
0.850808255357574
0.850917967060501
0.851027618034091
0.851137208256309
0.851246737705032
0.851356206358052
0.851465614193084
0.851574961187771
0.851684247319685
0.851793472566339
0.851902636905187
0.852011740313629
0.852120782769021
0.852229764248675
0.852338684729865
0.852447544189836
0.852556342605805
0.852665079954966
0.852773756214498
0.852882371361568
0.852990925373337
0.853099418226964
0.853207849899614
0.853316220368457
0.85342452961068
0.853532777603487
0.853640964324108
0.8537490897498
0.853857153857854
0.853965156625602
0.854073098030417
0.854180978049722
0.854288796660995
0.854396553841772
0.854504249569651
0.854611883822302
0.854719456577466
0.854826967812963
0.854934417506696
0.855041805636657
0.855149132180932
0.855256397117701
0.855363600425252
0.855470742081977
0.85557782206638
0.855684840357086
0.855791796932837
0.855898691772506
0.856005524855094
0.856112296159742
0.856219005665727
0.856325653352477
0.856432239199566
0.856538763186726
0.856645225293846
0.856751625500981
0.856857963788354
0.856964240136364
0.857070454525585
0.857176606936774
0.857282697350877
0.857388725749032
0.857494692112571
0.857600596423028
0.857706438662143
0.857812218811865
0.857917936854358
0.858023592772004
0.858129186547408
0.858234718163402
0.858340187603053
0.85844559484966
0.858550939886765
0.858656222698154
0.858761443267864
0.858866601580182
0.858971697619657
0.859076731371096
0.859181702819575
0.85928661195044
0.859391458749311
0.859496243202085
0.859600965294946
0.859705625014362
0.859810222347092
0.859914757280192
0.860019229801017
0.860123639897223
0.860227987556775
0.86033227276795
0.860436495519339
0.860540655799853
0.860644753598725
0.860748788905516
0.860852761710118
0.860956672002756
0.861060519773997
0.861164305014746
0.861268027716257
0.861371687870134
0.861475285468334
0.86157882050317
0.861682292967319
0.86178570285382
0.861889050156081
0.861992334867884
0.862095556983384
0.862198716497116
0.862301813403997
0.862404847699333
0.862507819378816
0.862610728438533
0.862713574874968
0.862816358685005
0.862919079865928
0.863021738415434
0.863124334331624
0.863226867613017
0.863329338258546
0.863431746267564
0.86353409163985
0.863636374375605
0.863738594475465
0.863840751940493
0.863942846772192
0.864044878972504
0.86414684854381
0.864248755488938
0.864350599811166
0.864452381514219
0.864554100602281
0.864655757079989
0.864757350952441
0.8648588822252
0.864960350904293
0.865061756996216
0.865163100507936
0.865264381446893
0.865365599821008
0.865466755638678
0.865567848908783
0.86566887964069
0.865769847844251
0.865870753529809
0.865971596708202
0.866072377390761
0.866173095589317
0.866273751316199
0.866374344584241
0.866474875406781
0.866575343797667
0.866675749771255
0.866776093342415
0.866876374526531
0.866976593339505
0.867076749797757
0.867176843918231
0.867276875718393
0.867376845216237
0.867476752430284
0.867576597379586
0.867676380083727
0.867776100562826
0.86787575883754
0.867975354929062
0.868074888859128
0.868174360650016
0.868273770324548
0.868373117906094
0.868472403418571
0.868571626886447
0.868670788334741
0.868769887789027
0.868868925275435
0.868967900820651
0.869066814451921
0.869165666197051
0.86926445608441
0.86936318414293
0.869461850402111
0.869560454892017
0.869658997643283
0.869757478687113
0.869855898055284
0.869954255780143
0.870052551894615
0.8701507864322
0.870248959426973
0.87034707091359
0.870445120927287
0.87054310950388
0.870641036679767
0.87073890249193
0.870836706977938
0.870934450175942
0.871032132124683
0.871129752863489
0.871227312432278
0.871324810871557
0.871422248222426
0.871519624526576
0.871616939826291
0.87171419416445
0.871811387584528
0.871908520130593
0.872005591847313
0.87210260277995
0.872199552974369
0.87229644247703
0.872393271334996
0.872490039595927
0.872586747308088
0.872683394520343
0.87277998128216
0.872876507643611
0.872972973655369
0.873069379368713
0.873165724835526
0.873262010108297
0.87335823524012
0.873454400284695
0.873550505296329
0.873646550329935
0.873742535441033
0.873838460685752
0.873934326120828
0.874030131803604
0.874125877792033
0.874221564144674
0.874317190920698
0.874412758179882
0.874508265982612
0.874603714389885
0.874699103463306
0.874794433265089
0.874889703858056
0.874984915305641
0.875080067671884
0.875175161021437
0.875270195419558
0.875365170932115
0.875460087625587
0.875554945567057
0.875649744824221
0.87574448546538
0.875839167559444
0.87593379117593
0.876028356384962
0.876122863257274
0.876217311864203
0.876311702277695
0.876406034570298
0.876500308815171
0.876594525086073
0.876688683457371
0.876782784004034
0.876876826801636
0.876970811926352
0.877064739454962
0.877158609464846
0.877252422033986
0.877346177240964
0.877439875164963
0.877533515885763
0.877627099483746
0.877720626039888
0.877814095635765
0.877907508353548
0.878000864276002
0.87809416348649
0.878187406068965
0.878280592107976
0.878373721688662
0.878466794896754
0.878559811818572
0.878652772541026
0.878745677151614
0.878838525738422
0.87893131839012
0.879024055195964
0.879116736245795
0.879209361630035
0.879301931439689
0.879394445766342
0.879486904702159
0.879579308339882
0.879671656772831
0.879763950094901
0.879856188400563
0.879948371784859
0.880040500343405
0.880132574172385
0.880224593368556
0.880316558029239
0.880408468252324
0.880500324136266
0.880592125780082
0.880683873283353
0.88077556674622
0.880867206269383
0.880958791954101
0.881050323902187
0.881141802216012
0.881233226998497
0.881324598353116
0.881415916383894
0.881507181195403
0.881598392892762
0.881689551581634
0.881780657368227
0.881871710359291
0.881962710662115
0.882053658384526
0.882144553634888
0.882235396522099
0.882326187155592
0.882416925645328
0.8825076121018
0.882598246636028
0.882688829359556
0.882779360384452
0.882869839823309
0.882960267789236
0.883050644395862
0.88314096975733
0.883231243988301
0.883321467203944
0.883411639519941
0.883501761052479
0.883591831918255
0.883681852234467
0.883771822118816
0.883861741689503
0.883951611065225
0.884041430365178
0.884131199709049
0.884220919217016
0.884310589009749
0.884400209208401
0.884489779934614
0.88457930131051
0.884668773458693
0.884758196502242
0.884847570564717
0.884936895770147
0.885026172243035
0.885115400108352
0.885204579491537
0.885293710518491
0.88538279331558
0.885471828009628
0.885560814727917
0.885649753598183
0.885738644748616
0.885827488307856
0.88591628440499
0.886005033169551
0.886093734731514
0.886182389221294
0.886270996769748
0.886359557508162
0.886448071568261
0.886536539082196
0.886624960182549
0.886713335002324
0.886801663674952
0.886889946334281
0.886978183114578
0.887066374150524
0.887154519577214
0.887242619530152
0.88733067414525
0.887418683558822
0.887506647907587
0.887594567328662
0.88768244195956
0.887770271938189
0.887858057402847
0.887945798492222
0.888033495345387
0.888121148101798
0.88820875690129
0.888296321884077
0.888383843190749
0.888471320962266
0.888558755339956
0.888646146465517
0.888733494481008
0.88882079952885
0.88890806175182
0.888995281293053
0.889082458296035
0.8891695929046
0.88925668526293
0.88934373551555
0.889430743807328
0.889517710283465
0.889604635089503
0.889691518371311
0.889778360275089
0.889865160947364
0.889951920534986
0.890038639185123
0.890125317045263
0.890211954263208
0.890298550987069
0.890385107365269
0.890471623546533
0.89055809967989
0.890644535914668
0.890730932400493
0.89081728928728
0.890903606725238
0.890989884864863
0.891076123856932
0.891162323852507
0.891248485002926
0.891334607459801
0.891420691375018
0.89150673690073
0.891592744189355
0.891678713393576
0.891764644666333
0.891850538160824
0.891936394030498
0.892022212429055
0.892107993510444
0.892193737428853
0.892279444338714
0.892365114394695
0.892450747751698
0.892536344564856
0.89262190498953
0.892707429181306
0.89279291729599
0.892878369489606
0.892963785918394
0.893049166738805
0.893134512107499
0.89321982218134
0.893305097117395
0.893390337072928
0.893475542205399
0.893560712672462
0.893645848631958
0.893730950241913
0.893816017660536
0.893901051046216
0.893986050557515
0.894071016353169
0.894155948592084
0.894240847433329
0.894325713036139
0.894410545559904
0.894495345164172
0.894580112008643
0.894664846253166
0.894749548057735
0.894834217582488
0.8949188549877
0.895003460433782
0.895088034081278
0.895172576090859
0.895257086623324
0.895341565839592
0.895426013900701
0.895510430967804
0.895594817202167
0.895679172765163
0.89576349781827
0.895847792523069
0.895932057041237
0.896016291534546
0.896100496164862
0.896184671094135
0.896268816484401
0.896352932497777
0.896437019296457
0.89652107704271
0.896605105898874
0.896689106027354
0.89677307759062
0.896857020751199
0.896940935671679
0.897024822514698
0.897108681442944
0.89719251261915
0.897276316206095
0.897360092366592
0.897443841263495
0.897527563059685
0.897611257918074
0.8976949260016
0.897778567473219
0.897862182495908
0.897945771232657
0.898029333846467
0.898112870500344
0.898196381357303
0.898279866580353
0.898363326332504
0.898446760776756
0.8985301700761
0.898613554393512
0.898696913891952
0.898780248734356
0.898863559083636
0.898946845102677
0.89903010695433
0.899113344801411
0.899196558806696
0.899279749132919
0.899362915942767
0.899446059398876
0.899529179663829
0.899612276900153
0.899695351270311
0.899778402936703
0.899861432061661
0.899944438807443
0.900027423336235
0.900110385810139
0.900193326391179
0.900276245241289
0.900359142522313
0.900442018396003
0.900524873024011
0.900607706567891
0.900690519189089
0.900773311048944
0.900856082308682
0.900938833129413
0.901021563672129
0.901104274097697
0.901186964566856
0.901269635240218
0.901352286278256
0.901434917841309
0.901517530089571
0.901600123183093
0.901682697281774
0.901765252545362
0.901847789133448
0.901930307205463
0.902012806920672
0.902095288438173
0.902177751916895
0.902260197515587
0.902342625392821
0.902425035706988
0.90250742861629
0.90258980427874
0.902672162852155
0.902754504494156
0.902836829362161
0.902919137613385
0.903001429404831
0.903083704893291
0.903165964235338
0.903248207587328
0.90333043510539
0.903412646945425
0.903494843263103
0.90357702421386
0.903659189952889
0.903741340635142
0.903823476415324
0.903905597447889
0.903987703887036
0.904069795886706
0.904151873600576
0.90423393718206
0.9043159867843
0.904398022560166
0.904480044662248
0.904562053242857
0.904644048454017
0.904726030447465
0.904807999374643
0.904889955386698
0.904971898634477
0.90505382926852
0.905135747439062
0.905217653296023
0.905299546989009
0.905381428667306
0.905463298479877
0.905545156575356
0.905627003102047
0.905708838207918
0.905790662040598
0.905872474747375
0.905954276475187
0.906036067370624
0.906117847579922
0.906199617248955
0.906281376523238
0.906363125547919
0.906444864467776
0.906526593427213
0.906608312570256
0.90669002204055
0.906771721981354
0.906853412535537
0.906935093845576
0.90701676605355
0.907098429301137
0.907180083729608
0.90726172947983
0.907343366692251
0.907424995506908
0.907506616063413
0.907588228500955
0.907669832958295
0.907751429573762
0.907833018485247
0.907914599830202
0.907996173745635
0.908077740368104
0.908159299833718
0.908240852278129
0.908322397836527
0.908403936643641
0.908485468833732
0.908566994540587
0.908648513897522
0.908730027037368
0.908811534092477
0.908893035194711
0.908974530475443
0.90905602006555
0.909137504095407
0.909218982694891
0.909300455993368
0.909381924119695
0.909463387202214
0.909544845368747
0.909626298746595
0.909707747462531
0.909789191642797
0.909870631413102
0.909952066898616
0.910033498223966
0.910114925513233
0.910196348889947
0.910277768477084
0.910359184397063
0.910440596771739
0.910522005722403
0.910603411369774
0.910684813833998
0.910766213234642
0.910847609690693
0.910929003320551
0.911010394242026
0.911091782572335
0.911173168428098
0.911254551925332
0.911335933179449
0.911417312305252
0.91149868941693
0.911580064628055
0.911661438051578
0.911742809799825
0.911824179984493
0.911905548716645
0.911986916106707
0.912068282264465
0.912149647299062
0.912231011318988
0.912312374432083
0.912393736745531
0.912475098365854
0.91255645939891
0.91263781994989
0.912719180123311
0.912800540023014
0.912881899752162
0.912963259413232
0.913044619108014
0.913125978937606
0.913207339002411
0.913288699402132
0.913370060235768
0.913451421601611
0.913532783597244
0.913614146319532
0.913695509864622
0.913776874327939
0.913858239804181
0.913939606387314
0.914020974170573
0.914102343246452
0.914183713706702
0.914265085642332
0.914346459143597
0.914427834300001
0.91450921120029
0.914590589932449
0.914671970583696
0.914753353240483
0.914834737988486
0.914916124912608
0.914997514096969
0.915078905624905
0.915160299578966
0.915241696040909
0.915323095091694
0.915404496811484
0.915485901279638
0.915567308574709
0.915648718774437
0.915730131955751
0.91581154819476
0.915892967566751
0.915974390146185
0.916055816006696
0.916137245221083
0.916218677861309
0.916300113998497
0.916381553702925
0.916462997044023
0.916544444090371
0.916625894909693
0.916707349568854
0.916788808133857
0.916870270669838
0.916951737241065
0.917033207910932
0.917114682741954
0.917196161795768
0.917277645133126
0.917359132813893
0.91744062489704
0.917522121440646
0.91760362250189
0.91768512813705
0.917766638401498
0.917848153349695
0.917929673035193
0.918011197510625
0.918092726827705
0.918174261037225
0.91825580018905
0.918337344332113
0.918418893514417
0.918500447783024
0.91858200718406
0.918663571762704
0.918745141563188
0.918826716628795
0.918908297001854
0.918989882723735
0.919071473834849
0.919153070374641
0.919234672381591
0.919316279893207
0.919397892946023
0.919479511575597
0.919561135816505
0.91964276570234
0.919724401265707
0.919806042538223
0.91988768955051
0.919969342332193
0.920051000911899
0.920132665317249
0.920214335574861
0.920296011710342
0.920377693748287
0.920459381712276
0.92054107562487
0.920622775507609
0.920704481381007
0.920786193264552
0.9208679111767
0.920949635134873
0.921031365155458
0.921113101253801
0.921194843444207
0.921276591739932
0.921358346153188
0.921440106695133
0.921521873375871
0.921603646204449
0.921685425188856
0.921767210336016
0.921849001651789
0.921930799140966
0.922012602807267
0.922094412653339
0.922176228680752
0.922258050889997
0.922339879280484
0.922421713850537
0.922503554597396
0.922585401517207
0.922667254605027
0.922749113854819
0.922830979259445
0.922912850810671
0.922994728499158
0.923076612314465
0.92315850224504
0.923240398278226
0.92332230040025
0.923404208596228
0.923486122850156
0.923568043144913
0.923649969462258
0.923731901782822
0.923813840086116
0.923895784350518
0.923977734553279
0.924059690670515
0.92414165267721
0.92422362054721
0.924305594253222
0.924387573766813
0.924469559058408
0.924551550097284
0.924633546851575
0.924715549288264
0.924797557373185
0.924879571071016
0.924961590345285
0.925043615158361
0.925125645471456
0.925207681244621
0.925289722436747
0.925371769005561
0.925453820907625
0.925535878098333
0.925617940531914
0.925700008161425
0.92578208093875
0.925864158814603
0.925946241738523
0.926028329658872
0.926110422522834
0.926192520276417
0.926274622864446
0.926356730230566
0.926438842317239
0.926520959065742
0.926603080416169
0.926685206307425
0.926767336677228
0.926849471462108
0.926931610597404
0.927013754017266
0.927095901654648
0.927178053441315
0.927260209307835
0.927342369183584
0.92742453299674
0.927506700674284
0.927588872142001
0.927671047324477
0.927753226145098
0.927835408526052
0.927917594388325
0.927999783651703
0.92808197623477
0.928164172054907
0.928246371028292
0.928328573069901
0.928410778093506
0.928492986011675
0.928575196735769
0.928657410175947
0.928739626241163
0.928821844839163
0.928904065876489
0.928986289258478
0.929068514889258
0.929150742671755
0.929232972507687
0.929315204297564
0.929397437940692
0.929479673335171
0.929561910377895
0.929644148964552
0.929726388989623
0.929808630346386
0.929890872926912
0.929973116622069
0.930055361321518
0.93013760691372
0.930219853285928
0.930302100324195
0.930384347913369
0.9304665959371
0.930548844277831
0.930631092816809
0.93071334143408
0.930795590008489
0.930877838417683
0.930960086538114
0.931042334245034
0.931124581412501
0.931206827913377
0.931289073619332
0.931371318400841
0.93145356212719
0.931535804666471
0.93161804588559
0.931700285650264
0.931782523825022
0.931864760273209
0.931946994856985
0.93202922743733
0.932111457874038
0.932193686025729
0.93227591174984
0.932358134902636
0.932440355339203
0.932522572913458
0.932604787478145
0.932686998884838
0.932769206983943
0.932851411624704
0.932933612655196
0.933015809922337
0.933098003271883
0.933180192548432
0.933262377595428
0.933344558255162
0.933426734368773
0.933508905776251
0.933591072316442
0.933673233827045
0.933755390144621
0.933837541104589
0.933919686541233
0.934001826287704
0.93408396017602
0.934166088037072
0.934248209700625
0.934330324995321
0.934412433748681
0.934494535787111
0.9345766309359
0.934658719019228
0.934740799860167
0.934822873280682
0.934904939101637
0.934986997142798
0.935069047222835
0.935151089159325
0.935233122768758
0.935315147866537
0.935397164266984
0.935479171783342
0.935561170227779
0.935643159411393
0.935725139144212
0.935807109235203
0.935889069492271
0.935971019722265
0.936052959730981
0.936134889323169
0.93621680830253
0.936298716471729
0.936380613632392
0.936462499585113
0.936544374129458
0.936626237063969
0.936708088186169
0.936789927292564
0.936871754178651
0.93695356863892
0.937035370466857
0.937117159454954
0.937198935394706
0.937280698076623
0.93736244729023
0.937444182824074
0.937525904465727
0.937607612001791
0.937689305217906
0.937770983898752
0.937852647828053
0.937934296788584
0.938015930562178
0.938097548929726
0.938179151671188
0.938260738565593
0.938342309391047
0.93842386392474
0.938505401942947
0.938586923221036
0.938668427533477
0.938749914653838
0.938831384354802
0.938912836408165
0.938994270584842
0.939075686654878
0.939157084387448
0.939238463550867
0.939319823912594
0.939401165239236
0.939482487296559
0.939563789849491
0.939645072662125
0.939726335497733
0.939807578118765
0.939888800286858
0.939970001762843
0.94005118230675
0.940132341677816
0.940213479634489
0.940294595934437
0.940375690334553
0.940456762590961
0.940537812459025
0.940618839693354
0.940699844047809
0.94078082527551
0.940861783128842
0.940942717359463
0.94102362771831
0.941104513955607
0.94118537582087
0.941266213062917
0.941347025429873
0.941427812669178
0.941508574527592
0.941589310751206
0.941670021085447
0.941750705275084
0.94183136306424
0.941911994196394
0.941992598414392
0.942073175460451
0.942153725076173
0.942234247002545
0.942314740979952
0.942395206748181
0.942475644046432
0.942556052613324
0.942636432186901
0.942716782504646
0.942797103303479
0.942877394319776
0.942957655289367
0.943037885947552
0.943118086029104
0.943198255268277
0.94327839339882
0.943358500153976
0.943438575266499
0.943518618468654
0.943598629492235
0.943678608068563
0.943758553928501
0.943838466802461
0.94391834642041
0.943998192511883
0.944078004805988
0.944157783031414
0.944237526916441
0.94431723618895
0.944396910576429
0.944476549805984
0.944556153604345
0.944635721697876
0.944715253812585
0.944794749674131
0.944874209007834
0.944953631538683
0.945033016991345
0.945112365090174
0.945191675559221
0.945270948122242
0.945350182502705
0.945429378423803
0.945508535608461
0.945587653779345
0.945666732658871
0.945745771969215
0.94582477143232
0.94590373076991
0.945982649703492
0.946061527954372
0.946140365243662
0.946219161292287
0.946297915820996
0.946376628550375
0.946455299200847
0.946533927492694
0.946612513146054
0.946691055880939
0.946769555417242
0.946848011474745
0.946926423773129
0.947004792031984
0.947083115970822
0.947161395309079
0.947239629766131
0.947317819061301
0.947395962913868
0.94747406104308
0.947552113168159
0.947630119008314
0.947708078282749
0.947785990710675
0.947863856011316
0.947941673903922
0.948019444107777
0.948097166342211
0.948174840326604
0.948252465780405
0.948330042423134
0.948407569974393
0.948485048153881
0.948562476681397
0.948639855276855
0.94871718366029
0.948794461551871
0.948871688671909
0.948948864740868
0.949025989479375
0.949103062608226
0.949180083848403
0.949257052921077
0.949333969547624
0.949410833449629
0.949487644348899
0.949564401967475
0.949641106027638
0.94971775625192
0.949794352363116
0.949870894084291
0.949947381138792
0.950023813250257
0.950100190142627
0.95017651154015
0.9502527771674
0.950328986749278
0.950405140011029
0.950481236678247
0.950557276476887
0.950633259133276
0.95070918437412
0.950785051926516
0.950860861517963
0.950936612876368
0.951012305730061
0.951087939807799
0.951163514838781
0.951239030552656
0.951314486679532
0.951389882949987
0.951465219095078
0.951540494846353
0.951615709935856
0.951690864096144
0.95176595706029
0.951840988561895
0.951915958335101
0.951990866114595
0.952065711635624
0.952140494634003
0.952215214846123
0.952289872008961
0.952364465860093
0.952438996137699
0.952513462580579
0.952587864928153
0.95266220292048
0.952736476298265
0.952810684802863
0.952884828176296
0.952958906161259
0.953032918501131
0.953106864939981
0.953180745222583
0.95325455909442
0.953328306301697
0.95340198659135
0.953475599711053
0.953549145409229
0.953622623435062
0.953696033538501
0.953769375470272
0.953842648981889
0.95391585382566
0.953988989754697
0.954062056522927
0.9541350538851
0.954207981596797
0.95428083941444
0.954353627095302
0.954426344397515
0.954498991080078
0.954571566902867
0.954644071626647
0.954716505013074
0.954788866824709
0.954861156825026
0.95493337477842
0.955005520450215
0.955077593606677
0.955149594015015
0.955221521443396
0.955293375660953
0.95536515643779
0.955436863544993
0.95550849675464
0.955580055839806
0.955651540574573
0.955722950734038
0.955794286094324
0.955865546432584
0.955936731527011
0.956007841156847
0.956078875102392
0.956149833145009
0.956220715067134
0.956291520652283
0.956362249685063
0.956432901951176
0.956503477237429
0.956573975331742
0.956644396023154
0.956714739101833
0.956785004359082
0.956855191587348
0.95692530058023
0.956995331132483
0.957065283040029
0.957135156099964
0.957204950110566
0.957274664871298
0.957344300182823
0.957413855847002
0.957483331666911
0.957552727446839
0.957622042992302
0.957691278110047
0.957760432608058
0.957829506295566
0.957898498983054
0.957967410482263
0.958036240606201
0.958104989169148
0.958173655986664
0.958242240875594
0.958310743654077
0.95837916414155
0.958447502158755
0.958515757527747
0.958583930071899
0.958652019615908
0.958720025985802
0.958787949008946
0.958855788514048
0.958923544331166
0.958991216291712
0.95905880422846
0.959126307975549
0.959193727368492
0.959261062244183
0.959328312440895
0.959395477798296
0.959462558157446
0.959529553360807
0.959596463252248
0.95966328767705
0.959730026481911
0.959796679514949
0.959863246625713
0.959929727665183
0.959996122485779
0.96006243094136
0.960128652887237
0.96019478818017
0.960260836678381
0.96032679824155
0.960392672730827
0.960458460008833
0.960524159939664
0.960589772388899
0.960655297223601
0.960720734312322
0.96078608352511
0.960851344733509
0.960916517810567
0.960981602630838
0.961046599070388
0.961111507006794
0.961176326319155
0.961241056888091
0.961305698595749
0.961370251325805
0.961434714963468
0.961499089395487
0.961563374510148
0.961627570197284
0.961691676348275
0.96175569285605
0.961819619615095
0.961883456521451
0.961947203472721
0.962010860368071
0.962074427108234
0.962137903595512
0.962201289733779
0.962264585428484
0.962327790586656
0.962390905116902
0.962453928929413
0.962516861935966
0.962579704049925
0.962642455186246
0.962705115261476
0.962767684193759
0.962830161902835
0.962892548310044
0.962954843338326
0.963017046912226
0.963079158957894
0.963141179403086
0.963203108177168
0.963264945211116
0.96332669043752
0.96338834379058
0.963449905206116
0.963511374621562
0.96357275197597
0.963634037210014
0.963695230265985
0.9637563310878
0.963817339620995
0.963878255812732
0.963939079611799
0.963999810968609
0.964060449835202
0.964120996165243
0.96418144991403
0.964241811038486
0.964302079497166
0.964362255250252
0.964422338259559
0.964482328488533
0.964542225902249
0.964602030467415
0.96466174215237
0.964721360927085
0.964780886763161
0.964840319633834
0.964899659513968
0.964958906380061
0.965018060210242
0.965077120984269
0.965136088683533
0.965194963291054
0.965253744791482
0.965312433171097
0.965371028417806
0.965429530521147
0.965487939472281
0.965546255263999
0.965604477890717
0.965662607348476
0.965720643634938
0.965778586749393
0.965836436692747
0.965894193467531
0.965951857077893
0.966009427529601
0.966066904830037
0.9661242889882
0.966181580014705
0.966238777921774
0.966295882723246
0.966352894434566
0.966409813072785
0.966466638656563
0.966523371206163
0.966580010743449
0.966636557291886
0.966693010876538
0.966749371524064
0.966805639262718
0.966861814122345
0.96691789613438
0.966973885331846
0.967029781749352
0.967085585423087
0.967141296390824
0.967196914691911
0.967252440367273
0.967307873459408
0.967363214012382
0.967418462071831
0.967473617684954
0.967528680900514
0.967583651768831
0.967638530341781
0.967693316672796
0.967748010816856
0.967802612830487
0.967857122771762
0.967911540700294
0.967965866677233
0.968020100765263
0.9680742430286
0.968128293532989
0.968182252345697
0.968236119535514
0.968289895172746
0.968343579329213
0.968397172078248
0.968450673494686
0.96850408365487
0.968557402636638
0.968610630519327
0.968663767383764
0.968716813312264
0.968769768388626
0.968822632698129
0.968875406327529
0.968928089365052
0.968980681900394
0.969033184024715
0.969085595830632
0.96913791741222
0.969190148865004
0.969242290285957
0.969294341773494
0.969346303427468
0.969398175349167
0.969449957641307
0.96950165040803
0.969553253754899
0.969604767788891
0.969656192618397
0.969707528353213
0.969758775104538
0.969809932984967
0.969861002108489
0.969911982590481
0.969962874547703
0.970013678098293
0.970064393361762
0.970115020458991
0.970165559512223
0.970216010645062
0.970266373982464
0.970316649650733
0.970366837777519
0.970416938491808
0.970466951923923
0.97051687820551
0.970566717469545
0.970616469850315
0.970666135483426
0.970715714505786
0.97076520705561
0.970814613272408
0.97086393329698
0.970913167271414
0.970962315339079
0.97101137764462
0.97106035433395
0.971109245554248
0.971158051453953
0.971206772182756
0.971255407891596
0.971303958732656
0.971352424859356
0.971400806426345
0.971449103589502
0.971497316505921
0.971545445333916
0.971593490233005
0.971641451363912
0.971689328888559
0.971737122970057
0.971784833772706
0.971832461461985
0.971880006204546
0.971927468168212
0.971974847521969
0.972022144435957
0.972069359081471
0.972116491630949
0.972163542257969
0.972210511137243
0.972257398444611
0.972304204357034
0.972350929052589
0.972397572710464
0.972444135510949
0.972490617635434
0.972537019266399
0.972583340587413
0.972629581783123
0.972675743039251
0.972721824542585
0.972767826480978
0.972813749043338
0.972859592419622
0.972905356800831
0.972951042379006
0.972996649347217
0.973042177899561
0.973087628231156
0.973133000538131
0.973178295017624
0.973223511867775
0.973268651287717
0.973313713477574
0.973358698638453
0.973403606972437
0.973448438682581
0.973493193972903
0.973537873048382
0.973582476114947
0.973627003379475
0.973671455049782
0.973715831334618
0.973760132443663
0.973804358587515
0.973848509977692
0.973892586826617
0.97393658934762
0.973980517754925
0.97402437226365
0.974068153089796
0.974111860450244
0.974155494562745
0.974199055645919
0.974242543919245
0.974285959603058
0.974329302918537
0.974372574087708
0.974415773333429
0.974458900879389
0.974501956950099
0.974544941770891
0.974587855567903
0.974630698568083
0.974673470999175
0.974716173089717
0.974758805069033
0.974801367167229
0.974843859615183
0.974886282644545
0.974928636487724
0.974970921377889
0.975013137548954
0.975055285235583
0.975097364673174
0.975139376097858
0.975181319746493
0.975223195856656
0.975265004666637
0.975306746415436
0.975348421342753
0.975390029688985
0.975431571695218
0.975473047603222
0.975514457655444
0.975555802095004
0.975597081165688
0.975638295111939
0.975679444178858
0.97572052861219
0.975761548658325
0.975802504564287
0.97584339657773
0.975884224946932
0.975924989920792
0.975965691748818
0.976006330681124
0.976046906968428
0.976087420862038
0.976127872613855
0.976168262476359
0.97620859070261
0.976248857546237
0.976289063261435
0.976329208102958
0.976369292326113
0.976409316186757
0.976449279941286
0.976489183846634
0.976529028160264
0.976568813140165
0.976608539044842
0.976648206133316
0.976687814665114
0.976727364900264
0.976766857099288
0.976806291523202
0.976845668433502
0.976884988092165
0.976924250761639
0.976963456704841
0.977002606185147
0.97704169946639
0.977080736812852
0.977119718489259
0.977158644760778
0.977197515893004
0.977236332151964
0.977275093804104
0.977313801116285
0.977352454355781
0.977391053790267
0.97742959968782
0.977468092316908
0.977506531946388
0.977544918845499
0.977583253283855
0.977621535531441
0.977659765858608
0.977697944536066
0.97773607183488
0.97777414802646
0.977812173382563
0.977850148175279
0.977888072677033
0.977925947160573
0.977963771898969
0.978001547165606
0.978039273234176
0.978076950378676
0.978114578873401
0.978152158992937
0.978189691012159
0.978227175206222
0.978264611850554
0.978302001220857
0.978339343593095
0.978376639243492
0.978413888448522
0.978451091484911
0.978488248629624
0.978525360159862
0.978562426353059
0.978599447486871
0.978636423839175
0.978673355688062
0.978710243311831
0.978747086988982
0.978783886998214
0.978820643618414
0.978857357128658
0.978894027808198
0.978930655936464
0.97896724179305
0.979003785657716
0.979040287810377
0.9790767485311
0.979113168100096
0.979149546797716
0.979185884904446
0.979222182700899
0.979258440467809
0.979294658486028
0.979330837036517
0.979366976400343
0.97940307685867
0.979439138692756
0.979475162183946
0.979511147613664
0.97954709526341
0.979583005414754
0.979618878349326
0.979654714348816
0.979690513694962
0.979726276669549
0.979762003554398
0.979797694631365
0.97983335018233
0.979868970489195
0.979904555833874
0.97994010649829
0.979975622764365
0.980011104914018
0.980046553229156
0.980081967991668
0.980117349483418
0.980152697986241
0.980188013781934
0.980223297152249
0.980258548378888
0.980293767743499
0.980328955527662
0.980364112012889
0.980399237480616
0.980434332212193
0.980469396488879
0.980504430591839
0.98053943480213
0.9805744094007
0.980609354668376
0.980644270885862
0.980679158333729
0.980714017292407
0.98074884804218
0.980783650863178
0.980818426035368
0.980853173838551
0.980887894552349
0.9809225884562
0.980957255829354
0.980991896950857
0.981026512099553
0.981061101554069
0.981095665592809
0.98113020449395
0.981164718535429
0.981199207994936
0.981233673149909
0.981268114277522
0.98130253165468
0.981336925558009
0.981371296263847
0.981405644048237
0.981439969186919
0.981474271955317
0.981508552628538
0.981542811481357
0.981577048788209
0.981611264823183
0.98164545986001
0.981679634172057
0.981713788032313
0.981747921713384
0.981782035487485
0.981816129626424
0.981850204401597
0.981884260083981
0.981918296944116
0.981952315252106
0.981986315277598
0.982020297289779
0.982054261557367
0.982088208348594
0.982122137931202
0.982156050572429
0.982189946538999
0.982223826097115
0.982257689512443
0.982291537050102
0.982325368974658
0.982359185550107
0.982392987039866
0.982426773706764
0.982460545813025
0.982494303620262
0.982528047389464
0.98256177738098
0.982595493854515
0.982629197069108
0.98266288728313
0.982696564754264
0.982730229739497
0.982763882495104
0.982797523276639
0.982831152338919
0.982864769936013
0.982898376321229
0.982931971747097
0.982965556465363
0.982999130726967
0.983032694782036
0.983066248879867
0.983099793268912
0.983133328196767
0.983166853910156
0.983200370654918
0.983233878675989
0.98326737821739
0.983300869522213
0.983334352832604
0.983367828389747
0.983401296433853
0.983434757204139
0.983468210938817
0.983501657875074
0.98353509824906
0.983568532295869
0.983601960249524
0.98363538234296
0.983668798808007
0.983702209875374
0.983735615774634
0.9837690167342
0.983802412981317
0.983835804742035
0.9838691922412
0.983902575702429
0.983935955348097
0.983969331399317
0.984002704075919
0.984036073596436
0.984069440178083
0.984102804036736
0.984136165386918
0.984169524441774
0.984202881413055
0.984236236511098
0.984269589944804
0.984302941921622
0.984336292647523
0.984369642326986
0.98440299116297
0.984436339356901
0.984469687108646
0.984503034616492
0.984536382077126
0.984569729685615
0.984603077635378
0.984636426118172
0.984669775324065
0.984703125441414
0.984736476656842
0.98476982915522
0.984803183119635
0.984836538731377
0.984869896169908
0.984903255612842
0.98493661723592
0.984969981212988
0.985003347715971
0.985036716914847
0.985070088977627
0.985103464070328
0.985136842356945
0.985170223999432
0.985203609157673
0.985236997989455
0.985270390650447
0.98530378729417
0.985337188071974
0.985370593133008
0.985404002624198
0.985437416690217
0.98547083547346
0.985504259114015
0.985537687749641
0.985571121515733
0.985604560545301
0.985638004968937
0.985671454914794
0.985704910508551
0.985738371873388
0.985771839129958
0.985805312396357
0.985838791788097
0.985872277418076
0.985905769396548
0.985939267831096
0.985972772826602
0.986006284485217
0.98603980290633
0.986073328186542
0.986106860419632
0.986140399696531
0.986173946105286
0.986207499731037
0.98624106065598
0.986274628959341
0.986308204717342
0.986341788003173
0.98637537888696
0.986408977435731
0.986442583713392
0.986476197780686
0.986509819695172
0.986543449511185
0.98657708727981
0.986610733048847
0.986644386862783
0.986678048762756
0.986711718786526
0.986745396968442
0.986779083339412
0.986812777926866
0.986846480754733
0.986880191843398
0.98691391120968
0.986947638866792
0.986981374824315
0.98701511908816
0.987048871660544
0.987082632539948
0.987116401721094
0.987150179194906
0.987183964948483
0.987217758965064
0.987251561223997
0.987285371700708
0.987319190366667
0.98735301718936
0.987386852132253
0.987420695154762
0.987454546212225
0.987488405255865
0.987522272232761
0.98755614708582
0.98759002975374
0.987623920170986
0.987657818267754
0.987691723969941
0.98772563719912
0.987759557872501
0.98779348590291
0.987827421198754
0.987861363663993
0.987895313198109
0.98792926969608
0.987963233048351
0.987997203140803
0.988031179854725
0.988065163066789
0.988099152649021
0.988133148468772
0.988167150388694
0.98820115826671
0.988235171955992
0.988269191304931
0.988303216157114
0.988337246351299
0.988371281721389
0.988405322096407
0.988439367300478
0.988473417152797
0.988507471467612
0.9885415300542
0.988575592716847
0.988609659254823
0.988643729462363
0.988677803128649
0.988711880037786
0.988745959968785
0.988780042695548
0.988814127986842
0.988848215606289
0.988882305312348
0.988916396858293
0.988950489992208
0.988984584456962
0.989018679990204
0.989052776324343
0.989086873186539
0.98912097029869
0.989155067377422
0.98918916413408
0.989223260274715
0.989257355500078
0.989291449505614
0.98932554198145
0.989359632612396
0.989393721077933
0.989427807052214
0.98946189020406
0.989495970196954
0.989530046689045
0.989564119333145
0.989598187776728
0.989632251661935
0.989666310625577
0.989700364299135
0.989734412308768
0.989768454275319
0.98980248981432
0.989836518536002
0.989870540045303
0.989904553941881
0.989938559820122
0.989972557269155
0.990006545872868
0.990040525209917
0.99007449485375
0.990108454372621
0.990142403329607
0.990176341282632
0.990210267784487
0.990244182382855
0.99027808462033
0.990311974034449
0.990345850157713
0.990379712517622
0.990413560636697
0.990447394032519
0.990481212217755
0.990515014700195
0.990548800982788
0.990582570563677
0.990616322936241
0.990650057589128
0.990683774006304
0.99071747166709
0.990751150046211
0.990784808613838
0.990818446835637
0.990852064172819
0.990885660082189
0.990919234016198
0.990952785423
0.9909863137465
0.991019818426421
0.991053298898352
0.991086754593817
0.99112018494033
0.991153589361462
0.991186967276904
0.991220318102537
0.991253641250495
0.99128693612924
0.991320202143628
0.991353438694988
0.991386645181191
0.991419820996734
0.991452965532807
0.991486078177385
0.991519158315299
0.991552205328327
0.991585218595271
0.991618197492052
0.991651141391789
0.991684049664896
0.991716921679168
0.991749756799876
0.991782554389861
0.991815313809632
0.99184803441746
0.99188071556948
0.991913356619789
0.991945956920553
0.991978515822106
0.992011032673058
0.992043506820403
0.992075937609625
0.992108324384808
0.992140666488752
0.992172963263081
0.992205214048359
0.992237418184206
0.992269575009418
0.992301683862082
0.992333744079696
0.992365754999295
0.992397715957571
0.992429626290995
0.992461485335946
0.992493292428838
0.992525046906246
0.992556748105034
0.992588395362491
0.992619988016457
0.992651525405458
0.992683006868841
0.992714431746909
0.992745799381052
0.992777109113893
0.992808360289419
0.992839552253123
0.992870684352143
0.992901755935405
0.99293276635376
0.992963714960133
0.992994601109662
0.993025424159844
0.993056183470679
0.993086878404814
0.993117508327694
0.993148072607704
0.993178570616319
0.993209001728251
0.993239365321598
0.99326966077799
0.993299887482744
0.993330044825008
0.993360132197912
0.993390148998723
0.993420094628987
0.993449968494687
0.993479770006389
0.993509498579397
0.993539153633899
0.993568734595121
0.993598240893477
0.993627671964721
0.993657027250094
0.993686306196478
0.993715508256546
0.993744632888908
0.993773679558266
0.993802647735559
0.993831536898113
0.993860346529791
0.993889076121138
0.993917725169531
0.993946293179323
0.99397477966199
0.99400318413628
0.994031506128349
0.994059745171914
0.994087900808391
0.994115972587038
0.994143960065096
0.994171862807929
0.994199680389166
0.994227412390835
0.994255058403502
0.994282618026408
0.994310090867603
0.994337476544079
0.994364774681903
0.994391984916347
0.994419106892022
0.994446140262999
0.994473084692943
0.994499939855236
0.994526705433098
0.994553381119717
0.994579966618362
0.99460646164251
0.994632865915957
0.994659179172941
0.994685401158253
0.99471153162735
0.994737570346467
0.994763517092731
0.994789371654262
0.994815133830283
0.994840803431226
0.994866380278832
0.994891864206254
0.994917255058157
0.994942552690812
0.994967756972195
0.99499286778208
0.995017885012132
0.995042808565996
0.995067638359385
0.995092374320168
0.995117016388455
0.995141564516681
0.995166018669684
0.995190378824787
0.995214644971878
0.995238817113481
0.995262895264835
0.995286879453963
0.995310769721746
0.995334566121993
0.995358268721504
0.995381877600142
0.995405392850893
0.995428814579933
0.995452142906687
0.995475377963892
0.995498519897654
0.995521568867503
0.995544525046457
0.99556738862107
0.995590159791489
0.995612838771507
0.995635425788615
0.995657921084053
0.995680324912858
0.995702637543918
0.995724859260015
0.995746990357877
0.995769031148227
0.995790981955822
0.995812843119511
0.995834614992271
0.995856297941261
0.995877892347863
0.995899398607732
0.99592081713084
0.995942148341524
0.995963392678535
0.995984550595081
0.99600562255888
0.99602660905221
0.996047510571954
0.996068327629657
0.996089060751577
0.996109710478736
0.996130277366984
0.996150761987048
0.996171164924595
0.996191486780297
0.996211728169889
0.996231889724242
0.996251972089427
0.996271975926791
0.99629190191303
0.99631175074027
0.99633152311615
0.996351219763906
0.996370841422461
0.996390388846523
0.996409862806684
0.996429264089521
0.99644859349771
0.996467851850135
0.996487039982016
0.99650615874503
0.996525209007449
0.996544191654273
0.996563107587383
0.996581957725695
0.996600743005318
0.996619464379728
0.996638122819945
0.99665671931472
0.996675254870737
0.996693730512811
0.996712147284115
0.996730506246401
0.996748808480242
0.996767055085283
0.996785247180501
0.996803385904487
0.996821472415729
0.996839507892919
0.996857493535268
0.996875430562841
0.996893320216906
0.996911163760298
0.996928962477801
0.996946717676552
0.996964430686454
0.996982102860622
0.996999735575838
0.99701733023303
0.99703488825778
0.997052411100846
0.997069900238711
0.997087357174164
0.997104783436892
0.99712218058412
0.997139550201258
0.997156893902595
0.997174213332014
0.997191510163743
0.997208786103143
0.997226042887521
0.997243282286995
0.997260506105383
0.99727771618114
0.997294914388339
0.997312102637686
0.997329282877595
0.997346457095297
0.997363627318008
0.997380795614145
0.997397964094602
0.997415134914074
0.997432310272451
0.997449492416269
0.997466683640227
0.997483886288771
0.997501102757759
0.997518335496187
0.997535587008004
0.997552859854009
0.99757015665383
0.997587480087996
0.997604832900107
0.997622217899099
0.997639637961615
0.997657096034492
0.997674595137355
0.997692138365335
0.997709728891917
0.997727369971921
0.997745064944623
0.99776281723702
0.99778063036726
0.997798507948227
0.9978164536913
0.997834471410302
0.997852565025625
0.997870738568569
0.99788899618589
0.997907342144564
0.9979257808368
0.997944316785291
0.997962954648733
0.997981699227616
0.998000555470318
0.998019528479491
0.998038623518795
0.998057846019955
0.998077201590205
0.998096696020096
0.998116335291731
0.998136125587426
0.998156073298823
0.998176185036498
0.998196467640079
0.998216928188907
0.998237574013281
0.998258412706311
0.998279452136426
0.99830070046057
0.998322166138138
0.998343857945686
0.998365784992478
0.998387956736906
0.998410383003859
0.998433074003085
0.998456040348621
0.998479293079351
0.998502843680778
0.998526704108083
0.998550886810556
0.99857540475749
0.99860027146565
0.998625501028404
0.998651108146644
0.998677108161616
0.998703517089792
0.998730351659927
0.998757629352456
0.998785368441393
0.998813588038914
0.998842308142822
0.998871549687092
0.998901334595729
0.99893168584018
0.998962627500567
0.998994184831017
0.999026384329407
0.999059253811853
0.999092822492307
0.999127121067648
0.999162181808709
0.999198038657676
0.999234727332389
0.999272285438067
0.999310752587064
0.999350170527296
0.999390583280035
0.999432037287848
0.999474581573498
0.999518267910726
0.9995631510079
0.999609288705614
0.999656742189417
0.999705576218963
0.999755859375
