0.00397802569772952
0.00492616206810768
0.00521359477131281
0.00667926764561928
0.00693706109425973
0.00792818357405304
0.0106994688521234
0.0123219973210416
0.0136469692880817
0.0147847044322552
0.0150525605745305
0.0152774245523933
0.0173596616800132
0.0190847825933642
0.0192159250392281
0.0195984893250099
0.0206253439543331
0.0218129905949422
0.026322740291002
0.0291544981622985
0.0310603862311669
0.0310640376023425
0.0316766676020288
0.0330838815764932
0.0334582458545808
0.0339630403455089
0.0372724001228083
0.0379251537277586
0.0506336927962229
0.0514694874936747
0.0518405660671048
0.0545105428426734
0.0567963416594
0.0610291614386439
0.0617728806001389
0.0641423912992113
0.0643955317872275
0.0656550461219039
0.0703988579228867
0.0723050455850551
0.0726766319185424
0.0742514524209577
0.0745032136035916
0.0752217348436715
0.0877168988289945
0.101218224153495
0.1014536345709
0.10500125234828
0.10552199109289
0.106383829058477
0.106609262729677
0.106731562728683
0.110887106524983
0.114340240495336
0.11591465639221
0.120466904745774
0.12238106267195
0.123710051178477
0.124239831168786
0.128440032002597
0.129915773546179
0.13049827052743
0.136901551707656
0.138585157764233
0.138947611992235
0.142198694046634
0.143763841180873
0.143803440358047
0.143945577663304
0.146290917766887
0.147179432059755
0.14765530274298
0.149471318578996
0.150788811273933
0.150970259264536
0.15112226696326
0.15164506246674
0.154795384111089
0.155407255951672
0.155873111440435
0.157231085388498
0.158115736552918
0.160629989671258
0.161677673962182
0.162495839348529
0.163047224692102
0.16434342306195
0.168882584510352
0.171848361769824
0.173650447137117
0.175957439213934
0.176797136301853
0.176900729348649
0.178359096373236
0.179931652865049
0.180019730201557
0.180712775128353
0.181563548122016
0.184926683990967
0.189014949870419
0.19131809182591
0.192006785913317
0.192623428956054
0.195652042258582
0.197754679341434
0.198100127123866
0.200844180162735
0.201852551488147
0.205162285921632
0.205670681376694
0.206518968921521
0.207325155594181
0.211498124867431
0.213569949016417
0.213803517673668
0.214737728988534
0.21558406382682
0.216566627320162
0.217154040573281
0.221013468059164
0.221044292469876
0.221354098602244
0.222378341048559
0.22332078207849
0.224174742032812
0.235660124661893
0.238329683931246
0.239331197372272
0.250720380375709
0.252112193257731
0.254728402769335
0.256487948701225
0.257552871280934
0.257709410253539
0.257821431958071
0.259695861211394
0.262706647757986
0.265259405965407
0.265770139645347
0.271503975949088
0.275721074031537
0.276324725314529
0.280512953214201
0.283346641010012
0.285738334573786
0.287936038067721
0.290093895400577
0.291498064998574
0.291922333826996
0.292090702660014
0.295372132380683
0.298354883359646
0.298551518081316
0.30439513231584
0.305009694520769
0.30524088935994
0.307394864032552
0.309336030808993
0.311130004701724
0.312730065083007
0.312811462207893
0.314071288597486
0.316684727127854
0.317626833878901
0.32177845270501
0.321912759448099
0.323569256068133
0.323608882268941
0.325659606296322
0.325723737284616
0.331384873702085
0.331389716857226
0.332209694602073
0.333999905153189
0.336151722260144
0.339585666806136
0.340440720633153
0.343245879029375
0.344127911473543
0.344221027263256
0.345211973270572
0.348198092775804
0.351218579648526
0.351611358260624
0.355455004284326
0.357194664217975
0.361355177494962
0.369537377815022
0.370200246598376
0.375543018227556
0.376942171326021
0.378607317779779
0.379203275231214
0.380046517754863
0.380225523347829
0.380280847165358
0.380283654083601
0.381117245292081
0.389317512395034
0.391468267652607
0.391912388219765
0.39274692889477
0.393506736939682
0.393523634031782
0.395903039244902
0.399570150999495
0.401728250301182
0.402841870331
0.404085494498991
0.407849298299314
0.411381493229145
0.416795089993041
0.417811689568086
0.419940351344099
0.420647829949823
0.422734693362341
0.423018441357882
0.425543281388229
0.427588423760835
0.431566723883487
0.435830059407365
0.436854988777681
0.437071792586134
0.440100933947263
0.444111676784853
0.447512650447585
0.448272161338179
0.454198734899932
0.455815274147874
0.457526078216822
0.464674494209471
0.467775459699321
0.468594866817453
0.469662125162145
0.472627342732621
0.47389097285323
0.474142441118819
0.474175269749069
0.475823881942609
0.476886676705037
0.477703151949065
0.482898239405053
0.487497672287912
0.487875032466167
0.494178729179778
0.495197513692642
0.501794156968023
0.501951465124159
0.502178889993562
0.504915254436819
0.505851298629608
0.505929107782724
0.507497118473536
0.509483236654469
0.509827195247587
0.510772868220326
0.514698265838484
0.518802225157329
0.520485459373281
0.522868460619846
0.526632020686335
0.527686933112228
0.53396528328157
0.537453535158806
0.54037681367271
0.540723269355926
0.544660862598758
0.544891841607994
0.545354991387601
0.545702229810344
0.547664845927446
0.547697699846214
0.557358822728846
0.561076254708976
0.561306926457045
0.56216760346844
0.562462536298324
0.568833109882532
0.571236063716305
0.571552633581851
0.5789330349687
0.580630014549545
0.580871352318105
0.581491107332358
0.583916054470214
0.584191414275642
0.586669846997203
0.588790706452913
0.589089057361091
0.59187900909496
0.592684341433947
0.593222479735491
0.593610279801973
0.600000825838364
0.600126665673554
0.600271097716727
0.600914455295466
0.602100796807882
0.602145456405722
0.604155605210053
0.605792963199115
0.607032459373674
0.613421549371009
0.616747008823864
0.618249626004405
0.619344120167397
0.620966812212867
0.621768439045599
0.622948905523963
0.623568709573086
0.623977298490217
0.62863408136695
0.632023074326036
0.633982367962183
0.636888012562768
0.637547761626437
0.638746322499346
0.638949046919335
0.639636926084522
0.639875031084367
0.640018585315647
0.640819616284555
0.642569498154772
0.645491323678876
0.649055577724278
0.649258126271255
0.651153981216756
0.657776295867041
0.659073313366815
0.659553498851385
0.660258064175058
0.661838101864684
0.662452318810185
0.662690312098366
0.664659859749946
0.665292252476951
0.666060493839966
0.672459621705573
0.67246636899266
0.67392172313063
0.674499841842363
0.6764386445492
0.67653690416185
0.679082637329962
0.679419857138382
0.681891934381732
0.682491544908652
0.682814101012921
0.683151111713434
0.684842392736646
0.685421691798701
0.685563206855302
0.687019024164457
0.68915053465148
0.690463790186584
0.696507961627033
0.696601452658302
0.697883059804239
0.700409789998917
0.700979177529592
0.703047999460441
0.703789563212655
0.704145344525792
0.704652651308127
0.70506969362028
0.705870897769765
0.70858845243849
0.710419466389871
0.71065975395806
0.713383448375883
0.713694832900128
0.713858986897882
0.716771073551154
0.725261264189109
0.725932953098522
0.727915915806041
0.731859830801674
0.733864809807818
0.73441845911802
0.734774613150085
0.740174263783755
0.742485081193142
0.744181111436086
0.744581655473167
0.74553465233344
0.747469515239831
0.749907754005954
0.750835335819483
0.757806732294745
0.760632995824811
0.761686977126153
0.76454535150945
0.765155128948305
0.765535792894878
0.766933249065896
0.767811079593973
0.7678768398944
0.769755443225855
0.771899149528722
0.772270958641878
0.772506249903787
0.776045950735671
0.776448034606189
0.776625406398255
0.778416672930317
0.778533108126848
0.782407818990607
0.78290118288081
0.786780794101338
0.787624997336932
0.788890256918493
0.789116152788773
0.792532872324504
0.792755660309412
0.79289587441347
0.793281749298172
0.793561184186654
0.794568950677426
0.796045834383125
0.79762598522157
0.799659608307988
0.80082405505132
0.801857428471432
0.803208242050123
0.807153837955652
0.81226377274234
0.815982129752555
0.82075585233799
0.826494797437121
0.83075315036875
0.836946408462889
0.840712093090694
0.841704342000538
0.842288966357234
0.84501670127699
0.853396433296401
0.854257725557068
0.858551990447614
0.862113976599305
0.873888135638089
0.874889157963219
0.879785343057487
0.882804753683701
0.884193108585513
0.885396387849365
0.886727276222363
0.887259441131816
0.889759418430784
0.893431625658173
0.89811055665911
0.899070845856474
0.899910865327541
0.900616069223861
0.900661898257918
0.904231456547977
0.90533693567279
0.908552297386354
0.908677922657734
0.909128572268991
0.910621089994706
0.916366274390588
0.917399874470118
0.918274183007216
0.924837724585266
0.925809527762722
0.928865912233676
0.933007831440034
0.933208834734055
0.934437435905738
0.936672205563672
0.936975552497372
0.938231918230816
0.941116581655784
0.942067117937167
0.942326466634744
0.943345571706482
0.944299887456538
0.948885060507882
0.950375592438244
0.957102187019434
0.960105792390985
0.963327413454448
0.969399096841297
0.970969901112725
0.972548074367962
0.976967931857254
0.982491356697879
0.98257985225205
0.984197562223567
0.986318575251254
0.987898286311559
0.988565633389178
0.990111273065324
0.990523009842885
0.991173746808278
0.991414261578808
0.991983658494282
0.992565379705997
0.992870964041503
0.992898618853319
0.993329520736473
0.993371477432011
0.99449977608198
0.99486003971225
0.996087003663458
0.997155531630966
0.997561462909546
0.99783348834027
0.998047994941284
0.998087414408014
