0.00413567798085985
0.00460400205517763
0.00532034477136909
0.00720141178555848
0.00729479345418042
0.00784385843196355
0.0114868583656447
0.0115042327151438
0.012180447961417
0.0181687333396522
0.0192522888162572
0.024704073625068
0.0272584762337584
0.0295707618555089
0.0300674895224622
0.0305754146877717
0.0331788459548564
0.0391269120322603
0.0391596979524051
0.0468905399757375
0.0504321284301513
0.0528619155210261
0.0565424264838046
0.0569189747509942
0.0587641135188879
0.0609817595166146
0.0615354172281214
0.0629484443141851
0.0643010949582544
0.064853697960919
0.0670046968945374
0.0673520841022943
0.0681098951108666
0.068128179361464
0.0773672280551836
0.0799083524587184
0.0849260566230133
0.0862509525633804
0.0889416754424608
0.0890557899551295
0.091184222433771
0.0967290990102166
0.0993446204254552
0.100821040312982
0.101030335534424
0.101668059680777
0.102286087595033
0.102328259623824
0.104567880178016
0.105740438237321
0.114125163522179
0.115155043635954
0.115189579626752
0.116409185840194
0.116702149044826
0.118538272858594
0.118565183436418
0.118688454010799
0.121707039691277
0.131589663041927
0.133029327138449
0.133103825904734
0.133271177018231
0.133778247893003
0.135477703350183
0.136324539041359
0.141716922723305
0.141852145099623
0.143156838544146
0.144250203019694
0.1446351529394
0.145655538391912
0.14707697066366
0.148184458263919
0.148797874175378
0.15028611853152
0.154704014126524
0.15540487094915
0.157368297562974
0.160964551099974
0.161588417833094
0.162037095240186
0.163349085052379
0.163528638440302
0.164438381118009
0.170998153831807
0.172083621157177
0.176177122370015
0.176765209492133
0.178940502137484
0.18038503437503
0.181311578045068
0.182367800665762
0.184605829977851
0.191454210228952
0.191492175348154
0.191853323509423
0.194010455688283
0.198823177978524
0.198866190936314
0.200609027549863
0.201836389741219
0.204098493263609
0.205494625621897
0.207866024686753
0.211498705556966
0.212021357110015
0.212624659774377
0.214294024455369
0.214346995670948
0.214400384323506
0.214660983847259
0.221349692355661
0.22238308681762
0.222785801654471
0.222816355262113
0.225091145226056
0.227036559694588
0.227353302541725
0.227911467932162
0.230852038711579
0.239415229393962
0.241442213828493
0.241921570506531
0.251678878515325
0.254035398964183
0.256518765611411
0.259671127880576
0.261093571044215
0.263152810788005
0.267256535805028
0.267428843202377
0.270375499538014
0.270521128566702
0.271244378877509
0.273551022747442
0.276719010510666
0.278842530764868
0.283042188026623
0.285615764055257
0.286465430500143
0.289170702184883
0.290218410796729
0.290949300217755
0.293651715110638
0.294039178803493
0.300330262394623
0.301910433806014
0.310413059005698
0.311767327973729
0.31328817570776
0.314405058473646
0.317273985746605
0.321120900616684
0.321194574515417
0.322125495087026
0.322564042454483
0.322763348457253
0.327867070044769
0.329037992881567
0.329817377911695
0.3300317966786
0.3327315551671
0.335379330630725
0.335592256480958
0.338072741828493
0.338082762610531
0.339240443516733
0.342049811893331
0.342124111809655
0.342947732453695
0.346462906899786
0.350098122451428
0.351844993130313
0.352688592192167
0.353098882460268
0.354446202217759
0.357220469333686
0.358275373085009
0.363195914819056
0.365169587162597
0.365680320599808
0.3657611606911
0.367259670388515
0.369053946265813
0.370418364280667
0.372936379896201
0.382773589665827
0.386146629570715
0.386561674620673
0.388624837317762
0.390278678314893
0.390579988171141
0.391771737854327
0.398490805869528
0.401446341680103
0.401666085984245
0.402421213325079
0.406156689244262
0.411496699086677
0.414512952208662
0.421468283047008
0.425760100362014
0.428495178965379
0.430421576422156
0.445347079748572
0.445669515940729
0.446075219389939
0.446764186708382
0.446878027858475
0.447678920021242
0.450196801919432
0.466354729881799
0.470001967102982
0.47090989330833
0.472708152940917
0.473970542029413
0.474890727154887
0.477840587917507
0.482058412586567
0.489774759862533
0.496719188237412
0.50237629580339
0.510806674749741
0.511682381351434
0.511870835759969
0.516923784116743
0.520112338993646
0.525692925040863
0.525706240439706
0.526998702765015
0.534661894541296
0.537577306804599
0.541368967912713
0.542800058080976
0.545657842264537
0.545970410213144
0.547229180283763
0.549253474558736
0.550345004618524
0.551557278501706
0.551779492906346
0.552413838407911
0.554157300310313
0.555735651008738
0.557554397473115
0.560152267539032
0.560934791892238
0.561135086062965
0.568699602971001
0.572776416216344
0.574756595590376
0.57537616093166
0.576484536106703
0.57930182726555
0.579782103859766
0.583457114668487
0.585719007915029
0.589236689189037
0.59188708335338
0.595719561236526
0.595838201211421
0.598230979911729
0.599929182126704
0.609272667222358
0.611309723985526
0.61139162256408
0.611628973191845
0.612092288873117
0.61363825377944
0.616923075050273
0.617541942107838
0.619473025058954
0.62196208371543
0.623852334474194
0.624397798203503
0.625103030729774
0.630163380219768
0.635310737463644
0.638164920002792
0.639178718699611
0.64227289680947
0.642544550287134
0.642771987241583
0.645053463783895
0.645138485532095
0.645765743158542
0.648391033105243
0.648691539235426
0.649527023590017
0.653397905963794
0.656567280580093
0.661486088790063
0.670194490252902
0.673805278871823
0.674447570154387
0.679673029513647
0.680525204791363
0.680646330274542
0.682041936639355
0.683248184204802
0.685693169930125
0.688441327229503
0.688594784441914
0.690676052732874
0.690861385079283
0.693703591710949
0.699986023622367
0.704959422604998
0.709819181377843
0.711554854202598
0.711640370322003
0.712742740064527
0.713885256164524
0.716722448059004
0.716990311698881
0.717744054604523
0.718858656842558
0.71890274595506
0.72231103378745
0.72325349723297
0.724954280999632
0.729422361786396
0.730206080024304
0.731323961561896
0.732005772886781
0.732211121892841
0.738218944356353
0.739583012615597
0.741949760808621
0.742280638951755
0.745002258346988
0.745930659053889
0.748293751581157
0.749513778952221
0.749633252853165
0.754916621804356
0.757655342427678
0.758264851089868
0.75996051473486
0.760399089581084
0.76128709613787
0.761807311204844
0.762014266603868
0.763960081149262
0.764029583096754
0.766195369351652
0.766822089446587
0.768146182228234
0.768882145197432
0.770026816312278
0.770265548510203
0.773418836131616
0.77387997373891
0.77478489378387
0.77508238513513
0.775475831827694
0.775556487825269
0.779711632569371
0.781169168368266
0.786672631482574
0.787863462183326
0.788442598929358
0.793435131087266
0.794117215444699
0.797533586250299
0.79881057653511
0.800833117549268
0.804103607290126
0.804914780763539
0.804945392444496
0.810832077308519
0.811127187965201
0.812147402912111
0.815122620214201
0.815504067379115
0.820534058021561
0.821028701231923
0.822173592783649
0.823611578895052
0.823948507688589
0.824295419243808
0.82707793893662
0.827223757343995
0.833813976692288
0.834352217888875
0.835377656529406
0.836282451621766
0.838335676730597
0.84271270893408
0.846994985165239
0.850193396976278
0.850228197984978
0.850278322668924
0.854195679959476
0.854490993444021
0.855139520403266
0.85609686575186
0.857343776778388
0.857819410427604
0.860784663904054
0.861630785352321
0.868981031001793
0.869459794487541
0.869757030735324
0.871584101114921
0.881309374160575
0.881699083717484
0.882618766568918
0.882845478860082
0.883039343685449
0.884418656141477
0.885051913599428
0.886101666740509
0.888184081929186
0.890710196173143
0.892570121782375
0.89291146032704
0.893632345725014
0.897361509484282
0.898137794192113
0.89897010050297
0.899105127865732
0.899262190076985
0.899304205306745
0.904192179147796
0.90849392667144
0.910782366752983
0.914536786156932
0.914716936871896
0.924249541734749
0.929613600552652
0.931429795109271
0.931902928495875
0.937038698161148
0.937449166738623
0.938240400816988
0.939744557278902
0.939747915243191
0.94405113118902
0.949121219428171
0.95109249951707
0.952564560786186
0.952707979421398
0.953042635278952
0.957890965410731
0.963602469107639
0.964367399241319
0.968571505973622
0.96913838237744
0.969663134756065
0.971581797781449
0.972768355929845
0.978965889554008
0.987556225429757
0.988100690131572
0.988705578486255
0.991024699660181
0.991351576664417
0.99168953073498
NaN
NaN
NaN
NaN
NaN
NaN
NaN
NaN
NaN
NaN
NaN
NaN
NaN
NaN
NaN
NaN
NaN
NaN
NaN
NaN
NaN
NaN
NaN
NaN
NaN
NaN
NaN
NaN
NaN
NaN
NaN
NaN
NaN
NaN
NaN
NaN
NaN
NaN
NaN
NaN
NaN
NaN
NaN
NaN
NaN
NaN
NaN
NaN
NaN
NaN
