-0.050693333965052
-0.0504831423842605
-0.0502729508034689
-0.0500627592226773
-0.0498525676418857
-0.0496423760610941
-0.0494321844803025
-0.0492219928995109
-0.0490118013187193
-0.0488016097379277
-0.0485914181571361
-0.0483812265763445
-0.0481710349955529
-0.0479608434147613
-0.0477506518339696
-0.0475404602531782
-0.0473302686723865
-0.0471200770915949
-0.0469098855108033
-0.0466996939300117
-0.0464895023492201
-0.0462793107684285
-0.0460691191876369
-0.0458589276068453
-0.0456487360260537
-0.0454385444452621
-0.0452283528644705
-0.0450181612836789
-0.0448079697028874
-0.0445977781220958
-0.0443875865413041
-0.0441773949605125
-0.0439672033797209
-0.0437570117989293
-0.0435468202181377
-0.0433366286373461
-0.0431264370565545
-0.0429162454757629
-0.0427060538949713
-0.0424958623141797
-0.0422856707333881
-0.0420754791525966
-0.041865287571805
-0.0416550959910134
-0.0414449044102218
-0.0412347128294301
-0.0410245212486385
-0.0408143296678469
-0.0406041380870553
-0.0403939465062637
-0.0401837549254721
-0.0399735633446805
-0.0397633717638889
-0.0395531801830973
-0.0393429886023057
-0.0391327970215142
-0.0389226054407226
-0.038712413859931
-0.0385022222791394
-0.0382920306983477
-0.0380818391175561
-0.0378716475367645
-0.0376614559559729
-0.0374512643751813
-0.0372410727943897
-0.0370308812135981
-0.0368206896328065
-0.0366104980520149
-0.0364003064712234
-0.0361901148904318
-0.0359799233096402
-0.0357697317288486
-0.035559540148057
-0.0353493485672653
-0.0351391569864737
-0.0349289654056821
-0.0347187738248905
-0.0345085822440989
-0.0342983906633073
-0.0340881990825157
-0.0338780075017241
-0.0336678159209326
-0.033457624340141
-0.0332474327593494
-0.0330372411785578
-0.0328270495977662
-0.0326168580169746
-0.032406666436183
-0.0321964748553913
-0.0319862832745997
-0.0317760916938081
-0.0315659001130165
-0.0313557085322249
-0.0311455169514333
-0.0309353253706417
-0.0307251337898502
-0.0305149422090586
-0.030304750628267
-0.0300945590474754
-0.0298843674666838
-0.0296741758858922
-0.0294639843051006
-0.0292537927243089
-0.0290436011435173
-0.0288334095627257
-0.0286232179819341
-0.0284130264011425
-0.0282028348203509
-0.0279926432395594
-0.0277824516587678
-0.0275722600779762
-0.0273620684971846
-0.027151876916393
-0.0269416853356014
-0.0267314937548098
-0.0265213021740182
-0.0263111105932265
-0.0261009190124349
-0.0258907274316433
-0.0256805358508517
-0.0254703442700601
-0.0252601526892686
-0.025049961108477
-0.0248397695276854
-0.0246295779468938
-0.0244193863661022
-0.0242091947853106
-0.023999003204519
-0.0237888116237274
-0.0235786200429358
-0.0233684284621442
-0.0231582368813525
-0.0229480453005609
-0.0227378537197693
-0.0225276621389777
-0.0223174705581862
-0.0221072789773946
-0.021897087396603
-0.0216868958158114
-0.0214767042350198
-0.0212665126542282
-0.0210563210734366
-0.020846129492645
-0.0206359379118534
-0.0204257463310618
-0.0202155547502701
-0.0200053631694785
-0.0197951715886869
-0.0195849800078954
-0.0193747884271038
-0.0191645968463122
-0.0189544052655206
-0.018744213684729
-0.0185340221039374
-0.0183238305231458
-0.0181136389423542
-0.0179034473615626
-0.017693255780771
-0.0174830641999794
-0.0172728726191878
-0.0170626810383961
-0.0168524894576046
-0.016642297876813
-0.0164321062960214
-0.0162219147152298
-0.0160117231344382
-0.0158015315536466
-0.015591339972855
-0.0153811483920634
-0.0151709568112718
-0.0149607652304802
-0.0147505736496886
-0.014540382068897
-0.0143301904881054
-0.0141199989073139
-0.0139098073265222
-0.0136996157457306
-0.013489424164939
-0.0132792325841474
-0.0130690410033558
-0.0128588494225642
-0.0126486578417726
-0.012438466260981
-0.0122282746801894
-0.0120180830993978
-0.0118078915186062
-0.0115976999378146
-0.011387508357023
-0.0111773167762315
-0.0109671251954399
-0.0107569336146482
-0.0105467420338566
-0.010336550453065
-0.0101263588722734
-0.00991616729148181
-0.00970597571069021
-0.0094957841298986
-0.00928559254910699
-0.00907540096831538
-0.00886520938752378
-0.00865501780673217
-0.00844482622594067
-0.00823463464514906
-0.00802444306435746
-0.00781425148356585
-0.00760405990277424
-0.00739386832198263
-0.00718367674119103
-0.00697348516039942
-0.00676329357960781
-0.0065531019988162
-0.00634291041802459
-0.00613271883723299
-0.00592252725644138
-0.00571233567564988
-0.00550214409485827
-0.00529195251406667
-0.00508176093327506
-0.00487156935248345
-0.00466137777169184
-0.00445118619090024
-0.00424099461010863
-0.00403080302931702
-0.00382061144852541
-0.00361041986773381
-0.0034002282869422
-0.00319003670615059
-0.00297984512535898
-0.00276965354456749
-0.00255946196377588
-0.00234927038298427
-0.00213907880219266
-0.00192888722140105
-0.00171869564060945
-0.00150850405981784
-0.00129831247902623
-0.00108812089823462
-0.000877929317443016
-0.000667737736651408
-0.0004575461558598
-0.000247354575068193
-3.7162994276696e-05
0.000173028586514912
0.000383220167306519
0.000593411748098127
0.000803603328889735
0.00101379490968134
0.00122398649047295
0.00143417807126456
0.00164436965205617
0.00185456123284777
0.00206475281363938
0.00227494439443099
0.0024851359752226
0.00269532755601409
0.0029055191368057
0.00311571071759731
0.00332590229838892
0.00353609387918052
0.00374628545997213
0.00395647704076374
0.00416666862155535
0.00437686020234695
0.00458705178313856
0.00479724336393017
0.00500743494472178
0.00521762652551339
0.00542781810630499
0.00563800968709649
0.0058482012678881
0.00605839284867971
0.00626858442947131
0.00647877601026292
0.00668896759105453
0.00689915917184614
0.00710935075263774
0.00731954233342935
0.00752973391422096
0.00773992549501257
0.00795011707580418
0.00816030865659578
0.00837050023738728
0.00858069181817889
0.00879088339897049
0.0090010749797621
0.00921126656055371
0.00942145814134532
0.00963164972213693
0.00984184130292853
0.0100520328837201
0.0102622244645117
0.0104724160453034
0.010682607626095
0.0108927992068866
0.0111029907876781
0.0113131823684697
0.0115233739492613
0.0117335655300529
0.0119437571108445
0.0121539486916361
0.0123641402724277
0.0125743318532193
0.0127845234340109
0.0129947150148025
0.0132049065955941
0.0134150981763858
0.0136252897571774
0.013835481337969
0.0140456729187605
0.0142558644995521
0.0144660560803437
0.0146762476611353
0.0148864392419269
0.0150966308227185
0.0153068224035101
0.0155170139843017
0.0157272055650933
0.0159373971458849
0.0161475887266765
0.0163577803074682
0.0165679718882598
0.0167781634690513
0.0169883550498429
0.0171985466306345
0.0174087382114261
0.0176189297922177
0.0178291213730093
0.0180393129538009
0.0182495045345925
0.0184596961153841
0.0186698876961757
0.0188800792769673
0.0190902708577589
0.0193004624385505
0.019510654019342
0.0197208456001337
0.0199310371809253
0.0201412287617169
0.0203514203425085
0.0205616119233001
0.0207718035040917
0.0209819950848833
0.0211921866656749
0.0214023782464665
0.0216125698272581
0.0218227614080497
0.0220329529888413
0.0222431445696329
0.0224533361504245
0.0226635277312161
0.0228737193120077
0.0230839108927993
0.0232941024735909
0.0235042940543825
0.0237144856351741
0.0239246772159657
0.0241348687967573
0.0243450603775489
0.0245552519583405
0.0247654435391321
0.0249756351199237
0.0251858267007153
0.0253960182815069
0.0256062098622985
0.0258164014430901
0.0260265930238817
0.0262367846046733
0.0264469761854649
0.0266571677662565
0.0268673593470481
0.0270775509278397
0.0272877425086313
0.0274979340894229
0.0277081256702145
0.0279183172510061
0.0281285088317977
0.0283387004125893
0.0285488919933808
0.0287590835741725
0.0289692751549641
0.0291794667357557
0.0293896583165473
0.0295998498973389
0.0298100414781305
0.030020233058922
0.0302304246397136
0.0304406162205053
0.0306508078012969
0.0308609993820885
0.0310711909628801
0.0312813825436717
0.0314915741244632
0.0317017657052548
0.0319119572860465
0.0321221488668381
0.0323323404476297
0.0325425320284213
0.0327527236092128
0.0329629151900044
0.033173106770796
0.0333832983515877
0.0335934899323793
0.0338036815131709
0.0340138730939625
0.034224064674754
0.0344342562555456
0.0346444478363372
0.0348546394171289
0.0350648309979205
0.0352750225787121
0.0354852141595037
0.0356954057402952
0.0359055973210868
0.0361157889018784
0.0363259804826701
0.0365361720634617
0.0367463636442533
0.0369565552250448
0.0371667468058364
0.037376938386628
0.0375871299674196
0.0377973215482112
0.0380075131290029
0.0382177047097945
0.038427896290586
0.0386380878713776
0.0388482794521692
0.0390584710329608
0.0392686626137524
0.0394788541945441
0.0396890457753357
0.0398992373561272
0.0401094289369188
0.0403196205177104
0.040529812098502
0.0407400036792936
0.0409501952600853
0.0411603868408768
0.0413705784216684
0.04158077000246
0.0417909615832516
0.0420011531640432
0.0422113447448348
0.0424215363256265
0.042631727906418
0.0428419194872096
0.0430521110680012
0.0432623026487928
0.0434724942295844
0.043682685810376
0.0438928773911677
0.0441030689719592
0.0443132605527508
0.0445234521335424
0.044733643714334
0.0449438352951256
0.0451540268759172
0.0453642184567088
0.0455744100375004
0.045784601618292
0.0459947931990836
0.0462049847798752
0.0464151763606668
0.0466253679414584
0.04683555952225
0.0470457511030416
0.0472559426838332
0.0474661342646248
0.0476763258454164
0.047886517426208
0.0480967090069996
0.0483069005877912
0.0485170921685828
0.0487272837493744
0.048937475330166
0.0491476669109576
0.0493578584917492
0.0495680500725408
0.0497782416533324
0.049988433234124
0.0501986248149156
0.0504088163957072
0.0506190079764988
0.0508291995572904
0.051039391138082
0.0512495827188736
0.0514597742996652
0.0516699658804568
0.0518801574612484
0.05209034904204
0.0523005406228316
0.0525107322036232
0.0527209237844148
0.0529311153652064
0.053141306945998
0.0533514985267896
0.0535616901075812
0.0537718816883728
0.0539820732691644
0.054192264849956
0.0544024564307476
0.0546126480115392
0.0548228395923308
0.0550330311731224
0.055243222753914
0.0554534143347056
0.0556636059154972
0.0558737974962888
0.0560839890770804
0.056294180657872
0.0565043722386636
0.0567145638194552
0.0569247554002468
0.0571349469810384
0.05734513856183
0.0575553301426216
0.0577655217234132
0.0579757133042048
0.0581859048849964
0.058396096465788
0.0586062880465796
0.0588164796273712
0.0590266712081628
0.0592368627889544
0.059447054369746
0.0596572459505376
0.0598674375313292
0.0600776291121208
0.0602878206929124
0.060498012273704
0.0607082038544956
0.0609183954352872
0.0611285870160788
0.0613387785968704
0.061548970177662
0.0617591617584536
0.0619693533392452
0.0621795449200367
0.0623897365008284
0.06259992808162
0.0628101196624116
0.0630203112432032
0.0632305028239948
0.0634406944047864
0.0636508859855779
0.0638610775663696
0.0640712691471612
0.0642814607279528
0.0644916523087444
0.064701843889536
0.0649120354703275
0.0651222270511191
0.0653324186319107
0.0655426102127024
0.065752801793494
0.0659629933742856
0.0661731849550772
0.0663833765358687
0.0665935681166603
0.0668037596974519
0.0670139512782436
0.0672241428590352
0.0674343344398268
0.0676445260206184
0.0678547176014099
0.0680649091822015
0.0682751007629931
0.0684852923437848
0.0686954839245764
0.068905675505368
0.0691158670861595
0.0693260586669511
0.0695362502477427
0.0697464418285343
0.069956633409326
0.0701668249901176
0.0703770165709092
0.0705872081517007
0.0707973997324923
0.0710075913132839
0.0712177828940755
0.0714279744748672
0.0716381660556588
0.0718483576364504
0.0720585492172419
0.0722687407980335
0.0724789323788251
0.0726891239596167
0.0728993155404083
0.0731095071212
0.0733196987019915
0.0735298902827831
0.0737400818635747
0.0739502734443663
0.0741604650251579
0.0743706566059495
0.0745808481867412
0.0747910397675327
0.0750012313483243
0.0752114229291159
0.0754216145099075
0.0756318060906991
0.0758419976714907
0.0760521892522824
0.0762623808330739
0.0764725724138655
0.0766827639946571
0.0768929555754487
0.0771031471562403
0.0773133387370319
0.0775235303178235
0.0777337218986151
0.0779439134794067
0.0781541050601983
0.0783642966409899
0.0785744882217815
0.0787846798025731
0.0789948713833647
0.0792050629641563
0.0794152545449479
0.0796254461257395
0.0798356377065311
0.0800458292873227
0.0802560208681143
0.0804662124489059
0.0806764040296975
0.0808865956104891
0.0810967871912807
0.0813069787720723
0.0815171703528639
0.0817273619336555
0.0819375535144471
0.0821477450952387
0.0823579366760303
0.0825681282568219
0.0827783198376135
0.0829885114184051
0.0831987029991967
0.0834088945799883
0.0836190861607799
0.0838292777415715
0.0840394693223631
0.0842496609031547
0.0844598524839463
0.0846700440647379
0.0848802356455295
0.0850904272263211
0.0853006188071127
0.0855108103879043
0.0857210019686959
0.0859311935494875
0.0861413851302791
0.0863515767110707
0.0865617682918623
0.0867719598726539
0.0869821514534455
0.0871923430342371
0.0874025346150287
0.0876127261958203
0.0878229177766119
0.0880331093574035
0.0882433009381951
0.0884534925189867
0.0886636840997783
0.0888738756805699
0.0890840672613615
0.0892942588421531
0.0895044504229447
0.0897146420037363
0.0899248335845279
0.0901350251653195
0.0903452167461111
0.0905554083269027
0.0907655999076943
0.0909757914884859
0.0911859830692775
0.0913961746500691
0.0916063662308607
0.0918165578116523
0.0920267493924439
0.0922369409732355
0.0924471325540271
0.0926573241348187
0.0928675157156103
0.0930777072964019
0.0932878988771935
0.0934980904579851
0.0937082820387767
0.0939184736195683
0.0941286652003599
0.0943388567811514
0.0945490483619431
0.0947592399427347
0.0949694315235263
0.0951796231043179
0.0953898146851095
0.0956000062659011
0.0958101978466926
0.0960203894274843
0.0962305810082759
0.0964407725890675
0.0966509641698591
0.0968611557506507
0.0970713473314423
0.0972815389122338
0.0974917304930255
0.0977019220738171
0.0979121136546087
0.0981223052354003
0.0983324968161919
0.0985426883969834
0.098752879977775
0.0989630715585667
0.0991732631393583
0.0993834547201499
0.0995936463009415
0.0998038378817331
0.100014029462525
0.100224221043316
0.100434412624108
0.100644604204899
0.100854795785691
0.101064987366483
0.101275178947274
0.101485370528066
0.101695562108857
0.101905753689649
0.102115945270441
0.102326136851232
0.102536328432024
0.102746520012815
0.102956711593607
0.103166903174399
0.10337709475519
0.103587286335982
0.103797477916773
0.104007669497565
0.104217861078357
0.104428052659148
0.10463824423994
0.104848435820731
0.105058627401523
0.105268818982315
0.105479010563106
0.105689202143898
0.105899393724689
0.106109585305481
0.106319776886273
0.106529968467064
0.106740160047856
0.106950351628647
0.107160543209439
0.107370734790231
0.107580926371022
0.107791117951814
0.108001309532605
0.108211501113397
0.108421692694189
0.10863188427498
0.108842075855772
0.109052267436563
0.109262459017355
0.109472650598147
0.109682842178938
0.10989303375973
0.110103225340521
0.110313416921313
0.110523608502105
0.110733800082896
0.110943991663688
0.111154183244479
0.111364374825271
0.111574566406063
0.111784757986854
0.111994949567646
0.112205141148437
0.112415332729229
0.112625524310021
0.112835715890812
0.113045907471604
0.113256099052395
0.113466290633187
0.113676482213979
0.11388667379477
0.114096865375562
0.114307056956353
0.114517248537145
0.114727440117937
0.114937631698728
0.11514782327952
0.115358014860311
0.115568206441103
0.115778398021895
0.115988589602686
0.116198781183478
0.116408972764269
0.116619164345061
0.116829355925853
0.117039547506644
0.117249739087436
0.117459930668227
0.117670122249019
0.117880313829811
0.118090505410602
0.118300696991394
0.118510888572185
0.118721080152977
0.118931271733769
0.11914146331456
0.119351654895352
0.119561846476143
0.119772038056935
0.119982229637727
0.120192421218518
0.12040261279931
0.120612804380101
0.120822995960893
0.121033187541685
0.121243379122476
0.121453570703268
0.121663762284059
0.121873953864851
0.122084145445643
0.122294337026434
0.122504528607226
0.122714720188017
0.122924911768809
0.123135103349601
0.123345294930392
0.123555486511184
0.123765678091975
0.123975869672767
0.124186061253559
0.12439625283435
0.124606444415142
0.124816635995933
0.125026827576725
0.125237019157517
0.125447210738308
0.1256574023191
0.125867593899891
0.126077785480683
0.126287977061475
0.126498168642266
0.126708360223058
0.126918551803849
0.127128743384641
0.127338934965433
0.127549126546224
0.127759318127016
0.127969509707807
0.128179701288599
0.128389892869391
0.128600084450182
0.128810276030974
0.129020467611765
0.129230659192557
0.129440850773349
0.12965104235414
0.129861233934932
0.130071425515723
0.130281617096515
0.130491808677307
0.130702000258098
0.13091219183889
0.131122383419681
0.131332575000473
0.131542766581265
0.131752958162056
0.131963149742848
0.132173341323639
0.132383532904431
0.132593724485223
0.132803916066014
0.133014107646806
0.133224299227597
0.133434490808389
0.133644682389181
0.133854873969972
0.134065065550764
0.134275257131555
0.134485448712347
0.134695640293139
0.13490583187393
0.135116023454722
0.135326215035513
0.135536406616305
0.135746598197097
0.135956789777888
0.13616698135868
0.136377172939471
0.136587364520263
0.136797556101055
0.137007747681846
0.137217939262638
0.137428130843429
0.137638322424221
0.137848514005013
0.138058705585804
0.138268897166596
0.138479088747387
0.138689280328179
0.138899471908971
0.139109663489762
0.139319855070554
0.139530046651345
0.139740238232137
0.139950429812929
0.14016062139372
0.140370812974512
0.140581004555303
0.140791196136095
0.141001387716887
0.141211579297678
0.14142177087847
0.141631962459261
0.141842154040053
0.142052345620845
0.142262537201636
0.142472728782428
0.142682920363219
0.142893111944011
0.143103303524803
0.143313495105594
0.143523686686386
0.143733878267177
0.143944069847969
0.144154261428761
0.144364453009552
0.144574644590344
0.144784836171135
0.144995027751927
0.145205219332719
0.14541541091351
0.145625602494302
0.145835794075093
0.146045985655885
0.146256177236676
0.146466368817468
0.14667656039826
0.146886751979051
0.147096943559843
0.147307135140635
0.147517326721426
0.147727518302218
0.147937709883009
0.148147901463801
0.148358093044593
0.148568284625384
0.148778476206176
0.148988667786967
0.149198859367759
0.149409050948551
0.149619242529342
0.149829434110134
0.150039625690925
0.150249817271717
0.150460008852508
0.1506702004333
0.150880392014092
0.151090583594883
0.151300775175675
0.151510966756467
0.151721158337258
0.15193134991805
0.152141541498841
0.152351733079633
0.152561924660425
0.152772116241216
0.152982307822008
0.153192499402799
0.153402690983591
0.153612882564382
0.153823074145174
0.154033265725966
0.154243457306757
0.154453648887549
0.15466384046834
0.154874032049132
0.155084223629924
0.155294415210715
0.155504606791507
0.155714798372299
0.15592498995309
0.156135181533882
0.156345373114673
0.156555564695465
0.156765756276256
0.156975947857048
0.15718613943784
0.157396331018631
0.157606522599423
0.157816714180214
0.158026905761006
0.158237097341798
0.158447288922589
0.158657480503381
0.158867672084172
0.159077863664964
0.159288055245756
0.159498246826547
0.159708438407339
0.159918629988131
0.160128821568922
0.160339013149714
0.160549204730505
0.160759396311297
0.160969587892088
0.16117977947288
0.161389971053672
0.161600162634463
0.161810354215255
0.162020545796046
0.162230737376838
0.16244092895763
0.162651120538421
0.162861312119213
0.163071503700004
0.163281695280796
0.163491886861588
0.163702078442379
0.163912270023171
0.164122461603962
0.164332653184754
0.164542844765546
0.164753036346337
0.164963227927129
0.16517341950792
0.165383611088712
0.165593802669504
0.165803994250295
0.166014185831087
0.166224377411878
0.16643456899267
0.166644760573462
0.166854952154253
0.167065143735045
0.167275335315836
0.167485526896628
0.16769571847742
0.167905910058211
0.168116101639003
0.168326293219794
0.168536484800586
0.168746676381378
0.168956867962169
0.169167059542961
0.169377251123752
0.169587442704544
0.169797634285336
0.170007825866127
0.170218017446919
0.17042820902771
0.170638400608502
0.170848592189294
0.171058783770085
0.171268975350877
0.171479166931668
0.17168935851246
0.171899550093252
0.172109741674043
0.172319933254835
0.172530124835626
0.172740316416418
0.17295050799721
0.173160699578001
0.173370891158793
0.173581082739584
0.173791274320376
0.174001465901168
0.174211657481959
0.174421849062751
0.174632040643542
0.174842232224334
0.175052423805126
0.175262615385917
0.175472806966709
0.1756829985475
0.175893190128292
0.176103381709084
0.176313573289875
0.176523764870667
0.176733956451458
0.17694414803225
0.177154339613042
0.177364531193833
0.177574722774625
0.177784914355416
0.177995105936208
0.178205297517
0.178415489097791
0.178625680678583
0.178835872259374
0.179046063840166
0.179256255420958
0.179466447001749
0.179676638582541
0.179886830163332
0.180097021744124
0.180307213324916
0.180517404905707
0.180727596486499
0.18093778806729
0.181147979648082
0.181358171228874
0.181568362809665
0.181778554390457
0.181988745971248
0.18219893755204
0.182409129132832
0.182619320713623
0.182829512294415
0.183039703875206
0.183249895455998
0.18346008703679
0.183670278617581
0.183880470198373
0.184090661779164
0.184300853359956
0.184511044940748
0.184721236521539
0.184931428102331
0.185141619683122
0.185351811263914
0.185562002844706
0.185772194425497
0.185982386006289
0.18619257758708
0.186402769167872
0.186612960748664
0.186823152329455
0.187033343910247
0.187243535491038
0.18745372707183
0.187663918652622
0.187874110233413
0.188084301814205
0.188294493394996
0.188504684975788
0.18871487655658
0.188925068137371
0.189135259718163
0.189345451298954
0.189555642879746
0.189765834460538
0.189976026041329
0.190186217622121
0.190396409202912
0.190606600783704
0.190816792364496
0.191026983945287
0.191237175526079
0.19144736710687
0.191657558687662
0.191867750268454
0.192077941849245
0.192288133430037
0.192498325010828
0.19270851659162
0.192918708172412
0.193128899753203
0.193339091333995
0.193549282914786
0.193759474495578
0.19396966607637
0.194179857657161
0.194390049237953
0.194600240818744
0.194810432399536
0.195020623980328
0.195230815561119
0.195441007141911
0.195651198722702
0.195861390303494
0.196071581884286
0.196281773465077
0.196491965045869
0.19670215662666
0.196912348207452
0.197122539788244
0.197332731369035
0.197542922949827
0.197753114530618
0.19796330611141
0.198173497692202
0.198383689272993
0.198593880853785
0.198804072434576
0.199014264015368
0.19922445559616
0.199434647176951
0.199644838757743
0.199855030338534
0.200065221919326
0.200275413500118
0.200485605080909
0.200695796661701
0.200905988242492
0.201116179823284
0.201326371404076
0.201536562984867
0.201746754565659
0.20195694614645
0.202167137727242
0.202377329308034
0.202587520888825
0.202797712469617
0.203007904050408
0.2032180956312
0.203428287211992
0.203638478792783
0.203848670373575
0.204058861954366
0.204269053535158
0.20447924511595
0.204689436696741
0.204899628277533
0.205109819858324
0.205320011439116
0.205530203019908
0.205740394600699
0.205950586181491
0.206160777762282
0.206370969343074
0.206581160923866
0.206791352504657
0.207001544085449
0.20721173566624
0.207421927247032
0.207632118827824
0.207842310408615
0.208052501989407
0.208262693570198
0.20847288515099
0.208683076731782
0.208893268312573
0.209103459893365
0.209313651474156
0.209523843054948
0.20973403463574
0.209944226216531
0.210154417797323
0.210364609378114
0.210574800958906
0.210784992539698
0.210995184120489
0.211205375701281
0.211415567282072
0.211625758862864
0.211835950443655
0.212046142024447
0.212256333605239
0.21246652518603
0.212676716766822
0.212886908347614
0.213097099928405
0.213307291509197
0.213517483089988
0.21372767467078
0.213937866251572
0.214148057832363
0.214358249413155
0.214568440993946
0.214778632574738
0.21498882415553
0.215199015736321
0.215409207317113
0.215619398897904
0.215829590478696
0.216039782059487
0.216249973640279
0.216460165221071
0.216670356801862
0.216880548382654
0.217090739963446
0.217300931544237
0.217511123125029
0.21772131470582
0.217931506286612
0.218141697867404
0.218351889448195
0.218562081028987
0.218772272609778
0.21898246419057
0.219192655771361
0.219402847352153
0.219613038932945
0.219823230513736
0.220033422094528
0.220243613675319
0.220453805256111
0.220663996836903
0.220874188417694
0.221084379998486
0.221294571579278
0.221504763160069
0.221714954740861
0.221925146321652
0.222135337902444
0.222345529483235
0.222555721064027
0.222765912644819
0.22297610422561
0.223186295806402
0.223396487387193
0.223606678967985
0.223816870548777
0.224027062129568
0.22423725371036
0.224447445291151
0.224657636871943
0.224867828452735
0.225078020033526
0.225288211614318
0.225498403195109
0.225708594775901
0.225918786356693
0.226128977937484
0.226339169518276
0.226549361099067
0.226759552679859
0.226969744260651
0.227179935841442
0.227390127422234
0.227600319003025
0.227810510583817
0.228020702164609
0.2282308937454
0.228441085326192
0.228651276906983
0.228861468487775
0.229071660068567
0.229281851649358
0.22949204323015
0.229702234810941
0.229912426391733
0.230122617972525
0.230332809553316
0.230543001134108
0.230753192714899
0.230963384295691
0.231173575876483
0.231383767457274
0.231593959038066
0.231804150618857
0.232014342199649
0.232224533780441
0.232434725361232
0.232644916942024
0.232855108522815
0.233065300103607
0.233275491684399
0.23348568326519
0.233695874845982
0.233906066426773
0.234116258007565
0.234326449588357
0.234536641169148
0.23474683274994
0.234957024330731
0.235167215911523
0.235377407492315
0.235587599073106
0.235797790653898
0.236007982234689
0.236218173815481
0.236428365396273
0.236638556977064
0.236848748557856
0.237058940138647
0.237269131719439
0.237479323300231
0.237689514881022
0.237899706461814
0.238109898042605
0.238320089623397
0.238530281204189
0.23874047278498
0.238950664365772
0.239160855946563
0.239371047527355
0.239581239108147
0.239791430688938
0.24000162226973
0.240211813850521
0.240422005431313
0.240632197012105
0.240842388592896
0.241052580173688
0.241262771754479
0.241472963335271
0.241683154916063
0.241893346496854
0.242103538077646
0.242313729658437
0.242523921239229
0.242734112820021
0.242944304400812
0.243154495981604
0.243364687562395
0.243574879143187
0.243785070723979
0.24399526230477
0.244205453885562
0.244415645466353
0.244625837047145
0.244836028627937
0.245046220208728
0.24525641178952
0.245466603370311
0.245676794951103
0.245886986531895
0.246097178112686
0.246307369693478
0.246517561274269
0.246727752855061
0.246937944435853
0.247148136016644
0.247358327597436
0.247568519178227
0.247778710759019
0.247988902339811
0.248199093920602
0.248409285501394
0.248619477082185
0.248829668662977
0.249039860243769
0.24925005182456
0.249460243405352
0.249670434986143
0.249880626566935
0.250090818147727
0.250301009728518
0.25051120130931
0.250721392890101
0.250931584470893
0.251141776051685
0.251351967632476
0.251562159213268
0.251772350794059
0.251982542374851
0.252192733955643
0.252402925536434
0.252613117117226
0.252823308698017
0.253033500278809
0.253243691859601
0.253453883440392
0.253664075021184
0.253874266601975
0.254084458182767
0.254294649763559
0.25450484134435
0.254715032925142
0.254925224505933
0.255135416086725
0.255345607667517
0.255555799248308
0.2557659908291
0.255976182409891
0.256186373990683
0.256396565571475
0.256606757152266
0.256816948733058
0.257027140313849
0.257237331894641
0.257447523475433
0.257657715056224
0.257867906637016
0.258078098217807
0.258288289798599
0.258498481379391
0.258708672960182
0.258918864540974
0.259129056121765
0.259339247702557
0.259549439283349
0.25975963086414
0.259969822444932
0.260180014025723
0.260390205606515
0.260600397187307
0.260810588768098
0.26102078034889
0.261230971929681
0.261441163510473
0.261651355091265
0.261861546672056
0.262071738252848
0.262281929833639
0.262492121414431
0.262702312995223
0.262912504576014
0.263122696156806
0.263332887737597
0.263543079318389
0.263753270899181
0.263963462479972
0.264173654060764
0.264383845641555
0.264594037222347
0.264804228803139
0.26501442038393
0.265224611964722
0.265434803545513
0.265644995126305
0.265855186707097
0.266065378287888
0.26627556986868
0.266485761449471
0.266695953030263
0.266906144611055
0.267116336191846
0.267326527772638
0.267536719353429
0.267746910934221
0.267957102515013
0.268167294095804
0.268377485676596
0.268587677257387
0.268797868838179
0.269008060418971
0.269218251999762
0.269428443580554
0.269638635161345
0.269848826742137
0.270059018322929
0.27026920990372
0.270479401484512
0.270689593065303
0.270899784646095
0.271109976226887
0.271320167807678
0.27153035938847
0.271740550969261
0.271950742550053
0.272160934130845
0.272371125711636
0.272581317292428
0.272791508873219
0.273001700454011
0.273211892034803
0.273422083615594
0.273632275196386
0.273842466777177
0.274052658357969
0.274262849938761
0.274473041519552
0.274683233100344
0.274893424681135
0.275103616261927
0.275313807842719
0.27552399942351
0.275734191004302
0.275944382585093
0.276154574165885
0.276364765746677
0.276574957327468
0.27678514890826
0.276995340489051
0.277205532069843
0.277415723650634
0.277625915231426
0.277836106812218
0.278046298393009
0.278256489973801
0.278466681554593
0.278676873135384
0.278887064716176
0.279097256296967
0.279307447877759
0.279517639458551
0.279727831039342
0.279938022620134
0.280148214200925
0.280358405781717
0.280568597362508
0.2807787889433
0.280988980524092
0.281199172104883
0.281409363685675
0.281619555266467
0.281829746847258
0.28203993842805
0.282250130008841
0.282460321589633
0.282670513170424
0.282880704751216
0.283090896332008
0.283301087912799
0.283511279493591
0.283721471074382
0.283931662655174
0.284141854235965
0.284352045816757
0.284562237397549
0.28477242897834
0.284982620559132
0.285192812139923
0.285403003720715
0.285613195301507
0.285823386882298
0.28603357846309
0.286243770043881
0.286453961624673
0.286664153205464
0.286874344786256
0.287084536367048
0.287294727947839
0.287504919528631
0.287715111109422
0.287925302690214
0.288135494271005
0.288345685851797
0.288555877432589
0.28876606901338
0.288976260594172
0.289186452174963
0.289396643755755
0.289606835336546
0.289817026917338
0.29002721849813
0.290237410078921
0.290447601659713
0.290657793240504
0.290867984821296
0.291078176402087
0.291288367982879
0.291498559563671
0.291708751144462
0.291918942725254
0.292129134306045
0.292339325886837
0.292549517467628
0.29275970904842
0.292969900629212
0.293180092210003
0.293390283790795
0.293600475371586
0.293810666952378
0.294020858533169
0.294231050113961
0.294441241694753
0.294651433275544
0.294861624856336
0.295071816437127
0.295282008017919
0.29549219959871
0.295702391179502
0.295912582760294
0.296122774341085
0.296332965921877
0.296543157502668
0.29675334908346
0.296963540664251
0.297173732245043
0.297383923825835
0.297594115406626
0.297804306987418
0.298014498568209
0.298224690149001
0.298434881729792
0.298645073310584
0.298855264891376
0.299065456472167
0.299275648052959
0.29948583963375
0.299696031214542
0.299906222795333
0.300116414376125
0.300326605956917
0.300536797537708
0.3007469891185
0.300957180699291
0.301167372280083
0.301377563860874
0.301587755441666
0.301797947022458
0.302008138603249
0.302218330184041
0.302428521764832
0.302638713345624
0.302848904926415
0.303059096507207
0.303269288087999
0.30347947966879
0.303689671249582
0.303899862830373
0.304110054411165
0.304320245991957
0.304530437572748
0.30474062915354
0.304950820734331
0.305161012315123
0.305371203895914
0.305581395476706
0.305791587057497
0.306001778638289
0.306211970219081
0.306422161799872
0.306632353380664
0.306842544961455
0.307052736542247
0.307262928123039
0.30747311970383
0.307683311284622
0.307893502865413
0.308103694446205
0.308313886026996
0.308524077607788
0.308734269188579
0.308944460769371
0.309154652350163
0.309364843930954
0.309575035511746
0.309785227092537
0.309995418673329
0.310205610254121
0.310415801834912
0.310625993415704
0.310836184996495
0.311046376577287
0.311256568158078
0.31146675973887
0.311676951319662
0.311887142900453
0.312097334481245
0.312307526062036
0.312517717642828
0.312727909223619
0.312938100804411
0.313148292385203
0.313358483965994
0.313568675546786
0.313778867127577
0.313989058708369
0.31419925028916
0.314409441869952
0.314619633450744
0.314829825031535
0.315040016612327
0.315250208193118
0.31546039977391
0.315670591354701
0.315880782935493
0.316090974516285
0.316301166097076
0.316511357677868
0.316721549258659
0.316931740839451
0.317141932420242
0.317352124001034
0.317562315581826
0.317772507162617
0.317982698743409
0.3181928903242
0.318403081904992
0.318613273485783
0.318823465066575
0.319033656647367
0.319243848228158
0.31945403980895
0.319664231389741
0.319874422970533
0.320084614551324
0.320294806132116
0.320504997712908
0.320715189293699
0.320925380874491
0.321135572455282
0.321345764036074
0.321555955616865
0.321766147197657
0.321976338778449
0.32218653035924
0.322396721940032
0.322606913520823
0.322817105101615
0.323027296682406
0.323237488263198
0.32344767984399
0.323657871424781
0.323868063005573
0.324078254586364
0.324288446167156
0.324498637747948
0.324708829328739
0.324919020909531
0.325129212490322
0.325339404071114
0.325549595651905
0.325759787232697
0.325969978813488
0.32618017039428
0.326390361975072
0.326600553555863
0.326810745136655
0.327020936717446
0.327231128298238
0.327441319879029
0.327651511459821
0.327861703040613
0.328071894621404
0.328282086202196
0.328492277782987
0.328702469363779
0.328912660944571
0.329122852525362
0.329333044106154
0.329543235686945
0.329753427267737
0.329963618848528
0.33017381042932
0.330384002010112
0.330594193590903
0.330804385171695
0.331014576752486
0.331224768333278
0.331434959914069
0.331645151494861
0.331855343075653
0.332065534656444
0.332275726237236
0.332485917818027
0.332696109398819
0.33290630097961
0.333116492560402
0.333326684141194
0.333536875721985
0.333747067302777
0.333957258883568
0.33416745046436
0.334377642045151
0.334587833625943
0.334798025206735
0.335008216787526
0.335218408368318
0.335428599949109
0.335638791529901
0.335848983110692
0.336059174691484
0.336269366272276
0.336479557853067
0.336689749433859
0.33689994101465
0.337110132595442
0.337320324176233
0.337530515757025
0.337740707337817
0.337950898918608
0.3381610904994
0.338371282080191
0.338581473660983
0.338791665241774
0.339001856822566
0.339212048403358
0.339422239984149
0.339632431564941
0.339842623145732
0.340052814726524
0.340263006307315
0.340473197888107
0.340683389468899
0.34089358104969
0.341103772630482
0.341313964211273
0.341524155792065
0.341734347372856
0.341944538953648
0.34215473053444
0.342364922115231
0.342575113696023
0.342785305276814
0.342995496857606
0.343205688438397
0.343415880019189
0.343626071599981
0.343836263180772
0.344046454761564
0.344256646342355
0.344466837923147
0.344677029503938
0.34488722108473
0.345097412665522
0.345307604246313
0.345517795827105
0.345727987407896
0.345938178988688
0.346148370569479
0.346358562150271
0.346568753731063
0.346778945311854
0.346989136892646
0.347199328473437
0.347409520054229
0.34761971163502
0.347829903215812
0.348040094796604
0.348250286377395
0.348460477958187
0.348670669538978
0.34888086111977
0.349091052700562
0.349301244281353
0.349511435862145
0.349721627442936
0.349931819023728
0.350142010604519
0.350352202185311
0.350562393766103
0.350772585346894
0.350982776927686
0.351192968508477
0.351403160089269
0.35161335167006
0.351823543250852
0.352033734831644
0.352243926412435
0.352454117993227
0.352664309574018
0.35287450115481
0.353084692735601
0.353294884316393
0.353505075897184
0.353715267477976
0.353925459058768
0.354135650639559
0.354345842220351
0.354556033801142
0.354766225381934
0.354976416962726
0.355186608543517
0.355396800124309
0.3556069917051
0.355817183285892
0.356027374866683
0.356237566447475
0.356447758028267
0.356657949609058
0.35686814118985
0.357078332770641
0.357288524351433
0.357498715932224
0.357708907513016
0.357919099093808
0.358129290674599
0.358339482255391
0.358549673836182
0.358759865416974
0.358970056997765
0.359180248578557
0.359390440159349
0.35960063174014
0.359810823320932
0.360021014901723
0.360231206482515
0.360441398063306
0.360651589644098
0.36086178122489
0.361071972805681
0.361282164386473
0.361492355967264
0.361702547548056
0.361912739128847
0.362122930709639
0.362333122290431
0.362543313871222
0.362753505452014
0.362963697032805
0.363173888613597
0.363384080194388
0.36359427177518
0.363804463355972
0.364014654936763
0.364224846517555
0.364435038098346
0.364645229679138
0.364855421259929
0.365065612840721
0.365275804421513
0.365485996002304
0.365696187583096
0.365906379163887
0.366116570744679
0.36632676232547
0.366536953906262
0.366747145487054
0.366957337067845
0.367167528648637
0.367377720229428
0.36758791181022
0.367798103391011
0.368008294971803
0.368218486552595
0.368428678133386
0.368638869714178
0.368849061294969
0.369059252875761
0.369269444456553
0.369479636037344
0.369689827618136
0.369900019198927
0.370110210779719
0.37032040236051
0.370530593941302
0.370740785522093
0.370950977102885
0.371161168683677
0.371371360264468
0.37158155184526
0.371791743426051
0.372001935006843
0.372212126587634
0.372422318168426
0.372632509749218
0.372842701330009
0.373052892910801
0.373263084491592
0.373473276072384
0.373683467653176
0.373893659233967
0.374103850814759
0.37431404239555
0.374524233976342
0.374734425557133
0.374944617137925
0.375154808718717
0.375365000299508
0.3755751918803
0.375785383461091
0.375995575041883
0.376205766622674
0.376415958203466
0.376626149784258
0.376836341365049
0.377046532945841
0.377256724526632
0.377466916107424
0.377677107688215
0.377887299269007
0.378097490849799
0.37830768243059
0.378517874011382
0.378728065592173
0.378938257172965
0.379148448753756
0.379358640334548
0.37956883191534
0.379779023496131
0.379989215076923
0.380199406657714
0.380409598238506
0.380619789819297
0.380829981400089
0.381040172980881
0.381250364561672
0.381460556142464
0.381670747723255
0.381880939304047
0.382091130884838
0.38230132246563
0.382511514046422
0.382721705627213
0.382931897208005
0.383142088788796
0.383352280369588
0.383562471950379
0.383772663531171
0.383982855111963
0.384193046692754
0.384403238273546
0.384613429854337
0.384823621435129
0.38503381301592
0.385244004596712
0.385454196177504
0.385664387758295
0.385874579339087
0.386084770919878
0.38629496250067
0.386505154081461
0.386715345662253
0.386925537243045
0.387135728823836
0.387345920404628
0.387556111985419
0.387766303566211
0.387976495147002
0.388186686727794
0.388396878308586
0.388607069889377
0.388817261470169
0.38902745305096
0.389237644631752
0.389447836212543
0.389658027793335
0.389868219374127
0.390078410954918
0.39028860253571
0.390498794116501
0.390708985697293
0.390919177278084
0.391129368858876
0.391339560439668
0.391549752020459
0.391759943601251
0.391970135182042
0.392180326762834
0.392390518343625
0.392600709924417
0.392810901505209
0.393021093086
0.393231284666792
0.393441476247583
0.393651667828375
0.393861859409167
0.394072050989958
0.39428224257075
0.394492434151541
0.394702625732333
0.394912817313124
0.395123008893916
0.395333200474708
0.395543392055499
0.395753583636291
0.395963775217082
0.396173966797874
0.396384158378665
0.396594349959457
0.396804541540249
0.39701473312104
0.397224924701832
0.397435116282623
0.397645307863415
0.397855499444206
0.398065691024998
0.39827588260579
0.398486074186581
0.398696265767373
0.398906457348164
0.399116648928956
0.399326840509747
0.399537032090539
0.399747223671331
0.399957415252122
0.400167606832914
0.400377798413705
0.400587989994497
0.400798181575288
0.40100837315608
0.401218564736872
0.401428756317663
0.401638947898455
0.401849139479246
0.402059331060038
0.402269522640829
0.402479714221621
0.402689905802413
0.402900097383204
0.403110288963996
0.403320480544787
0.403530672125579
0.403740863706371
0.403951055287162
0.404161246867954
0.404371438448745
0.404581630029537
0.404791821610328
0.40500201319112
0.405212204771912
0.405422396352703
0.405632587933495
0.405842779514286
0.406052971095078
0.40626316267587
0.406473354256661
0.406683545837453
0.406893737418244
0.407103928999036
0.407314120579828
0.407524312160619
0.407734503741411
0.407944695322202
0.408154886902994
0.408365078483785
0.408575270064577
0.408785461645369
0.40899565322616
0.409205844806952
0.409416036387743
0.409626227968535
0.409836419549327
0.410046611130118
0.41025680271091
0.410466994291701
0.410677185872493
0.410887377453284
0.411097569034076
0.411307760614868
0.411517952195659
0.411728143776451
0.411938335357242
0.412148526938034
0.412358718518826
0.412568910099617
0.412779101680409
0.4129892932612
0.413199484841992
0.413409676422783
0.413619868003575
0.413830059584367
0.414040251165158
0.41425044274595
0.414460634326741
0.414670825907533
0.414881017488325
0.415091209069116
0.415301400649908
0.415511592230699
0.415721783811491
0.415931975392283
0.416142166973074
0.416352358553866
0.416562550134657
0.416772741715449
0.41698293329624
0.417193124877032
0.417403316457824
0.417613508038615
0.417823699619407
0.418033891200198
0.41824408278099
0.418454274361782
0.418664465942573
0.418874657523365
0.419084849104156
0.419295040684948
0.419505232265739
0.419715423846531
0.419925615427323
0.420135807008114
0.420345998588906
0.420556190169697
0.420766381750489
0.420976573331281
0.421186764912072
0.421396956492864
0.421607148073655
0.421817339654447
0.422027531235239
0.42223772281603
0.422447914396822
0.422658105977613
0.422868297558405
0.423078489139196
0.423288680719988
0.42349887230078
0.423709063881571
0.423919255462363
0.424129447043154
0.424339638623946
0.424549830204738
0.424760021785529
0.424970213366321
0.425180404947112
0.425390596527904
0.425600788108696
0.425810979689487
0.426021171270279
0.42623136285107
0.426441554431862
0.426651746012653
0.426861937593445
0.427072129174237
0.427282320755028
0.42749251233582
0.427702703916611
0.427912895497403
0.428123087078195
0.428333278658986
0.428543470239778
0.428753661820569
0.428963853401361
0.429174044982152
0.429384236562944
0.429594428143736
0.429804619724527
0.430014811305319
0.43022500288611
0.430435194466902
0.430645386047694
0.430855577628485
0.431065769209277
0.431275960790068
0.43148615237086
0.431696343951651
0.431906535532443
0.432116727113235
0.432326918694026
0.432537110274818
0.432747301855609
0.432957493436401
0.433167685017193
0.433377876597984
0.433588068178776
0.433798259759567
0.434008451340359
0.434218642921151
0.434428834501942
0.434639026082734
0.434849217663525
0.435059409244317
0.435269600825108
0.4354797924059
0.435689983986692
0.435900175567483
0.436110367148275
0.436320558729066
0.436530750309858
0.43674094189065
0.436951133471441
0.437161325052233
0.437371516633024
0.437581708213816
0.437791899794607
0.438002091375399
0.438212282956191
0.438422474536982
0.438632666117774
0.438842857698565
0.439053049279357
0.439263240860149
0.43947343244094
0.439683624021732
0.439893815602523
0.440104007183315
0.440314198764106
0.440524390344898
0.44073458192569
0.440944773506481
0.441154965087273
0.441365156668064
0.441575348248856
0.441785539829648
0.441995731410439
0.442205922991231
0.442416114572022
0.442626306152814
0.442836497733606
0.443046689314397
0.443256880895189
0.44346707247598
0.443677264056772
0.443887455637563
0.444097647218355
0.444307838799147
0.444518030379938
0.44472822196073
0.444938413541521
0.445148605122313
0.445358796703105
0.445568988283896
0.445779179864688
0.445989371445479
0.446199563026271
0.446409754607063
0.446619946187854
0.446830137768646
0.447040329349437
0.447250520930229
0.44746071251102
0.447670904091812
0.447881095672604
0.448091287253395
0.448301478834187
0.448511670414978
0.44872186199577
0.448932053576562
0.449142245157353
0.449352436738145
0.449562628318936
0.449772819899728
0.449983011480519
0.450193203061311
0.450403394642103
0.450613586222894
0.450823777803686
0.451033969384477
0.451244160965269
0.451454352546061
0.451664544126852
0.451874735707644
0.452084927288435
0.452295118869227
0.452505310450019
0.45271550203081
0.452925693611602
0.453135885192393
0.453346076773185
0.453556268353976
0.453766459934768
0.45397665151556
0.454186843096351
0.454397034677143
0.454607226257934
0.454817417838726
0.455027609419518
0.455237801000309
0.455447992581101
0.455658184161892
0.455868375742684
0.456078567323475
0.456288758904267
0.456498950485059
0.45670914206585
0.456919333646642
0.457129525227433
0.457339716808225
0.457549908389017
0.457760099969808
0.4579702915506
0.458180483131391
0.458390674712183
0.458600866292974
0.458811057873766
0.459021249454558
0.459231441035349
0.459441632616141
0.459651824196932
0.459862015777724
0.460072207358516
0.460282398939307
0.460492590520099
0.46070278210089
0.460912973681682
0.461123165262474
0.461333356843265
0.461543548424057
0.461753740004848
0.46196393158564
0.462174123166431
0.462384314747223
0.462594506328015
0.462804697908806
0.463014889489598
0.463225081070389
0.463435272651181
0.463645464231973
0.463855655812764
0.464065847393556
0.464276038974347
0.464486230555139
0.46469642213593
0.464906613716722
0.465116805297514
0.465326996878305
0.465537188459097
0.465747380039888
0.46595757162068
0.466167763201471
0.466377954782263
0.466588146363055
0.466798337943846
0.467008529524638
0.467218721105429
0.467428912686221
0.467639104267013
0.467849295847804
0.468059487428596
0.468269679009387
0.468479870590179
0.46869006217097
0.468900253751762
0.469110445332554
0.469320636913345
0.469530828494137
0.469741020074928
0.46995121165572
0.470161403236511
0.470371594817303
0.470581786398095
0.470791977978886
0.471002169559678
0.471212361140469
0.471422552721261
0.471632744302053
0.471842935882844
0.472053127463636
0.472263319044427
0.472473510625219
0.47268370220601
0.472893893786802
0.473104085367594
0.473314276948385
0.473524468529177
0.473734660109968
0.47394485169076
0.474155043271552
0.474365234852343
0.474575426433135
0.474785618013926
0.474995809594718
0.475206001175509
0.475416192756301
0.475626384337093
0.475836575917884
0.476046767498676
0.476256959079467
0.476467150660259
0.47667734224105
0.476887533821842
0.477097725402634
0.477307916983425
0.477518108564217
0.477728300145008
0.4779384917258
0.478148683306591
0.478358874887383
0.478569066468175
0.478779258048966
0.478989449629758
0.479199641210549
0.479409832791341
0.479620024372133
0.479830215952924
0.480040407533716
0.480250599114507
0.480460790695299
0.48067098227609
0.480881173856882
0.481091365437674
0.481301557018465
0.481511748599257
0.481721940180048
0.48193213176084
0.482142323341632
0.482352514922423
0.482562706503215
0.482772898084006
0.482983089664798
0.483193281245589
0.483403472826381
0.483613664407173
0.483823855987964
0.484034047568756
0.484244239149547
0.484454430730339
0.48466462231113
0.484874813891922
0.485085005472714
0.485295197053505
0.485505388634297
0.485715580215088
0.48592577179588
0.486135963376672
0.486346154957463
0.486556346538255
0.486766538119046
0.486976729699838
0.487186921280629
0.487397112861421
0.487607304442213
0.487817496023004
0.488027687603796
0.488237879184587
0.488448070765379
0.48865826234617
0.488868453926962
0.489078645507754
0.489288837088545
0.489499028669337
0.489709220250128
0.48991941183092
0.490129603411712
0.490339794992503
0.490549986573295
0.490760178154086
0.490970369734878
0.491180561315669
0.491390752896461
0.491600944477253
0.491811136058044
0.492021327638836
0.492231519219627
0.492441710800419
0.49265190238121
0.492862093962002
0.493072285542794
0.493282477123585
0.493492668704377
0.493702860285168
0.49391305186596
0.494123243446752
0.494333435027543
0.494543626608335
0.494753818189126
0.494964009769918
0.495174201350709
0.495384392931501
0.495594584512293
0.495804776093084
0.496014967673876
0.496225159254667
0.496435350835459
0.496645542416251
0.496855733997042
0.497065925577834
0.497276117158625
0.497486308739417
0.497696500320209
0.497906691901
0.498116883481792
0.498327075062583
0.498537266643375
0.498747458224166
0.498957649804958
0.49916784138575
0.499378032966541
0.499588224547333
0.499798416128124
0.500008607708916
0.500218799289707
0.500428990870499
0.500639182451291
0.500849374032082
0.501059565612874
0.501269757193665
0.501479948774457
0.501690140355249
0.50190033193604
0.502110523516832
0.502320715097623
0.502530906678415
0.502741098259206
0.502951289839998
0.50316148142079
0.503371673001581
0.503581864582373
0.503792056163164
0.504002247743956
0.504212439324748
0.504422630905539
0.504632822486331
0.504843014067122
0.505053205647914
0.505263397228706
0.505473588809497
0.505683780390289
0.50589397197108
0.506104163551872
0.506314355132663
0.506524546713455
0.506734738294247
0.506944929875038
0.50715512145583
0.507365313036621
0.507575504617413
0.507785696198204
0.507995887778996
0.508206079359788
0.508416270940579
0.508626462521371
0.508836654102162
0.509046845682954
0.509257037263745
0.509467228844537
0.509677420425329
0.50988761200612
0.510097803586912
0.510307995167703
0.510518186748495
0.510728378329287
0.510938569910078
0.51114876149087
0.511358953071661
0.511569144652453
0.511779336233244
0.511989527814036
0.512199719394828
0.512409910975619
0.512620102556411
0.512830294137202
0.513040485717994
0.513250677298786
0.513460868879577
0.513671060460369
0.51388125204116
0.514091443621952
0.514301635202743
0.514511826783535
0.514722018364327
0.514932209945118
0.51514240152591
0.515352593106701
0.515562784687493
0.515772976268285
0.515983167849076
0.516193359429868
0.516403551010659
0.516613742591451
0.516823934172242
0.517034125753034
0.517244317333826
0.517454508914617
0.517664700495409
0.5178748920762
0.518085083656992
0.518295275237784
0.518505466818575
0.518715658399367
0.518925849980158
0.51913604156095
0.519346233141741
0.519556424722533
0.519766616303325
0.519976807884116
0.520186999464908
0.520397191045699
0.520607382626491
0.520817574207282
0.521027765788074
0.521237957368866
0.521448148949657
0.521658340530449
0.52186853211124
0.522078723692032
0.522288915272824
0.522499106853615
0.522709298434407
0.522919490015198
0.52312968159599
0.523339873176781
0.523550064757573
0.523760256338365
0.523970447919156
0.524180639499948
0.524390831080739
0.524601022661531
0.524811214242323
0.525021405823114
0.525231597403906
0.525441788984697
0.525651980565489
0.52586217214628
0.526072363727072
0.526282555307864
0.526492746888655
0.526702938469447
0.526913130050238
0.52712332163103
0.527333513211822
0.527543704792613
0.527753896373405
0.527964087954196
0.528174279534988
0.528384471115779
0.528594662696571
0.528804854277363
0.529015045858154
0.529225237438946
0.529435429019737
0.529645620600529
0.52985581218132
0.530066003762112
0.530276195342904
0.530486386923695
0.530696578504487
0.530906770085278
0.53111696166607
0.531327153246862
0.531537344827653
0.531747536408445
0.531957727989236
0.532167919570028
0.532378111150819
0.532588302731611
0.532798494312403
0.533008685893194
0.533218877473986
0.533429069054777
0.533639260635569
0.53384945221636
0.534059643797152
0.534269835377944
0.534480026958735
0.534690218539527
0.534900410120318
0.53511060170111
0.535320793281902
0.535530984862693
0.535741176443485
0.535951368024276
0.536161559605068
0.536371751185859
0.536581942766651
0.536792134347443
0.537002325928234
0.537212517509026
0.537422709089817
0.537632900670609
0.537843092251401
0.538053283832192
0.538263475412984
0.538473666993775
0.538683858574567
0.538894050155359
0.53910424173615
0.539314433316942
0.539524624897733
0.539734816478525
0.539945008059316
0.540155199640108
0.5403653912209
0.540575582801691
0.540785774382483
0.540995965963274
0.541206157544066
0.541416349124857
0.541626540705649
0.541836732286441
0.542046923867232
0.542257115448024
0.542467307028815
0.542677498609607
0.542887690190399
0.54309788177119
0.543308073351982
0.543518264932773
0.543728456513565
0.543938648094356
0.544148839675148
0.54435903125594
0.544569222836731
0.544779414417523
0.544989605998314
0.545199797579106
0.545409989159898
0.545620180740689
0.545830372321481
0.546040563902272
0.546250755483064
0.546460947063856
0.546671138644647
0.546881330225439
0.54709152180623
0.547301713387022
0.547511904967813
0.547722096548605
0.547932288129397
0.548142479710188
0.54835267129098
0.548562862871771
0.548773054452563
0.548983246033354
0.549193437614146
0.549403629194938
0.549613820775729
0.549824012356521
0.550034203937312
0.550244395518104
0.550454587098895
0.550664778679687
0.550874970260479
0.55108516184127
0.551295353422062
0.551505545002853
0.551715736583645
0.551925928164437
0.552136119745228
0.55234631132602
0.552556502906811
0.552766694487603
0.552976886068394
0.553187077649186
0.553397269229978
0.553607460810769
0.553817652391561
0.554027843972352
0.554238035553144
0.554448227133936
0.554658418714727
0.554868610295519
0.55507880187631
0.555288993457102
0.555499185037893
0.555709376618685
0.555919568199477
0.556129759780268
0.55633995136106
0.556550142941851
0.556760334522643
0.556970526103435
0.557180717684226
0.557390909265018
0.557601100845809
0.557811292426601
0.558021484007392
0.558231675588184
0.558441867168976
0.558652058749767
0.558862250330559
0.55907244191135
0.559282633492142
0.559492825072933
0.559703016653725
0.559913208234517
0.560123399815308
0.5603335913961
0.560543782976891
0.560753974557683
0.560964166138475
0.561174357719266
0.561384549300058
0.561594740880849
0.561804932461641
0.562015124042432
0.562225315623224
0.562435507204016
0.562645698784807
0.562855890365599
0.56306608194639
0.563276273527182
0.563486465107974
0.563696656688765
0.563906848269557
0.564117039850348
0.56432723143114
0.564537423011931
0.564747614592723
0.564957806173515
0.565167997754306
0.565378189335098
0.565588380915889
0.565798572496681
0.566008764077472
0.566218955658264
0.566429147239056
0.566639338819847
0.566849530400639
0.56705972198143
0.567269913562222
0.567480105143014
0.567690296723805
0.567900488304597
0.568110679885388
0.56832087146618
0.568531063046971
0.568741254627763
0.568951446208555
0.569161637789346
0.569371829370138
0.569582020950929
0.569792212531721
0.570002404112512
0.570212595693304
0.570422787274096
0.570632978854887
0.570843170435679
0.57105336201647
0.571263553597262
0.571473745178053
0.571683936758845
0.571894128339637
0.572104319920428
0.57231451150122
0.572524703082011
0.572734894662803
0.572945086243595
0.573155277824386
0.573365469405178
0.573575660985969
0.573785852566761
0.573996044147552
0.574206235728344
0.574416427309136
0.574626618889927
0.574836810470719
0.57504700205151
0.575257193632302
0.575467385213093
0.575677576793885
0.575887768374677
0.576097959955468
0.57630815153626
0.576518343117051
0.576728534697843
0.576938726278635
0.577148917859426
0.577359109440218
0.577569301021009
0.577779492601801
0.577989684182592
0.578199875763384
0.578410067344176
0.578620258924967
0.578830450505759
0.57904064208655
0.579250833667342
0.579461025248133
0.579671216828925
0.579881408409717
0.580091599990508
0.5803017915713
0.580511983152091
0.580722174732883
0.580932366313675
0.581142557894466
0.581352749475258
0.581562941056049
0.581773132636841
0.581983324217632
0.582193515798424
0.582403707379216
0.582613898960007
0.582824090540799
0.58303428212159
0.583244473702382
0.583454665283174
0.583664856863965
0.583875048444757
0.584085240025548
0.58429543160634
0.584505623187132
0.584715814767923
0.584926006348715
0.585136197929506
0.585346389510298
0.585556581091089
0.585766772671881
0.585976964252673
0.586187155833464
0.586397347414256
0.586607538995047
0.586817730575839
0.587027922156631
0.587238113737422
0.587448305318214
0.587658496899005
0.587868688479797
0.588078880060589
0.58828907164138
0.588499263222172
0.588709454802963
0.588919646383755
0.589129837964546
0.589340029545338
0.58955022112613
0.589760412706921
0.589970604287713
0.590180795868504
0.590390987449296
0.590601179030087
0.590811370610879
0.591021562191671
0.591231753772462
0.591441945353254
0.591652136934046
0.591862328514837
0.592072520095629
0.59228271167642
0.592492903257212
0.592703094838003
0.592913286418795
0.593123477999587
0.593333669580378
0.59354386116117
0.593754052741961
0.593964244322753
0.594174435903544
0.594384627484336
0.594594819065128
0.594805010645919
0.595015202226711
0.595225393807502
0.595435585388294
0.595645776969086
0.595855968549877
0.596066160130669
0.59627635171146
0.596486543292252
0.596696734873044
0.596906926453835
0.597117118034627
0.597327309615418
0.59753750119621
0.597747692777001
0.597957884357793
0.598168075938585
0.598378267519376
0.598588459100168
0.598798650680959
0.599008842261751
0.599219033842542
0.599429225423334
0.599639417004126
0.599849608584917
0.600059800165709
0.6002699917465
0.600480183327292
0.600690374908084
0.600900566488875
0.601110758069667
0.601320949650458
0.60153114123125
0.601741332812042
0.601951524392833
0.602161715973625
0.602371907554416
0.602582099135208
0.602792290715999
0.603002482296791
0.603212673877583
0.603422865458374
0.603633057039166
0.603843248619957
0.604053440200749
0.604263631781541
0.604473823362332
0.604684014943124
0.604894206523915
0.605104398104707
0.605314589685499
0.60552478126629
0.605734972847082
0.605945164427873
0.606155356008665
0.606365547589456
0.606575739170248
0.60678593075104
0.606996122331831
0.607206313912623
0.607416505493414
0.607626697074206
0.607836888654998
0.608047080235789
0.608257271816581
0.608467463397372
0.608677654978164
0.608887846558956
0.609098038139747
0.609308229720539
0.60951842130133
0.609728612882122
0.609938804462913
0.610148996043705
0.610359187624497
0.610569379205288
0.61077957078608
0.610989762366871
0.611199953947663
0.611410145528455
0.611620337109246
0.611830528690038
0.612040720270829
0.612250911851621
0.612461103432412
0.612671295013204
0.612881486593996
0.613091678174787
0.613301869755579
0.61351206133637
0.613722252917162
0.613932444497954
0.614142636078745
0.614352827659537
0.614563019240328
0.61477321082112
0.614983402401912
0.615193593982703
0.615403785563495
0.615613977144286
0.615824168725078
0.616034360305869
0.616244551886661
0.616454743467453
0.616664935048244
0.616875126629036
0.617085318209827
0.617295509790619
0.61750570137141
0.617715892952202
0.617926084532994
0.618136276113785
0.618346467694577
0.618556659275368
0.61876685085616
0.618977042436952
0.619187234017743
0.619397425598535
0.619607617179326
0.619817808760118
0.62002800034091
0.620238191921701
0.620448383502493
0.620658575083284
0.620868766664076
0.621078958244867
0.621289149825659
0.621499341406451
0.621709532987242
0.621919724568034
0.622129916148825
0.622340107729617
0.622550299310409
0.6227604908912
0.622970682471992
0.623180874052783
0.623391065633575
0.623601257214367
0.623811448795158
0.62402164037595
0.624231831956741
0.624442023537533
0.624652215118324
0.624862406699116
0.625072598279908
0.625282789860699
0.625492981441491
0.625703173022282
0.625913364603074
0.626123556183866
0.626333747764657
0.626543939345449
0.62675413092624
0.626964322507032
0.627174514087824
0.627384705668615
0.627594897249407
0.627805088830198
0.62801528041099
0.628225471991781
0.628435663572573
0.628645855153365
0.628856046734156
0.629066238314948
0.629276429895739
0.629486621476531
0.629696813057323
0.629907004638114
0.630117196218906
0.630327387799697
0.630537579380489
0.63074777096128
0.630957962542072
0.631168154122864
0.631378345703655
0.631588537284447
0.631798728865238
0.63200892044603
0.632219112026822
0.632429303607613
0.632639495188405
0.632849686769196
0.633059878349988
0.63327006993078
0.633480261511571
0.633690453092363
0.633900644673154
0.634110836253946
0.634321027834737
0.634531219415529
0.634741410996321
0.634951602577112
0.635161794157904
0.635371985738695
0.635582177319487
0.635792368900279
0.63600256048107
0.636212752061862
0.636422943642653
0.636633135223445
0.636843326804236
0.637053518385028
0.63726370996582
0.637473901546611
0.637684093127403
0.637894284708194
0.638104476288986
0.638314667869778
0.638524859450569
0.638735051031361
0.638945242612152
0.639155434192944
0.639365625773735
0.639575817354527
0.639786008935319
0.63999620051611
0.640206392096902
0.640416583677693
0.640626775258485
0.640836966839277
0.641047158420068
0.64125735000086
0.641467541581651
0.641677733162443
0.641887924743235
0.642098116324026
0.642308307904818
0.642518499485609
0.642728691066401
0.642938882647192
0.643149074227984
0.643359265808775
0.643569457389567
0.643779648970359
0.64398984055115
0.644200032131942
0.644410223712733
0.644620415293525
0.644830606874316
0.645040798455108
0.6452509900359
0.645461181616691
0.645671373197483
0.645881564778274
0.646091756359066
0.646301947939858
0.646512139520649
0.646722331101441
0.646932522682232
0.647142714263024
0.647352905843815
0.647563097424607
0.647773289005399
0.64798348058619
0.648193672166982
0.648403863747773
0.648614055328565
0.648824246909356
0.649034438490148
0.64924463007094
0.649454821651731
0.649665013232523
0.649875204813314
0.650085396394106
0.650295587974897
0.650505779555689
0.65071597113648
0.650926162717272
0.651136354298064
0.651346545878855
0.651556737459647
0.651766929040438
0.65197712062123
0.652187312202022
0.652397503782813
0.652607695363605
0.652817886944396
0.653028078525188
0.653238270105979
0.653448461686771
0.653658653267563
0.653868844848354
0.654079036429146
0.654289228009937
0.654499419590729
0.65470961117152
0.654919802752312
0.655129994333104
0.655340185913895
0.655550377494687
0.655760569075478
0.65597076065627
0.656180952237061
0.656391143817853
0.656601335398645
0.656811526979436
0.657021718560228
0.657231910141019
0.657442101721811
0.657652293302602
0.657862484883394
0.658072676464186
0.658282868044977
0.658493059625769
0.65870325120656
0.658913442787352
0.659123634368143
0.659333825948935
0.659544017529727
0.659754209110518
0.65996440069131
0.660174592272101
0.660384783852893
0.660594975433685
0.660805167014476
0.661015358595268
0.661225550176059
0.661435741756851
0.661645933337642
0.661856124918434
0.662066316499226
0.662276508080017
0.662486699660809
0.6626968912416
0.662907082822392
0.663117274403183
0.663327465983975
0.663537657564766
0.663747849145558
0.66395804072635
0.664168232307141
0.664378423887933
0.664588615468724
0.664798807049516
0.665008998630307
0.665219190211099
0.665429381791891
0.665639573372682
0.665849764953474
0.666059956534265
0.666270148115057
0.666480339695849
0.66669053127664
0.666900722857432
0.667110914438223
0.667321106019015
0.667531297599806
0.667741489180598
0.66795168076139
0.668161872342181
0.668372063922973
0.668582255503764
0.668792447084556
0.669002638665347
0.669212830246139
0.669423021826931
0.669633213407722
0.669843404988514
0.670053596569305
0.670263788150097
0.670473979730888
0.67068417131168
0.670894362892472
0.671104554473263
0.671314746054055
0.671524937634846
0.671735129215638
0.671945320796429
0.672155512377221
0.672365703958013
0.672575895538804
0.672786087119596
0.672996278700387
0.673206470281179
0.67341666186197
0.673626853442762
0.673837045023554
0.674047236604345
0.674257428185137
0.674467619765928
0.67467781134672
0.674888002927511
0.675098194508303
0.675308386089095
0.675518577669886
0.675728769250678
0.675938960831469
0.676149152412261
0.676359343993052
0.676569535573844
0.676779727154636
0.676989918735427
0.677200110316219
0.67741030189701
0.677620493477802
0.677830685058593
0.678040876639385
0.678251068220177
0.678461259800968
0.67867145138176
0.678881642962551
0.679091834543343
0.679302026124134
0.679512217704926
0.679722409285718
0.679932600866509
0.680142792447301
0.680352984028092
0.680563175608884
0.680773367189675
0.680983558770467
0.681193750351259
0.68140394193205
0.681614133512842
0.681824325093633
0.682034516674425
0.682244708255216
0.682454899836008
0.6826650914168
0.682875282997591
0.683085474578383
0.683295666159174
0.683505857739966
0.683716049320757
0.683926240901549
0.684136432482341
0.684346624063132
0.684556815643924
0.684767007224715
0.684977198805507
0.685187390386299
0.68539758196709
0.685607773547882
0.685817965128673
0.686028156709465
0.686238348290256
0.686448539871048
0.68665873145184
0.686868923032631
0.687079114613423
0.687289306194214
0.687499497775006
0.687709689355797
0.687919880936589
0.68813007251738
0.688340264098172
0.688550455678964
0.688760647259755
0.688970838840547
0.689181030421338
0.68939122200213
0.689601413582921
0.689811605163713
0.690021796744505
0.690231988325296
0.690442179906088
0.690652371486879
0.690862563067671
0.691072754648463
0.691282946229254
0.691493137810046
0.691703329390837
0.691913520971629
0.69212371255242
0.692333904133212
0.692544095714004
0.692754287294795
0.692964478875587
0.693174670456378
0.69338486203717
0.693595053617961
0.693805245198753
0.694015436779545
0.694225628360336
0.694435819941128
0.694646011521919
0.694856203102711
0.695066394683502
0.695276586264294
0.695486777845086
0.695696969425877
0.695907161006669
0.69611735258746
0.696327544168252
0.696537735749043
0.696747927329835
0.696958118910627
0.697168310491418
0.69737850207221
0.697588693653001
0.697798885233793
0.698009076814584
0.698219268395376
0.698429459976168
0.698639651556959
0.698849843137751
0.699060034718542
0.699270226299334
0.699480417880125
0.699690609460917
0.699900801041709
0.7001109926225
0.700321184203292
0.700531375784083
0.700741567364875
0.700951758945666
0.701161950526458
0.70137214210725
0.701582333688041
0.701792525268833
0.702002716849624
0.702212908430416
0.702423100011207
0.702633291591999
0.702843483172791
0.703053674753582
0.703263866334374
0.703474057915165
0.703684249495957
0.703894441076748
0.70410463265754
0.704314824238332
0.704525015819123
0.704735207399915
0.704945398980706
0.705155590561498
0.70536578214229
0.705575973723081
0.705786165303873
0.705996356884664
0.706206548465456
0.706416740046247
0.706626931627039
0.706837123207831
0.707047314788622
0.707257506369414
0.707467697950205
0.707677889530997
0.707888081111788
0.70809827269258
0.708308464273371
0.708518655854163
0.708728847434955
0.708939039015746
0.709149230596538
0.709359422177329
0.709569613758121
0.709779805338912
0.709989996919704
0.710200188500496
0.710410380081287
0.710620571662079
0.71083076324287
0.711040954823662
0.711251146404454
0.711461337985245
0.711671529566037
0.711881721146828
0.71209191272762
0.712302104308411
0.712512295889203
0.712722487469995
0.712932679050786
0.713142870631578
0.713353062212369
0.713563253793161
0.713773445373952
0.713983636954744
0.714193828535536
0.714404020116327
0.714614211697119
0.71482440327791
0.715034594858702
0.715244786439493
0.715454978020285
0.715665169601077
0.715875361181868
0.71608555276266
0.716295744343451
0.716505935924243
0.716716127505034
0.716926319085826
0.717136510666618
0.717346702247409
0.717556893828201
0.717767085408992
0.717977276989784
0.718187468570575
0.718397660151367
0.718607851732159
0.71881804331295
0.719028234893742
0.719238426474533
0.719448618055325
0.719658809636117
0.719869001216908
0.7200791927977
0.720289384378491
0.720499575959283
0.720709767540074
0.720919959120866
0.721130150701657
0.721340342282449
0.721550533863241
0.721760725444032
0.721970917024824
0.722181108605615
0.722391300186407
0.722601491767198
0.72281168334799
0.723021874928782
0.723232066509573
0.723442258090365
0.723652449671156
0.723862641251948
0.724072832832739
0.724283024413531
0.724493215994323
0.724703407575114
0.724913599155906
0.725123790736697
0.725333982317489
0.72554417389828
0.725754365479072
0.725964557059864
0.726174748640655
0.726384940221447
0.726595131802238
0.72680532338303
0.727015514963822
0.727225706544613
0.727435898125405
0.727646089706196
0.727856281286988
0.728066472867779
0.728276664448571
0.728486856029362
0.728697047610154
0.728907239190946
0.729117430771737
0.729327622352529
0.72953781393332
0.729748005514112
0.729958197094904
0.730168388675695
0.730378580256487
0.730588771837278
0.73079896341807
0.731009154998861
0.731219346579653
0.731429538160445
0.731639729741236
0.731849921322028
0.732060112902819
0.732270304483611
0.732480496064402
0.732690687645194
0.732900879225985
0.733111070806777
0.733321262387569
0.73353145396836
0.733741645549152
0.733951837129943
0.734162028710735
0.734372220291527
0.734582411872318
0.73479260345311
0.735002795033901
0.735212986614693
0.735423178195484
0.735633369776276
0.735843561357068
0.736053752937859
0.736263944518651
0.736474136099442
0.736684327680234
0.736894519261025
0.737104710841817
0.737314902422609
0.7375250940034
0.737735285584192
0.737945477164983
0.738155668745775
0.738365860326566
0.738576051907358
0.73878624348815
0.738996435068941
0.739206626649733
0.739416818230524
0.739627009811316
0.739837201392107
0.740047392972899
0.740257584553691
0.740467776134482
0.740677967715274
0.740888159296065
0.741098350876857
0.741308542457648
0.74151873403844
0.741728925619232
0.741939117200023
0.742149308780815
0.742359500361606
0.742569691942398
0.742779883523189
0.742990075103981
0.743200266684773
0.743410458265564
0.743620649846356
0.743830841427147
0.744041033007939
0.74425122458873
0.744461416169522
0.744671607750314
0.744881799331105
0.745091990911897
0.745302182492688
0.74551237407348
0.745722565654271
0.745932757235063
0.746142948815855
0.746353140396646
0.746563331977438
0.746773523558229
0.746983715139021
0.747193906719812
0.747404098300604
0.747614289881396
0.747824481462187
0.748034673042979
0.74824486462377
0.748455056204562
0.748665247785353
0.748875439366145
0.749085630946937
0.749295822527728
0.74950601410852
0.749716205689311
0.749926397270103
0.750136588850895
0.750346780431686
0.750556972012478
0.750767163593269
0.750977355174061
0.751187546754852
0.751397738335644
0.751607929916436
0.751818121497227
0.752028313078019
0.75223850465881
0.752448696239602
0.752658887820393
0.752869079401185
0.753079270981976
0.753289462562768
0.75349965414356
0.753709845724351
0.753920037305143
0.754130228885934
0.754340420466726
0.754550612047517
0.754760803628309
0.754970995209101
0.755181186789892
0.755391378370684
0.755601569951475
0.755811761532267
0.756021953113059
0.75623214469385
0.756442336274642
0.756652527855433
0.756862719436225
0.757072911017016
0.757283102597808
0.7574932941786
0.757703485759391
0.757913677340183
0.758123868920974
0.758334060501766
0.758544252082557
0.758754443663349
0.758964635244141
0.759174826824932
0.759385018405724
0.759595209986515
0.759805401567307
0.760015593148098
0.76022578472889
0.760435976309682
0.760646167890473
0.760856359471265
0.761066551052056
0.761276742632848
0.761486934213639
0.761697125794431
0.761907317375223
0.762117508956014
0.762327700536806
0.762537892117597
0.762748083698389
0.762958275279181
0.763168466859972
0.763378658440764
0.763588850021556
0.763799041602347
0.764009233183139
0.76421942476393
0.764429616344722
0.764639807925513
0.764849999506305
0.765060191087097
0.765270382667888
0.76548057424868
0.765690765829471
0.765900957410263
0.766111148991055
0.766321340571846
0.766531532152638
0.76674172373343
0.766951915314221
0.767162106895013
0.767372298475804
0.767582490056596
0.767792681637387
0.768002873218179
0.768213064798971
0.768423256379762
0.768633447960554
0.768843639541345
0.769053831122137
0.769264022702929
0.76947421428372
0.769684405864512
0.769894597445304
0.770104789026095
0.770314980606887
0.770525172187678
0.77073536376847
0.770945555349261
0.771155746930053
0.771365938510845
0.771576130091636
0.771786321672428
0.771996513253219
0.772206704834011
0.772416896414803
0.772627087995594
0.772837279576386
0.773047471157178
0.773257662737969
0.773467854318761
0.773678045899552
0.773888237480344
0.774098429061135
0.774308620641927
0.774518812222719
0.77472900380351
0.774939195384302
0.775149386965093
0.775359578545885
0.775569770126677
0.775779961707468
0.77599015328826
0.776200344869052
0.776410536449843
0.776620728030635
0.776830919611426
0.777041111192218
0.777251302773009
0.777461494353801
0.777671685934593
0.777881877515384
0.778092069096176
0.778302260676967
0.778512452257759
0.778722643838551
0.778932835419342
0.779143027000134
0.779353218580925
0.779563410161717
0.779773601742509
0.7799837933233
0.780193984904092
0.780404176484883
0.780614368065675
0.780824559646467
0.781034751227258
0.78124494280805
0.781455134388841
0.781665325969633
0.781875517550425
0.782085709131216
0.782295900712008
0.782506092292799
0.782716283873591
0.782926475454383
0.783136667035174
0.783346858615966
0.783557050196757
0.783767241777549
0.783977433358341
0.784187624939132
0.784397816519924
0.784608008100715
0.784818199681507
0.785028391262299
0.78523858284309
0.785448774423882
0.785658966004673
0.785869157585465
0.786079349166257
0.786289540747048
0.78649973232784
0.786709923908631
0.786920115489423
0.787130307070215
0.787340498651006
0.787550690231798
0.787760881812589
0.787971073393381
0.788181264974173
0.788391456554964
0.788601648135756
0.788811839716547
0.789022031297339
0.789232222878131
0.789442414458922
0.789652606039714
0.789862797620505
0.790072989201297
0.790283180782089
0.79049337236288
0.790703563943672
0.790913755524463
0.791123947105255
0.791334138686047
0.791544330266838
0.79175452184763
0.791964713428421
0.792174905009213
0.792385096590005
0.792595288170796
0.792805479751588
0.793015671332379
0.793225862913171
0.793436054493963
0.793646246074754
0.793856437655546
0.794066629236337
0.794276820817129
0.794487012397921
0.794697203978712
0.794907395559504
0.795117587140295
0.795327778721087
0.795537970301879
0.79574816188267
0.795958353463462
0.796168545044253
0.796378736625045
0.796588928205837
0.796799119786628
0.79700931136742
0.797219502948211
0.797429694529003
0.797639886109795
0.797850077690586
0.798060269271378
0.798270460852169
0.798480652432961
0.798690844013753
0.798901035594544
0.799111227175336
0.799321418756127
0.799531610336919
0.799741801917711
0.799951993498502
0.800162185079294
0.800372376660085
0.800582568240877
0.800792759821669
0.80100295140246
0.801213142983252
0.801423334564043
0.801633526144835
0.801843717725627
0.802053909306418
0.80226410088721
0.802474292468001
0.802684484048793
0.802894675629585
0.803104867210376
0.803315058791168
0.803525250371959
0.803735441952751
0.803945633533543
0.804155825114334
0.804366016695126
0.804576208275917
0.804786399856709
0.804996591437501
0.805206783018292
0.805416974599084
0.805627166179875
0.805837357760667
0.806047549341459
0.80625774092225
0.806467932503042
0.806678124083833
0.806888315664625
0.807098507245417
0.807308698826208
0.807518890407
0.807729081987791
0.807939273568583
0.808149465149375
0.808359656730166
0.808569848310958
0.808780039891749
0.808990231472541
0.809200423053333
0.809410614634124
0.809620806214916
0.809830997795707
0.810041189376499
0.810251380957291
0.810461572538082
0.810671764118874
0.810881955699665
0.811092147280457
0.811302338861249
0.81151253044204
0.811722722022832
0.811932913603623
0.812143105184415
0.812353296765207
0.812563488345998
0.81277367992679
0.812983871507581
0.813194063088373
0.813404254669165
0.813614446249956
0.813824637830748
0.814034829411539
0.814245020992331
0.814455212573123
0.814665404153914
0.814875595734706
0.815085787315497
0.815295978896289
0.815506170477081
0.815716362057872
0.815926553638664
0.816136745219455
0.816346936800247
0.816557128381039
0.81676731996183
0.816977511542622
0.817187703123413
0.817397894704205
0.817608086284997
0.817818277865788
0.81802846944658
0.818238661027371
0.818448852608163
0.818659044188955
0.818869235769746
0.819079427350538
0.819289618931329
0.819499810512121
0.819710002092913
0.819920193673704
0.820130385254496
0.820340576835287
0.820550768416079
0.820760959996871
0.820971151577662
0.821181343158454
0.821391534739245
0.821601726320037
0.821811917900829
0.82202210948162
0.822232301062412
0.822442492643203
0.822652684223995
0.822862875804786
0.823073067385578
0.82328325896637
0.823493450547161
0.823703642127953
0.823913833708745
0.824124025289536
0.824334216870328
0.824544408451119
0.824754600031911
0.824964791612703
0.825174983193494
0.825385174774286
0.825595366355077
0.825805557935869
0.82601574951666
0.826225941097452
0.826436132678244
0.826646324259035
0.826856515839827
0.827066707420618
0.82727689900141
0.827487090582202
0.827697282162993
0.827907473743785
0.828117665324577
0.828327856905368
0.82853804848616
0.828748240066951
0.828958431647743
0.829168623228534
0.829378814809326
0.829589006390118
0.829799197970909
0.830009389551701
0.830219581132493
0.830429772713284
0.830639964294076
0.830850155874867
0.831060347455659
0.831270539036451
0.831480730617242
0.831690922198034
0.831901113778825
0.832111305359617
0.832321496940408
0.8325316885212
0.832741880101992
0.832952071682783
0.833162263263575
0.833372454844367
0.833582646425158
0.83379283800595
0.834003029586741
0.834213221167533
0.834423412748325
0.834633604329116
0.834843795909908
0.835053987490699
0.835264179071491
0.835474370652282
0.835684562233074
0.835894753813866
0.836104945394657
0.836315136975449
0.836525328556241
0.836735520137032
0.836945711717824
0.837155903298615
0.837366094879407
0.837576286460199
0.83778647804099
0.837996669621782
0.838206861202573
0.838417052783365
0.838627244364156
0.838837435944948
0.83904762752574
0.839257819106531
0.839468010687323
0.839678202268114
0.839888393848906
0.840098585429698
0.840308777010489
0.840518968591281
0.840729160172073
0.840939351752864
0.841149543333656
0.841359734914447
0.841569926495239
0.84178011807603
0.841990309656822
0.842200501237614
0.842410692818405
0.842620884399197
0.842831075979988
0.84304126756078
0.843251459141572
0.843461650722363
0.843671842303155
0.843882033883946
0.844092225464738
0.84430241704553
0.844512608626321
0.844722800207113
0.844932991787904
0.845143183368696
0.845353374949488
0.845563566530279
0.845773758111071
0.845983949691862
0.846194141272654
0.846404332853446
0.846614524434237
0.846824716015029
0.84703490759582
0.847245099176612
0.847455290757404
0.847665482338195
0.847875673918987
0.848085865499778
0.84829605708057
0.848506248661362
0.848716440242153
0.848926631822945
0.849136823403736
0.849347014984528
0.84955720656532
0.849767398146111
0.849977589726903
0.850187781307694
0.850397972888486
0.850608164469278
0.850818356050069
0.851028547630861
0.851238739211652
0.851448930792444
0.851659122373236
0.851869313954027
0.852079505534819
0.85228969711561
0.852499888696402
0.852710080277194
0.852920271857985
0.853130463438777
0.853340655019568
0.85355084660036
0.853761038181152
0.853971229761943
0.854181421342735
0.854391612923527
0.854601804504318
0.85481199608511
0.855022187665901
0.855232379246693
0.855442570827484
0.855652762408276
0.855862953989068
0.856073145569859
0.856283337150651
0.856493528731442
0.856703720312234
0.856913911893026
0.857124103473817
0.857334295054609
0.857544486635401
0.857754678216192
0.857964869796984
0.858175061377775
0.858385252958567
0.858595444539358
0.85880563612015
0.859015827700942
0.859226019281733
0.859436210862525
0.859646402443316
0.859856594024108
0.8600667856049
0.860276977185691
0.860487168766483
0.860697360347274
0.860907551928066
0.861117743508858
0.861327935089649
0.861538126670441
0.861748318251232
0.861958509832024
0.862168701412816
0.862378892993607
0.862589084574399
0.86279927615519
0.863009467735982
0.863219659316774
0.863429850897565
0.863640042478357
0.863850234059148
0.86406042563994
0.864270617220732
0.864480808801523
0.864691000382315
0.864901191963106
0.865111383543898
0.86532157512469
0.865531766705481
0.865741958286273
0.865952149867064
0.866162341447856
0.866372533028648
0.866582724609439
0.866792916190231
0.867003107771022
0.867213299351814
0.867423490932606
0.867633682513397
0.867843874094189
0.86805406567498
0.868264257255772
0.868474448836564
0.868684640417355
0.868894831998147
0.869105023578938
0.86931521515973
0.869525406740522
0.869735598321313
0.869945789902105
0.870155981482896
0.870366173063688
0.87057636464448
0.870786556225271
0.870996747806063
0.871206939386854
0.871417130967646
0.871627322548438
0.871837514129229
0.872047705710021
0.872257897290812
0.872468088871604
0.872678280452396
0.872888472033187
0.873098663613979
0.87330885519477
0.873519046775562
0.873729238356354
0.873939429937145
0.874149621517937
0.874359813098728
0.87457000467952
0.874780196260312
0.874990387841103
0.875200579421895
0.875410771002686
0.875620962583478
0.87583115416427
0.876041345745061
0.876251537325853
0.876461728906644
0.876671920487436
0.876882112068228
0.877092303649019
0.877302495229811
0.877512686810602
0.877722878391394
0.877933069972186
0.878143261552977
0.878353453133769
0.87856364471456
0.878773836295352
0.878984027876144
0.879194219456935
0.879404411037727
0.879614602618518
0.87982479419931
0.880034985780102
0.880245177360893
0.880455368941685
0.880665560522476
0.880875752103268
0.88108594368406
0.881296135264851
0.881506326845643
0.881716518426434
0.881926710007226
0.882136901588018
0.882347093168809
0.882557284749601
0.882767476330392
0.882977667911184
0.883187859491976
0.883398051072767
0.883608242653559
0.88381843423435
0.884028625815142
0.884238817395933
0.884449008976725
0.884659200557517
0.884869392138308
0.8850795837191
0.885289775299892
0.885499966880683
0.885710158461475
0.885920350042266
0.886130541623058
0.88634073320385
0.886550924784641
0.886761116365433
0.886971307946224
0.887181499527016
0.887391691107807
0.887601882688599
0.887812074269391
0.888022265850182
0.888232457430974
0.888442649011766
0.888652840592557
0.888863032173349
0.88907322375414
0.889283415334932
0.889493606915724
0.889703798496515
0.889913990077307
0.890124181658098
0.89033437323889
0.890544564819681
0.890754756400473
0.890964947981265
0.891175139562056
0.891385331142848
0.89159552272364
0.891805714304431
0.892015905885223
0.892226097466014
0.892436289046806
0.892646480627598
0.892856672208389
0.893066863789181
0.893277055369972
0.893487246950764
0.893697438531555
0.893907630112347
0.894117821693139
0.89432801327393
0.894538204854722
0.894748396435514
0.894958588016305
0.895168779597097
0.895378971177888
0.89558916275868
0.895799354339472
0.896009545920263
0.896219737501055
0.896429929081846
0.896640120662638
0.896850312243429
0.897060503824221
0.897270695405013
0.897480886985804
0.897691078566596
0.897901270147388
0.898111461728179
0.898321653308971
0.898531844889762
0.898742036470554
0.898952228051346
0.899162419632137
0.899372611212929
0.89958280279372
0.899792994374512
0.900003185955303
0.900213377536095
0.900423569116887
0.900633760697678
0.90084395227847
0.901054143859261
0.901264335440053
0.901474527020845
0.901684718601636
0.901894910182428
0.90210510176322
0.902315293344011
0.902525484924803
0.902735676505594
0.902945868086386
0.903156059667177
0.903366251247969
0.903576442828761
0.903786634409552
0.903996825990344
0.904207017571135
0.904417209151927
0.904627400732719
0.90483759231351
0.905047783894302
0.905257975475093
0.905468167055885
0.905678358636677
0.905888550217468
0.90609874179826
0.906308933379051
0.906519124959843
0.906729316540635
0.906939508121426
0.907149699702218
0.907359891283009
0.907570082863801
0.907780274444593
0.907990466025384
0.908200657606176
0.908410849186967
0.908621040767759
0.908831232348551
0.909041423929342
0.909251615510134
0.909461807090926
0.909671998671717
0.909882190252509
0.9100923818333
0.910302573414092
0.910512764994883
0.910722956575675
0.910933148156467
0.911143339737258
0.91135353131805
0.911563722898841
0.911773914479633
0.911984106060425
0.912194297641216
0.912404489222008
0.9126146808028
0.912824872383591
0.913035063964383
0.913245255545174
0.913455447125966
0.913665638706757
0.913875830287549
0.914086021868341
0.914296213449132
0.914506405029924
0.914716596610715
0.914926788191507
0.915136979772299
0.91534717135309
0.915557362933882
0.915767554514674
0.915977746095465
0.916187937676257
0.916398129257048
0.91660832083784
0.916818512418631
0.917028703999423
0.917238895580215
0.917449087161006
0.917659278741798
0.917869470322589
0.918079661903381
0.918289853484173
0.918500045064964
0.918710236645756
0.918920428226548
0.919130619807339
0.919340811388131
0.919551002968922
0.919761194549714
0.919971386130505
0.920181577711297
0.920391769292089
0.92060196087288
0.920812152453672
0.921022344034463
0.921232535615255
0.921442727196047
0.921652918776838
0.92186311035763
0.922073301938421
0.922283493519213
0.922493685100005
0.922703876680796
0.922914068261588
0.923124259842379
0.923334451423171
0.923544643003963
0.923754834584754
0.923965026165546
0.924175217746337
0.924385409327129
0.924595600907921
0.924805792488712
0.925015984069504
0.925226175650295
0.925436367231087
0.925646558811879
0.92585675039267
0.926066941973462
0.926277133554253
0.926487325135045
0.926697516715837
0.926907708296628
0.92711789987742
0.927328091458211
0.927538283039003
0.927748474619795
0.927958666200586
0.928168857781378
0.928379049362169
0.928589240942961
0.928799432523753
0.929009624104544
0.929219815685336
0.929430007266127
0.929640198846919
0.929850390427711
0.930060582008502
0.930270773589294
0.930480965170085
0.930691156750877
0.930901348331669
0.93111153991246
0.931321731493252
0.931531923074043
0.931742114654835
0.931952306235627
0.932162497816418
0.93237268939721
0.932582880978001
0.932793072558793
0.933003264139585
0.933213455720376
0.933423647301168
0.933633838881959
0.933844030462751
0.934054222043543
0.934264413624334
0.934474605205126
0.934684796785917
0.934894988366709
0.935105179947501
0.935315371528292
0.935525563109084
0.935735754689875
0.935945946270667
0.936156137851459
0.93636632943225
0.936576521013042
0.936786712593833
0.936996904174625
0.937207095755417
0.937417287336208
0.937627478917
0.937837670497791
0.938047862078583
0.938258053659375
0.938468245240166
0.938678436820958
0.938888628401749
0.939098819982541
0.939309011563333
0.939519203144124
0.939729394724916
0.939939586305707
0.940149777886499
0.940359969467291
0.940570161048082
0.940780352628874
0.940990544209665
0.941200735790457
0.941410927371249
0.94162111895204
0.941831310532832
0.942041502113623
0.942251693694415
0.942461885275207
0.942672076855998
0.94288226843679
0.943092460017581
0.943302651598373
0.943512843179165
0.943723034759956
0.943933226340748
0.944143417921539
0.944353609502331
0.944563801083123
0.944773992663914
0.944984184244706
0.945194375825497
0.945404567406289
0.945614758987081
0.945824950567872
0.946035142148664
0.946245333729455
0.946455525310247
0.946665716891039
0.94687590847183
0.947086100052622
0.947296291633413
0.947506483214205
0.947716674794997
0.947926866375788
0.94813705795658
0.948347249537371
0.948557441118163
0.948767632698954
0.948977824279746
0.949188015860538
0.949398207441329
0.949608399022121
0.949818590602913
0.950028782183704
0.950238973764496
0.950449165345287
0.950659356926079
0.950869548506871
0.951079740087662
0.951289931668454
0.951500123249245
0.951710314830037
0.951920506410828
0.95213069799162
0.952340889572412
0.952551081153203
0.952761272733995
0.952971464314787
0.953181655895578
0.95339184747637
0.953602039057161
0.953812230637953
0.954022422218745
0.954232613799536
0.954442805380328
0.954652996961119
0.954863188541911
0.955073380122702
0.955283571703494
0.955493763284286
0.955703954865077
0.955914146445869
0.956124338026661
0.956334529607452
0.956544721188244
0.956754912769035
0.956965104349827
0.957175295930619
0.95738548751141
0.957595679092202
0.957805870672993
0.958016062253785
0.958226253834576
0.958436445415368
0.95864663699616
0.958856828576951
0.959067020157743
0.959277211738535
0.959487403319326
0.959697594900118
0.959907786480909
0.960117978061701
0.960328169642493
0.960538361223284
0.960748552804076
0.960958744384867
0.961168935965659
0.96137912754645
0.961589319127242
0.961799510708034
0.962009702288825
0.962219893869617
0.962430085450409
0.9626402770312
0.962850468611992
0.963060660192783
0.963270851773575
0.963481043354367
0.963691234935158
0.96390142651595
0.964111618096741
0.964321809677533
0.964532001258325
0.964742192839116
0.964952384419908
0.965162576000699
0.965372767581491
0.965582959162282
0.965793150743074
0.966003342323866
0.966213533904657
0.966423725485449
0.966633917066241
0.966844108647032
0.967054300227824
0.967264491808615
0.967474683389407
0.967684874970199
0.96789506655099
0.968105258131782
0.968315449712573
0.968525641293365
0.968735832874156
0.968946024454948
0.96915621603574
0.969366407616531
0.969576599197323
0.969786790778114
0.969996982358906
0.970207173939698
0.970417365520489
0.970627557101281
0.970837748682073
0.971047940262864
0.971258131843656
0.971468323424447
0.971678515005239
0.97188870658603
0.972098898166822
0.972309089747614
0.972519281328405
0.972729472909197
0.972939664489988
0.97314985607078
0.973360047651572
0.973570239232363
0.973780430813155
0.973990622393947
0.974200813974738
0.97441100555553
0.974621197136321
0.974831388717113
0.975041580297904
0.975251771878696
0.975461963459488
0.975672155040279
0.975882346621071
0.976092538201862
0.976302729782654
0.976512921363446
0.976723112944237
0.976933304525029
0.977143496105821
0.977353687686612
0.977563879267404
0.977774070848195
0.977984262428987
0.978194454009778
0.97840464559057
0.978614837171362
0.978825028752153
0.979035220332945
0.979245411913736
0.979455603494528
0.97966579507532
0.979875986656111
0.980086178236903
0.980296369817695
0.980506561398486
0.980716752979278
0.980926944560069
0.981137136140861
0.981347327721652
0.981557519302444
0.981767710883236
0.981977902464027
0.982188094044819
0.98239828562561
0.982608477206402
0.982818668787194
0.983028860367985
0.983239051948777
0.983449243529569
0.98365943511036
0.983869626691152
0.984079818271943
0.984290009852735
0.984500201433526
0.984710393014318
0.98492058459511
0.985130776175901
0.985340967756693
0.985551159337484
0.985761350918276
0.985971542499068
0.986181734079859
0.986391925660651
0.986602117241442
0.986812308822234
0.987022500403026
0.987232691983817
0.987442883564609
0.9876530751454
0.987863266726192
0.988073458306984
0.988283649887775
0.988493841468567
0.988704033049358
0.98891422463015
0.989124416210942
0.989334607791733
0.989544799372525
0.989754990953316
0.989965182534108
0.9901753741149
0.990385565695691
0.990595757276483
0.990805948857274
0.991016140438066
0.991226332018858
0.991436523599649
0.991646715180441
0.991856906761232
0.992067098342024
0.992277289922816
0.992487481503607
0.992697673084399
0.99290786466519
0.993118056245982
0.993328247826774
0.993538439407565
0.993748630988357
0.993958822569148
0.99416901414994
0.994379205730732
0.994589397311523
0.994799588892315
0.995009780473106
0.995219972053898
0.99543016363469
0.995640355215481
0.995850546796273
0.996060738377064
0.996270929957856
0.996481121538648
0.996691313119439
0.996901504700231
0.997111696281022
0.997321887861814
0.997532079442606
0.997742271023397
0.997952462604189
0.99816265418498
0.998372845765772
0.998583037346564
0.998793228927355
0.999003420508147
0.999213612088938
0.99942380366973
0.999633995250522
0.999844186831313
1.0000543784121
