0.00048828125
0.00494505541681312
0.00930457493424194
0.0135696171167185
0.0177428669068695
0.02182692033206
0.0258242878186333
0.0297373973702085
0.0335685976160623
0.0373201607353711
0.0409942852627865
0.0445930987805856
0.0481186605023531
0.0515729637529495
0.0549579383492948
0.0582754528862558
0.0615273169317638
0.0647152831350648
0.0678410492518546
0.0709062600898431
0.0739125093781533
0.0768613415638079
0.0797542535383779
0.0825926962977616
0.085378076537902
0.0881117581891455
0.0907950638917965
0.0934292764153282
0.0960156400235989
0.0985553617882987
0.101049612852775
0.103499529648275
0.105906215064561
0.108270739576765
0.110594142330257
0.112877432185248
0.115121588722752
0.117327563213455
0.119496279551005
0.121628635151132
0.123725501817971
0.125787726578894
0.127816132489103
0.129811519407171
0.131774664742695
0.133706324177133
0.135607232358905
0.137478103573738
0.139319632391227
0.141132494288544
0.14291734625217
0.144674827358492
0.146405559334091
0.148110147096493
0.14978917927612
0.151443228720173
0.153072852979118
0.154678594776446
0.15626098246232
0.157820530451731
0.15935773964774
0.160873097850351
0.162367080151565
0.163840149317116
0.165292756155392
0.166725339874001
0.168138328424446
0.169532138835342
0.170907177534588
0.172263840660906
0.173602514365118
0.174923575101553
0.176227389909913
0.17751431668797
0.178784704455398
0.180038893609068
0.181277216170112
0.18249999602304
0.183707549147199
0.184900183840836
0.186078200938034
0.187241894018762
0.188391549612286
0.18952744739417
0.190649860377083
0.191759055095647
0.192855291785497
0.193938824556791
0.195009901562327
0.196068765160479
0.1971156520731
0.19815079353859
0.199174415460279
0.200186738550279
0.20118797846897
0.202178345960256
0.20315804698274
0.204127282836945
0.205086250288724
0.206035141688974
0.206974145089788
0.207903444357145
0.208823219280274
0.209733645677784
0.210634895500665
0.211527136932279
0.212410534485421
0.213285249096547
0.214151438217274
0.215009255903222
0.215858852900294
0.216700376728472
0.217533971763213
0.218359779314515
0.219177937703723
0.219988582338166
0.220791845783665
0.221587857835008
0.222376745584427
0.223158633488166
0.223933643431181
0.224701894790032
0.225463504494035
0.226218587084717
0.226967254773624
0.227709617498541
0.228445782978168
0.229175856765301
0.22989994229856
0.230618140952707
0.231330552087606
0.232037273095859
0.23273839944915
0.233434024743353
0.234124240742428
0.234809137421145
0.235488803006672
0.236163324019055
0.236832785310632
0.237497270104406
0.238156860031406
0.238811635167073
0.239461674066687
0.240107053799883
0.240747849984255
0.241384136818106
0.242015987112335
0.242643472321518
0.243266662574179
0.243885626702296
0.244500432270045
0.245111145601821
0.24571783180954
0.246320554819257
0.246919377397108
0.247514361174603
0.248105566673284
0.248693053328762
0.249276879514162
0.249857102562981
0.25043377879138
0.251006963519926
0.251576711094799
0.252143074908472
0.252706107419898
0.253265860174185
0.253822383821809
0.254375728137353
0.254925942037789
0.255473073600323
0.256017170079813
0.256558277925761
0.257096442798905
0.257631709587413
0.258164122422685
0.258693724694795
0.259220559067551
0.259744667493207
0.260266091226834
0.260784870840342
0.261301046236182
0.261814656660726
0.262325740717336
0.262834336379128
0.263340481001442
0.263844211334025
0.26434556353293
0.264844573172145
0.265341275254955
0.265835704225046
0.26632789397735
0.266817877868653
0.267305688727957
0.267791358866607
0.268274920088192
0.268756403698226
0.269235840513607
0.26971326087187
0.270188694640226
0.270662171224411
0.271133719577329
0.271603368207508
0.272071145187373
0.272537078161329
0.273001194353674
0.273463520576336
0.27392408323644
0.274382908343712
0.274840021517723
0.275295447994976
0.275749212635836
0.276201339931316
0.276651854009717
0.277100778643119
0.277548137253744
0.277993952920174
0.27843824838344
0.278881046052986
0.2793223680125
0.279762236025625
0.280200671541553
0.280637695700495
0.281073329339045
0.281507592995419
0.281940506914603
0.282372091053375
0.282802365085238
0.283231348405242
0.28365906013471
0.284085519125866
0.284510743966369
0.284934752983754
0.285357564249778
0.285779195584688
0.286199664561389
0.286618988509536
0.287037184519546
0.287454269446515
0.287870259914075
0.288285172318159
0.288699022830698
0.289111827403238
0.289523601770497
0.289934361453833
0.290344121764662
0.290752897807795
0.291160704484717
0.291567556496795
0.29197346834843
0.292378454350142
0.292782528621597
0.293185705094573
0.293587997515872
0.293989419450173
0.294389984282828
0.294789705222607
0.295188595304393
0.295586667391814
0.295983934179839
0.296380408197314
0.296776101809453
0.297171027220282
0.297565196475037
0.297958621462516
0.298351313917385
0.29874328542244
0.299134547410835
0.299525111168254
0.299914987835056
0.300304188408369
0.300692723744155
0.301080604559225
0.301467841433232
0.301854444810609
0.302240425002488
0.302625792188572
0.303010556418981
0.303394727616054
0.303778315576132
0.304161329971296
0.304543780351078
0.304925676144144
0.305307026659944
0.305687841090329
0.306068128511144
0.306447897883791
0.306827158056764
0.307205917767152
0.307584185642125
0.307961970200386
0.308339279853595
0.30871612290778
0.309092507564709
0.309468441923247
0.309843933980684
0.310218991634046
0.310593622681376
0.310967834822997
0.311341635662753
0.311715032709226
0.312088033376935
0.312460644987514
0.312832874770867
0.313204729866305
0.313576217323666
0.313947344104411
0.314318117082706
0.314688543046485
0.315058628698489
0.315428380657299
0.315797805458341
0.316166909554877
0.316535699318987
0.316904181042523
0.317272360938054
0.317640245139795
0.318007839704523
0.318375150612466
0.318742183768197
0.319108945001495
0.319475440068205
0.319841674651074
0.320207654360583
0.320573384735758
0.320938871244975
0.321304119286741
0.321669134190477
0.32203392121728
0.322398485560669
0.322762832347333
0.323126966637852
0.323490893427416
0.323854617646532
0.324218144161717
0.32458147777618
0.3249446232305
0.325307585203284
0.325670368311823
0.326032977112732
0.326395416102588
0.326757689718549
0.327119802338969
0.327481758284006
0.327843561816215
0.328205217141135
0.328566728407872
0.328928099709663
0.329289335084443
0.329650438515395
0.330011413931497
0.33037226520806
0.330732996167257
0.331093610578648
0.331454112159689
0.331814504576248
0.332174791443098
0.332534976324416
0.332895062734266
0.333255054137083
0.33361495394814
0.333974765534022
0.334334492213082
0.334694137255897
0.335053703885715
0.335413195278898
0.335772614565358
0.336131964828988
0.336491249108086
0.336850470395776
0.337209631640418
0.337568735746021
0.337927785572643
0.338286783936791
0.338645733611813
0.339004637328287
0.339363497774402
0.33972231759634
0.340081099398646
0.340439845744601
0.340798559156584
0.341157242116432
0.3415158970658
0.341874526406506
0.342233132500886
0.342591717672131
0.342950284204633
0.343308834344314
0.343667370298962
0.344025894238557
0.344384408295598
0.34474291456542
0.345101415106512
0.345459911940832
0.345818407054118
0.346176902396191
0.346535399881261
0.346893901388227
0.347252408760974
0.347610923808667
0.34796944830604
0.348327983993689
0.34868653257835
0.349045095733186
0.349403675098065
0.349762272279837
0.350120888852606
0.350479526358002
0.35083818630545
0.351196870172436
0.35155557940477
0.351914315416845
0.3522730795919
0.352631873282271
0.352990697809649
0.35334955446533
0.353708444510461
0.354067369176294
0.354426329664425
0.354785327147038
0.355144362767147
0.355503437638836
0.355862552847492
0.356221709450041
0.356580908475182
0.356940150923618
0.357299437768283
0.357658769954572
0.358018148400562
0.358377573997243
0.358737047608731
0.359096570072497
0.359456142199577
0.359815764774799
0.360175438556988
0.360535164279189
0.360894942648871
0.361254774348145
0.361614660033969
0.361974600338359
0.362334595868591
0.362694647207411
0.363054754913235
0.363414919520354
0.363775141539134
0.364135421456213
0.364495759734706
0.364856156814394
0.365216613111928
0.365577129021018
0.365937704912627
0.366298341135169
0.366659038014691
0.367019795855073
0.367380614938209
0.367741495524199
0.368102437851536
0.368463442137289
0.368824508577291
0.369185637346321
0.369546828598286
0.369908082466404
0.370269399063385
0.370630778481611
0.370992220793313
0.37135372605075
0.371715294286386
0.372076925513068
0.372438619724199
0.372800376893911
0.373162196977242
0.373524079910309
0.373886025610475
0.374248033976524
0.374610104888831
0.374972238209532
0.375334433782689
0.375696691434461
0.376059010973271
0.376421392189972
0.376783834858012
0.377146338733599
0.377508903555866
0.377871529047034
0.378234214912575
0.378596960841373
0.378959766505886
0.379322631562307
0.379685555650723
0.380048538395278
0.380411579404324
0.380774678270586
0.38113783457132
0.381501047868461
0.381864317708789
0.38222764362408
0.38259102513126
0.382954461732559
0.38331795291567
0.383681498153895
0.384045096906302
0.384408748617873
0.384772452719659
0.385136208628931
0.385500015749324
0.385863873470993
0.386227781170761
0.386591738212262
0.386955743946096
0.387319797709972
0.387683898828853
0.388048046615108
0.388412240368651
0.388776479377093
0.389140762915877
0.389505090248433
0.38986946062631
0.39023387328933
0.390598327465721
0.390962822372264
0.391327357214431
0.391691931186529
0.392056543471839
0.392421193242751
0.392785879660912
0.393150601877356
0.393515359032648
0.393880150257016
0.394244974670494
0.394609831383054
0.394974719494743
0.39533963809582
0.395704586266887
0.396069563079028
0.396434567593941
0.396799598864068
0.397164655932735
0.397529737834275
0.397894843594169
0.39825997222917
0.398625122747438
0.398990294148669
0.399355485424222
0.399720695557253
0.40008592352284
0.400451168288111
0.400816428812375
0.401181704047245
0.401546992936766
0.401912294417541
0.402277607418858
0.402642930862812
0.40300826366443
0.403373604731799
0.403738952966181
0.404104307262146
0.404469666507684
0.404835029584336
0.405200395367308
0.405565762725595
0.405931130522102
0.406296497613761
0.406661862851651
0.407027225081118
0.40739258314189
0.407757935868197
0.408123282088887
0.408488620627541
0.408853950302592
0.409219269927437
0.409584578310553
0.40994987425561
0.410315156561587
0.410680424022882
0.411045675429427
0.411410909566798
0.411776125216328
0.412141321155217
0.412506496156641
0.412871648989862
0.413236778420341
0.413601883209838
0.413966962116531
0.414332013895114
0.414697037296907
0.415062031069963
0.415426993959176
0.415791924706378
0.416156822050453
0.416521684727434
0.416886511470611
0.417251301010628
0.417616052075592
0.41798076339117
0.418345433680691
0.418710061665248
0.419074646063793
0.419439185593244
0.419803678968576
0.420168124902923
0.420532522107675
0.420896869292573
0.421261165165808
0.421625408434115
0.421989597802867
0.422353731976173
0.422717809656966
0.423081829547102
0.42344579034745
0.423809690757983
0.424173529477871
0.424537305205571
0.424901016638918
0.425264662475214
0.425628241411315
0.425991752143724
0.426355193368673
0.426718563782215
0.427081862080306
0.427445086958896
0.427808237114009
0.428171311241831
0.428534308038792
0.428897226201651
0.429260064427578
0.429622821414236
0.429985495859862
0.430348086463348
0.430710591924323
0.431073010943231
0.431435342221409
0.431797584461166
0.432159736365863
0.432521796639987
0.43288376398923
0.433245637120562
0.433607414742308
0.433969095564222
0.434330678297564
0.434692161655166
0.435053544351513
0.435414825102808
0.43577600262705
0.436137075644099
0.436498042875749
0.436858903045797
0.437219654880113
0.437580297106705
0.437940828455791
0.438301247659863
0.438661553453753
0.439021744574701
0.439381819762419
0.439741777759155
0.440101617309757
0.440461337161737
0.440820936065333
0.44118041277357
0.441539766042323
0.441898994630377
0.442258097299487
0.442617072814437
0.442975919943099
0.443334637456493
0.443693224128841
0.444051678737627
0.444410000063652
0.44476818689109
0.445126238007542
0.445484152204093
0.445841928275364
0.446199565019563
0.446557061238544
0.446914415737851
0.447271627326776
0.447628694818406
0.447985617029674
0.44834239278141
0.448699020898388
0.449055500209373
0.449411829547174
0.449768007748684
0.450124033654934
0.450479906111131
0.45083562396671
0.451191186075376
0.451546591295146
0.451901838488395
0.4522569265219
0.452611854266879
0.452966620599034
0.453321224398593
0.453675664550351
0.454029939943705
0.454384049472701
0.454737992036066
0.455091766537251
0.455445371884465
0.455798806990713
0.456152070773835
0.456505162156538
0.456858080066433
0.457210823436071
0.457563391202973
0.457915782309668
0.458267995703725
0.458620030337784
0.458971885169587
0.459323559162014
0.459675051283107
0.460026360506106
0.460377485809476
0.460728426176936
0.461079180597489
0.461429748065447
0.461780127580462
0.462130318147551
0.462480318777124
0.462830128485005
0.463179746292464
0.463529171226237
0.463878402318552
0.464227438607154
0.464576279135325
0.464924922951908
0.465273369111331
0.465621616673627
0.465969664704453
0.466317512275115
0.466665158462586
0.467012602349525
0.467359843024296
0.467706879580987
0.46805371111943
0.468400336745216
0.468746755569712
0.469092966710079
0.46943896928929
0.469784762436139
0.470130345285265
0.470475716977159
0.470820876658184
0.471165823480583
0.471510556602497
0.471855075187979
0.472199378406998
0.472543465435462
0.472887335455219
0.473230987654077
0.473574421225807
0.473917635370159
0.474260629292867
0.474603402205663
0.474945953326279
0.475288281878463
0.475630387091981
0.475972268202628
0.476313924452232
0.476655355088662
0.476996559365838
0.477337536543728
0.477678285888363
0.478018806671834
0.478359098172301
0.478699159673997
0.47903899046723
0.479378589848386
0.479717957119935
0.48005709159043
0.48039599257451
0.480734659392904
0.481073091372429
0.481411287845995
0.4817492481526
0.482086971637337
0.482424457651387
0.482761705552024
0.483098714702611
0.4834354844726
0.483772014237531
0.484108303379027
0.484444351284795
0.484780157348622
0.485115720970374
0.485451041555987
0.485786118517471
0.4861209512729
0.486455539246409
0.486789881868192
0.487123978574495
0.48745782880761
0.487791432015869
0.488124787653642
0.488457895181324
0.488790754065335
0.489123363778111
0.489455723798093
0.489787833609725
0.490119692703442
0.490451300575667
0.490782656728795
0.491113760671191
0.491444611917178
0.49177520998703
0.492105554406957
0.492435644709104
0.49276548043153
0.493095061118209
0.493424386319012
0.493753455589696
0.494082268491897
0.494410824593116
0.494739123466709
0.495067164691871
0.495394947853629
0.495722472542827
0.496049738356112
0.496376744895926
0.496703491770485
0.497029978593774
0.497356204985529
0.497682170571221
0.498007874982049
0.498333317854918
0.498658498832429
0.498983417562864
0.499308073700169
0.499632466903942
0.499956596839413
0.500280463177433
0.500604065594457
0.500927403772526
0.501250477399253
0.501573286167807
0.501895829776895
0.502218107930743
0.502540120339086
0.502861866717145
0.503183346785611
0.503504560270628
0.503825506903776
0.504146186422052
0.504466598567854
0.504786743088959
0.50510661973851
0.505426228274992
0.505745568462218
0.506064640069308
0.50638344287067
0.506701976645981
0.50702024118017
0.507338236263394
0.507655961691023
0.507973417263617
0.508290602786911
0.508607518071789
0.508924162934267
0.509240537195474
0.50955664068163
0.509872473224023
0.510188034658996
0.510503324827919
0.51081834357717
0.511133090758117
0.511447566227094
0.511761769845381
0.512075701479181
0.512389360999602
0.512702748282633
0.513015863209123
0.51332870566476
0.513641275540048
0.513953572730287
0.514265597135549
0.514577348660656
0.514888827215162
0.515200032713323
0.515510965074085
0.51582162422105
0.516132010082465
0.516442122591189
0.516751961684679
0.517061527304962
0.517370819398615
0.517679837916741
0.517988582814945
0.518297054053314
0.518605251596393
0.518913175413159
0.519220825477001
0.519528201765697
0.519835304261389
0.520142132950562
0.520448687824017
0.520754968876851
0.521060976108432
0.521366709522377
0.521672169126527
0.521977354932923
0.522282266957784
0.522586905221483
0.522891269748522
0.523195360567511
0.523499177711141
0.523802721216162
0.524105991123359
0.524408987477531
0.52471171032746
0.525014159725894
0.525316335729521
0.525618238398943
0.525919867798656
0.526221223997022
0.526522307066249
0.526823117082362
0.527123654125185
0.527423918278313
0.527723909629087
0.528023628268576
0.528323074291546
0.528622247796439
0.528921148885351
0.529219777664004
0.529518134241726
0.529816218731422
0.530114031249556
0.530411571916122
0.530708840854622
0.531005838192043
0.53130256405883
0.531599018588868
0.531895201919448
0.532191114191255
0.532486755548334
0.532782126138071
0.53307722611117
0.533372055621626
0.533666614826703
0.533960903886909
0.534254922965973
0.534548672230822
0.534842151851555
0.53513536200142
0.535428302856794
0.535720974597152
0.536013377405049
0.536305511466097
0.536597376968935
0.536888974105212
0.537180303069561
0.537471364059575
0.537762157275783
0.53805268292163
0.538342941203448
0.538632932330438
0.538922656514644
0.539212113970929
0.539501304916954
0.539790229573153
0.540078888162712
0.540367280911542
0.540655408048259
0.540943269804161
0.541230866413204
0.541518198111979
0.541805265139689
0.542092067738127
0.542378606151654
0.542664880627171
0.542950891414105
0.54323663876438
0.543522122932394
0.543807344175
0.544092302751483
0.544376998923536
0.544661432955238
0.54494560511303
0.545229515665698
0.545513164884346
0.545796553042374
0.546079680415458
0.546362547281529
0.546645153920747
0.546927500615481
0.547209587650289
0.547491415311894
0.547772983889163
0.548054293673085
0.548335344956749
0.548616138035325
0.54889667320604
0.549176950768155
0.549456971022949
0.549736734273694
0.550016240825633
0.550295490985963
0.550574485063807
0.550853223370203
0.551131706218072
0.551409933922205
0.551687906799241
0.551965625167643
0.552243089347679
0.552520299661404
0.552797256432635
0.553073959986934
0.553350410651586
0.553626608755581
0.55390255462959
0.554178248605946
0.554453691018628
0.554728882203236
0.555003822496972
0.555278512238622
0.555552951768536
0.555827141428607
0.556101081562252
0.556374772514392
0.556648214631433
0.556921408261247
0.557194353753153
0.557467051457896
0.55773950172763
0.558011704915896
0.558283661377607
0.558555371469025
0.558826835547746
0.559098053972677
0.559369027104023
0.559639755303261
0.55991023893313
0.560180478357603
0.560450473941879
0.560720226052355
0.560989735056616
0.561259001323409
0.561528025222633
0.561796807125314
0.562065347403593
0.562333646430704
0.562601704580957
0.562869522229722
0.563137099753411
0.563404437529458
0.563671535936306
0.563938395353386
0.564205016161102
0.564471398740811
0.56473754347481
0.565003450746316
0.56526912093945
0.565534554439219
0.565799751631503
0.566064712903034
0.566329438641381
0.566593929234934
0.566858185072887
0.567122206545223
0.567385994042695
0.567649547956813
0.567912868679825
0.568175956604703
0.568438812125127
0.568701435635468
0.568963827530773
0.56922598820675
0.569487918059749
0.569749617486752
0.570011086885353
0.570272326653745
0.570533337190705
0.570794118895574
0.571054672168251
0.571314997409168
0.571575095019283
0.57183496540006
0.572094608953458
0.572354026081912
0.572613217188323
0.572872182676039
0.573130922948846
0.573389438410947
0.573647729466954
0.573905796521869
0.574163639981073
0.574421260250309
0.574678657735673
0.574935832843594
0.575192785980825
0.575449517554425
0.57570602797175
0.575962317640436
0.576218386968388
0.576474236363763
0.576729866234962
0.57698527699061
0.57724046903955
0.577495442790823
0.577750198653663
0.578004737037474
0.578259058351827
0.578513163006442
0.578767051411173
0.579020723976003
0.579274181111023
0.579527423226428
0.579780450732496
0.580033264039582
0.580285863558103
0.580538249698526
0.580790422871357
0.58104238348713
0.58129413195639
0.581545668689687
0.581796994097562
0.582048108590534
0.582299012579089
0.582549706473672
0.582800190684669
0.583050465622401
0.583300531697112
0.583550389318954
0.583800038897979
0.58404948084413
0.584298715567224
0.584547743476945
0.584796564982836
0.585045180494279
0.585293590420495
0.585541795170527
0.585789795153228
0.586037590777257
0.586285182451064
0.586532570582879
0.586779755580704
0.587026737852304
0.587273517805192
0.587520095846623
0.587766472383583
0.58801264782278
0.588258622570631
0.588504397033255
0.588749971616463
0.588995346725748
0.589240522766276
0.589485500142874
0.589730279260024
0.589974860521852
0.590219244332117
0.590463431094207
0.590707421211123
0.590951215085476
0.591194813119474
0.591438215714914
0.591681423273174
0.591924436195204
0.592167254881518
0.592409879732181
0.592652311146807
0.592894549524546
0.593136595264076
0.593378448763597
0.593620110420818
0.593861580632954
0.594102859796715
0.594343948308298
0.594584846563379
0.594825554957106
0.595066073884088
0.595306403738393
0.595546544913533
0.595786497802461
0.596026262797563
0.596265840290649
0.596505230672945
0.596744434335086
0.596983451667111
0.597222283058451
0.597460928897927
0.597699389573737
0.597937665473454
0.598175756984015
0.598413664491716
0.598651388382206
0.598888929040477
0.599126286850858
0.599363462197011
0.599600455461921
0.599837267027889
0.60007389727653
0.60031034658876
0.600546615344793
0.600782703924137
0.601018612705581
0.601254342067194
0.601489892386318
0.601725264039559
0.601960457402784
0.602195472851113
0.602430310758913
0.602664971499793
0.602899455446598
0.603133762971401
0.6033678944455
0.60360185023941
0.60383563072286
0.604069236264784
0.604302667233317
0.60453592399579
0.604769006918723
0.605001916367822
0.605234652707969
0.605467216303224
0.605699607516812
0.605931826711121
0.6061638742477
0.606395750487248
0.606627455789613
0.606858990513784
0.607090355017891
0.607321549659194
0.607552574794082
0.607783430778067
0.60801411796578
0.608244636710965
0.608474987366475
0.608705170284267
0.608935185815398
0.609165034310023
0.609394716117383
0.60962423158581
0.609853581062715
0.610082764894588
0.610311783426993
0.610540637004563
0.610769325970996
0.610997850669051
0.611226211440543
0.611454408626343
0.611682442566368
0.611910313599581
0.612138022063988
0.612365568296629
0.61259295263358
0.612820175409948
0.613047236959862
0.613274137616479
0.61350087771197
0.613727457577525
0.613953877543345
0.614180137938638
0.614406239091619
0.614632181329504
0.614857964978507
0.615083590363839
0.615309057809701
0.615534367639284
0.615759520174764
0.615984515737299
0.616209354647027
0.616434037223064
0.616658563783498
0.616882934645387
0.617107150124759
0.617331210536604
0.617555116194878
0.617778867412492
0.618002464501318
0.618225907772179
0.618449197534851
0.618672334098057
0.618895317769469
0.619118148855702
0.619340827662311
0.619563354493792
0.619785729653576
0.62000795344403
0.62023002616645
0.620451948121066
0.620673719607033
0.620895340922431
0.621116812364264
0.62133813422846
0.62155930680986
0.621780330402229
0.622001205298242
0.622221931789491
0.622442510166476
0.62266294071861
0.622883223734211
0.623103359500504
0.623323348303619
0.623543190428587
0.623762886159342
0.623982435778716
0.624201839568437
0.624421097809134
0.624640210780325
0.624859178760424
0.625078002026738
0.625296680855463
0.625515215521683
0.62573360629937
0.625951853461385
0.626169957279471
0.626387918024256
0.626605735965251
0.626823411370849
0.627040944508322
0.627258335643824
0.627475585042385
0.627692692967913
0.627909659683193
0.628126485449885
0.628343170528524
0.628559715178518
0.628776119658149
0.628992384224571
0.629208509133807
0.629424494640755
0.629640340999178
0.629856048461713
0.630071617279861
0.630287047703996
0.630502339983354
0.630717494366043
0.630932511099035
0.631147390428168
0.631362132598146
0.631576737852537
0.631791206433777
0.632005538583162
0.632219734540856
0.632433794545885
0.632647718836138
0.632861507648371
0.633075161218198
0.633288679780101
0.633502063567421
0.633715312812366
0.633928427746003
0.634141408598264
0.634354255597944
0.6345669689727
0.634779548949051
0.634991995752383
0.63520430960694
0.635416490735834
0.635628539361036
0.635840455703386
0.636052239982583
0.636263892417193
0.636475413224648
0.63668680262124
0.636898060822131
0.637109188041347
0.637320184491779
0.637531050385187
0.637741785932195
0.637952391342298
0.638162866823856
0.638373212584099
0.638583428829126
0.638793515763905
0.639003473592278
0.639213302516953
0.639423002739512
0.639632574460412
0.63984201787898
0.640051333193418
0.640260520600804
0.64046958029709
0.640678512477106
0.64088731733456
0.641095995062036
0.641304545850999
0.641512969891795
0.641721267373649
0.64192943848467
0.642137483411852
0.642345402341069
0.642553195457084
0.642760862943545
0.64296840498299
0.643175821756843
0.64338311344542
0.643590280227928
0.643797322282467
0.644004239786029
0.644211032914503
0.644417701842676
0.644624246744229
0.644830667791744
0.645036965156705
0.645243139009496
0.645449189519406
0.645655116854627
0.64586092118226
0.646066602668312
0.646272161477699
0.64647759777425
0.646682911720705
0.64688810347872
0.647093173208864
0.647298121070625
0.647502947222412
0.647707651821552
0.647912235024295
0.648116696985817
0.648321037860219
0.648525257800529
0.648729356958706
0.64893333548564
0.649137193531155
0.649340931244007
0.649544548771895
0.649748046261452
0.649951423858253
0.650154681706818
0.650357819950609
0.650560838732038
0.650763738192463
0.650966518472195
0.651169179710496
0.651371722045586
0.651574145614641
0.651776450553794
0.651978636998143
0.652180705081748
0.652382654937634
0.652584486697797
0.652786200493199
0.652987796453779
0.653189274708449
0.653390635385096
0.653591878610589
0.653793004510778
0.653994013210498
0.654194904833569
0.654395679502799
0.654596337339991
0.654796878465937
0.65499730300043
0.655197611062256
0.655397802769206
0.655597878238075
0.655797837584661
0.655997680923772
0.656197408369228
0.656397020033863
0.656596516029524
0.65679589646708
0.656995161456422
0.657194311106463
0.657393345525144
0.657592264819435
0.657791069095339
0.657989758457893
0.658188333011172
0.658386792858292
0.658585138101412
0.658783368841736
0.658981485179518
0.659179487214062
0.659377375043728
0.659575148765933
0.659772808477153
0.659970354272928
0.660167786247863
0.660365104495634
0.660562309108986
0.66075940017974
0.660956377798795
0.661153242056129
0.661349993040806
0.661546630840975
0.661743155543874
0.661939567235836
0.662135866002288
0.662332051927755
0.662528125095867
0.662724085589357
0.662919933490065
0.663115668878943
0.66331129183606
0.663506802440599
0.663702200770865
0.663897486904287
0.664092660917421
0.664287722885955
0.664482672884707
0.664677510987634
0.664872237267834
0.665066851797546
0.665261354648156
0.665455745890202
0.665650025593374
0.665844193826517
0.666038250657637
0.666232196153905
0.666426030381656
0.666619753406397
0.666813365292805
0.667006866104738
0.667200255905232
0.667393534756506
0.667586702719967
0.667779759856213
0.667972706225035
0.668165541885422
0.668358266895562
0.668550881312851
0.66874338519389
0.668935778594492
0.669128061569686
0.669320234173718
0.669512296460059
0.669704248481401
0.66989609028967
0.670087821936021
0.670279443470848
0.670470954943784
0.670662356403706
0.670853647898737
0.671044829476253
0.671235901182883
0.671426863064515
0.6716177151663
0.671808457532651
0.671999090207254
0.672189613233067
0.672380026652324
0.672570330506539
0.672760524836513
0.672950609682331
0.673140585083373
0.673330451078312
0.673520207705122
0.673709855001079
0.673899393002767
0.674088821746078
0.674278141266221
0.674467351597722
0.67465645277443
0.674845444829518
0.67503432779549
0.675223101704183
0.675411766586773
0.675600322473775
0.67578876939505
0.675977107379809
0.676165336456614
0.676353456653385
0.676541467997403
0.676729370515312
0.676917164233127
0.677104849176234
0.677292425369394
0.677479892836751
0.677667251601831
0.677854501687551
0.678041643116216
0.678228675909531
0.678415600088599
0.678602415673928
0.678789122685433
0.678975721142443
0.679162211063701
0.679348592467371
0.67953486537104
0.679721029791725
0.679907085745873
0.68009303324937
0.680278872317538
0.680464602965146
0.680650225206411
0.680835739055002
0.681021144524043
0.68120644162612
0.681391630373283
0.68157671077705
0.681761682848412
0.681946546597835
0.682131302035269
0.682315949170145
0.682500488011385
0.682684918567405
0.682869240846114
0.683053454854926
0.683237560600758
0.683421558090037
0.683605447328704
0.683789228322216
0.683972901075554
0.684156465593222
0.684339921879254
0.684523269937221
0.684706509770229
0.684889641380927
0.685072664771511
0.685255579943726
0.685438386898874
0.685621085637814
0.685803676160967
0.685986158468322
0.686168532559441
0.686350798433458
0.686532956089088
0.686715005524629
0.686896946737969
0.687078779726583
0.687260504487546
0.687442121017533
0.687623629312821
0.687805029369297
0.68798632118246
0.688167504747427
0.688348580058933
0.688529547111341
0.688710405898641
0.688891156414459
0.689071798652054
0.689252332604332
0.689432758263842
0.689613075622781
0.689793284673003
0.68997338540602
0.690153377813006
0.6903332618848
0.690513037611913
0.690692704984532
0.69087226399252
0.691051714625426
0.691231056872484
0.691410290722621
0.69158941616446
0.69176843318632
0.691947341776229
0.692126141921918
0.692304833610834
0.692483416830138
0.692661891566712
0.692840257807162
0.693018515537824
0.693196664744764
0.693374705413788
0.693552637530441
0.693730461080013
0.693908176047544
0.694085782417827
0.694263280175412
0.69444066930461
0.6946179497895
0.694795121613928
0.694972184761515
0.69514913921566
0.695325984959542
0.69550272197613
0.695679350248179
0.69585586975824
0.696032280488662
0.696208582421598
0.696384775539003
0.696560859822648
0.696736835254114
0.696912701814802
0.697088459485937
0.697264108248568
0.697439648083576
0.697615078971678
0.697790400893427
0.697965613829221
0.698140717759303
0.698315712663767
0.698490598522563
0.698665375315499
0.698840043022244
0.699014601622337
0.699189051095185
0.699363391420071
0.699537622576155
0.699711744542482
0.699885757297981
0.700059660821474
0.700233455091676
0.700407140087199
0.700580715786559
0.700754182168179
0.70092753921039
0.701100786891438
0.701273925189488
0.701446954082623
0.701619873548857
0.70179268356613
0.701965384112315
0.702137975165226
0.702310456702613
0.702482828702176
0.702655091141561
0.702827243998366
0.702999287250148
0.703171220874423
0.703343044848671
0.703514759150339
0.703686363756848
0.703857858645593
0.704029243793948
0.704200519179271
0.704371684778906
0.704542740570188
0.704713686530446
0.704884522637007
0.7050552488672
0.705225865198359
0.705396371607828
0.705566768072963
0.705737054571136
0.705907231079741
0.706077297576194
0.70624725403794
0.706417100442453
0.706586836767245
0.706756462989863
0.7069259790879
0.70709538503899
0.707264680820819
0.707433866411126
0.707602941787706
0.707771906928413
0.707940761811166
0.708109506413949
0.708278140714819
0.708446664691906
0.708615078323418
0.708783381587642
0.708951574462954
0.709119656927813
0.709287628960774
0.709455490540484
0.709623241645689
0.70979088225524
0.709958412348088
0.710125831903297
0.710293140900042
0.710460339317612
0.710627427135417
0.710794404332988
0.710961270889982
0.711128026786186
0.711294672001517
0.71146120651603
0.711627630309916
0.711793943363513
0.711960145657299
0.712126237171905
0.712292217888111
0.712458087786854
0.71262384684923
0.712789495056495
0.712955032390072
0.713120458831549
0.713285774362688
0.713450978965425
0.713616072621873
0.713781055314326
0.713945927025263
0.714110687737347
0.714275337433436
0.714439876096575
0.714604303710011
0.714768620257188
0.714932825721751
0.715096920087552
0.715260903338652
0.715424775459323
0.715588536434051
0.71575218624754
0.715915724884713
0.716079152330719
0.716242468570931
0.716405673590952
0.716568767376618
0.716731749914
0.716894621189404
0.717057381189381
0.717220029900724
0.717382567310472
0.717544993405914
0.71770730817459
0.717869511604297
0.718031603683088
0.718193584399278
0.718355453741445
0.718517211698431
0.71867885825935
0.718840393413586
0.719001817150795
0.719163129460915
0.719324330334158
0.719485419761023
0.71964639773229
0.719807264239029
0.719968019272599
0.720128662824651
0.720289194887135
0.720449615452293
0.720609924512672
0.720770122061121
0.720930208090793
0.72109018259515
0.721250045567964
0.72140979700332
0.72156943689562
0.721728965239582
0.721888382030245
0.722047687262969
0.722206880933443
0.72236596303768
0.722524933572023
0.72268379253315
0.722842539918071
0.723001175724133
0.723159699949024
0.723318112590772
0.723476413647749
0.723634603118672
0.723792681002609
0.723950647298977
0.724108502007545
0.724266245128437
0.724423876662135
0.724581396609481
0.724738804971676
0.724896101750287
0.725053286947246
0.725210360564851
0.725367322605772
0.72552417307305
0.725680911970101
0.725837539300716
0.725994055069064
0.726150459279696
0.726306751937542
0.726462933047919
0.726619002616528
0.726774960649459
0.726930807153192
0.727086542134599
0.727242165600943
0.727397677559888
0.72755307801949
0.727708366988208
0.7278635444749
0.728018610488829
0.72817356503966
0.728328408137468
0.728483139792734
0.72863776001635
0.728792268819619
0.728946666214258
0.729100952212401
0.729255126826595
0.72940919006981
0.729563141955434
0.729716982497277
0.729870711709573
0.730024329606982
0.730177836204588
0.730331231517907
0.730484515562883
0.730637688355891
0.73079074991374
0.730943700253673
0.73109653939337
0.731249267350947
0.73140188414496
0.731554389794406
0.731706784318721
0.731859067737788
0.732011240071932
0.732163301341925
0.732315251568988
0.732467090774788
0.732618818981443
0.732770436211523
0.732921942488052
0.733073337834505
0.733224622274815
0.73337579583337
0.733526858535017
0.733677810405061
0.733828651469268
0.733979381753864
0.734130001285541
0.734280510091451
0.734430908199213
0.734581195636913
0.7347313724331
0.734881438616797
0.735031394217492
0.735181239265146
0.73533097379019
0.735480597823528
0.735630111396538
0.735779514541072
0.735928807289458
0.7360779896745
0.736227061729481
0.736376023488161
0.736524874984779
0.736673616254055
0.736822247331191
0.736970768251869
0.737119179052257
0.737267479769004
0.737415670439244
0.737563751100598
0.737711721791173
0.73785958254956
0.738007333414842
0.738154974426589
0.738302505624859
0.738449927050202
0.738597238743657
0.738744440746755
0.738891533101521
0.73903851585047
0.739185389036613
0.739332152703453
0.739478806894988
0.739625351655713
0.739771787030617
0.739918113065187
0.740064329805407
0.740210437297756
0.740356435589215
0.740502324727262
0.740648104759872
0.740793775735524
0.740939337703193
0.741084790712358
0.741230134812997
0.741375370055589
0.741520496491118
0.741665514171066
0.741810423147421
0.741955223472672
0.742099915199814
0.742244498382342
0.742388973074259
0.74253333933007
0.742677597204786
0.742821746753921
0.742965788033497
0.743109721100039
0.74325354601058
0.743397262822658
0.743540871594317
0.743684372384107
0.743827765251086
0.743971050254818
0.744114227455374
0.744257296913333
0.74440025868978
0.744543112846308
0.744685859445017
0.744828498548515
0.744971030219919
0.74511345452285
0.745255771521442
0.745397981280332
0.745540083864667
0.745682079340103
0.745823967772802
0.745965749229435
0.74610742377718
0.746248991483723
0.746390452417259
0.746531806646488
0.746673054240621
0.746814195269375
0.746955229802973
0.747096157912147
0.747236979668136
0.747377695142687
0.747518304408051
0.747658807536989
0.747799204602766
0.747939495679155
0.748079680840435
0.74821976016139
0.748359733717311
0.748499601583994
0.748639363837739
0.748779020555354
0.748918571814148
0.749058017691938
0.749197358267042
0.749336593618283
0.749475723824989
0.74961474896699
0.749753669124617
0.749892484378707
0.750031194810596
0.750169800502124
0.75030830153563
0.750446697993957
0.750584989960445
0.750723177518938
0.750861260753775
0.750999239749798
0.751137114592346
0.751274885367257
0.751412552160867
0.751550115060007
0.751687574152009
0.751824929524696
0.751962181266393
0.752099329465914
0.752236374212571
0.752373315596171
0.752510153707012
0.752646888635886
0.752783520474078
0.752920049313365
0.753056475246013
0.753192798364781
0.753329018762917
0.753465136534159
0.753601151772731
0.753737064573348
0.753872875031212
0.75400858324201
0.754144189301916
0.754279693307588
0.754415095356172
0.754550395545294
0.754685593973064
0.754820690738076
0.754955685939405
0.755090579676605
0.755225372049712
0.755360063159241
0.755494653106185
0.755629141992015
0.75576352991868
0.755897816988603
0.756032003304685
0.756166088970299
0.756300074089292
0.756433958765985
0.75656774310517
0.756701427212112
0.756835011192542
0.756968495152666
0.757101879199153
0.757235163439143
0.757368347980241
0.75750143293052
0.757634418398514
0.757767304493223
0.757900091324112
0.758032779001104
0.758165367634586
0.758297857335404
0.758430248214862
0.758562540384724
0.75869473395721
0.758826829044996
0.758958825761215
0.759090724219452
0.759222524533745
0.759354226818586
0.759485831188917
0.759617337760129
0.759748746648064
0.75988005796901
0.760011271839703
0.760142388377325
0.760273407699501
0.760404329924302
0.76053515517024
0.760665883556268
0.760796515201782
0.760927050226613
0.761057488751035
0.761187830895755
0.761318076781918
0.761448226531102
0.761578280265322
0.761708238107021
0.761838100179076
0.761967866604794
0.76209753750791
0.762227113012588
0.762356593243418
0.762485978325415
0.762615268384019
0.762744463545092
0.762873563934919
0.763002569680205
0.763131480908075
0.763260297746071
0.763389020322153
0.763517648764698
0.763646183202494
0.763774623764745
0.763902970581067
0.764031223781485
0.764159383496435
0.764287449856761
0.764415422993713
0.764543303038949
0.764671090124529
0.764798784382918
0.764926385946981
0.765053894949985
0.765181311525595
0.765308635807877
0.765435867931289
0.765563008030688
0.765690056241324
0.76581701269884
0.765943877539269
0.766070650899035
0.766197332914952
0.766323923724219
0.766450423464423
0.766576832273535
0.766703150289909
0.766829377652281
0.766955514499769
0.767081560971868
0.767207517208453
0.767333383349775
0.767459159536459
0.767584845909505
0.767710442610286
0.767835949780545
0.767961367562393
0.768086696098314
0.768211935531153
0.768337086004126
0.768462147660808
0.768587120645141
0.768712005101426
0.768836801174323
0.768961509008853
0.769086128750392
0.769210660544673
0.769335104537781
0.769459460876156
0.769583729706587
0.769707911176217
0.769832005432532
0.769956012623369
0.770079932896908
0.770203766401676
0.77032751328654
0.77045117370071
0.770574747793733
0.770698235715499
0.77082163761623
0.770944953646486
0.77106818395716
0.771191328699479
0.771314388025
0.771437362085608
0.771560251033519
0.771683055021273
0.771805774201736
0.771928408728099
0.772050958753873
0.772173424432891
0.772295805919305
0.772418103367585
0.772540316932516
0.772662446769198
0.772784493033047
0.772906455879786
0.773028335465453
0.773150131946391
0.773271845479253
0.773393476220996
0.773515024328883
0.773636489960477
0.773757873273646
0.773879174426554
0.774000393577667
0.774121530885744
0.774242586509842
0.774363560609311
0.774484453343793
0.774605264873221
0.774725995357818
0.774846644958092
0.77496721383484
0.775087702149143
0.775208110062364
0.77532843773615
0.775448685332425
0.775568853013395
0.775688940941541
0.77580894927962
0.775928878190662
0.776048727837973
0.776168498385126
0.776288189995966
0.776407802834605
0.776527337065421
0.776646792853059
0.776766170362426
0.776885469758691
0.777004691207282
0.777123834873889
0.777242900924457
0.777361889525187
0.777480800842535
0.77759963504321
0.777718392294171
0.777837072762628
0.777955676616038
0.778074204022106
0.778192655148781
0.778311030164256
0.778429329236966
0.778547552535587
0.778665700229034
0.778783772486458
0.77890176947725
0.77901969137103
0.779137538337655
0.779255310547211
0.779373008170017
0.779490631376616
0.779608180337782
0.779725655224512
0.779843056208028
0.779960383459773
0.780077637151411
0.780194817454827
0.780311924542121
0.780428958585612
0.780545919757831
0.780662808231525
0.780779624179651
0.780896367775375
0.781013039192074
0.781129638603331
0.781246166182934
0.781362622104877
0.781479006543354
0.781595319672761
0.781711561667696
0.781827732702952
0.781943832953519
0.782059862594582
0.782175821801521
0.782291710749907
0.782407529615501
0.782523278574254
0.782638957802304
0.782754567475974
0.782870107771773
0.782985578866393
0.783100980936706
0.783216314159765
0.783331578712801
0.783446774773224
0.783561902518616
0.783676962126736
0.783791953775514
0.783906877643051
0.784021733907618
0.784136522747654
0.784251244341764
0.784365898868719
0.784480486507454
0.784595007437063
0.784709461836804
0.784823849886093
0.784938171764503
0.785052427651764
0.78516661772776
0.785280742172528
0.785394801166259
0.785508794889292
0.785622723522115
0.785736587245363
0.785850386239819
0.785964120686408
0.786077790766199
0.786191396660402
0.786304938550367
0.786418416617584
0.786531831043678
0.786645182010411
0.786758469699678
0.786871694293508
0.78698485597406
0.787097954923623
0.787210991324616
0.787323965359582
0.787436877211193
0.787549727062241
0.787662515095645
0.78777524149444
0.787887906441786
0.788000510120957
0.788113052715346
0.788225534408461
0.788337955383923
0.788450315825467
0.788562615916938
0.788674855842292
0.788787035785591
0.788899155931006
0.789011216462811
0.789123217565386
0.789235159423214
0.789347042220876
0.789458866143056
0.789570631374535
0.789682338100191
0.789793986504996
0.789905576774018
0.790017109092417
0.790128583645445
0.790240000618442
0.790351360196838
0.790462662566149
0.790573907911979
0.790685096420012
0.790796228276019
0.79090730366585
0.791018322775436
0.791129285790786
0.791240192897988
0.791351044283204
0.791461840132671
0.791572580632699
0.791683265969671
0.791793896330039
0.791904471900325
0.792014992867118
0.792125459417074
0.792235871736912
0.792346230013416
0.792456534433434
0.79256678518387
0.792676982451693
0.792787126423925
0.792897217287649
0.79300725523
0.793117240438169
0.7932271730994
0.793337053400986
0.793446881530271
0.79355665767465
0.793666382021561
0.793776054758492
0.793885676072973
0.793995246152577
0.794104765184921
0.794214233357662
0.794323650858493
0.79443301787515
0.794542334595403
0.794651601207056
0.794760817897948
0.794869984855953
0.794979102268971
0.795088170324938
0.795197189211813
0.795306159117587
0.795415080230274
0.795523952737913
0.795632776828567
0.795741552690322
0.795850280511283
0.795958960479574
0.79606759278334
0.79617617761074
0.79628471514995
0.79639320558916
0.796501649116571
0.796610045920399
0.796718396188868
0.796826700110211
0.79693495787267
0.797043169664493
0.797151335673932
0.797259456089245
0.79736753109869
0.797475560890529
0.797583545653022
0.797691485574428
0.797799380843004
0.797907231647004
0.798015038174675
0.798122800614259
0.79823051915399
0.798338193982093
0.798445825286783
0.798553413256262
0.798660958078723
0.798768459942341
0.798875919035278
0.798983335545679
0.79909070966167
0.799198041571362
0.79930533146284
0.799412579524171
0.7995197859434
0.799626950908545
0.799734074607601
0.799841157228535
0.799948198959288
0.80005519998777
0.800162160501861
0.800269080689411
0.800375960738236
0.800482800836119
0.800589601170805
0.800696361930007
0.800803083301396
0.800909765472606
0.801016408631232
0.801123012964825
0.801229578660895
0.801336105906907
0.801442594890282
0.801549045798395
0.801655458818571
0.801761834138089
0.801868171944177
0.801974472424011
0.802080735764715
0.802186962153359
0.80229315177696
0.802399304822476
0.80250542147681
0.802611501926804
0.802717546359243
0.802823554960849
0.802929527918283
0.803035465418142
0.803141367646958
0.803247234791198
0.803353067037262
0.80345886457148
0.803564627580115
0.803670356249358
0.803776050765328
0.803881711314071
0.80398733808156
0.804092931253691
0.804198491016283
0.80430401755508
0.804409511055742
0.804514971703855
0.804620399684917
0.804725795184348
0.804831158387483
0.80493648947957
0.805041788645774
0.80514705607117
0.805252291940744
0.805357496439396
0.80546266975193
0.805567812063061
0.80567292355741
0.805778004419503
0.80588305483377
0.805988074984544
0.806093065056061
0.806198025232456
0.806302955697765
0.806407856635922
0.806512728230756
0.806617570665996
0.806722384125261
0.806827168792067
0.806931924849822
0.807036652481823
0.807141351871259
0.807246023201207
0.807350666654633
0.807455282414387
0.807559870663206
0.807664431583711
0.807768965358405
0.807873472169674
0.807977952199784
0.80808240563088
0.808186832644985
0.808291233424
0.808395608149702
0.808499957003741
0.808604280167642
0.808708577822801
0.808812850150488
0.808917097331839
0.809021319547861
0.809125516979429
0.809229689807284
0.809333838212031
0.80943796237414
0.809542062473945
0.809646138691641
0.809750191207282
0.809854220200783
0.809958225851918
0.810062208340316
0.810166167845462
0.810270104546698
0.810374018623217
0.810477910254066
0.810581779618141
0.81068562689419
0.81078945226081
0.810893255896445
0.810997037979383
0.811100798687762
0.81120453819956
0.8113082566926
0.811411954344547
0.811515631332905
0.811619287835019
0.811722924028071
0.81182654008908
0.811930136194901
0.812033712522226
0.812137269247576
0.812240806547309
0.812344324597611
0.812447823574498
0.812551303653818
0.812654765011242
0.81275820782227
0.812861632262228
0.812965038506265
0.813068426729352
0.813171797106283
0.813275149811672
0.813378485019952
0.813481802905376
0.813585103642011
0.813688387403741
0.813791654364266
0.813894904697098
0.813998138575561
0.814101356172791
0.814204557661732
0.81430774321514
0.814410913005575
0.814514067205405
0.814617205986803
0.814720329521746
0.814823437982013
0.814926531539184
0.815029610364641
0.815132674629564
0.815235724504932
0.815338760161519
0.815441781769896
0.815544789500427
0.81564778352327
0.815750764008376
0.815853731125485
0.815956685044127
0.81605962593362
0.816162553963071
0.816265469301369
0.816368372117193
0.816471262579001
0.816574140855036
0.81667700711332
0.816779861521657
0.816882704247628
0.816985535458593
0.817088355321688
0.817191164003822
0.81729396167168
0.81739674849172
0.817499524630169
0.817602290253026
0.817705045526059
0.817807790614804
0.817910525684561
0.818013250900399
0.818115966427149
0.818218672429405
0.818321369071522
0.818424056517618
0.818526734931568
0.818629404477004
0.818732065317319
0.818834717615657
0.818937361534918
0.819039997237755
0.819142624886574
0.819245244643531
0.819347856670529
0.819450461129222
0.81955305818101
0.819655647987039
0.819758230708198
0.819860806505121
0.819963375538183
0.820065937967499
0.820168493952925
0.820271043654053
0.820373587230215
0.820476124840477
0.820578656643638
0.820681182798232
0.820783703462525
0.820886218794513
0.820988728951922
0.821091234092205
0.821193734372544
0.821296229949843
0.821398720980735
0.821501207621573
0.821603690028433
0.82170616835711
0.821808642763121
0.8219111134017
0.822013580427796
0.822116043996075
0.822218504260919
0.822320961376419
0.822423415496381
0.82252586677432
0.822628315363461
0.822730761416735
0.822833205086781
0.822935646525945
0.823038085886272
0.823140523319515
0.823242958977126
0.823345393010257
0.823447825569759
0.823550256806181
0.823652686869769
0.823755115910461
0.823857544077893
0.823959971521389
0.824062398389968
0.824164824832335
0.824267250996887
0.824369677031706
0.82447210308456
0.824574529302903
0.824676955833871
0.824779382824281
0.824881810420634
0.824984238769106
0.825086668015553
0.82518909830551
0.825291529784184
0.825393962596457
0.825496396886884
0.825598832799691
0.825701270478776
0.825803710067702
0.825906151709704
0.826008595547679
0.826111041724191
0.826213490381467
0.826315941661396
0.826418395705529
0.826520852655074
0.826623312650898
0.826725775833526
0.826828242343138
0.826930712319567
0.8270331859023
0.827135663230474
0.827238144442877
0.827340629677947
0.827443119073766
0.827545612768066
0.82764811089822
0.827750613601246
0.827853121013805
0.827955633272196
0.828058150512361
0.828160672869875
0.828263200479954
0.828365733477447
0.828468271996836
0.828570816172237
0.828673366137398
0.828775922025694
0.828878483970129
0.828981052103336
0.829083626557571
0.829186207464716
0.829288794956276
0.829391389163376
0.829493990216762
0.829596598246798
0.829699213383466
0.829801835756365
0.829904465494707
0.830007102727317
0.830109747582633
0.830212400188702
0.830315060673183
0.830417729163339
0.830520405786041
0.830623090667765
0.830725783934591
0.830828485712199
0.830931196125872
0.831033915300492
0.831136643360537
0.831239380430083
0.831342126632802
0.831444882091958
0.831547646930408
0.831650421270601
0.831753205234573
0.83185599894395
0.831958802519945
0.832061616083356
0.832164439754563
0.832267273653531
0.832370117899806
0.832472972612511
0.832575837910352
0.832678713911606
0.83278160073413
0.832884498495354
0.832987407312279
0.833090327301479
0.833193258579098
0.833296201260847
0.833399155462005
0.833502121297415
0.833605098881487
0.833708088328191
0.83381108975106
0.833914103263187
0.834017128977221
0.834120167005371
0.834223217459401
0.834326280450627
0.834429356089922
0.834532444487706
0.834635545753951
0.834738659998179
0.834841787329455
0.834944927856395
0.835048081687154
0.835151248929434
0.835254429690476
0.835357624077062
0.835460832195513
0.835564054151685
0.835667290050971
0.8357705399983
0.835873804098131
0.835977082454457
0.836080375170798
0.836183682350206
0.836287004095257
0.836390340508056
0.836493691690229
0.836597057742927
0.836700438766821
0.836803834862104
0.836907246128487
0.837010672665196
0.837114114570975
0.837217571944082
0.837321044882288
0.837424533482874
0.837528037842634
0.837631558057866
0.837735094224381
0.83783864643749
0.837942214792013
0.83804579938227
0.838149400302085
0.838253017644778
0.838356651503173
0.838460301969587
0.838563969135835
0.838667653093225
0.83877135393256
0.838875071744132
0.838978806617725
0.83908255864261
0.839186327907549
0.839290114500786
0.83939391851005
0.839497740022556
0.839601579124997
0.839705435903548
0.839809310443864
0.839913202831075
0.840017113149788
0.840121041484085
0.840224987917521
0.840328952533124
0.840432935413389
0.840536936640284
0.840640956295243
0.840744994459164
0.840849051212413
0.840953126634819
0.841057220805671
0.84116133380372
0.841265465707177
0.841369616593709
0.841473786540441
0.841577975623952
0.841682183920276
0.841786411504897
0.841890658452752
0.841994924838226
0.842099210735155
0.842203516216818
0.842307841355943
0.842412186224698
0.842516550894698
0.842620935436996
0.842725339922086
0.842829764419901
0.842934208999812
0.843038673730623
0.843143158680576
0.843247663917343
0.84335218950803
0.843456735519173
0.843561302016736
0.843665889066112
0.843770496732119
0.843875125079003
0.84397977417043
0.844084444069491
0.844189134838697
0.844293846539979
0.844398579234687
0.844503332983587
0.844608107846861
0.844712903884107
0.844817721154334
0.844922559715964
0.84502741962683
0.845132300944172
0.845237203724642
0.845342128024295
0.845447073898592
0.8455520414024
0.845657030589986
0.845762041515021
0.845867074230576
0.845972128789118
0.846077205242516
0.846182303642032
0.846287424038325
0.846392566481447
0.846497731020843
0.84660291770535
0.846708126583193
0.84681335770199
0.846918611108742
0.847023886849839
0.847129184971055
0.847234505517551
0.847339848533866
0.847445214063925
0.84755060215103
0.847656012837863
0.847761446166486
0.847866902178334
0.847972380914222
0.848077882414336
0.848183406718235
0.848288953864852
0.848394523892489
0.84850011683882
0.848605732740884
0.848711371635091
0.848817033557214
0.848922718542393
0.849028426625131
0.849134157839295
0.84923991221811
0.849345689794166
0.84945149059941
0.849557314665147
0.84966316202204
0.849769032700107
0.849874926728722
0.849980844136612
0.850086784951858
0.85019274920189
0.850298736913491
0.850404748112793
0.850510782825275
0.850616841075766
0.850722922888439
0.850829028286813
0.850935157293751
0.85104130993146
0.851147486221489
0.851253686184727
0.851359909841404
0.85146615721109
0.851572428312691
0.851678723164452
0.851785041783953
0.85189138418811
0.851997750393173
0.852104140414725
0.852210554267682
0.852316991966289
0.852423453524124
0.852529938954094
0.852636448268434
0.852742981478706
0.852849538595799
0.852956119629929
0.853062724590635
0.853169353486782
0.853276006326555
0.853382683117466
0.853489383866344
0.853596108579339
0.853702857261924
0.853809629918886
0.853916426554335
0.854023247171693
0.854130091773702
0.854236960362418
0.854343852939213
0.85445076950477
0.854557710059088
0.854664674601477
0.85477166313056
0.854878675644267
0.854985712139843
0.855092772613838
0.855199857062114
0.855306965479838
0.855414097861487
0.85552125420084
0.855628434490987
0.855735638724319
0.855842866892533
0.85595011898663
0.856057394996912
0.856164694912986
0.856272018723759
0.856379366417439
0.856486737981534
0.856594133402854
0.856701552667507
0.856808995760898
0.856916462667732
0.857023953372011
0.857131467857033
0.857239006105394
0.857346568098984
0.857454153818989
0.857561763245889
0.857669396359461
0.857777053138771
0.857884733562181
0.857992437607347
0.858100165251214
0.85820791647002
0.858315691239296
0.858423489533861
0.858531311327827
0.858639156594593
0.858747025306851
0.858854917436579
0.858962832955046
0.85907077183281
0.859178734039713
0.859286719544889
0.859394728316757
0.859502760323025
0.859610815530684
0.859718893906016
0.859826995414585
0.859935120021243
0.860043267690128
0.86015143838466
0.860259632067548
0.860367848700783
0.860476088245641
0.860584350662683
0.860692635911754
0.860800943951981
0.860909274741778
0.86101762823884
0.861126004400146
0.861234403181957
0.86134282453982
0.861451268428562
0.861559734802295
0.861668223614411
0.861776734817588
0.861885268363784
0.861993824204241
0.862102402289482
0.862211002569313
0.862319624992824
0.862428269508384
0.862536936063649
0.862645624605552
0.862754335080313
0.862863067433431
0.862971821609691
0.863080597553157
0.863189395207178
0.863298214514385
0.863407055416692
0.863515917855296
0.863624801770677
0.863733707102597
0.863842633790104
0.863951581771527
0.864060550984481
0.864169541365863
0.864278552851856
0.864387585377925
0.864496638878822
0.864605713288583
0.864714808540528
0.864823924567265
0.864933061300685
0.865042218671967
0.865151396611575
0.865260595049261
0.865369813914062
0.865479053134305
0.865588312637603
0.865697592350858
0.865806892200259
0.865916212111287
0.866025552008709
0.866134911816585
0.866244291458263
0.866353690856382
0.866463109932875
0.866572548608963
0.866682006805162
0.86679148444128
0.866900981436419
0.867010497708973
0.867120033176634
0.867229587756385
0.867339161364509
0.867448753916582
0.867558365327479
0.867667995511372
0.867777644381731
0.867887311851327
0.867996997832227
0.868106702235802
0.868216424972723
0.868326165952963
0.868435925085796
0.868545702279802
0.868655497442864
0.86876531048217
0.868875141304215
0.868984989814798
0.869094855919029
0.869204739521323
0.869314640525407
0.869424558834318
0.869534494350401
0.869644446975317
0.869754416610037
0.869864403154848
0.869974406509351
0.870084426572462
0.870194463242416
0.870304516416763
0.870414585992375
0.870524671865441
0.870634773931475
0.870744892085308
0.870855026221098
0.870965176232326
0.871075342011799
0.87118552345165
0.871295720443339
0.871405932877658
0.871516160644725
0.871626403633992
0.871736661734242
0.871846934833595
0.871957222819501
0.87206752557875
0.872177842997469
0.872288174961122
0.872398521354516
0.872508882061797
0.872619256966456
0.872729645951326
0.872840048898588
0.872950465689767
0.87306089620574
0.873171340326731
0.873281797932317
0.873392268901427
0.873502753112343
0.873613250442706
0.873723760769511
0.873834283969113
0.873944819917227
0.874055368488931
0.874165929558664
0.874276503000232
0.874387088686807
0.87449768649093
0.874608296284509
0.874718917938827
0.874829551324538
0.874940196311672
0.875050852769634
0.875161520567208
0.875272199572559
0.875382889653232
0.875493590676157
0.875604302507648
0.875715025013406
0.875825758058521
0.875936501507475
0.876047255224142
0.876158019071788
0.876268792913077
0.876379576610073
0.876490370024236
0.876601173016432
0.876711985446926
0.876822807175394
0.876933638060917
0.877044477961985
0.877155326736502
0.877266184241783
0.877377050334562
0.877487924870989
0.877598807706633
0.877709698696487
0.877820597694966
0.877931504555912
0.878042419132596
0.878153341277719
0.878264270843414
0.878375207681248
0.878486151642227
0.878597102576795
0.878708060334837
0.878819024765681
0.878929995718102
0.879040973040322
0.879151956580015
0.879262946184305
0.879373941699773
0.879484942972456
0.879595949847851
0.879706962170917
0.879817979786077
0.87992900253722
0.880040030267705
0.880151062820362
0.880262100037495
0.880373141760885
0.880484187831789
0.880595238090948
0.880706292378585
0.880817350534411
0.880928412397624
0.881039477806913
0.881150546600462
0.88126161861595
0.881372693690557
0.881483771660961
0.881594852363347
0.881705935633406
0.881817021306337
0.881928109216852
0.882039199199177
0.882150291087056
0.882261384713751
0.88237247991205
0.882483576514263
0.88259467435223
0.88270577325732
0.882816873060437
0.88292797359202
0.883039074682049
0.883150176160044
0.88326127785507
0.883372379595739
0.883483481210216
0.883594582526215
0.883705683371009
0.883816783571428
0.883927882953865
0.884038981344278
0.88415007856819
0.884261174450697
0.884372268816468
0.884483361489746
0.884594452294357
0.884705541053707
0.884816627590786
0.884927711728176
0.885038793288046
0.885149872092163
0.885260947961888
0.885372020718185
0.88548309018162
0.885594156172365
0.885705218510204
0.88581627701453
0.885927331504356
0.886038381798309
0.886149427714642
0.886260469071231
0.886371505685582
0.88648253737483
0.886593563955747
0.886704585244741
0.886815601057863
0.886926611210805
0.887037615518911
0.887148613797171
0.887259605860231
0.887370591522395
0.887481570597626
0.887592542899552
0.887703508241466
0.887814466436333
0.88792541729679
0.888036360635153
0.888147296263417
0.888258223993259
0.888369143636045
0.888480055002832
0.888590957904367
0.888701852151097
0.888812737553168
0.888923613920432
0.889034481062443
0.889145338788472
0.889256186907499
0.889367025228223
0.889477853559064
0.889588671708167
0.889699479483403
0.889810276692376
0.889921063142423
0.89003183864062
0.890142602993785
0.89025335600848
0.890364097491016
0.890474827247457
0.890585545083622
0.890696250805088
0.890806944217197
0.890917625125056
0.891028293333542
0.891138948647306
0.891249590870774
0.891360219808154
0.891470835263439
0.891581437040407
0.89169202494263
0.891802598773474
0.891913158336102
0.892023703433481
0.892134233868384
0.89224474944339
0.892355249960896
0.892465735223111
0.892576205032068
0.892686659189621
0.892797097497452
0.892907519757077
0.893017925769844
0.893128315336941
0.893238688259397
0.893349044338087
0.893459383373739
0.893569705166929
0.893680009518095
0.893790296227531
0.8939005650954
0.89401081592173
0.894121048506423
0.894231262649254
0.894341458149881
0.89445163480784
0.89456179242256
0.894671930793355
0.894782049719437
0.894892148999913
0.895002228433795
0.895112287819998
0.895222326957348
0.895332345644582
0.895442343680355
0.895552320863244
0.895662276991748
0.895772211864294
0.895882125279244
0.895992017034892
0.896101886929473
0.896211734761166
0.896321560328095
0.896431363428337
0.896541143859922
0.896650901420839
0.896760635909038
0.896870347122438
0.896980034858923
0.897089698916354
0.897199339092569
0.897308955185386
0.897418546992609
0.897528114312029
0.897637656941431
0.897747174678595
0.897856667321303
0.897966134667339
0.898075576514495
0.898184992660576
0.8982943829034
0.898403747040806
0.898513084870654
0.898622396190832
0.898731680799257
0.898840938493883
0.8989501690727
0.899059372333739
0.899168548075078
0.899277696094844
0.899386816191218
0.899495908162436
0.899604971806796
0.899714006922662
0.899823013308463
0.899931990762702
0.900040939083958
0.90014985807089
0.900258747522239
0.900367607236833
0.900476437013593
0.900585236651533
0.900694005949765
0.900802744707506
0.900911452724076
0.901020129798905
0.901128775731538
0.901237390321637
0.901345973368983
0.901454524673483
0.901563044035174
0.901671531254222
0.90177998613093
0.901888408465742
0.901996798059244
0.902105154712169
0.9022134782254
0.902321768399976
0.902430025037093
0.902538247938108
0.902646436904546
0.902754591738099
0.902862712240632
0.902970798214187
0.903078849460986
0.903186865783435
0.903294846984126
0.903402792865843
0.903510703231566
0.903618577884472
0.903726416627939
0.903834219265552
0.903941985601106
0.904049715438605
0.904157408582275
0.904265064836557
0.904372684006117
0.90448026589585
0.904587810310879
0.904695317056563
0.904802785938498
0.904910216762522
0.905017609334717
0.905124963461413
0.905232278949194
0.905339555604897
0.905446793235619
0.90555399164872
0.905661150651825
0.905768270052829
0.905875349659899
0.905982389281478
0.906089388726292
0.906196347803345
0.906303266321931
0.906410144091634
0.90651698092233
0.906623776624193
0.906730531007697
0.906837243883618
0.906943915063042
0.907050544357364
0.90715713157829
0.907263676537848
0.907370179048382
0.907476638922562
0.907583055973386
0.907689430014178
0.907795760858599
0.907902048320648
0.90800829221466
0.908114492355317
0.908220648557645
0.908326760637022
0.908432828409178
0.908538851690198
0.908644830296529
0.908750764044979
0.908856652752723
0.908962496237302
0.909068294316633
0.909174046809006
0.90927975353309
0.909385414307935
0.909491028952976
0.909596597288035
0.909702119133325
0.909807594309454
0.909913022637425
0.910018403938642
0.910123738034912
0.910229024748446
0.910334263901866
0.910439455318205
0.910544598820911
0.910649694233849
0.910754741381307
0.910859740087993
0.910964690179044
0.911069591480027
0.911174443816939
0.911279247016213
0.911384000904722
0.911488705309776
0.911593360059133
0.911697964980994
0.911802519904012
0.911907024657289
0.912011479070385
0.912115882973315
0.912220236196557
0.912324538571049
0.912428789928196
0.912532990099873
0.912637138918424
0.912741236216667
0.912845281827898
0.912949275585889
0.913053217324898
0.913157106879663
0.91326094408541
0.913364728777857
0.91346846079321
0.913572139968172
0.913675766139943
0.91377933914622
0.913882858825205
0.913986325015602
0.914089737556624
0.914193096287992
0.914296401049938
0.91439965168321
0.914502848029071
0.914605989929304
0.914709077226212
0.914812109762622
0.914915087381888
0.915018009927891
0.915120877245042
0.915223689178286
0.915326445573102
0.915429146275507
0.915531791132056
0.915634379989847
0.915736912696521
0.915839389100266
0.915941809049816
0.916044172394459
0.91614647898403
0.916248728668923
0.916350921300086
0.916453056729027
0.916555134807813
0.916657155389074
0.916759118326007
0.916861023472372
0.916962870682499
0.91706465981129
0.917166390714217
0.917268063247327
0.917369677267245
0.917471232631171
0.917572729196888
0.917674166822759
0.917775545367731
0.917876864691336
0.917978124653694
0.918079325115513
0.918180465938093
0.918281546983326
0.918382568113696
0.918483529192286
0.918584430082776
0.918685270649442
0.918786050757164
0.918886770271423
0.918987429058306
0.919088026984502
0.919188563917309
0.919289039724634
0.919389454274995
0.919489807437519
0.919590099081948
0.919690329078639
0.919790497298563
0.91989060361331
0.919990647895089
0.920090630016729
0.92019054985168
0.920290407274016
0.920390202158434
0.920489934380258
0.920589603815437
0.920689210340551
0.920788753832807
0.920888234170044
0.920987651230732
0.921087004893974
0.921186295039507
0.921285521547706
0.921384684299579
0.921483783176773
0.921582818061574
0.921681788836909
0.921780695386342
0.921879537594082
0.921978315344982
0.922077028524535
0.922175677018882
0.922274260714809
0.922372779499747
0.922471233261779
0.922569621889631
0.922667945272683
0.922766203300964
0.922864395865153
0.922962522856583
0.923060584167237
0.923158579689754
0.923256509317427
0.923354372944204
0.923452170464687
0.923549901774137
0.923647566768472
0.923745165344266
0.923842697398754
0.923940162829827
0.924037561536039
0.924134893416602
0.924232158371391
0.92432935630094
0.924426487106447
0.924523550689772
0.924620546953437
0.92471747580063
0.924814337135199
0.92491113086166
0.925007856885192
0.92510451511164
0.925201105447513
0.925297627799988
0.925394082076907
0.925490468186779
0.925586786038779
0.92568303554275
0.925779216609203
0.925875329149314
0.925971373074931
0.926067348298566
0.926163254733401
0.926259092293288
0.926354860892744
0.926450560446958
0.926546190871787
0.926641752083755
0.926737244000056
0.926832666538555
0.926928019617783
0.927023303156942
0.927118517075903
0.927213661295205
0.927308735736056
0.927403740320335
0.927498674970586
0.927593539610026
0.927688334162538
0.927783058552674
0.927877712705655
0.927972296547369
0.928066810004373
0.928161253003892
0.928255625473818
0.928349927342709
0.928444158539793
0.928538318994962
0.928632408638776
0.928726427402462
0.928820375217909
0.928914252017676
0.929008057734985
0.929101792303721
0.929195455658437
0.929289047734347
0.92938256846733
0.929476017793927
0.929569395651341
0.929662701977438
0.929755936710747
0.929849099790454
0.929942191156409
0.930035210749119
0.930128158509752
0.930221034380135
0.930313838302752
0.930406570220744
0.930499230077911
0.930591817818705
0.930684333388237
0.930776776732272
0.930869147797228
0.930961446530175
0.93105367287884
0.931145826791597
0.931237908217472
0.931329917106143
0.931421853407936
0.931513717073824
0.931605508055431
0.931697226305024
0.931788871775518
0.931880444420472
0.931971944194091
0.932063371051219
0.932154724947346
0.932246005838602
0.932337213681756
0.932428348434217
0.932519410054032
0.932610398499885
0.932701313731097
0.932792155707622
0.93288292439005
0.932973619739603
0.933064241718134
0.933154790288128
0.933245265412697
0.933335667055584
0.933425995181158
0.933516249754413
0.933606430740969
0.933696538107069
0.933786571819579
0.933876531845984
0.933966418154391
0.934056230713524
0.934145969492725
0.934235634461951
0.934325225591775
0.934414742853382
0.934504186218569
0.934593555659744
0.934682851149923
0.934772072662731
0.934861220172399
0.934950293653763
0.935039293082262
0.935128218433937
0.935217069685429
0.935305846813981
0.935394549797429
0.935483178614209
0.93557173324335
0.935660213664474
0.935748619857794
0.935836951804115
0.935925209484827
0.93601339288191
0.936101501977927
0.936189536756026
0.936277497199936
0.936365383293967
0.936453195023008
0.936540932372523
0.936628595328553
0.936716183877712
0.936803698007187
0.936891137704734
0.936978502958679
0.937065793757912
0.93715301009189
0.937240151950634
0.937327219324725
0.937414212205304
0.937501130584071
0.937587974453279
0.937674743805739
0.937761438634813
0.937848058934413
0.937934604699
0.938021075923582
0.938107472603713
0.938193794735488
0.938280042315546
0.938366215341062
0.938452313809751
0.938538337719862
0.938624287070178
0.938710161860015
0.938795962089215
0.938881687758151
0.93896733886772
0.939052915419343
0.939138417414962
0.939223844857041
0.939309197748558
0.939394476093009
0.939479679894402
0.939564809157258
0.939649863886607
0.939734844087984
0.939819749767433
0.939904580931498
0.939989337587225
0.94007401974216
0.940158627404344
0.940243160582312
0.940327619285095
0.940412003522211
0.940496313303667
0.940580548639957
0.940664709542057
0.940748796021427
0.940832808090003
0.940916745760202
0.941000609044913
0.9410843979575
0.941168112511796
0.941251752722103
0.941335318603189
0.941418810170284
0.941502227439083
0.941585570425738
0.941668839146858
0.941752033619507
0.941835153861202
0.941918199889908
0.942001171724041
0.942084069382459
0.942166892884466
0.942249642249805
0.942332317498659
0.942414918651644
0.942497445729813
0.94257989875465
0.942662277748066
0.9427445827324
0.942826813730414
0.942908970765295
0.942991053860646
0.943073063040488
0.943154998329258
0.943236859751803
0.943318647333382
0.943400361099659
0.943482001076705
0.943563567290993
0.943645059769395
0.943726478539181
0.943807823628017
0.94388909506396
0.94397029287546
0.944051417091351
0.944132467740856
0.944213444853577
0.944294348459498
0.944375178588981
0.944455935272764
0.944536618541955
0.944617228428036
0.944697764962852
0.944778228178616
0.944858618107905
0.944938934783652
0.945019178239152
0.945099348508051
0.94517944562435
0.9452594696224
0.945339420536897
0.945419298402883
0.945499103255744
0.945578835131203
0.945658494065321
0.945738080094494
0.945817593255449
0.945897033585243
0.945976401121259
0.946055695901205
0.946134917963109
0.94621406734532
0.946293144086502
0.946372148225632
0.946451079802
0.946529938855203
0.946608725425143
0.946687439552029
0.946766081276365
0.946844650638959
0.946923147680908
0.947001572443608
0.94707992496874
0.947158205298275
0.947236413474468
0.947314549539856
0.947392613537257
0.947470605509762
0.947548525500742
0.947626373553833
0.947704149712944
0.94778185402225
0.947859486526188
0.947937047269457
0.948014536297012
0.948091953654067
0.948169299386087
0.948246573538786
0.948323776158128
0.948400907290319
0.948477966981809
0.948554955279288
0.948631872229681
0.948708717880149
0.948785492278082
0.9488621954711
0.94893882750705
0.949015388434001
0.949091878300243
0.949168297154284
0.949244645044847
0.949320922020868
0.949397128131494
0.949473263426077
0.949549327954174
0.949625321765545
0.949701244910148
0.949777097438138
0.949852879399863
0.949928590845864
0.950004231826867
0.950079802393787
0.95015530259772
0.950230732489942
0.950306092121908
0.950381381545247
0.950456600811761
0.950531749973419
0.950606829082359
0.950681838190883
0.950756777351454
0.950831646616693
0.950906446039378
0.950981175672439
0.951055835568958
0.951130425782164
0.951204946365432
0.951279397372279
0.95135377885636
0.951428090871472
0.95150233347154
0.951576506710627
0.951650610642921
0.951724645322737
0.951798610804516
0.951872507142816
0.951946334392318
0.952020092607814
0.952093781844213
0.952167402156532
0.952240953599896
0.952314436229536
0.952387850100783
0.95246119526907
0.952534471789927
0.952607679718975
0.95268081911193
0.952753890024596
0.952826892512863
0.952899826632704
0.952972692440175
0.953045489991408
0.953118219342613
0.95319088055007
0.953263473670133
0.95333599875922
0.953408455873817
0.953480845070472
0.953553166405791
0.953625419936439
0.953697605719135
0.953769723810649
0.953841774267803
0.953913757147462
0.953985672506538
0.954057520401983
0.954129300890789
0.954201014029982
0.954272659876625
0.954344238487808
0.954415749920653
0.954487194232305
0.954558571479935
0.954629881720732
0.954701125011905
0.954772301410678
0.954843410974286
0.954914453759978
0.954985429825008
0.955056339226635
0.955127182022122
0.955197958268732
0.955268668023725
0.955339311344356
0.955409888287872
0.955480398911511
0.955550843272497
0.955621221428041
0.955691533435333
0.955761779351545
0.955831959233826
0.9559020731393
0.955972121125062
0.956042103248178
0.95611201956568
0.956181870134565
0.956251655011794
0.956321374254285
0.956391027918915
0.956460616062516
0.95653013874187
0.956599596013711
0.95666898793472
0.956738314561523
0.956807575950689
0.956876772158724
0.956945903242076
0.957014969257125
0.957083970260185
0.957152906307499
0.957221777455241
0.957290583759506
0.957359325276317
0.957428002061613
0.957496614171255
0.957565161661017
0.957633644586589
0.95770206300357
0.957770416967469
0.957838706533701
0.957906931757587
0.957975092694345
0.958043189399097
0.958111221926861
0.958179190332547
0.958247094670961
0.958314934996796
0.958382711364635
0.958450423828945
0.958518072444077
0.958585657264263
0.958653178343612
0.958720635736111
0.958788029495621
0.958855359675872
0.958922626330468
0.958989829512877
0.959056969276432
0.959124045674331
0.95919105875963
0.959258008585245
0.959324895203948
0.959391718668363
0.959458479030969
0.959525176344093
0.959591810659907
0.959658382030432
0.959724890507529
0.959791336142902
0.959857718988093
0.95992403909448
0.959990296513276
0.960056491295526
0.960122623492105
0.960188693153716
0.96025470033089
0.960320645073979
0.960386527433157
0.960452347458421
0.960518105199582
0.960583800706269
0.960649434027922
0.960715005213795
0.960780514312951
0.96084596137426
0.960911346446397
0.96097666957784
0.961041930816872
0.96110713021157
0.961172267809813
0.961237343659274
0.961302357807419
0.961367310301505
0.961432201188582
0.961497030515484
0.961561798328832
0.961626504675032
0.961691149600271
0.961755733150516
0.961820255371514
0.961884716308785
0.961949116007628
0.96201345451311
0.962077731870073
0.962141948123124
0.962206103316641
0.962270197494764
0.9623342307014
0.962398202980215
0.962462114374636
0.962525964927849
0.962589754682794
0.962653483682169
0.962717151968424
0.962780759583758
0.962844306570123
0.962907792969216
0.962971218822483
0.963034584171111
0.963097889056033
0.963161133517922
0.96322431759719
0.963287441333987
0.963350504768202
0.963413507939453
0.963476450887097
0.963539333650219
0.963602156267635
0.963664918777889
0.963727621219253
0.963790263629722
0.963852846047016
0.963915368508578
0.963977831051571
0.964040233712877
0.964102576529096
0.964164859536544
0.964227082771252
0.964289246268964
0.964351350065138
0.964413394194941
0.964475378693247
0.964537303594642
0.964599168933416
0.964660974743564
0.964722721058785
0.964784407912481
0.964846035337754
0.964907603367407
0.964969112033939
0.96503056136955
0.965091951406131
0.965153282175273
0.965214553708256
0.965275766036055
0.965336919189333
0.965398013198446
0.965459048093438
0.965520023904037
0.965580940659661
0.965641798389413
0.965702597122077
0.965763336886123
0.965824017709701
0.965884639620643
0.965945202646458
0.966005706814337
0.966066152151146
0.966126538683429
0.966186866437404
0.966247135438966
0.966307345713681
0.966367497286788
0.966427590183198
0.966487624427494
0.966547600043928
0.966607517056418
0.966667375488555
0.966727175363593
0.966786916704455
0.966846599533727
0.966906223873662
0.966965789746176
0.967025297172846
0.967084746174914
0.967144136773284
0.967203468988516
0.967262742840836
0.967321958350126
0.967381115535926
0.967440214417437
0.967499255013515
0.967558237342672
0.967617161423079
0.96767602727256
0.967734834908594
0.967793584348316
0.967852275608514
0.967910908705627
0.96796948365575
0.968028000474629
0.96808645917766
0.968144859779894
0.968203202296029
0.968261486740414
0.968319713127052
0.968377881469589
0.968435991781327
0.968494044075212
0.968552038363839
0.968609974659455
0.96866785297395
0.968725673318864
0.968783435705386
0.968841140144348
0.968898786646233
0.968956375221168
0.969013905878928
0.969071378628934
0.969128793480252
0.969186150441596
0.969243449521324
0.969300690727442
0.9693578740676
0.969414999549094
0.969472067178867
0.969529076963507
0.969586028909247
0.969642923021967
0.969699759307191
0.969756537770091
0.969813258415484
0.969869921247833
0.969926526271246
0.96998307348948
0.970039562905937
0.970095994523666
0.970152368345362
0.970208684373369
0.970264942609677
0.970321143055923
0.970377285713395
0.970433370583026
0.9704893976654
0.970545366960748
0.970601278468953
0.970657132189545
0.970712928121706
0.970768666264268
0.970824346615714
0.970879969174181
0.970935533937453
0.970991040902973
0.971046490067831
0.971101881428776
0.971157214982208
0.971212490724184
0.971267708650416
0.971322868756272
0.971377971036777
0.971433015486614
0.971488002100126
0.971542930871312
0.971597801793834
0.971652614861013
0.971707370065832
0.971762067400937
0.971816706858637
0.971871288430906
0.971925812109382
0.971980277885369
0.97203468574984
0.972089035693433
0.972143327706458
0.972197561778893
0.972251737900389
0.972305856060268
0.972359916247524
0.97241391845083
0.972467862658529
0.972521748858644
0.972575577038876
0.972629347186604
0.972683059288888
0.97273671333247
0.972790309303775
0.972843847188912
0.972897326973676
0.972950748643547
0.973004112183697
0.973057417578985
0.973110664813963
0.973163853872875
0.973216984739659
0.973270057397949
0.973323071831076
0.97337602802207
0.973428925953663
0.973481765608285
0.973534546968074
0.973587270014871
0.973639934730224
0.973692541095391
0.97374508909134
0.973797578698749
0.973850009898014
0.973902382669243
0.973954696992265
0.974006952846625
0.974059150211591
0.974111289066156
0.974163369389036
0.974215391158674
0.974267354353243
0.974319258950648
0.974371104928526
0.974422892264249
0.974474620934927
0.974526290917409
0.974577902188286
0.974629454723893
0.97468094850031
0.974732383493366
0.97478375967864
0.974835077031463
0.974886335526922
0.974937535139861
0.974988675844883
0.975039757616353
0.975090780428401
0.975141744254923
0.975192649069584
0.975243494845821
0.975294281556846
0.975345009175646
0.975395677674989
0.975446287027422
0.975496837205279
0.97554732818068
0.975597759925533
0.975648132411542
0.975698445610202
0.975748699492807
0.975798894030453
0.975849029194037
0.975899104954263
0.975949121281643
0.975999078146501
0.976048975518977
0.976098813369025
0.976148591666422
0.976198310380768
0.976247969481488
0.976297568937837
0.976347108718901
0.976396588793604
0.976446009130705
0.976495369698807
0.976544670466355
0.976593911401644
0.97664309247282
0.97669221364788
0.976741274894681
0.976790276180939
0.976839217474236
0.976888098742017
0.976936919951602
0.976985681070181
0.977034382064822
0.977083022902475
0.977131603549971
0.977180123974032
0.977228584141267
0.977276984018181
0.977325323571177
0.977373602766558
0.977421821570534
0.97746997994922
0.977518077868645
0.977566115294755
0.977614092193412
0.977662008530404
0.977709864271443
0.977757659382172
0.97780539382817
0.977853067574952
0.977900680587974
0.977948232832638
0.977995724274298
0.978043154878256
0.978090524609774
0.978137833434076
0.978185081316348
0.978232268221746
0.978279394115399
0.978326458962413
0.978373462727872
0.978420405376849
0.978467286874402
0.978514107185584
0.978560866275444
0.978607564109032
0.978654200651404
0.978700775867625
0.978747289722772
0.978793742181943
0.978840133210254
0.978886462772851
0.978932730834907
0.978978937361632
0.979025082318274
0.979071165670124
0.979117187382523
0.97916314742086
0.979209045750585
0.979254882337204
0.979300657146293
0.979346370143494
0.979392021294524
0.97943761056518
0.979483137921341
0.979528603328973
0.979574006754134
0.979619348162981
0.979664627521769
0.979709844796862
0.979754999954731
0.979800092961964
0.979845123785269
0.979890092391477
0.979934998747548
0.979979842820577
0.980024624577796
0.98006934398658
0.980114001014453
0.98015859562909
0.980203127798324
0.98024759749015
0.98029200467273
0.980336349314398
0.980380631383662
0.980424850849215
0.980469007679933
0.980513101844884
0.980557133313334
0.980601102054747
0.980645008038793
0.980688851235353
0.980732631614525
0.980776349146625
0.980820003802197
0.980863595552012
0.98090712436708
0.980950590218648
0.980993993078212
0.981037332917516
0.981080609708559
0.981123823423601
0.98116697403517
0.98121006151606
0.981253085839345
0.981296046978377
0.981338944906793
0.981381779598525
0.981424551027797
0.981467259169136
0.981509903997376
0.981552485487659
0.981595003615447
0.981637458356523
0.981679849686995
0.981722177583306
0.981764442022234
0.981806642980901
0.981848780436774
0.981890854367675
0.981932864751783
0.981974811567642
0.982016694794162
0.982058514410627
0.982100270396703
0.982141962732435
0.982183591398261
0.982225156375013
0.982266657643922
0.982308095186625
0.982349468985169
0.982390779022015
0.982432025280047
0.982473207742576
0.982514326393341
0.982555381216521
0.982596372196735
0.982637299319049
0.982678162568984
0.982718961932516
0.982759697396085
0.9828003689466
0.982840976571444
0.982881520258478
0.982921999996046
0.982962415772984
0.983002767578622
0.98304305540279
0.983083279235822
0.983123439068566
0.983163534892382
0.983203566699153
0.983243534481291
0.983283438231735
0.983323277943964
0.983363053612
0.98340276523041
0.983442412794316
0.983481996299399
0.983521515741899
0.983560971118631
0.983600362426978
0.983639689664906
0.983678952830964
0.983718151924291
0.983757286944621
0.983796357892288
0.983835364768232
0.983874307574002
0.983913186311765
0.983952000984308
0.983990751595044
0.984029438148017
0.984068060647909
0.984106619100044
0.98414511351039
0.984183543885572
0.984221910232868
0.984260212560221
0.984298450876241
0.984336625190211
0.98437473551209
0.984412781852524
0.984450764222844
0.984488682635075
0.98452653710194
0.984564327636867
0.984602054253992
0.984639716968163
0.984677315794948
0.984714850750639
0.984752321852256
0.984789729117554
0.984827072565025
0.984864352213906
0.984901568084182
0.984938720196593
0.984975808572636
0.985012833234574
0.985049794205437
0.985086691509029
0.985123525169932
0.985160295213513
0.985197001665925
0.985233644554117
0.985270223905833
0.985306739749623
0.985343192114844
0.985379581031663
0.985415906531067
0.985452168644867
0.985488367405696
0.985524502847024
0.985560575003154
0.985596583909232
0.985632529601251
0.985668412116054
0.985704231491338
0.985739987765662
0.98577568097845
0.985811311169996
0.985846878381467
0.985882382654909
0.985917824033254
0.985953202560318
0.985988518280814
0.986023771240351
0.986058961485437
0.986094089063492
0.986129154022843
0.986164156412733
0.986199096283327
0.986233973685713
0.986268788671908
0.986303541294865
0.986338231608472
0.986372859667561
0.986407425527911
0.986441929246251
0.986476370880268
0.986510750488607
0.986545068130879
0.986579323867662
0.986613517760511
0.986647649871953
0.986681720265502
0.986715729005655
0.986749676157901
0.986783561788722
0.986817385965602
0.986851148757025
0.986884850232484
0.986918490462485
0.986952069518547
0.986985587473212
0.987019044400044
0.987052440373636
0.987085775469616
0.987119049764646
0.987152263336429
0.987185416263716
0.987218508626304
0.987251540505044
0.987284511981846
0.98731742313968
0.987350274062582
0.987383064835658
0.987415795545087
0.987448466278126
0.987481077123114
0.987513628169475
0.987546119507725
0.987578551229472
0.987610923427422
0.987643236195382
0.987675489628268
0.987707683822102
0.987739818874024
0.987771894882287
0.98780391194627
0.987835870166475
0.987867769644536
0.987899610483218
0.987931392786426
0.987963116659205
0.987994782207747
0.988026389539392
0.988057938762634
0.988089429987124
0.988120863323676
0.988152238884267
0.988183556782045
0.98821481713133
0.988246020047619
0.988277165647591
0.988308254049109
0.988339285371227
0.988370259734189
0.988401177259438
0.988432038069618
0.988462842288576
0.988493590041369
0.988524281454268
0.988554916654758
0.988585495771549
0.988616018934572
0.988646486274988
0.988676897925193
0.988707254018818
0.988737554690736
0.988767800077064
0.988797990315169
0.988828125543674
0.988858205902455
0.988888231532653
0.988918202576674
0.988948119178195
0.988977981482164
0.989007789634813
0.989037543783651
0.98906724407748
0.989096890666388
0.989126483701762
0.989156023336289
0.98918550972396
0.989214943020073
0.989244323381243
0.9892736509654
0.989302925931799
0.989332148441018
0.989361318654972
0.989390436736906
0.989419502851412
0.989448517164422
0.989477479843221
0.98950639105645
0.989535250974108
0.989564059767558
0.989592817609536
0.989621524674149
0.989650181136885
0.989678787174617
0.989707342965609
0.989735848689516
0.989764304527397
0.989792710661714
0.989821067276342
0.98984937455657
0.989877632689109
0.9899058418621
0.989934002265111
0.989962114089154
0.989990177526682
0.990018192771599
0.990046160019263
0.990074079466496
0.990101951311587
0.990129775754297
0.990157552995869
0.990185283239031
0.990212966688004
0.990240603548508
0.990268194027767
0.990295738334518
0.990323236679018
0.990350689273048
0.99037809632992
0.990405458064487
0.990432774693149
0.990460046433858
0.990487273506126
0.990514456131036
0.990541594531245
0.990568688930994
0.990595739556112
0.990622746634032
0.99064971039379
0.990676631066038
0.990703508883051
0.990730344078735
0.990757136888639
0.990783887549955
0.990810596301537
0.990837263383904
0.990863889039248
0.990890473511448
0.990917017046075
0.990943519890405
0.990969982293425
0.990996404505844
0.991022786780106
0.991049129370396
0.991075432532652
0.991101696524575
0.991127921605641
0.991154108037109
0.991180256082036
0.991206366005284
0.991232438073535
0.991258472555298
0.991284469720927
0.991310429842628
0.991336353194471
0.991362240052407
0.991388090694276
0.991413905399822
0.991439684450704
0.991465428130513
0.99149113672478
0.991516810520997
0.991542449808624
0.991568054879106
0.991593626025887
0.991619163544428
0.991644667732216
0.991670138888784
0.991695577315724
0.991720983316703
0.991746357197481
0.991771699265924
0.991797009832025
0.991822289207916
0.991847537707889
0.99187275564841
0.991897943348143
0.991923101127959
0.991948229310962
0.991973328222507
0.991998398190214
0.992023439543992
0.992048452616058
0.992073437740958
0.992098395255583
0.992123325499198
0.992148228813453
0.992173105542415
0.992197956032581
0.992222780632909
0.992247579694833
0.992272353572292
0.992297102621749
0.992321827202219
0.992346527675293
0.99237120440516
0.992395857758635
0.992420488105186
0.992445095816956
0.992469681268795
0.992494244838282
0.992518786905759
0.992543307854353
0.99256780807001
0.992592287941521
0.992616747860554
0.992641188221681
0.992665609422415
0.992690011863236
0.992714395947624
0.992738762082096
0.992763110676234
0.992787442142721
0.992811756897377
0.992836055359191
0.992860337950359
0.992884605096323
0.9929088572258
0.992933094770829
0.992957318166804
0.992981527852514
0.993005724270185
0.99302990786552
0.993054079087736
0.993078238389613
0.993102386227534
0.993126523061525
0.993150649355308
0.993174765576338
0.993198872195853
0.993222969688921
0.993247058534487
0.993271139215425
0.993295212218582
0.993319278034831
0.993343337159128
0.993367390090554
0.993391437332378
0.993415479392107
0.993439516781541
0.993463550016833
0.993487579618542
0.993511606111696
0.993535630025849
0.993559651895141
0.993583672258366
0.993607691659027
0.993631710645405
0.993655729770625
0.993679749592721
0.993703770674704
0.993727793584634
0.993751818895688
0.99377584718623
0.993799879039891
0.993823915045637
0.99384795579785
0.993872001896401
0.993896053946735
0.993920112559945
0.993944178352859
0.993968251948122
0.993992333974281
0.994016425065871
0.994040525863507
0.99406463701397
0.994088759170302
0.9941128929919
0.994137039144608
0.994161198300819
0.99418537113957
0.994209558346647
0.994233760614687
0.994257978643281
0.994282213139085
0.994306464815926
0.994330734394914
0.99435502260456
0.994379330180886
0.994403657867544
0.994428006415941
0.994452376585358
0.994476769143075
0.994501184864501
0.994525624533302
0.994550088941537
0.994574578889789
0.994599095187308
0.994623638652146
0.994648210111309
0.994672810400895
0.994697440366249
0.994722100862115
0.994746792752788
0.994771516912278
0.994796274224468
0.994821065583282
0.99484589189285
0.994870754067685
0.994895653032853
0.994920589724157
0.994945565088318
0.994970580083158
0.994995635677798
0.995020732852845
0.995045872600594
0.99507105592523
0.995096283843033
0.99512155738259
0.995146877585011
0.995172245504149
0.99519766220682
0.995223128773038
0.995248646296246
0.995274215883553
0.995299838655981
0.995325515748713
0.995351248311347
0.995377037508153
0.995402884518342
0.995428790536338
0.995454756772048
0.99548078445115
0.99550687481538
0.995533029122829
0.995559248648238
0.995585534683313
0.995611888537036
0.995638311535983
0.995664805024661
0.995691370365834
0.995718008940871
0.995744722150095
0.995771511413142
0.995798378169326
0.99582532387801
0.995852350018996
0.995879458092908
0.995906649621596
0.995933926148543
0.995961289239285
0.995988740481832
0.996016281487113
0.996043913889415
0.996071639346846
0.996099459541797
0.996127376181424
0.996155390998132
0.99618350575008
0.996211722221688
0.996240042224164
0.996268467596036
0.9962970002037
0.996325641941984
0.996354394734716
0.996383260535316
0.996412241327391
0.996441339125356
0.996470555975059
0.996499893954425
0.996529355174117
0.996558941778213
0.99658865594489
0.996618499887139
0.996648475853486
0.996678586128735
0.996708833034726
0.996739218931117
0.996769746216177
0.996800417327606
0.996831234743367
0.996862200982549
0.99689331860624
0.996924590218427
0.99695601846692
0.996987606044294
0.99701935568886
0.997051270185654
0.997083352367455
0.997115605115827
0.997148031362189
0.997180634088908
0.997213416330423
0.997246381174398
0.9972795317629
0.997312871293614
0.99734640302108
0.99738013025797
0.997414056376395
0.99744818480924
0.997482519051549
0.997517062661925
0.997551819263984
0.997586792547838
0.997621986271619
0.997657404263045
0.997693050421025
0.997728928717305
0.99776504319816
0.997801397986136
0.997837997281824
0.997874845365701
0.997911946600002
0.997949305430654
0.997986926389262
0.998024814095139
0.998062973257406
0.998101408677134
0.99814012524956
0.998179127966346
0.998218421917922
0.998258012295873
0.998297904395404
0.998338103617874
0.998378615473393
0.998419445583498
0.998460599683905
0.998502083627331
0.998543903386406
0.998586065056659
0.998628574859597
0.998671439145859
0.998714664398478
0.998758257236223
0.99880222441704
0.998846572841601
0.99889130955694
0.998936441760215
0.998981976802559
0.999027922193061
0.999074285602854
0.999121074869328
0.999168298000467
0.999215963179311
0.999264078768558
0.999312653315297
0.999361695555888
0.999411214420985
0.999461219040713
0.99951171875
