38.7430557819448
36.5904899211677
34.5920973621506
32.7351294869488
31.0080154442994
29.4002431622003
27.9022533237049
26.5053447982714
25.2015902067124
23.9837604595176
22.8452572490906
21.7800525993413
20.7826346832462
19.8479592127413
18.9714057872406
18.148738658898
17.3760714356222
16.6498352980923
15.9667503554779
15.3237998072239
14.7182066157632
14.1474124280577
13.6090585130017
13.1009685074318
12.6211327861876
12.1676942917447
11.7389356766988
11.3332676281197
10.9492182567296
10.5854234462389
10.2406180691534
9.91362798513439
9.60336274667859
9.30880894461026
9.02902413277251
8.76313127744382
8.51031368248992
8.26981034615395
8.04091170976551
7.82295576256433
7.61532447033882
7.41744049871929
7.22876420477983
7.04879087313126
6.87704817495513
6.71309383046723
6.55651345713085
6.4069185875926
6.2639448427979
6.1272502470819
5.99651367324011
5.87143340667209
5.7517258186774
5.63712413987057
5.52737732548781
5.42224900508504
5.32151650978773
5.2249699708485
5.13241148381101
5.04365433307049
4.95852227206675
4.87684885475127
4.79847681433793
4.72325748568297
4.65105026794399
4.58172212444629
4.51514711693708
4.45120597163993
4.3897856747321
4.33077909505916
4.27408463207731
4.21960588717425
4.16725135666638
4.11693414490394
4.06857169603866
4.02208554312142
3.97740107330046
3.93444730798518
3.89315669692704
3.85346492524956
3.81531073253188
3.77863574311791
3.74338430688463
3.70950334976029
3.67694223333546
3.6456526229578
3.61558836374629
3.58670536400096
3.55896148552252
3.53231644039062
3.50673169378163
3.4821703724367
3.45859717841817
3.43597830781753
3.41428137410183
3.39347533580688
3.37353042830576
3.35441809939974
3.33611094849562
3.31858266914986
3.30180799477441
3.28576264731283
3.27042328870803
3.25576747499477
3.24177361286129
3.22842091853398
3.21568937884918
3.20355971438451
3.19201334453056
3.18103235439135
3.1705994634089
3.16069799561411
3.15131185141211
3.1424254808161
3.13402385804894
3.12609245743662
3.11861723052299
3.11158458433852
3.10498136076081
3.09879481690766
3.09301260650762
3.08762276219589
3.08261367868647
3.07797409677468
3.07369308812669
3.06976004081503
3.06616464556188
3.06289688265366
3.05994700949292
3.05730554875513
3.05496327712022
3.05291121454985
3.05114061408357
3.04964295212822
3.04840991921629
3.04743341121051
3.04670552093298
3.04621853019847
3.04596490223238
3.04593727445526
3.04612845161642
3.04653139926006
3.0471392375087
3.04794523514863
3.04894280400389
3.05012549358497
3.05148698599999
3.05302109111609
3.05472174195977
3.05658299034516
3.05859900272016
3.06076405622035
3.06307253492144
3.06551892628135
3.06809781776344
3.07080389363271
3.07363193191726
3.07657680152776
3.07963345952767
3.08279694854767
3.08606239433775
3.08942500345088
3.09288006105225
3.09642292884868
3.10004904313251
3.10375391293505
3.10753311828445
3.11138230856335
3.11529720096172
3.1192735790205
3.12330729126175
3.12739424990154
3.13153042964131
3.13571186653431
3.13993465692332
3.14419495644629
3.14848897910655
3.15281299640436
3.15716333652675
3.16153638359269
3.16592857695065
3.17033641052587
3.17475643221467
3.17918524332318
3.183619498048
3.18805590299655
3.19249121674456
3.19692224942875
3.20134586237229
3.20575896774117
3.21015852822934
3.21454155677083
3.21890511627681
3.22324631939596
3.2275623282963
3.23185035446691
3.23610765853778
3.24033155011641
3.24451938763951
3.24866857823848
3.25277657761711
3.2568408899404
3.26085906773295
3.2648287117859
3.26874747107106
3.27261304266118
3.27642317165525
3.28017565110773
3.2838683219607
3.28749907297805
3.29106584068065
3.29456660928168
3.29799941062134
3.30136232409994
3.30465347660882
3.30787104245822
3.31101324330144
3.31407834805466
3.31706467281176
3.31997058075358
3.32279448205103
3.32553483376151
3.32819013971829
3.33075895041212
3.33323986286497
3.33563152049521
3.33793261297405
3.34014187607282
3.34225809150082
3.3442800867334
3.34620673483008
3.34803695424246
3.34976970861166
3.3514040065552
3.35293890144317
3.35437349116339
3.35570691787576
3.35693836775537
3.35806707072461
3.35909230017405
3.3600133726721
3.3608296476636
3.36154052715712
3.36214545540119
3.36264391854947
3.36303544431491
3.36331960161304
3.36349600019443
3.36356429026647
3.36352416210475
3.36337534565389
3.36311761011829
3.36275076354285
3.36227465238379
3.36168916106994
3.36099421155454
3.36018976285797
3.35927581060142
3.35825238653196
3.35711955803914
3.35587742766344
3.35452613259682
3.35306584417565
3.35149676736632
3.34981914024382
3.34803323346358
3.34613934972691
3.34413782324025
3.3420290191687
3.33981333308402
3.33749119040744
3.33506304584762
3.33252938283416
3.32989071294686
3.32714757534103
3.32430053616942
3.32135018800082
3.31829714923582
3.31514206351998
3.31188559915481
3.30852844850681
3.30507132741497
3.30151497459697
3.29786015105444
3.29410763947765
3.29025824364987
3.28631278785169
3.28227211626571
3.27813709238182
3.2739085984034
3.26958753465475
3.26517481898995
3.2606713862036
3.2560781874436
3.2513961896262
3.24662637485377
3.24176973983537
3.23682729531051
3.23180006547622
3.22668908741786
3.22149541054371
3.21622009602372
3.21086421623258
3.20542885419733
3.19991510304979
3.1943240654839
3.18865685321825
3.18291458646407
3.1770983933986
3.17120940964442
3.16524877775446
3.15921764670324
3.15311717138432
3.14694851211405
3.14071283414194
3.13441130716764
3.12804510486476
3.12161540441155
3.11512338602866
3.10857023252402
3.10195712884499
3.09528526163782
3.08855581881453
3.08176998912738
3.07492896175084
3.06803392587125
3.0610860702842
3.05408658299969
3.04703665085511
3.03993745913609
3.03279019120524
3.02559602813885
3.01835614837157
3.01107172734901
3.00374393718843
2.99637394634735
2.98896291930022
2.9815120162231
2.97402239268633
2.96649519935522
2.95893158169863
2.95133267970563
2.94369962761002
2.93603355362268
2.92833557967193
2.92060682115163
2.91284838667705
2.90506137784846
2.89724688902251
2.88940600709112
2.881539811268
2.87364937288265
2.86573575518184
2.85780001313845
2.8498431932676
2.84186633345006
2.83387046276271
2.82585660131628
2.81782576009985
2.80977894083242
2.80171713582126
2.793641327827
2.78555248993537
2.77745158543551
2.76933956770469
2.76121738009951
2.75308595585325
2.74494621797947
2.73679907918168
2.72864544176893
2.72048619757736
2.71232222789744
2.70415440340694
2.69598358410941
2.68781061927819
2.67963634740568
2.67146159615794
2.66328718233442
2.65511391183266
2.64694257961802
2.63877396969817
2.63060885510228
2.62244799786491
2.61429214901429
2.60614204856509
2.59799842551542
2.58986199784809
2.58173347253582
2.57361354555058
2.56550290187674
2.55740221552792
2.5493121495676
2.54123335613327
2.53316647646402
2.52511214093149
2.51707096907412
2.50904356963453
2.50103054059993
2.49303246924563
2.4850499321812
2.47708349539965
2.46913371432912
2.46120113388722
2.45328628853786
2.44538970235051
2.43751188906173
2.42965335213898
2.42181458484653
2.41399607031345
2.40619828160358
2.39842168178735
2.39066672401547
2.38293385159429
2.37522349806282
2.36753608727138
2.35987203346163
2.35223174134812
2.34461560620119
2.33702401393102
2.32945734117305
2.32191595537437
2.31440021488134
2.3069104690281
2.299447058226
2.29201031405397
2.2846005593497
2.27721810830148
2.26986326654083
2.26253633123567
2.25523759118412
2.24796732690883
2.24072581075169
2.23351330696902
2.22633007182715
2.21917635369818
2.21205239315612
2.2049584230732
2.19789466871634
2.19086134784374
2.18385867080156
2.17688684062062
2.16994605311312
2.16303649696927
2.15615835385388
2.14931179850278
2.14249699881917
2.13571411596963
2.12896330448007
2.12224471233126
2.11555848105419
2.10890474582509
2.10228363555998
2.09569527300899
2.08913977485021
2.08261725178309
2.07612780862136
2.06967154438556
2.06324855239496
2.05685892035899
2.05050273046815
2.04418005948425
2.0378909788302
2.03163555467906
2.02541384804251
2.01922591485871
2.01307180607943
2.00695156775655
2.00086524112785
1.99481286270208
1.98879446434336
1.9828100733548
1.97685971256134
1.97094340039199
1.9650611509611
1.95921297414903
1.9533988756819
1.94761885721067
1.94187291638934
1.93616104695236
1.93048323879125
1.92483947803037
1.91922974710191
1.91365402482
1.90811228645402
1.90260450380106
1.89713064525757
1.89169067589013
1.88628455750538
1.88091224871912
1.87557370502457
1.87026887885976
1.86499771967408
1.85976017399395
1.85455618548774
1.84938569502971
1.84424864076319
1.83914495816288
1.83407458009633
1.82903743688458
1.82403345636188
1.81906256393472
1.81412468263987
1.80921973320171
1.80434763408867
1.79950830156884
1.79470164976483
1.78992759070771
1.78518603439023
1.78047688881917
1.77580006006695
1.77115545232238
1.76654296794066
1.76196250749256
1.75741396981289
1.75289725204811
1.74841224970319
1.74395885668776
1.73953696536147
1.73514646657858
1.7307872497318
1.72645920279549
1.72216221236796
1.71789616371325
1.71366094080199
1.7094564263517
1.7052825018663
1.70113904767501
1.69702594297043
1.69294306584608
1.68889029333317
1.68486750143676
1.6808745651712
1.67691135859499
1.67297775484491
1.66907362616964
1.66519884396259
1.66135327879423
1.65753680044377
1.65374927793022
1.64999057954285
1.64626057287107
1.64255912483375
1.63888610170789
1.63524136915683
1.63162479225776
1.62803623552882
1.62447556295556
1.62094263801688
1.61743732371047
1.61395948257768
1.61050897672791
1.60708566786248
1.60368941729799
1.60032008598922
1.59697753455148
1.59366162328253
1.59037221218405
1.58710916098255
1.58387232914996
1.58066157592361
1.57747676032594
1.57431774118362
1.57118437714633
1.56807652670509
1.56499404821019
1.56193679988869
1.55890463986153
1.55589742616026
1.55291501674332
1.54995726951206
1.54702404232624
1.54411519301927
1.54123057941303
1.53837005933238
1.53553349061927
1.53272073114654
1.52993163883138
1.52716607164844
1.52442388764266
1.52170494494171
1.5190091017682
1.5163362164515
1.51368614743934
1.51105875330907
1.5084538927786
1.50587142471713
1.50331120815555
1.5007731022966
1.4982569665247
1.4957626604156
1.49329004374573
1.49083897650129
1.4884093188871
1.48600093133523
1.4836136745134
1.48124740933306
1.47890199695738
1.47657729880891
1.47427317657707
1.47198949222541
1.46972610799869
1.46748288642972
1.46525969034601
1.46305638287628
1.46087282745666
1.45870888783685
1.45656442808598
1.45443931259836
1.452333406099
1.45024657364907
1.44817868065103
1.44612959285376
1.44409917635742
1.4420872976182
1.44009382345295
1.43811862104359
1.43616155794144
1.43422250207137
1.43230132173585
1.43039788561884
1.42851206278956
1.42664372270614
1.42479273521913
1.4229589705749
1.42114229941895
1.41934259279904
1.4175597221683
1.41579355938814
1.41404397673114
1.41231084688374
1.41059404294897
1.40889343844893
1.40720890732729
1.40554032395164
1.40388756311579
1.40225050004194
1.40062901038283
1.39902297022371
1.39743225608438
1.39585674492098
1.39429631412784
1.39275084153922
1.39122020543095
1.38970428452202
1.38820295797616
1.38671610540325
1.38524360686075
1.38378534285505
1.38234119434279
1.38091104273205
1.37949476988355
1.3780922581118
1.37670339018616
1.37532804933189
1.37396611923114
1.37261748402389
1.37128202830884
1.3699596371443
1.36865019604896
1.36735359100274
1.36606970844749
1.36479843528771
1.36353965889122
1.36229326708982
1.36105914817988
1.35983719092296
1.35862728454632
1.35742931874347
1.35624318367465
1.35506876996735
1.35390596871671
1.35275467148594
1.3516147703068
1.35048615767989
1.34936872657509
1.34826237043184
1.34716698315953
1.34608245913777
1.34500869321668
1.34394558071718
1.34289301743128
1.34185089962226
1.34081912402499
1.33979758784608
1.33878618876415
1.33778482492998
1.33679339496675
1.33581179797017
1.33483993350872
1.33387770162373
1.33292500282961
1.33198173811396
1.33104780893771
1.33012311723527
1.32920756541468
1.32830105635768
1.32740349341986
1.32651478043079
1.32563482169411
1.32476352198764
1.32390078656348
1.32304652114812
1.32220063194255
1.32136302562232
1.32053360933765
1.31971229071355
1.31889897784986
1.31809357932138
1.31729600417793
1.31650616194445
1.31572396262109
1.31494931668327
1.3141821350818
1.31342232924294
1.31266981106849
1.31192449293588
1.31118628769822
1.31045510868446
1.30973086969937
1.30901348502373
1.30830286941433
1.30759893810411
1.3069016068022
1.30621079169405
1.30552640944148
1.30484837718279
1.30417661253283
1.30351103358309
1.30285155890178
1.30219810753394
1.30155059900151
1.3009089533034
1.30027309091559
1.29964293279124
1.29901840036073
1.29839941553179
1.29778590068954
1.2971777786966
1.29657497289317
1.29597740709711
1.29538500560402
1.29479769318732
1.29421539509831
1.29363803706628
1.29306554529855
1.29249784648056
1.29193486777595
1.29137653682659
1.29082278175267
1.29027353115279
1.28972871410394
1.28918826016163
1.28865209935992
1.28812016221144
1.28759237970747
1.28706868331795
1.28654900499156
1.2860332771557
1.28552143271652
1.285013405059
1.28450912804689
1.28400853602276
1.283511563808
1.28301814670281
1.28252822048619
1.28204172141593
1.2815585862286
1.28107875213948
1.28060215684257
1.28012873851051
1.27965843579455
1.27919118782448
1.27872693420853
1.27826561503338
1.27780717086394
1.27735154274339
1.27689867219298
1.27644850121193
1.27600097227735
1.27555602834405
1.27511361284441
1.27467366968822
1.27423614326254
1.27380097843147
1.27336812053599
1.27293751539373
1.2725091092988
1.2720828490215
1.27165868180813
1.2712365553807
1.27081641793667
1.2703982181487
1.26998190516431
1.26956742860558
1.26915473856886
1.26874378562439
1.26833452081598
1.26792689566062
1.26752086214812
1.26711637274068
1.26671338037253
1.26631183844943
1.26591170084829
1.26551292191668
1.26511545647236
1.26471925980277
1.26432428766454
1.26393049628296
1.26353784235143
1.2631462830309
1.26275577594929
1.26236627920089
1.26197775134576
1.26159015140908
1.26120343888049
1.26081757371348
1.26043251632462
1.26004822759292
1.25966466885905
1.25928180192465
1.25889958905154
1.25851799296092
1.25813697683262
1.25775650430422
1.25737653947025
1.25699704688132
1.25661799154324
1.2562393389161
1.2558610549134
1.25548310590105
1.25510545869646
1.25472808056754
1.25435093923169
1.2539740028548
1.2535972400502
1.25322061987758
1.25284411184195
1.2524676858925
1.2520913124215
1.25171496226315
1.25133860669241
1.2509622174238
1.25058576661025
1.25020922684181
1.24983257114443
1.24945577297871
1.24907880623857
1.24870164524999
1.24832426476963
1.24794663998351
1.24756874650564
1.2471905603766
1.24681205806218
1.24643321645187
1.24605401285747
1.24567442501161
1.2452944310662
1.24491400959099
1.24453313957197
1.24415180040986
1.24376997191851
1.2433876343233
1.24300476825954
1.24262135477082
1.24223737530736
1.24185281172433
1.24146764628017
1.24108186163484
1.24069544084813
1.24030836737785
1.23992062507811
1.23953219819751
1.23914307137731
1.23875322964962
1.23836265843553
1.23797134354327
1.23757927116631
1.23718642788145
1.23679280064691
1.23639837680037
1.23600314405702
1.2356070905076
1.2352102046164
1.23481247521922
1.23441389152137
1.23401444309564
1.2336141198802
1.23321291217653
1.23281081064736
1.23240780631452
1.23200389055682
1.23159905510793
1.2311932920542
1.23078659383249
1.23037895322799
1.229970363372
1.22956081773974
1.22915031014808
1.22873883475331
1.22832638604891
1.22791295886322
1.22749854835718
1.22708315002204
1.226666759677
1.22624937346694
1.22583098786004
1.22541159964545
1.22499120593089
1.22456980414031
1.22414739201149
1.22372396759364
1.22329952924496
1.22287407563026
1.22244760571853
1.22202011878045
1.22159161438596
1.22116209240182
1.2207315529891
1.22029999660074
1.21986742397899
1.219433836153
1.21899923443624
1.218563620424
1.2181269959909
1.2176893632883
1.21725072474181
1.21681108304871
1.21637044117542
1.21592880235492
1.21548617008419
1.21504254812162
1.21459794048448
1.21415235144628
1.21370578553421
1.21325824752652
1.21280974244996
1.21236027557714
1.21190985242393
1.21145847874687
1.21100616054051
1.21055290403484
1.21009871569262
1.2096436022068
1.20918757049786
1.20873062771118
1.20827278121444
1.20781403859495
1.20735440765702
1.20689389641936
1.2064325131124
1.20597026617564
1.20550716425509
1.20504321620054
1.20457843106297
1.20411281809191
1.2036463867328
1.20317914662433
1.20271110759583
1.20224227966465
1.20177267303348
1.20130229808777
1.20083116539306
1.20035928569238
1.19988666990364
1.19941332911696
1.1989392745921
1.19846451775584
1.19798907019936
1.19751294367561
1.19703615009677
1.1965587015316
1.19608061020286
1.19560188848475
1.19512254890029
1.19464260411876
1.19416206695313
1.19368095035748
1.19319926742448
1.19271703138279
1.19223425559452
1.19175095355273
1.19126713887886
1.19078282532019
1.19029802674737
1.18981275715188
1.1893270306435
1.18884086144788
1.18835426390399
1.18786725246168
1.18737984167918
1.18689204622067
1.18640388085379
1.18591536044722
1.18542649996825
1.18493731448035
1.18444781914072
1.18395802919794
1.18346795998954
1.18297762693961
1.18248704555644
1.18199623143016
1.18150520023037
1.18101396770379
1.18052254967194
1.18003096202885
1.17953922073866
1.17904734183342
1.17855534141075
1.17806323563157
1.17757104071782
1.17707877295027
1.1765864486662
1.17609408425723
1.17560169616707
1.17510930088933
1.17461691496535
1.17412455498198
1.17363223756946
1.17313997939921
1.17264779718176
1.17215570766458
1.17166372762997
1.17117187389298
1.1706801632993
1.17018861272322
1.16969723906554
1.16920605925153
1.16871509022891
1.16822434896584
1.16773385244891
1.16724361768111
1.16675366167994
1.16626400147536
1.16577465410792
1.16528563662676
1.16479696608775
1.16430865955155
1.16382073408173
1.16333320674291
1.16284609459887
1.16235941471075
1.16187318413518
1.16138741992247
1.16090213911484
1.1604173587446
1.15993309583239
1.15944936738544
1.1589661903958
1.15848358183864
1.15800155867054
1.15752013782777
1.15703933622462
1.15655917075176
1.15607965827455
1.15560081563142
1.15512265963228
1.15464520705685
1.15416847465315
1.15369247913586
1.1532172371848
1.15274276544334
1.15226908051694
1.15179619897159
1.15132413733232
1.15085291208169
1.1503825396584
1.14991303645574
1.14944441882024
1.14897670305017
1.14850990539419
1.14804404204993
1.14757912916263
1.14711518282374
1.14665221906963
1.1461902538802
1.14572930317762
1.14526938282497
1.144810508625
1.14435269631883
1.1438959615847
1.14344032003673
1.14298578722368
1.14253237862776
1.1420801096634
1.14162899567611
1.14117905194125
1.14073029366294
1.14028273597287
1.1398363939292
1.13939128251543
1.13894741663933
1.13850481113184
1.13806348074598
1.13762344015585
1.13718470395552
1.13674728665809
1.13631120269459
1.13587646641303
1.13544309207742
1.13501109386676
1.13458048587415
1.13415128210576
1.13372349647998
1.13329714282645
1.1328722348852
1.13244878630571
1.1320268106461
1.1316063213722
1.13118733185675
1.13076985537853
1.13035390512157
1.12993949417431
1.12952663552883
1.12911534208003
1.12870562662491
1.12829750186174
1.1278909803894
1.12748607470657
1.12708279721105
1.12668116019904
1.12628117586444
1.12588285629818
1.12548621348753
1.12509125931544
1.12469800555991
1.12430646389334
1.1239166458819
1.12352856298492
1.1231422265543
1.12275764783393
1.12237483795906
1.12199380795578
1.12161456874045
1.12123713111917
1.12086150578721
1.12048770332851
1.1201157342152
1.11974560880702
1.11937733735091
1.11901092998049
1.11864639671558
1.11828374746178
1.11792299200999
1.11756414003599
1.1172072011
1.11685218464627
1.11649910000269
1.11614795638033
1.11579876287313
1.11545152845749
1.11510626199188
1.1147629722165
1.11442166775296
1.11408235710389
1.11374504865264
1.11340975066295
1.11307647127863
1.11274521852329
1.1124160003
1.11208882439104
1.11176369845762
1.11144063003959
1.1111196265552
1.11080069530086
1.11048384345088
1.11016907805722
1.10985640604932
1.10954583423383
1.10923736929444
1.10893101779164
1.10862678616258
1.10832468072082
1.10802470765623
1.10772687303474
1.10743118279825
1.10713764276443
1.1068462586266
1.10655703595358
1.10626998018956
1.10598509665396
1.10570239054136
1.10542186692133
1.1051435307384
1.10486738681188
1.10459343983583
1.10432169437897
1.10405215488459
1.1037848256705
1.10351971092893
1.10325681472654
1.1029961410043
1.1027376935775
1.10248147613571
1.1022274922427
1.10197574533648
1.10172623872925
1.10147897560739
1.10123395903147
1.10099119193623
1.10075067713059
1.10051241729769
1.10027641499488
1.10004267265374
1.09981119258013
1.09958197695421
1.0993550278305
1.09913034713791
1.09890793667977
1.09868779813394
1.09846993305283
1.09825434286348
1.09804102886763
1.09782999224181
1.09762123403741
1.09741475518075
1.09721055647321
1.09700863859132
1.09680900208682
1.09661164738683
1.09641657479391
1.09622378448621
1.09603327651756
1.09584505081763
1.09565910719205
1.09547544532251
1.09529406476694
1.09511496495966
1.09493814521148
1.09476360470991
1.09459134251925
1.09442135758081
1.09425364871307
1.0940882146118
1.09392505385028
1.09376416487946
1.09360554602816
1.0934491955032
1.09329511138968
1.09314329165107
1.09299373412951
1.09284643654591
1.09270139650025
1.09255861147171
1.09241807881894
1.09227979578023
1.09214375947377
1.09200996689784
1.09187841493108
1.09174910033266
1.09162201974257
1.09149716968183
1.09137454655273
1.09125414663911
1.09113596610654
1.09102000100266
1.09090624725734
1.09079470068303
1.09068535697495
1.09057821171141
1.09047326035403
1.09037049824806
1.09026992062263
1.09017152259101
1.09007529915094
1.08998124518487
1.08988935546028
1.08979962462997
1.08971204723233
1.08962661769165
1.08954333031844
1.08946217930973
1.08938315874933
1.08930626260822
1.08923148474481
1.08915881890527
1.08908825872385
1.08901979772321
1.08895342931475
1.08888914679891
1.08882694336555
1.08876681209425
1.08870874595466
1.08865273780684
1.08859878040162
1.08854686638092
1.08849698827813
1.08844913851843
1.0884033094192
1.08835949319033
1.0883176819346
1.08827786764805
1.08824004222036
1.08820419743519
1.08817032497058
1.08813841639935
1.08810846318941
1.08808045670423
1.08805438820316
1.08803024884187
1.08800802967269
1.08798772164506
1.08796931560591
1.08795280230004
1.08793817237055
1.08792541635925
1.08791452470706
1.08790548775443
1.08789829574174
1.08789293880975
1.08788940700002
1.0878876902553
1.08788777842
1.08788966124061
1.08789332836614
1.08789876934852
1.08790597364312
1.08791493060911
1.08792562950996
1.08793805951388
1.08795220969427
1.08796806903018
1.08798562640677
1.08800487061575
1.0880257903559
1.08804837423349
1.08807261076276
1.08809848836642
1.0881259953761
1.08815512003287
1.08818585048768
1.08821817480187
1.08825208094766
1.08828755680864
1.08832459018029
1.08836316877044
1.08840328019981
1.0884449120025
1.08848805162649
1.08853268643419
1.08857880370292
1.08862639062544
1.08867543431047
1.08872592178325
1.08877783998602
1.08883117577858
1.08888591593881
1.08894204716323
1.08899955606754
1.08905842918715
1.08911865297773
1.08918021381577
1.08924309799916
1.08930729174769
1.08937278120366
1.08943955243244
1.08950759142302
1.08957688408859
1.08964741626713
1.08971917372196
1.08979214214235
1.08986630714409
1.08994165427009
1.09001816899095
1.09009583670559
1.09017464274181
1.09025457235691
1.09033561073833
1.09041774300418
1.09050095420392
1.09058522931897
1.09067055326327
1.09075691088398
1.09084428696207
1.09093266621292
1.09102203328702
1.09111237277053
1.09120366918599
1.0912959069929
1.09138907058843
1.091483144308
1.09157811242599
1.09167395915637
1.09177066865336
1.0918682250121
1.0919666122693
1.09206581440394
1.09216581533792
1.09226659893673
1.09236814901016
1.09247044931295
1.0925734835455
1.09267723535454
1.09278168833385
1.09288682602492
1.09299263191769
1.09309908945122
1.09320618201442
1.09331389294673
1.09342220553887
1.09353110303353
1.09364056862612
1.09375058546543
1.09386113665444
1.09397220525097
1.09408377426849
1.09419582667677
1.09430834540269
1.09442131333096
1.09453471330486
1.09464852812697
1.09476274055997
1.09487733332735
1.09499228911419
1.09510759056793
1.09522322029909
1.09533916088211
1.09545539485603
1.09557190472536
1.09568867296078
1.09580568199996
1.09592291424832
1.09604035207984
1.09615797783783
1.09627577383572
1.09639372235786
1.09651180566033
1.09663000597173
1.09674830549396
1.09686668640306
1.09698513085
1.0971036209615
1.09722213884084
1.09734066656868
1.09745918620386
1.09757767978425
1.09769612932757
1.09781451683219
1.09793282427799
1.09805103362719
1.09816912682515
1.09828708580127
1.09840489246976
1.09852252873054
1.09863997647004
1.09875721756207
1.09887423386869
1.09899100724101
1.09910751952008
1.09922375253772
1.09933968811744
1.0994553080752
1.09957059422036
1.0996855283565
1.0998000922823
1.09991426779241
1.1000280366783
1.10014138072916
1.10025428173276
1.10036672147632
1.1004786817474
1.10059014433477
1.1007010910293
1.10081150362483
1.10092136391905
1.10103065371442
1.10113935481901
1.10124744904742
1.10135491822166
1.10146174417204
1.10156790873807
1.10167339376934
1.10177818112642
1.10188225268177
1.10198559032062
1.10208817594186
1.10218999145896
1.10229101880089
1.10239123991294
1.10249063675773
1.10258919131601
1.10268688558765
1.10278370159247
1.10287962137119
1.10297462698635
1.10306870052316
1.10316182409043
1.1032539798215
1.10334514987513
1.10343531643638
1.10352446171758
1.10361256795915
1.1036996174306
1.10378559243138
1.10387047529179
1.1039542483739
1.10403689407248
1.10411839481584
1.10419873306681
1.1042778913236
1.10435585212073
1.10443259802992
1.104508111661
1.1045823756628
1.1046553727241
1.10472708557446
1.1047974969852
1.10486658977023
1.10493434678701
1.1050007509374
1.1050657851686
1.105129432474
1.10519167589412
1.1052524985175
1.10531188348155
1.10536981397348
1.1054262732312
1.10548124454417
1.1055347112543
1.10558665675687
1.10563706450137
1.10568591799238
1.1057332007905
1.10577889651317
1.10582298883558
1.10586546149153
1.10590629827432
1.10594548303758
1.10598299969617
1.10601883222706
1.10605296467014
1.10608538112912
1.10611606577237
1.10614500283378
1.10617217661362
1.10619757147937
1.10622117186656
1.10624296227967
1.10626292729289
1.106281051551
1.10629731977022
1.106311716739
1.10632422731886
1.10633483644524
1.10634352912828
1.10635029045365
1.1063551055834
1.10635795975671
1.10635883829073
1.10635772658137
1.10635461010412
1.10634947441481
1.10634230515041
1.10633308802985
1.10632180885475
1.10630845351023
1.10629300796566
1.10627545827546
1.10625579057983
1.10623399110555
1.10621004616668
1.10618394216537
1.10615566559255
1.10612520302872
1.10609254114465
1.10605766670211
1.10602056655465
1.10598122764825
1.10593963702206
1.10589578180915
1.10584964923715
1.10580122662899
1.10575050140359
1.10569746107656
1.10564209326084
1.10558438566741
1.10552432610598
1.10546190248562
1.10539710281543
1.10532991520522
1.1052603278661
1.1051883291112
1.10511390735624
1.10503705112022
1.10495774902598
1.10487598980086
1.10479176227731
1.10470505539348
1.10461585819383
1.10452415982973
1.10442994956001
1.10433321675158
1.10423395088
1.10413214153001
1.10402777839613
1.10392085128318
1.10381135010684
1.10369926489422
1.10358458578433
1.10346730302864
1.10334740699161
1.10322488815116
1.10309973709921
1.10297194454217
1.1028415013014
1.10270839831374
1.10257262663194
1.10243417742513
1.10229304197933
1.10214921169783
1.10200267810168
1.10185343283012
1.101701467641
1.10154677441118
1.10138934513701
1.10122917193466
1.10106624704056
1.10090056281178
1.10073211172642
1.10056088638395
1.10038687950563
1.10021008393483
1.10003049263737
1.09984809870191
1.09966289534024
1.09947487588761
1.09928403380308
1.0990903626698
1.0988938561953
1.0986945082118
1.09849231267653
1.09828726367193
1.09807935540597
1.0978685822124
1.09765493855099
1.09743841900779
1.09721901829534
1.09699673125291
1.09677155284673
1.09654347817016
1.09631250244393
1.09607862101632
1.0958418293633
1.09560212308878
1.09535949792472
1.0951139497313
1.09486547449708
1.09461406833912
1.09435972750312
1.09410244836356
1.09384222742376
1.09357906131606
1.09331294680185
1.09304388077169
1.09277186024539
1.09249688237206
1.09221894443019
1.09193804382768
1.09165417810192
1.09136734491978
1.09107754207768
1.09078476750157
1.09048901924696
1.0901902954989
1.08988859457201
1.08958391491041
1.08927625508774
1.08896561380709
1.08865198990099
1.08833538233131
1.08801579018925
1.08769321269523
1.08736764919884
1.08703909917873
1.08670756224253
1.08637303812673
1.08603552669658
1.08569502794597
1.08535154199729
1.08500506910127
1.08465560963688
1.08430316411115
1.08394773315899
1.08358931754302
1.08322791815343
1.08286353600774
1.0824961722506
1.08212582815364
1.08175250511518
1.08137620466006
1.08099692843939
1.0806146782303
1.08022945593569
1.07984126358401
1.07945010332894
1.07905597744917
1.07865888834805
1.07825883855338
1.07785583071706
1.07744986761478
1.07704095214575
1.07662908733234
1.07621427631975
1.0757965223757
1.07537582889005
1.07495219937448
1.07452563746209
1.07409614690709
1.07366373158434
1.07322839548905
1.07279014273632
1.0723489775608
1.07190490431622
1.07145792747503
1.07100805162796
1.07055528148356
1.07009962186783
1.06964107772369
1.0691796541106
1.06871535620409
1.06824818929525
1.06777815879031
1.06730527021013
1.06682952918973
1.06635094147776
1.06586951293608
1.06538524953914
1.06489815737359
1.06440824263764
1.06391551164063
1.06341997080243
1.06292162665294
1.06242048583154
1.06191655508649
1.06140984127444
1.06090035135981
1.06038809241427
1.05987307161608
1.05935529624961
1.05883477370467
1.05831151147594
1.05778551716237
1.05725679846659
1.05672536319426
1.05619121925347
1.05565437465411
1.05511483750728
1.05457261602456
1.05402771851748
1.05348015339679
1.05292992917186
1.05237705444997
1.05182153793571
1.05126338843028
1.0507026148308
1.05013922612968
1.0495732314139
1.04900463986432
1.04843346075502
1.04785970345259
1.04728337741542
1.046704492193
1.04612305742521
1.04553908284162
1.04495257826075
1.04436355358935
1.04377201882171
1.04317798403886
1.04258145940791
1.04198245518127
1.04138098169589
1.04077704937258
1.04017066871518
1.03956185030988
1.03895060482441
1.03833694300731
1.03772087568714
1.03710241377175
1.03648156824747
1.03585835017837
1.03523277070546
1.03460484104593
1.03397457249234
1.03334197641187
1.03270706424551
1.03206984750728
1.03143033778341
1.03078854673159
1.03014448608014
1.02949816762721
1.02884960323999
1.02819880485391
1.02754578447181
1.02689055416314
1.02623312606315
1.02557351237211
1.02491172535442
1.02424777733788
1.02358168071279
1.02291344793119
1.02224309150602
1.02157062401029
1.02089605807625
1.0202194063946
1.01954068171362
1.01885989683835
1.01817706462979
1.01749219800404
1.01680530993149
1.01611641343597
1.01542552159392
1.01473264753357
1.01403780443409
1.01334100552477
1.01264226408418
1.01194159343931
1.0112390069648
1.01053451808201
1.00982814025827
1.00911988700599
1.00840977188185
1.00769780848595
1.00698401046097
1.00626839149136
1.00555096530247
1.00483174565974
1.00411074636785
1.0033879812699
1.00266346424655
1.0019372092152
1.00120923012918
1.00047954097688
0.999748155780932
0.999015088597393
0.998280353514896
0.997543964653831
0.996805936165514
0.99606628223136
0.995325017062061
0.994582154896756
0.993837710002212
0.993091696672002
0.992344129225682
0.991595022007976
0.990844389387954
0.990092245758222
0.989338605534102
0.988583483152824
0.987826893072716
0.987068849772391
0.986309367749945
0.98554846152215
0.98478614562365
0.984022434606163
0.983257343037683
0.98249088550168
0.981723076596309
0.980953930933619
0.98018346313876
0.9794116878492
0.978638619713937
0.977864273392722
0.977088663555273
0.976311804880505
0.975533712055752
0.974754399775994
0.973973882743095
0.973192175665031
0.97240929325513
0.971625250231313
0.970840061315334
0.970053741232029
0.969266304708563
0.968477766473685
0.967688141256981
0.966897443788134
0.966105688796185
0.9653128910088
0.964519065151537
0.963724225947116
0.962928388114699
0.962131566369167
0.961333775420401
0.960535029972568
0.959735344723412
0.958934734363545
0.958133213575748
0.957330797034266
0.956527499404114
0.955723335340388
0.954918319487573
0.95411246647886
0.953305790935465
0.952498307465954
0.951690030665567
0.950880975115555
0.950071155382507
0.949260586017697
0.948449281556424
0.94763725651736
0.946824525401901
0.946011102693524
0.945197002857145
0.944382240338485
0.943566829563439
0.942750784937447
0.94193412084487
0.941116851648374
0.940298991688316
0.93948055528213
0.938661556723724
0.93784201028288
0.937021930204654
0.936201330708788
0.935380225989116
0.934558630212988
0.933736557520683
0.932914022024844
0.932091037809898
0.931267618931501
0.930443779415969
0.929619533259725
0.92879489442875
0.927969876858033
0.927144494451031
0.926318761079128
0.925492690581107
0.924666296762619
0.923839593395659
0.92301259421805
0.922185312932926
0.921357763208225
0.920529958676183
0.919701912932835
0.918873639537521
0.918045152012391
0.917216463841928
0.916387588472459
0.915558539311683
0.9147293297282
0.913899973051045
0.913070482569225
0.91224087153126
0.91141115314474
0.910581340575867
0.909751446949021
0.908921485346317
0.908091468807178
0.9072614103279
0.906431322861238
0.905601219315979
0.904771112556536
0.903941015402536
0.903110940628415
0.902280900963024
0.90145090908923
0.900620977643531
0.899791119215668
0.89896134634825
0.898131671536374
0.89730210722726
0.896472665819882
0.895643359664612
0.894814201062859
0.893985202266725
0.893156375478653
0.89232773285109
0.891499286486148
0.890671048435274
0.889843030698923
0.889015245226235
0.888187703914718
0.887360418609938
0.886533401105205
0.885706663141275
0.884880216406051
0.884054072534286
0.883228243107298
0.882402739652681
0.881577573644029
0.880752756500658
0.879928299587338
0.879104214214024
0.878280511635596
0.877457203051604
0.876634299606012
0.875811812386953
0.874989752426485
0.874168130700351
0.87334695812775
0.872526245571098
0.871706003835812
0.870886243670085
0.870066975764669
0.869248210752665
0.868429959209314
0.867612231651797
0.866795038539031
0.865978390271479
0.86516229719096
0.864346769580459
0.86353181766395
0.862717451606218
0.861903681512683
0.861090517429238
0.860277969342075
0.859466047177533
0.85865476080194
0.857844120021458
0.857034134581937
0.856224814168775
0.855416168406771
0.854608206859997
0.853800939031661
0.852994374363983
0.85218852223807
0.851383391973796
0.85057899282969
0.849775334002819
0.848972424628687
0.848170273781124
0.847368890472193
0.846568283652088
0.845768462209047
0.844969434969261
0.844171210696789
0.843373798093478
0.842577205798887
0.841781442390211
0.840986516382214
0.840192436227161
0.839399210314756
0.838606846972085
0.837815354463556
0.837024740990854
0.836235014692887
0.835446183645745
0.834658255862658
0.833871239293954
0.833085141827034
0.832299971286333
0.831515735433294
0.830732441966347
0.829950098520886
0.829168712669251
0.828388291920716
0.827608843721475
0.826830375454636
0.826052894440218
0.825276407935146
0.824500923133256
0.823726447165298
0.822952987098946
0.822180549938807
0.821409142626434
0.820638772040348
0.819869444996054
0.819101168246066
0.818333948479932
0.817567792324261
0.816802706342762
0.816038697036271
0.81527577084279
0.814513934137533
0.813753193232961
0.812993554378836
0.812235023762262
0.811477607507741
0.810721311677227
0.80996614227018
0.80921210522363
0.808459206412233
0.80770745164834
0.80695684668206
0.806207397201337
0.805459108832011
0.804711987137904
0.803966037620889
0.803221265720973
0.802477676816377
0.801735276223621
0.800994069197613
0.800254060931734
0.799515256557929
0.798777661146805
0.798041279707722
0.797306117188894
0.796572178477486
0.795839468399719
0.795107991720973
0.794377753145897
0.793648757318508
0.792921008822315
0.792194512180421
0.791469271855644
0.790745292250628
0.79002257770797
0.789301132510332
0.78858096088057
0.787862066981854
0.787144454917799
0.786428128732588
0.785713092411106
0.784999349879071
0.784286905003166
0.783575761591177
0.782865923392127
0.78215739409642
0.781450177335975
0.780744276684373
0.780039695657
0.77933643771119
0.778634506246375
0.777933904604233
0.777234636068838
0.776536703866812
0.775840111167476
0.775144861083009
0.774450956668601
0.773758400922613
0.773067196786731
0.772377347146135
0.771688854829654
0.771001722609931
0.77031595320359
0.769631549271398
0.768948513418435
0.768266848194263
0.767586556093094
0.766907639553959
0.766230100960887
0.765553942643071
0.764879166875048
0.764205775876871
0.763533771814289
0.762863156798922
0.762193932888443
0.761526102086756
0.760859666344179
0.760194627557626
0.759530987570788
0.758868748174321
0.758207911106028
0.75754847805105
0.756890450642047
0.756233830459392
0.755578619031354
0.754924817834297
0.754272428292862
0.753621451780162
0.752971889617978
0.752323743076947
0.75167701337676
0.751031701686356
0.750387809124118
0.749745336758069
0.74910428560607
0.748464656636019
0.747826450766048
0.747189668864724
0.746554311751249
0.745920380195662
0.745287874919036
0.744656796593687
0.744027145843371
0.743398923243494
0.742772129321307
0.74214676455612
0.7415228293795
0.740900324175483
0.740279249280774
0.73965960498496
0.739041391530712
0.738424609113998
0.737809257884288
0.737195337944763
0.736582849352525
0.735971792118808
0.735362166209187
0.734753971543789
0.734147207997503
0.733541875400193
0.73293797353691
0.732335502148101
0.731734460929828
0.731134849533975
0.730536667568462
0.729939914597464
0.729344590141618
0.728750693678241
0.728158224641545
0.727567182422851
0.726977566370803
0.726389375791584
0.725802609949135
0.725217268065365
0.724633349320373
0.724050852852659
0.723469777759346
0.722890123096391
0.72231188787881
0.721735071080886
0.721159671636392
0.720585688438809
0.720013120341541
0.719441966158134
0.718872224662495
0.718303894589109
0.717736974633256
0.717171463451235
0.716607359660573
0.716044661840255
0.715483368530934
0.714923478235153
0.714364989417566
0.713807900505151
0.713252209887437
0.712697915916717
0.712145016908269
0.711593511140577
0.711043396855547
0.71049467225873
0.709947335519538
0.709401384771465
0.708856818112308
0.708313633604382
0.707771829274744
0.707231403115409
0.706692353083571
0.706154677101824
0.705618373058377
0.705083438807277
0.704549872168626
0.704017670928804
0.703486832840682
0.702957355623847
0.702429236964818
0.701902474517267
0.701377065902235
0.700853008708354
0.700330300492064
0.699808938777834
0.699288921058376
0.69877024479487
0.698252907417178
0.697736906324062
0.697222238883407
0.696708902432434
0.696196894277922
0.695686211696422
0.695176851934481
0.694668812208853
0.69416208970672
0.693656681585913
0.693152584975121
0.692649796974115
0.692148314653965
0.691648135057253
0.691149255198294
0.690651672063349
0.690155382610846
0.689660383771592
0.689166672448993
0.688674245519268
0.688183099831665
0.687693232208679
0.687204639446264
0.686717318314053
0.68623126555557
0.685746477888448
0.685262952004639
0.684780684570635
0.68429967222768
0.683819911591983
0.683341399254934
0.682864131783321
0.682388105719538
0.681913317581801
0.681439763864367
0.68096744103774
0.680496345548886
0.680026473821451
0.679557822255967
0.679090387230069
0.678624165098708
0.67815915219436
0.67769534482724
0.677232739285516
0.676771331835515
0.676311118721941
0.675852096168083
0.675394260376025
0.674937607526862
0.674482133780903
0.674027835277889
0.673574708137199
0.673122748458062
0.672671952319764
0.672222315781863
0.671773834884395
0.671326505648081
0.670880324074541
0.670435286146501
0.669991387828002
0.669548625064604
0.669106993783603
0.668666489894231
0.668227109287869
0.667788847838251
0.667351701401673
0.666915665817202
0.666480736906879
0.66604691047593
0.665614182312969
0.665182548190206
0.664752003863654
0.664322545073331
0.663894167543473
0.66346686698273
0.663040639084381
0.662615479526529
0.662191383972316
0.661768348070119
0.661346367453759
0.660925437742705
0.660505554542277
0.660086713443847
0.659668910025049
0.659252139849975
0.658836398469384
0.658421681420901
0.658007984229221
0.657595302406311
0.657183631451613
0.656772966852246
0.656363304083204
0.655954638607562
0.655546965876677
0.655140281330387
0.65473458039721
0.654329858494551
0.653926111028895
0.653523333396012
0.653121520981154
0.652720669159258
0.652320773295142
0.651921828743705
0.651523830850128
0.651126774950069
0.650730656369866
0.650335470426732
0.649941212428954
0.64954787767609
0.649155461459167
0.648763959060881
0.648373365755789
0.64798367681051
0.647594887483919
0.647206993027347
0.646819988684771
0.646433869693016
0.646048631281947
0.645664268674666
0.645280777087707
0.64489815173123
0.644516387809216
0.644135480519663
0.643755425054777
0.64337621660117
0.642997850340049
0.642620321447415
0.64224362509425
0.641867756446714
0.641492710666338
0.641118482910214
0.640745068331187
0.640372462078051
0.640000659295736
0.639629655125501
0.639259444705125
0.638890023169101
0.638521385648819
0.638153527272765
0.637786443166705
0.637420128453878
0.637054578255184
0.636689787689373
0.636325751873236
0.635962465921791
0.635599924948472
0.63523812406532
0.634877058383167
0.634516723011826
0.634157113060277
0.633798223636854
0.633440049849434
0.633082586805619
0.632725829612926
0.632369773378972
0.632014413211657
0.631659744219353
0.631305761511087
0.630952460196724
0.630599835387154
0.630247882194476
0.629896595732179
0.629545971115326
0.629196003460741
0.628846687887185
0.628498019515545
0.628149993469011
0.627802604873262
0.627455848856642
0.627109720550347
0.626764215088601
0.62641932760884
0.626075053251889
0.625731387162144
0.625388324487748
0.625045860380775
0.624703989997406
0.624362708498104
0.624022011047798
0.623681892816057
0.623342348977266
0.623003374710808
0.622664965201233
0.622327115638441
0.621989821217852
0.621653077140587
0.621316878613636
0.620981220850039
0.620646099069057
0.620311508496344
0.619977444364125
0.619643901911363
0.619310876383937
0.618978363034809
0.618646357124202
0.618314853919763
0.61798384869674
0.617653336738151
0.617323313334951
0.616993773786207
0.61666471339926
0.6163361274899
0.61600801138253
0.615680360410334
0.615353169915446
0.615026435249117
0.614700151771878
0.614374314853708
0.614048919874199
0.613723962222723
0.613399437298589
0.613075340511217
0.612751667280294
0.612428413035938
0.612105573218862
0.611783143280536
0.611461118683345
0.611139494900753
0.610818267417463
0.610497431729575
0.610176983344745
0.609856917782347
0.609537230573625
0.609217917261856
0.608898973402507
0.608580394563386
0.608262176324801
0.607944314279719
0.607626804033913
0.607309641206121
0.606992821428202
0.60667634034528
0.606360193615905
0.606044376912201
0.605728885920016
0.605413716339076
0.605098863883131
0.604784324280107
0.604470093272253
0.604156166616289
0.603842540083554
0.603529209460154
0.603216170547102
0.602903419160474
0.602590951131541
0.602278762306925
0.601966848548733
0.601655205734705
0.601343829758352
0.601032716529104
0.600721861972443
0.600411262030046
0.600100912659926
0.599790809836567
0.599480949551064
0.59917132781126
0.598861940641881
0.598552784084674
0.598243854198536
0.597935147059656
0.597626658761643
0.597318385415661
0.597010323150556
0.596702468112996
0.596394816467592
0.596087364397033
0.595780108102212
0.595473043802357
0.595166167735153
0.594859476156873
0.594552965342502
0.594246631585861
0.593940471199729
0.593634480515972
0.593328655885657
0.593022993679181
0.592717490286385
0.59241214211668
0.592106945599159
0.591801897182721
0.591496993336184
0.591192230548401
0.59088760532838
0.590583114205393
0.590278753729092
0.589974520469621
0.589670411017728
0.589366421984877
0.589062550003355
0.588758791726384
0.588455143828227
0.588151603004295
0.587848165971256
0.587544829467136
0.587241590251427
0.58693844510519
0.586635390831154
0.586332424253821
0.586029542219565
0.585726741596732
0.585424019275739
0.585121372169169
0.584818797211871
0.584516291361054
0.584213851596382
0.583911474920065
0.583609158356956
0.58330689895464
0.583004693783524
0.582702539936929
0.582400434531175
0.582098374705671
0.581796357623003
0.581494380469013
0.581192440452893
0.580890534807257
0.580588660788234
0.580286815675542
0.57998499677257
0.57968320140646
0.57938142692818
0.579079670712604
0.578777930158588
0.578476202689044
0.578174485751014
0.57787277681574
0.57757107337874
0.577269372959875
0.57696767310342
0.57666597137813
0.576364265377311
0.57606255271888
0.575760831045437
0.575459098024322
0.575157351347682
0.574855588732529
0.574553807920804
0.574252006679433
0.573950182800388
0.57364833410074
0.573346458422717
0.573044553633759
0.57274261762657
0.572440648319172
0.572138643654955
0.571836601602724
0.571534520156754
0.571232397336832
0.570930231188307
0.570628019782132
0.570325761214911
0.57002345360894
0.569721095112249
0.569418683898644
0.569116218167743
0.568813696145017
0.568511116081826
0.568208476255454
0.567905774969145
0.567603010552135
0.567300181359683
0.566997285773106
0.566694322199805
0.566391289073292
0.566088184853223
0.56578500802542
0.565481757101896
0.565178430620879
0.564875027146835
0.564571545270489
0.564267983608844
0.563964340805202
0.563660615529177
0.563356806476718
0.563052912370117
0.562748931958029
0.56244486401548
0.562140707343881
0.561836460771037
0.561532123151155
0.561227693364857
0.560923170319178
0.560618552947579
0.560313840209946
0.560009031092594
0.559704124608273
0.559399119796159
0.559094015721864
0.558788811477424
0.558483506181303
0.558178098978386
0.55787258903997
0.557566975563762
0.557261257773869
0.556955434920786
0.55664950628139
0.556343471158923
0.556037328882983
0.555731078809508
0.555424720320759
0.555118252825307
0.554811675758011
0.55450498858
0.554198190778654
0.553891281867582
0.553584261386596
0.553277128901691
0.552969884005018
0.552662526314859
0.552355055475594
0.552047471157681
0.551739773057616
0.551431960897911
0.551124034427054
0.550815993419481
0.550507837675535
0.550199567021438
0.549891181309247
0.549582680416817
0.549274064247765
0.548965332731423
0.548656485822805
0.548347523502552
0.548038445776899
0.547729252677623
0.547419944261999
0.54711052061275
0.546800981838001
0.546491328071227
0.546181559471202
0.545871676221947
0.545561678532678
0.545251566637746
0.544941340796591
0.544631001293672
0.544320548438424
0.544009982565185
0.543699304033144
0.54338851322628
0.543077610553293
0.542766596447548
0.542455471367005
0.542144235794157
0.54183289023596
0.541521435223768
0.541209871313262
0.540898199084381
0.54058641914125
0.54027453211211
0.539962538649241
0.539650439428893
0.539338235151205
0.539025926540133
0.538713514343371
0.538400999332272
0.538088382301771
0.537775664070301
0.537462845479714
0.5371499273952
0.536836910705198
0.536523796321319
0.536210585178254
0.535897278233693
0.535583876468233
0.535270380885293
0.534956792511023
0.534643112394214
0.534329341606209
0.534015481240807
0.533701532414174
0.533387496264744
0.533073373953131
0.532759166662026
0.532444875596105
0.532130501981932
0.531816047067856
0.531501512123914
0.531186898441733
0.530872207334426
0.53055744013649
0.530242598203705
0.529927682913029
0.529612695662494
0.529297637871099
0.528982510978707
0.528667316445937
0.528352055754052
0.528036730404857
0.527721341920585
0.527405891843788
0.527090381737228
0.526774813183761
0.526459187786227
0.52614350716734
0.525827772969567
0.525511986855017
0.525196150505329
0.524880265621549
0.524564333924017
0.524248357152248
0.523932337064816
0.523616275439232
0.523300174071826
0.522984034777626
0.522667859390237
0.52235164976172
0.522035407762469
0.521719135281088
0.521402834224267
0.521086506516659
0.520770154100754
0.520453778936755
0.520137383002448
0.519820968293082
0.519504536821236
0.519188090616693
0.518871631726312
0.5185551622139
0.51823868416008
0.517922199662164
0.51760571083402
0.517289219805941
0.516972728724516
0.516656239752496
0.516339755068662
0.51602327686769
0.515706807360022
0.515390348771726
0.515073903344368
0.514757473334872
0.514441061015388
0.514124668673153
0.513808298610359
0.513491953144013
0.513175634605802
0.512859345341953
0.512543087713099
0.512226864094139
0.511910676874099
0.511594528455992
0.511278421256684
0.510962357706747
0.510646340250327
0.510330371344996
0.510014453461618
0.509698589084204
0.509382780709774
0.509067030848213
0.508751342022129
0.508435716766715
0.508120157629603
0.507804667170723
0.507489247962159
0.507173902588008
0.506858633644238
0.506543443738539
0.506228335490185
0.505913311529888
0.505598374499656
0.505283527052644
0.504968771853016
0.504654111575795
0.504339548906723
0.504025086542113
0.503710727188706
0.503396473563523
0.503082328393725
0.502768294416462
0.502454374378734
0.502140571037237
0.501826887158227
0.501513325517368
0.501199888899587
0.500886580098932
0.500573401918422
0.500260357169902
0.4999474486739
0.499634679259478
0.499322051764087
0.499009569033422
0.498697233921274
0.498385049289386
0.498073018007308
0.497761142952248
0.497449427008928
0.497137873069439
0.496826484033093
0.49651526280628
0.496204212302319
0.495893335441317
0.495582635150019
0.495272114361665
0.494961776015845
0.494651623058353
0.49434165844104
0.494031885121674
0.49372230606379
0.49341292423655
0.493103742614592
0.492794764177893
0.492485991911621
0.492177428805989
0.491869077856115
0.491560942061875
0.491253024427764
0.490945327962747
0.490637855680118
0.490330610597359
0.490023595735995
0.489716814121453
0.489410268782917
0.489103962753189
0.488797899068546
0.488492080768598
0.488186510896146
0.487881192497045
0.487576128620057
0.487271322316714
0.486966776641179
0.486662494650102
0.486358479402485
0.486054733959538
0.485751261384544
0.485448064742717
0.485145147101067
0.484842511528257
0.484540161094471
0.484238098871271
0.483936327931463
0.483634851348961
0.483333672198647
0.48303279355624
0.482732218498155
0.482431950101371
0.482131991443294
0.481832345601626
0.481533015654225
0.481234004678978
0.48093531575366
0.480636951955809
0.480338916362586
0.480041212050649
0.479743842096016
0.479446809573937
0.479150117558763
0.478853769123812
0.478557767341243
0.478262115281926
0.477966816015308
0.477671872609291
0.477377288130099
0.477083065642151
0.476789208207935
0.47649571888788
0.47620260074023
0.475909856820917
0.475617490183436
0.475325503878721
0.475033900955019
0.474742684457767
0.474451857429466
0.474161422909563
0.473871383934321
0.473581743536706
0.473292504746256
0.473003670588967
0.472715244087169
0.472427228259406
0.472139626120318
0.471852440680522
0.471565674946491
0.471279331920439
0.4709934146002
0.470707925979117
0.470422869045918
0.470138246784607
0.469854062174345
0.469570318189334
0.469287017798709
0.469004163966415
0.468721759651104
0.468439807806014
0.46815831137886
0.467877273311727
0.46759669654095
0.467316583997013
0.467036938604431
0.466757763281648
0.466479060940924
0.466200834488226
0.465923086823125
0.465645820838685
0.465369039421359
0.465092745450881
0.464816941800163
0.464541631335189
0.464266816914911
0.463992501391147
0.463718687608475
0.463445378404133
0.463172576607918
0.462900285042083
0.462628506521236
0.462357243852241
0.462086499834119
0.461816277257949
0.461546578906768
0.461277407555477
0.461008765970738
0.460740656910886
0.460473083125822
0.46020604735693
0.459939552336971
0.459673600789997
0.459408195431254
0.459143338967087
0.458879034094852
0.458615283502823
0.458352089870097
0.458089455866509
0.457827384152538
0.457565877379218
0.457304938188052
0.457044569210919
0.456784773069991
0.456525552377643
0.456266909736367
0.456008847738687
0.455751368967071
0.455494475993851
0.455238171381135
0.454982457680721
0.454727337434022
0.454472813171978
0.45421888741497
0.453965562672751
0.453712841444352
0.453460726218011
0.453209219471088
0.452958323669989
0.452708041270088
0.452458374715645
0.452209326439734
0.451960898864161
0.451713094399395
0.451465915444482
0.451219364386981
0.450973443602882
0.450728155456535
0.450483502300575
0.450239486475853
0.449996110311358
0.44975337612415
0.449511286219286
0.449269842889752
0.44902904841639
0.448788905067832
0.448549415100425
0.448310580758172
0.448072404272654
0.447834887862968
0.447598033735662
0.447361844084664
0.447126321091217
0.446891466923818
0.446657283738149
0.446423773677014
0.446190938870275
0.44595878143479
0.44572730347435
0.445496507079614
0.445266394328054
0.445036967283887
0.444808227998017
0.444580178507975
0.444352820837862
0.444126156998283
0.443900188986295
0.443674918785348
0.443450348365223
0.443226479681979
0.443003314677894
0.442780855281412
0.442559103407083
0.44233806095551
0.442117729813296
0.441898111852986
0.441679208933015
0.441461022897655
0.441243555576962
0.441026808786721
0.4408107843284
0.440595483989092
0.440380909541466
0.440167062743718
0.43995394533952
0.43974155905797
0.439529905613539
0.439318986706031
0.439108804020526
0.438899359227334
0.438690653981951
0.438482689925008
0.438275468682224
0.438068991864364
0.437863261067187
0.437658277871405
0.437454043842636
0.437250560531359
0.437047829472872
0.436845852187243
0.436644630179271
0.436444164938443
0.436244457938887
0.436045510639333
0.435847324483071
0.435649900897906
0.435453241296121
0.435257347074434
0.435062219613956
0.434867860280153
0.434674270422807
0.434481451375973
0.434289404457941
0.434098130971199
0.433907632202395
0.433717909422294
0.433528963885747
0.433340796831645
0.433153409482893
0.432966803046362
0.432780978712861
0.432595937657096
0.432411681037634
0.432228209996873
0.432045525660999
0.431863629139957
0.431682521527413
0.431502203900723
0.431322677320896
0.431143942832559
0.43096600146393
0.430788854226777
0.430612502116391
0.430436946111552
0.430262187174493
0.430088226250873
0.429915064269744
0.429742702143516
0.429571140767932
0.429400381022031
0.429230423768121
0.429061269851746
0.428892920101659
0.42872537532979
0.428558636331216
0.428392703884133
0.428227578749824
0.428063261672635
0.427899753379942
0.427737054582122
0.427575165972528
0.427414088227461
0.427253822006138
0.427094367950668
0.426935726686024
0.426777898820015
0.426620884943259
0.426464685629158
0.426309301433869
0.42615473289628
0.42600098053798
0.425848044863239
0.425695926358977
0.425544625494741
0.425394142722678
0.425244478477512
0.425095633176517
0.424947607219493
0.424800400988743
0.424654014849043
0.424508449147625
0.424363704214148
0.424219780360675
0.42407667788165
0.423934397053874
0.423792938136482
0.423652301370918
0.423512486980914
0.423373495172464
0.423235326133806
0.423097980035395
0.422961457029881
0.422825757252089
0.422690880818995
0.422556827829702
0.422423598365423
0.422291192489453
0.422159610247154
0.422028851665927
0.421898916755194
0.421769805506378
0.421641517892878
0.421514053870049
0.421387413375184
0.421261596327491
0.42113660262807
0.421012432159896
0.420889084787799
0.42076656035844
0.420644858700292
0.420523979623622
0.420403922920469
0.420284688364624
0.420166275711612
0.42004868469867
0.419931915044729
0.419815966450395
0.419700838597925
0.419586531151215
0.419473043755775
0.419360376038714
0.419248527608718
0.41913749805603
0.419027286952437
0.418917893851245
0.418809318287265
0.41870155977679
0.418594617817581
0.418488491888846
0.418383181451223
0.41827868594676
0.4181750047989
0.41807213741246
0.417970083173615
0.41786884144988
0.417768411590089
0.417668792924385
0.417569984764194
0.417471986402212
0.417374797112387
0.417278416149902
0.417182842751157
0.417088076133753
0.416994115496472
0.416900960019264
0.416808608863228
0.416717061170596
0.416626316064714
0.41653637265003
0.416447230012073
0.416358887217437
0.416271343313769
0.416184597329748
0.41609864827507
0.416013495140432
0.415929136897517
0.415845572498979
0.415762800878422
0.415680820950391
0.41559963161035
0.415519231734672
0.415439620180619
0.415360795786331
0.415282757370805
0.415205503733886
0.415129033656248
0.415053345899378
0.414978439205565
0.414904312297883
0.414830963880174
0.414758392637039
0.414686597233818
0.414615576316578
0.414545328512097
0.414475852427854
0.414407146652009
0.414339209753394
0.414272040281495
0.414205636766441
0.414139997718989
0.414075121630512
0.414011006972982
0.413947652198961
0.413885055741584
0.413823216014549
0.4137621314121
0.413701800309019
0.41364222106061
0.413583392002687
0.413525311451561
0.413467977704028
0.41341138903736
0.413355543709285
0.413300439957983
0.41324607600207
0.413192450040589
0.413139560252992
0.41308740479914
0.413035981819279
0.412985289434037
0.412935325744413
0.412886088831761
0.412837576757784
0.412789787564522
0.412742719274342
0.412696369889925
0.412650737394261
0.412605819750637
0.412561614902625
0.412518120774077
0.412475335269111
0.412433256272105
0.412391881647688
0.41235120924073
0.412311236876335
0.41227196235983
0.41223338347676
0.412195497992879
0.412158303654142
0.412121798186695
0.412085979296875
0.412050844671193
0.412016391976336
0.411982618859157
0.411949522946665
0.411917101846026
0.41188535314455
0.411854274409692
0.41182386318904
0.411794117010316
0.411765033381366
0.411736609790157
0.411708843704777
0.411681732573421
0.411655273824398
0.41162946486612
0.411604303087102
0.411579785855956
0.411555910521394
0.411532674412219
0.411510074837326
0.4114881090857
0.411466774426415
0.41144606810863
0.411425987361593
0.411406529394634
0.41138769139717
0.411369470538702
0.411351863968817
0.411334868817188
0.411318482193575
0.411302701187826
0.411287522869879
0.411272944289765
0.411258962477608
0.411245574443632
0.411232777178158
0.411220567651614
0.411208942814534
0.411197899597566
0.411187434911472
0.41117754564714
0.411168228675581
0.411159480847943
0.411151298995512
0.41114367992972
0.411136620442152
0.411130117304555
0.411124167268846
0.411118767067116
0.411113913411644
0.411109602994906
0.41110583248958
0.411102598548563
0.411099897804975
0.411097726872174
0.411096082343768
0.411094960793625
0.411094358775886
0.411094272824981
0.411094699455638
0.411095635162898
0.411097076422134
0.411099019689061
0.411101461399754
0.411104397970663
0.411107825798632
0.411111741260911
0.411116140715182
0.411121020499569
0.411126376932661
0.411132206313532
0.411138504921759
0.411145269017442
0.41115249484123
0.411160178614336
0.411168316538563
0.411176904796326
0.411185939550679
0.411195416945331
0.41120533310468
0.411215684133831
0.411226466118626
0.411237675125671
0.411249307202358
0.411261358376902
0.411273824658358
0.411286702036662
0.411299986482652
0.411313673948102
0.411327760365753
0.411342241649346
0.411357113693651
0.411372372374506
0.411388013548842
0.411404033054729
0.411420426711401
0.4114371903193
0.411454319660106
0.41147181049678
0.4114896585736
0.411507859616199
0.411526409331606
0.411545303408287
0.411564537516186
0.411584107306764
0.411604008413048
0.411624236449668
0.411644787012906
0.411665655680739
0.411686838012884
0.411708329550848
0.411730125817972
0.411752222319483
0.411774614542539
0.411797297956283
0.411820268011889
0.411843520142621
0.411867049763877
0.41189085227325
0.411914923050574
0.41193925745799
0.41196385083999
0.411988698523483
0.412013795817847
0.412039138014992
0.412064720389415
0.412090538198265
0.412116586681398
0.412142861061447
0.412169356543878
0.412196068317059
0.412222991552322
0.41225012140403
0.412277453009642
0.412304981489786
0.412332701948319
0.412360609472405
0.41238869913258
0.412416965982827
0.412445405060646
0.412474011387129
0.412502779967033
0.412531705788858
0.412560783824919
0.412590009031429
0.412619376348572
0.412648880700586
0.412678516995842
0.412708280126926
0.412738164970721
0.412768166388489
0.412798279225958
0.412828498313408
0.412858818465753
0.412889234482632
0.412919741148501
0.412950333232712
0.412981005489617
0.41301175265865
0.413042569464423
0.413073450616821
0.413104390811095
0.41313538472796
0.41316642703369
0.413197512380219
0.413228635405238
0.413259790732294
0.413290972970896
0.413322176716614
0.413353396551185
0.413384627042613
0.413415862745283
0.413447098200059
0.413478327934401
0.413509546462466
0.413540748285223
0.413571927890565
0.413603079753419
0.413634198335862
0.413665278087233
0.413696313444252
0.413727298831136
0.413758228659717
0.413789097329563
0.413819899228095
0.413850628730713
0.413881280200916
0.413911847990427
0.41394232643932
0.413972709876143
0.414002992618046
0.414033168970914
0.414063233229492
0.414093179677517
0.414123002587853
0.41415269622262
0.414182254833334
0.414211672661036
0.414240943936435
0.414270062880043
0.414299023702316
0.414327820603791
0.414356447775232
0.41438489939777
0.414413169643046
0.414441252673362
0.414469142641819
0.414496833692472
0.414524319960473
0.414551595572224
0.414578654645529
0.414605491289743
0.414632099605929
0.414658473687008
0.41468460761792
0.414710495475778
0.414736131330026
0.414761509242601
0.414786623268091
0.414811467453896
0.414836035840394
0.414860322461104
0.414884321342849
0.414908026505925
0.414931431964269
0.414954531725626
0.414977319791717
0.414999790158418
0.415021936815922
0.41504375374892
0.415065234936773
0.415086374353688
0.415107165968895
0.415127603746825
0.415147681647287
0.415167393625656
0.415186733633045
0.415205695616493
0.415224273519149
0.415242461280454
0.415260252836332
0.415277642119371
0.415294623059018
0.415311189581762
0.415327335611331
0.415343055068879
0.415358341873181
0.415373189940827
0.415387593186415
0.415401545522751
0.415415040861043
0.415428073111101
0.415440636181536
0.41545272397996
0.41546433041319
0.415475449387447
0.415486074808562
0.415496200582182
0.415505820613972
0.415514928809826
0.415523519076074
0.415531585319689
0.415539121448498
0.415546121371394
0.415552578998548
0.415558488241622
0.41556384301398
0.415568637230909
0.41557286480983
0.415576519670518
0.415579595735317
0.415582086929363
0.415583987180801
0.415585290421006
0.415585990584808
0.415586081610711
0.415585557441116
0.415584412022553
0.415582639305896
0.415580233246598
0.415577187804915
0.415573496946133
0.4155691546408
0.415564154864952
0.41555849160035
0.415552158834704
0.415545150561913
0.415537460782293
0.415529083502813
0.41552001273733
0.415510242506825
0.41549976683964
0.415488579771713
0.415476675346818
0.415464047616806
0.415450690641839
0.415436598490634
0.415421765240706
0.415406184978605
0.415389851800161
0.415372759810727
0.415354903125425
0.415336275869385
0.415316872177995
0.415296686197145
0.415275712083474
0.415253944004617
0.415231376139452
0.415208002678347
0.415183817823413
0.415158815788749
0.415132990800696
0.415106337098081
0.415078848932477
0.415050520568445
0.415021346283796
0.414991320369834
0.414960437131615
0.414928690888198
0.414896075972901
0.414862586733551
0.414828217532744
0.414792962748098
0.414756816772506
0.414719774014395
0.414681828897983
0.414642975863531
0.414603209367605
0.414562523883331
0.414520913900652
0.414478373926585
0.414434898485483
0.41439048211929
0.4143451193878
0.414298804868916
0.414251533158908
0.414203298872677
0.414154096644006
0.414103921125828
0.41405276699048
0.414000628929964
0.413947501656208
0.413893379901326
0.413838258417877
0.413782131979124
0.413724995379299
0.413666843433856
0.413607670979737
0.413547472875629
0.413486244002226
0.413423979262488
0.413360673581901
0.413296321908736
0.413230919214312
0.413164460493252
0.413096940763744
0.413028355067802
0.412958698471522
0.412887966065344
0.412816152964309
0.412743254308318
0.412669265262392
0.412594181016927
0.412517996787953
0.412440707817395
0.412362309373324
0.412282796750218
0.412202165269218
0.412120410278383
0.412037527152947
0.411953511295573
0.411868358136608
0.41178206313434
0.411694621775248
0.411606029574257
0.411516282074994
0.411425374850034
0.411333303501159
0.411240063659604
0.411145650986309
0.411050061172173
0.410953289938295
0.410855333036234
0.410756186248246
0.41065584538754
0.41055430629852
0.410451564857034
0.410347616970615
0.410242458578732
0.410136085653028
0.410028494197565
0.409919680249068
0.409809639877163
0.409698369184619
0.409585864307589
0.409472121415846
0.409357136713022
0.409240906436845
0.409123426859374
0.409004694287236
0.408884705061855
0.408763455559693
0.408640942192471
0.408517161407409
0.408392109687452
0.408265783551497
0.408138179554623
0.408009294288317
0.407879124380696
0.407747666496735
0.407614917338488
0.407480873645309
0.407345532194072
0.407208889799392
0.40707094331384
0.406931689628161
0.40679112567149
0.406649248411562
0.406506054854931
0.406361542047171
0.406215707073098
0.406068547056967
0.405920059162685
0.405770240594015
0.405619088594778
0.405466600449059
0.405312773481405
0.405157605057022
0.40500109258198
0.404843233503403
0.404684025309662
0.404523465530577
0.404361551737597
0.404198281543998
0.404033652605068
0.403867662618294
0.403700309323543
0.40353159050325
0.403361503982598
0.403190047629694
0.403017219355751
0.40284301711526
0.402667438906167
0.402490482770043
0.402312146792256
0.402132429102138
0.401951327873153
0.40176884132306
0.401584967714077
0.401399705353041
0.401213052591568
0.401025007826209
0.400835569498604
0.400644736095636
0.400452506149583
0.400258878238264
0.400063850985189
0.3998674230597
0.399669593177117
0.399470360098878
0.399269722632673
0.399067679632587
0.398864229999231
0.398659372679871
0.398453106668563
0.398245431006278
0.398036344781026
0.397825847127981
0.397613937229602
0.397400614315752
0.397185877663812
0.396969726598796
0.396752160493465
0.396533178768434
0.39631278089228
0.396090966381646
0.395867734801345
0.395643085764458
0.395417018932436
0.395189534015188
0.39496063077118
0.394730309007526
0.394498568580069
0.394265409393474
0.394030831401308
0.393794834606122
0.393557419059527
0.39331858486227
0.393078332164311
0.392836661164889
0.392593572112593
0.392349065305427
0.392103141090871
0.391855799865945
0.391607042077267
0.391356868221103
0.391105278843427
0.390852274539966
0.390597855956251
0.390342023787659
0.390084778779459
0.389826121726849
0.389566053474992
0.389304574919055
0.389041687004237
0.388777390725801
0.388511687129096
0.388244577309588
0.387976062412872
0.387706143634699
0.387434822220989
0.387162099467839
0.386887976721541
0.386612455378586
0.386335536885668
0.386057222739689
0.385777514487755
0.385496413727177
0.385213922105461
0.384930041320301
0.384644773119567
0.384358119301292
0.384070081713654
0.383780662254957
0.383489862873607
0.383197685568087
0.382904132386931
0.38260920542869
0.382312906841901
0.382015238825049
0.381716203626531
0.381415803544607
0.381114040927364
0.380810918172662
0.380506437728087
0.380200602090897
0.379893413807964
0.379584875475721
0.379274989740095
0.378963759296445
0.378651186889494
0.378337275313262
0.378022027410991
0.377705446075069
0.377387534246954
0.377068294917092
0.376747731124834
0.37642584595835
0.376102642554536
0.375778124098929
0.375452293825606
0.375125155017088
0.374796711004244
0.374466965166182
0.374135920930147
0.373803581771412
0.373469951213164
0.373135032826396
0.372798830229785
0.372461347089575
0.372122587119454
0.37178255408043
0.371441251780703
0.371098684075535
0.370754854867118
0.370409768104436
0.370063427783131
0.369715837945358
0.369367002679643
0.369016926120737
0.368665612449467
0.368313065892586
0.367959290722617
0.367604291257695
0.367248071861413
0.366890636942655
0.366531990955433
0.366172138398721
0.365811083816284
0.365448831796509
0.365085386972224
0.364720754020529
0.364354937662609
0.363987942663557
0.363619773832183
0.363250436020837
0.362879934125207
0.362508273084139
0.36213545787943
0.361761493535643
0.3613863851199
0.361010137741681
0.360632756552622
0.360254246746308
0.359874613558062
0.359493862264738
0.3591119981845
0.358729026676615
0.358344953141226
0.35795978301914
0.357573521791598
0.357186174980053
0.356797748145945
0.356408246890465
0.356017676854332
0.35562604371755
0.355233353199178
0.354839611057092
0.35444482308774
0.354048995125902
0.353652133044447
0.353254242754084
0.352855330203114
0.35245540137718
0.352054462299012
0.351652519028175
0.35124957766081
0.350845644329376
0.350440725202389
0.350034826484159
0.349627954414528
0.349220115268598
0.34881131535647
0.348401561022965
0.347990858647361
0.347579214643113
0.347166635457579
0.346753127571742
0.346338697499934
0.345923351789551
0.345507097020772
0.345089939806276
0.344671886790952
0.344252944651619
0.343833120096728
0.343412419866077
0.342990850730516
0.342568419491655
0.342145132981566
0.34172099806249
0.341296021626533
0.340870210595372
0.340443571919949
0.340016112580172
0.339587839584607
0.339158759970175
0.338728880801846
0.338298209172329
0.337866752201763
0.337434517037405
0.337001510853321
0.336567740850072
0.336133214254397
0.335697938318901
0.335261920321736
0.334825167566284
0.334387687380837
0.333949487118281
0.333510574155768
0.333070955894402
0.332630639758909
0.332189633197317
0.33174794368063
0.331305578702504
0.330862545778915
0.330418852447837
0.329974506268911
0.329529514823117
0.329083885712441
0.328637626559547
0.328190745007446
0.32774324871916
0.327295145377394
0.326846442684197
0.326397148360633
0.325947270146442
0.325496815799707
0.325045793096516
0.324594209830628
0.324142073813134
0.32368939287212
0.323236174852331
0.322782427614827
0.322328159036651
0.321873377010486
0.321418089444316
0.320962304261088
0.320506029398368
0.320049272808005
0.319592042455788
0.319134346321106
0.318676192396606
0.318217588687852
0.317758543212987
0.317299064002385
0.316839159098316
0.316378836554602
0.315918104436273
0.315456970819231
0.314995443789902
0.3145335314449
0.314071241890683
0.313608583243212
0.313145563627608
0.312682191177817
0.312218474036261
0.311754420353505
0.31129003828791
0.310825336005299
0.310360321678612
0.30989500348757
0.309429389618334
0.308963488263168
0.308497307620096
0.308030855892572
0.307564141289134
0.307097172023073
0.306629956312093
0.306162502377977
0.305694818446248
0.30522691274584
0.304758793508758
0.304290468969746
0.303821947365955
0.30335323693661
0.302884345922678
0.302415282566537
0.301946055111644
0.301476671802208
0.301007140882861
0.300537470598329
0.300067669193105
0.299597744911122
0.299127705995429
0.298657560687868
0.298187317228745
0.297716983856513
0.297246568807447
0.296776080315326
0.296305526611112
0.295834915922629
0.29536425647425
0.294893556486578
0.29442282417613
0.293952067755026
0.293481295430672
0.293010515405451
0.29253973587641
0.292068965034953
0.291598211066532
0.291127482150338
0.290656786459
0.290186132158273
0.289715527406745
0.289244980355526
0.288774499147951
0.288304091919285
0.28783376679642
0.287363531897579
0.286893395332026
0.286423365199768
0.285953449591265
0.28548365658714
0.28501399425789
0.284544470663598
0.284075093853649
0.283605871866444
0.283136812729117
0.282667924457257
0.282199215054628
0.281730692512886
0.281262364811311
0.280794239916527
0.280326325782233
0.279858630348927
0.279391161543643
0.278923927279678
0.27845693545633
0.277990193958632
0.27752371065709
0.277057493407423
0.276591550050305
0.276125888411107
0.275660516299641
0.27519544150991
0.274730671819856
0.274266214991106
0.273802078768732
0.273338270880999
0.272874799039125
0.272411670937039
0.27194889425114
0.271486476640057
0.271024425744419
0.270562749186617
0.270101454570572
0.269640549481506
0.269180041485715
0.268719938130341
0.26826024694315
0.267800975432309
0.267342131086168
0.26688372137304
0.266425753740986
0.265968235617601
0.265511174409806
0.265054577503633
0.264598452264024
0.264142806034618
0.263687646137556
0.263232979873274
0.262778814520309
0.262325157335099
0.261872015551787
0.261419396382035
0.260967307014827
0.260515754616285
0.260064746329481
0.259614289274254
0.259164390547029
0.258715057220638
0.258266296344141
0.257818114942651
0.257370520017164
0.256923518544386
0.256477117476565
0.256031323741324
0.2555861442415
0.255141585854978
0.254697655434534
0.254254359807679
0.253811705776499
0.253369700117508
0.252928349581492
0.252487660893364
0.252047640752017
0.251608295830177
0.251169632774265
0.250731658204257
0.250294378713543
0.249857800868796
0.249421931209836
0.248986776249501
0.248552342473516
0.24811863634037
0.24768566428119
0.247253432699617
0.246821947971691
0.246391216445729
0.245961244442211
0.245532038253668
0.245103604144569
0.244675948351213
0.244249077081621
0.243822996515437
0.243397712803816
0.242973232069334
0.242549560405881
0.242126703878571
0.241704668523647
0.241283460348388
0.24086308533102
0.240443549420628
0.240024858537073
0.239607018570907
0.239190035383292
0.23877391480592
0.238358662640937
0.237944284660872
0.237530786608557
0.23711817419706
0.236706453109618
0.236295628999565
0.235885707490274
0.23547669417509
0.235068594617269
0.234661414349921
0.234255158875956
0.233849833668021
0.233445444168457
0.23304199578924
0.232639493911938
0.232237943887661
0.231837351037016
0.231437720650065
0.231039057986282
0.230641368274516
0.23024465671295
0.229848928469068
0.229454188679621
0.229060442450591
0.228667694857166
0.228275950943709
0.227885215723729
0.227495494179859
0.227106791263831
0.226719111896456
0.226332460967601
0.225946843336174
0.225562263830105
0.225178727246331
0.224796238350784
0.224414801878379
0.224034422533002
0.223655104987505
0.223276853883693
0.222899673832325
0.222523569413105
0.222148545174682
0.221774605634648
0.221401755279539
0.221029998564836
0.220659339914967
0.220289783723315
0.21992133435222
0.219553996132991
0.219187773365909
0.218822670320241
0.218458691234249
0.218095840315205
0.2177341217394
0.217373539652164
0.21701409816788
0.21665580137
0.216298653311064
0.215942658012722
0.215587819465751
0.215234141630079
0.214881628434805
0.214530283778226
0.214180111527861
0.213831115520474
0.213483299562103
0.213136667428088
0.212791222863099
0.212446969581161
0.212103911265692
0.211762051569528
0.211421394114956
0.211081942493747
0.210743700267189
0.210406670966123
0.210070858090973
0.209736265111783
0.209402895468258
0.20907075256979
0.208739839795505
0.208410160494296
0.208081717984858
0.207754515555735
0.207428556465349
0.207103843942046
0.206780381184134
0.206458171359921
0.206137217607759
0.205817523036079
0.205499090723441
0.205181923718564
0.204866025040376
0.204551397678051
0.204238044591052
0.203925968709172
0.203615172932575
0.203305660131843
0.202997433148008
0.202690494792604
0.202384847847699
0.202080495065945
0.201777439170614
0.20147568285564
0.201175228785664
0.200876079596066
0.200578237893015
0.200281706253504
0.199986487225389
0.199692583327432
0.199399997049335
0.199108730851783
0.198818787166482
0.198530168396191
0.198242876914764
0.197956915067184
0.197672285169601
0.197388989509363
0.197107030345052
0.196826409906519
0.196547130394914
0.196269193982718
0.195992602813777
0.195717359003327
0.195443464638027
0.195170921775985
0.194899732446784
0.194629898651511
0.194361422362778
0.19409430552475
0.193828550053162
0.193564157835343
0.193301130730236
0.193039470568417
0.19277917915211
0.192520258255202
0.192262709623263
0.192006534973551
0.191751735995028
0.191498314348369
0.191246271665968
0.190995609551946
0.190746329582157
0.190498433304186
0.190251922237355
0.19000679787272
0.189763061673067
0.18952071507291
0.189279759478482
0.189040196267729
0.188802026790296
0.188565252367516
0.188329874292395
0.188095893829593
0.187863312215407
0.187632130657748
0.187402350336116
0.187173972401574
0.18694699797672
0.186721428155654
0.186497264003944
0.186274506558591
0.186053156827985
0.185833215791871
0.185614684401297
0.185397563578568
0.1851818542172
0.184967557181861
0.184754673308319
0.184543203403377
0.184333148244821
0.184124508581344
0.183917285132483
0.183711478588549
0.183507089610546
0.183304118830099
0.18310256684937
0.182902434240973
0.182703721547885
0.182506429283356
0.182310557930812
0.18211610794376
0.181923079745679
0.181731473729919
0.181541290259588
0.18135252966744
0.181165192255758
0.180979278296228
0.18079478802982
0.180611721666655
0.180430079385868
0.180249861335479
0.180071067632242
0.179893698361506
0.17971775357706
0.179543233300979
0.17937013752347
0.1791984662027
0.179028219264635
0.178859396602864
0.178691998078425
0.178526023519619
0.178361472721827
0.178198345447316
0.178036641425048
0.177876360350472
0.177717501885325
0.177560065657417
0.177404051260418
0.177249458253633
0.177096286161783
0.176944534474768
0.176794202647431
0.176645290099321
0.176497796214442
0.176351720341
0.176207061791152
0.176063819840732
0.175921993728993
0.175781582658325
0.175642585793979
0.175505002263781
0.175368831157839
0.175234071528246
0.175100722388778
0.174968782714587
0.174838251441881
0.174709127467606
0.174581409649122
0.174455096803864
0.174330187709008
0.174206681101123
0.17408457567582
0.173963870087394
0.173844562948463
0.173726652829591
0.173610138258918
0.173495017721772
0.173381289660281
0.173268952472978
0.173158004514392
0.173048444094648
0.172940269479043
0.172833478887625
0.172728070494764
0.172624042428716
0.17252139277118
0.172420119556844
0.172320220772932
0.172221694358738
0.172124538205157
0.172028750154204
0.171934327998531
0.171841269480935
0.171749572293856
0.171659234078874
0.171570252426196
0.171482624874131
0.171396348908565
0.171311421962427
0.171227841415145
0.171145604592094
0.171064708764045
0.170985151146594
0.170906928899596
0.170830039126582
0.170754478874176
0.170680245131498
0.170607334829565
0.170535744840682
0.170465471977826
0.170396512994023
0.170328864581715
0.170262523372127
0.170197485934616
0.170133748776019
0.170071308339996
0.170010161006358
0.169950303090395
0.16989173084219
0.169834440445933
0.169778428019219
0.169723689612347
0.169670221207607
0.169618018718558
0.169567077989305
0.169517394793763
0.169468964834917
0.169421783744071
0.169375847080097
0.169331150328666
0.169287688901485
0.169245458135516
0.169204453292193
0.169164669556632
0.169126102036834
0.169088745762877
0.169052595686109
0.169017646678329
0.16898389353096
0.168951330954222
0.168919953576289
0.168889755942452
0.16886073251426
0.168832877668673
0.168806185697191
0.168780650804988
0.168756267110041
0.168733028642243
0.16871092934252
0.168689963061938
0.168670123560808
0.168651404507778
0.168633799478929
0.168617301956859
0.168601905329766
0.168587602890525
0.168574387835756
0.168562253264896
0.168551192179261
0.168541197481101
0.168532261972659
0.168524378355218
0.168517539228149
0.168511737087957
0.168506964327314
0.168503213234101
0.16850047599044
0.168498744671726
0.168498011245651
0.168498267571234
0.168499505397842
0.168501716364213
0.168504891997475
0.168509023712166
0.168514102809248
0.168520120475128
0.168527067780668
0.168534935680205
0.168543715010564
0.168553396490072
0.168563970717578
0.168575428171464
0.168587759208664
0.168600954063685
0.168615002847626
0.168629895547198
0.168645622023752
0.168662172012306
0.168679535120573
0.168697700827997
0.168716658484787
0.168736397310966
0.168756906395408
0.168778174694894
0.168800191033169
0.1688229441
0.168846422450247
0.168870614502938
0.168895508540347
0.168921092707087
0.168947355009204
0.168974283313281
0.169001865345557
0.169030088691044
0.169058940792664
0.16908840895039
0.169118480320398
0.169149141914238
0.169180380598004
0.169212183091527
0.169244535967574
0.169277425651066
0.169310838418307
0.169344760396225
0.169379177561632
0.169414075740501
0.16944944060725
0.169485257684058
0.169521512340184
0.16955818979131
0.169595275098906
0.169632753169609
0.169670608754623
0.169708826449145
0.169747390691803
0.169786285764122
0.169825495790016
0.169865004735293
0.169904796407196
0.169944854453957
0.169985162364387
0.170025703467488
0.170066460932087
0.170107417766508
0.170148556818262
0.170189860773775
0.17023131215814
0.170272893334903
0.170314586505879
0.170356373710998
0.170398236828194
0.170440157573314
0.170482117500073
0.170524098000037
0.17056608030265
0.17060804547529
0.170649974423369
0.170691847890471
0.170733646458528
0.170775350548037
0.17081694041832
0.170858396167827
0.170899697734477
0.170940824896051
0.170981757270623
0.171022474317045
0.171062955335468
0.171103179467918
0.171143125698923
0.171182772856183
0.171222099611291
0.171261084480513
0.171299705825609
0.171337941854718
0.171375770623289
0.171413170035071
0.171450117843157
0.171486591651086
0.171522568914005
0.171558026939883
0.17159294289079
0.171627293784236
0.171661056494569
0.171694207754438
0.171726724156315
0.171758582154086
0.171789758064704
0.171820228069905
0.171849968217999
0.171878954425719
0.171907162480146
0.171934568040697
0.171961146641186
0.171986873691957
0.172011724482088
0.172035674181664
0.172058697844127
0.172080770408703
0.172101866702892
0.17212196144505
0.172141029247032
0.172159044616923
0.172175981961842
0.172191815590823
0.172206519717779
0.172220068464544
0.172232435863996
0.172243595863255
0.172253522326978
0.172262189040717
0.172269569714374
0.172275637985732
0.172280367424074
0.172283731533884
0.172285703758631
0.172286257484643
0.172285366045062
0.172283002723889
0.17227914076011
0.172273753351912
0.172266813660989
0.172258294816926
0.172248169921682
0.172236412054147
0.172222994274802
0.17220788963045
0.172191071159051
0.172172511894633
0.172152184872296
0.172130063133303
0.172106119730256
0.172080327732366
0.172052660230806
0.172023090344145
0.171991591223885
0.171958136060065
0.171922698086971
0.171885250588911
0.171845766906096
0.171804220440591
0.171760584662353
0.171714833115361
0.171666939423819
0.171616877298445
0.171564620542844
0.171510143059956
0.171453418858591
0.17139442206004
0.171333126904757
0.17126950775913
0.171203539122322
0.171135195633181
0.171064452077235
0.170991283393751
0.170915664682865
0.170837571212788
0.170756978427071
0.170673861951942
0.170588197603708
0.170499961396217
0.170409129548386
0.170315678491784
0.170219584878273
0.170120825587713
0.17001937773571
0.169915218681423
0.169808326035417
0.169698677667571
0.169586251715018
0.169471026590146
0.169352980988621
0.169232093897465
0.169108344603161
0.16898171269979
0.168852178097208
0.168719721029241
0.168584322061912
0.168445962101687
0.168304622403744
0.168160284580257
0.168012930608693
0.167862542840122
0.167709104007535
0.167552597234163
0.167393006041801
0.167230314359132
0.167064506530035
0.166895567321903
0.16672348193393
0.166548236005393
0.166369815623918
0.166188207333709
0.16600339814377
0.165815375536078
0.165624127473741
0.165429642409102
0.165231909291814
0.16503091757686
0.164826657232537
0.164619118748373
0.164408293142996
0.164194171971943
0.163976747335396
0.163756011885861
0.163531958835764
0.163304581964975
0.163073875628252
0.162839834762597
0.162602454894523
0.162361732147234
0.162117663247694
0.161870245533613
0.161619476960308
0.161365356107471
0.161107882185811
0.160847055043583
0.160582875172997
0.160315343716493
0.160044462472895
0.159770233903426
0.15949266113758
0.159211747978861
0.158927498910368
0.158639919100233
0.158349014406904
0.158054791384269
0.157757257286619
0.157456420073444
0.157152288414064
0.156844871692077
0.156534180009642
0.156220224191576
0.155903015789264
0.155582567084389
0.155258891092467
0.154932001566192
0.154601912998577
0.154268640625906
0.153932200430475
0.153592609143132
0.153249884245603
0.152904043972617
0.152555107313807
0.152203094015405
0.151848024581709
0.151489920276337
0.151128803123259
0.150764695907599
0.150397622176218
0.150027606238063
0.149654673164294
0.149278848788174
0.148900159704733
0.148518633270195
0.148134297601177
0.147747181573648
0.147357314821657
0.146964727735831
0.146569451461623
0.146171517897342
0.14577095969194
0.145367810242563
0.144962103691873
0.144553874925133
0.14414315956706
0.143729993978453
0.143314415252583
0.142896461211358
0.142476170401265
0.142053582089084
0.14162873625738
0.141201673599774
0.140772435516005
0.140341064106764
0.139907602168331
0.139472093186991
0.139034581333259
0.13859511145589
0.138153729075703
0.13771048037921
0.137265412212054
0.136818572072264
0.136370008103335
0.135919769087134
0.135467904436631
0.135014464188478
0.134559498995425
0.134103060118585
0.133645199419561
0.133185969352427
0.132725422955587
0.132263613843504
0.131800596198312
0.131336424761331
0.130871154824461
0.130404842221505
0.129937543319388
0.129469315009315
0.129000214697855
0.128530300297962
0.12805963021996
0.127588263362477
0.127116259103354
0.126643677290534
0.126170578232942
0.125697022691366
0.125223071869349
0.124748787404105
0.12427423135747
0.123799466206896
0.123324554836502
0.122849560528202
0.122374546952904
0.12189957816181
0.121424718577821
0.12095003298706
0.120475586530534
0.120001444695935
0.119527673309606
0.11905433852868
0.118581506833407
0.118109245019688
0.117637620191822
0.117166699755485
0.116696551410968
0.116227243146662
0.11575884323284
0.115291420215723
0.114825042911865
0.114359780402863
0.113895702030418
0.113432877391755
0.112971376335428
0.112511268957526
0.112052625598289
0.111595516839171
0.111140013500354
0.110686186638732
0.110234107546401
0.109783847749657
0.109335479008532
0.108889073316886
0.108444702903079
0.108002440231244
0.107562358003185
0.107124529160914
0.106689026889864
0.106255924622801
0.105825296044437
0.105397215096807
0.104971755985402
0.104548993186106
0.104129001452948
0.103711855826718
0.10329763164445
0.102886404549825
0.102478250504509
0.102073245800465
0.101671467073266
0.101272991316449
0.10087789589694
0.100486258571581
0.100098157504805
0.0997136712874949
0.0993328789570524
0.0989558600187393
0.0985826944683135
0.0982134628160131
0.0978482461119319
0.0974871259728314
0.0971301846104378
0.0967775048612768
0.0964291702180938
0.096085264862918
0.0957458737018252
0.0954110824014563
0.0950809774273573
0.0947556460841973
0.0944351765579385
0.0941196579600233
0.0938091803736503
0.0935038349022171
0.0932037137200068
0.0929089101252021
0.0926195185953111
0.0923356348450965
0.092057355887103
0.0917847800948778
0.091518007268993
0.0912571387059732
0.0910022772702443
0.0907535274692219
0.0905109955316632
0.0902747894894138
0.0900450192626869
0.0898217967490185
0.089605235916048
0.0893954528982886
0.0891925660980476
0.0889966962906763
0.0888079667343343
0.088626503284459
0.0884524345131471
0.0882858918336646
0.0881270096303045
0.0879759253938398
0.087832779862814
0.0876977171709394
0.0875708850008782
0.0874524347447005
0.0873425216713298
0.0872413051013006
0.0871489485891736
0.0870656201139701
0.0869914922780111
0.0869267425145635
0.0868715533047218
0.0868261124039763
0.0867906130789457
0.0867652543547746
0.0867502412737331
0.0867457851655785
0.0867521039302758
0.0867694223337068
0.0867979723170344
0.0868379933204294
0.0868897326219048
0.08695344569205
0.0870293965655038
0.0871178582300535
0.0872191130343024
0.087333453114904
0.0874611808444199
0.0876026093009275
0.0877580627605672
0.0879278772142934
0.0881124009101755
0.0883119949226724
0.0885270337503966
0.0887579059439814
0.089005014765759
0.0892687788830736
0.0895496330971643
0.0898480291096805
0.0901644363290212
0.0904993427188349
0.0908532556911698
0.0912267030469184
0.0916202339663896
0.0920344200530133
0.0924698564333935
0.0929271629171345
0.0934069852200989
0.0939099962550021
0.0944368974935132
0.0949884204043181
0.0955653279719073
0.0961684163011787
0.0967985163133033
0.0974564955386796
0.0981432600132108
0.0988597562845892
0.0996069735357353
0.100385945833061
0.101197754507776
0.102043530679044
0.102924457928456
0.103841775135959
0.104796779488145
0.105790829670594
0.106825349256874
0.107901830307694
0.109021837194772
0.110187010665072
0.111399072162236
0.112659828423387
0.11397117637081
0.115335108319626
0.116753717524137
0.11822920408738
0.119763881260342
0.121360182159394
0.12302066693282
0.12474803040979
0.126545110267848
0.128414895757946
0.130360537029261
0.132385355099525
0.134492852520439
0.136686724791886
0.138970872583196
0.141349414824686
0.143826702738094
0.146407334880458
0.149096173282436
0.151898360769154
0.154819339559398
0.157864871247449
0.161041058281144
0.164354367059932
0.167811652787857
0.171420186228668
0.175187682523707
0.179122332248024
0.183232834896452
0.187528435009206
0.192018961166348
0.196714868102096
0.201627282213875
0.206768050767382
0.212149795128036
0.217785968381297
0.223690917739833
0.229879952174776
0.236369415751673
0.24317676719987
0.250320666297234
0.257821067711163
