-0.000590848859105209
-0.000390642993304602
-0.000190437127503995
9.76873829661162e-06
0.000209974604097274
0.000410180469897936
0.000610386335698598
0.000810592201499261
0.00101079806729992
0.00121100393310059
0.00141120979890125
0.00161141566470191
0.00181162153050257
0.00201182739630323
0.0022120332621039
0.00241223912790456
0.00261244499370522
0.00281265085950588
0.00301285672530655
0.00321306259110721
0.00341326845690787
0.00361347432270853
0.00381368018850919
0.00401388605430991
0.00421409192011057
0.00441429778591124
0.0046145036517119
0.00481470951751256
0.00501491538331322
0.00521512124911389
0.00541532711491455
0.00561553298071521
0.00581573884651587
0.00601594471231653
0.0062161505781172
0.00641635644391786
0.00661656230971852
0.00681676817551918
0.00701697404131985
0.00721717990712051
0.00741738577292117
0.00761759163872183
0.00781779750452249
0.00801800337032316
0.00821820923612382
0.00841841510192448
0.00861862096772514
0.00881882683352581
0.00901903269932647
0.00921923856512713
0.00941944443092779
0.00961965029672845
0.00981985616252912
0.0100200620283298
0.0102202678941304
0.0104204737599311
0.0106206796257318
0.0108208854915325
0.0110210913573331
0.0112212972231338
0.0114215030889345
0.0116217089547351
0.0118219148205358
0.0120221206863365
0.0122223265521371
0.0124225324179378
0.0126227382837384
0.0128229441495391
0.0130231500153398
0.0132233558811404
0.0134235617469411
0.0136237676127418
0.0138239734785424
0.0140241793443431
0.0142243852101437
0.0144245910759444
0.0146247969417451
0.0148250028075457
0.0150252086733464
0.0152254145391471
0.0154256204049477
0.0156258262707484
0.015826032136549
0.0160262380023497
0.0162264438681504
0.016426649733951
0.0166268555997517
0.0168270614655524
0.017027267331353
0.0172274731971537
0.0174276790629544
0.0176278849287551
0.0178280907945557
0.0180282966603564
0.018228502526157
0.0184287083919577
0.0186289142577584
0.018829120123559
0.0190293259893597
0.0192295318551604
0.019429737720961
0.0196299435867617
0.0198301494525623
0.020030355318363
0.0202305611841637
0.0204307670499643
0.020630972915765
0.0208311787815657
0.0210313846473663
0.021231590513167
0.0214317963789676
0.0216320022447683
0.021832208110569
0.0220324139763696
0.0222326198421703
0.0224328257079709
0.0226330315737716
0.0228332374395723
0.0230334433053729
0.0232336491711736
0.0234338550369743
0.0236340609027749
0.0238342667685756
0.0240344726343762
0.024234678500177
0.0244348843659776
0.0246350902317783
0.024835296097579
0.0250355019633796
0.0252357078291803
0.0254359136949809
0.0256361195607816
0.0258363254265823
0.0260365312923829
0.0262367371581836
0.0264369430239842
0.0266371488897849
0.0268373547555856
0.0270375606213862
0.0272377664871869
0.0274379723529876
0.0276381782187882
0.0278383840845889
0.0280385899503895
0.0282387958161902
0.0284390016819909
0.0286392075477915
0.0288394134135922
0.0290396192793929
0.0292398251451935
0.0294400310109942
0.0296402368767948
0.0298404427425955
0.0300406486083962
0.0302408544741968
0.0304410603399975
0.0306412662057982
0.0308414720715988
0.0310416779373995
0.0312418838032002
0.0314420896690009
0.0316422955348015
0.0318425014006022
0.0320427072664028
0.0322429131322035
0.0324431189980042
0.0326433248638048
0.0328435307296055
0.0330437365954062
0.0332439424612068
0.0334441483270075
0.0336443541928081
0.0338445600586088
0.0340447659244095
0.0342449717902101
0.0344451776560108
0.0346453835218115
0.0348455893876121
0.0350457952534128
0.0352460011192134
0.0354462069850141
0.0356464128508148
0.0358466187166154
0.0360468245824161
0.0362470304482168
0.0364472363140174
0.0366474421798181
0.0368476480456187
0.0370478539114194
0.0372480597772201
0.0374482656430207
0.0376484715088214
0.0378486773746221
0.0380488832404228
0.0382490891062234
0.0384492949720241
0.0386495008378248
0.0388497067036254
0.0390499125694261
0.0392501184352267
0.0394503243010274
0.0396505301668281
0.0398507360326287
0.0400509418984294
0.0402511477642301
0.0404513536300307
0.0406515594958314
0.040851765361632
0.0410519712274327
0.0412521770932334
0.041452382959034
0.0416525888248347
0.0418527946906354
0.042053000556436
0.0422532064222367
0.0424534122880373
0.042653618153838
0.0428538240196387
0.0430540298854393
0.04325423575124
0.0434544416170407
0.0436546474828413
0.043854853348642
0.0440550592144426
0.0442552650802433
0.044455470946044
0.0446556768118447
0.0448558826776453
0.045056088543446
0.0452562944092467
0.0454565002750473
0.045656706140848
0.0458569120066487
0.0460571178724493
0.04625732373825
0.0464575296040506
0.0466577354698513
0.046857941335652
0.0470581472014526
0.0472583530672533
0.047458558933054
0.0476587647988546
0.0478589706646553
0.0480591765304559
0.0482593823962566
0.0484595882620573
0.0486597941278579
0.0488599999936586
0.0490602058594592
0.0492604117252599
0.0494606175910606
0.0496608234568612
0.0498610293226619
0.0500612351884626
0.0502614410542632
0.0504616469200639
0.0506618527858645
0.0508620586516652
0.0510622645174659
0.0512624703832665
0.0514626762490673
0.0516628821148679
0.0518630879806686
0.0520632938464692
0.0522634997122699
0.0524637055780706
0.0526639114438712
0.0528641173096719
0.0530643231754725
0.0532645290412732
0.0534647349070739
0.0536649407728745
0.0538651466386752
0.0540653525044759
0.0542655583702765
0.0544657642360772
0.0546659701018778
0.0548661759676785
0.0550663818334792
0.0552665876992798
0.0554667935650805
0.0556669994308812
0.0558672052966818
0.0560674111624825
0.0562676170282831
0.0564678228940838
0.0566680287598845
0.0568682346256851
0.0570684404914858
0.0572686463572865
0.0574688522230871
0.0576690580888878
0.0578692639546884
0.0580694698204891
0.0582696756862898
0.0584698815520905
0.0586700874178911
0.0588702932836918
0.0590704991494925
0.0592707050152931
0.0594709108810938
0.0596711167468945
0.0598713226126951
0.0600715284784958
0.0602717343442964
0.0604719402100971
0.0606721460758978
0.0608723519416984
0.0610725578074991
0.0612727636732998
0.0614729695391004
0.0616731754049011
0.0618733812707017
0.0620735871365024
0.0622737930023031
0.0624739988681037
0.0626742047339044
0.0628744105997051
0.0630746164655057
0.0632748223313064
0.063475028197107
0.0636752340629077
0.0638754399287084
0.064075645794509
0.0642758516603097
0.0644760575261104
0.064676263391911
0.0648764692577117
0.0650766751235124
0.0652768809893131
0.0654770868551137
0.0656772927209144
0.065877498586715
0.0660777044525157
0.0662779103183164
0.066478116184117
0.0666783220499177
0.0668785279157184
0.067078733781519
0.0672789396473197
0.0674791455131203
0.067679351378921
0.0678795572447217
0.0680797631105223
0.068279968976323
0.0684801748421237
0.0686803807079243
0.068880586573725
0.0690807924395256
0.0692809983053263
0.069481204171127
0.0696814100369276
0.0698816159027283
0.070081821768529
0.0702820276343296
0.0704822335001303
0.0706824393659309
0.0708826452317316
0.0710828510975323
0.0712830569633329
0.0714832628291336
0.0716834686949342
0.071883674560735
0.0720838804265356
0.0722840862923363
0.072484292158137
0.0726844980239376
0.0728847038897383
0.0730849097555389
0.0732851156213396
0.0734853214871403
0.0736855273529409
0.0738857332187416
0.0740859390845423
0.0742861449503429
0.0744863508161436
0.0746865566819442
0.0748867625477449
0.0750869684135456
0.0752871742793462
0.0754873801451469
0.0756875860109475
0.0758877918767482
0.0760879977425489
0.0762882036083495
0.0764884094741502
0.0766886153399509
0.0768888212057515
0.0770890270715522
0.0772892329373528
0.0774894388031535
0.0776896446689542
0.0778898505347548
0.0780900564005555
0.0782902622663562
0.0784904681321568
0.0786906739979575
0.0788908798637582
0.0790910857295589
0.0792912915953595
0.0794914974611602
0.0796917033269608
0.0798919091927615
0.0800921150585622
0.0802923209243628
0.0804925267901635
0.0806927326559642
0.0808929385217648
0.0810931443875655
0.0812933502533661
0.0814935561191668
0.0816937619849675
0.0818939678507681
0.0820941737165688
0.0822943795823695
0.0824945854481701
0.0826947913139708
0.0828949971797714
0.0830952030455721
0.0832954089113728
0.0834956147771734
0.0836958206429741
0.0838960265087748
0.0840962323745754
0.0842964382403761
0.0844966441061767
0.0846968499719774
0.0848970558377781
0.0850972617035787
0.0852974675693794
0.0854976734351801
0.0856978793009808
0.0858980851667814
0.0860982910325821
0.0862984968983828
0.0864987027641834
0.0866989086299841
0.0868991144957847
0.0870993203615854
0.0872995262273861
0.0874997320931867
0.0876999379589874
0.0879001438247881
0.0881003496905887
0.0883005555563894
0.08850076142219
0.0887009672879907
0.0889011731537914
0.089101379019592
0.0893015848853927
0.0895017907511934
0.089701996616994
0.0899022024827947
0.0901024083485953
0.090302614214396
0.0905028200801967
0.0907030259459973
0.090903231811798
0.0911034376775987
0.0913036435433993
0.0915038494092
0.0917040552750006
0.0919042611408013
0.092104467006602
0.0923046728724027
0.0925048787382033
0.092705084604004
0.0929052904698047
0.0931054963356053
0.093305702201406
0.0935059080672067
0.0937061139330073
0.093906319798808
0.0941065256646086
0.0943067315304093
0.09450693739621
0.0947071432620106
0.0949073491278113
0.095107554993612
0.0953077608594126
0.0955079667252133
0.0957081725910139
0.0959083784568146
0.0961085843226153
0.0963087901884159
0.0965089960542166
0.0967092019200173
0.0969094077858179
0.0971096136516186
0.0973098195174192
0.0975100253832199
0.0977102312490206
0.0979104371148212
0.0981106429806219
0.0983108488464225
0.0985110547122232
0.0987112605780239
0.0989114664438245
0.0991116723096253
0.0993118781754259
0.0995120840412266
0.0997122899070272
0.0999124957728279
0.100112701638629
0.100312907504429
0.10051311337023
0.100713319236031
0.100913525101831
0.101113730967632
0.101313936833433
0.101514142699233
0.101714348565034
0.101914554430835
0.102114760296635
0.102314966162436
0.102515172028237
0.102715377894037
0.102915583759838
0.103115789625638
0.103315995491439
0.10351620135724
0.10371640722304
0.103916613088841
0.104116818954642
0.104317024820442
0.104517230686243
0.104717436552044
0.104917642417844
0.105117848283645
0.105318054149446
0.105518260015246
0.105718465881047
0.105918671746848
0.106118877612648
0.106319083478449
0.10651928934425
0.10671949521005
0.106919701075851
0.107119906941652
0.107320112807452
0.107520318673253
0.107720524539054
0.107920730404854
0.108120936270655
0.108321142136456
0.108521348002256
0.108721553868057
0.108921759733858
0.109121965599658
0.109322171465459
0.10952237733126
0.10972258319706
0.109922789062861
0.110122994928662
0.110323200794462
0.110523406660263
0.110723612526064
0.110923818391864
0.111124024257665
0.111324230123466
0.111524435989266
0.111724641855067
0.111924847720868
0.112125053586668
0.112325259452469
0.11252546531827
0.11272567118407
0.112925877049871
0.113126082915672
0.113326288781472
0.113526494647273
0.113726700513074
0.113926906378874
0.114127112244675
0.114327318110476
0.114527523976276
0.114727729842077
0.114927935707878
0.115128141573678
0.115328347439479
0.11552855330528
0.11572875917108
0.115928965036881
0.116129170902682
0.116329376768482
0.116529582634283
0.116729788500084
0.116929994365884
0.117130200231685
0.117330406097486
0.117530611963286
0.117730817829087
0.117931023694888
0.118131229560688
0.118331435426489
0.11853164129229
0.11873184715809
0.118932053023891
0.119132258889692
0.119332464755492
0.119532670621293
0.119732876487094
0.119933082352894
0.120133288218695
0.120333494084496
0.120533699950296
0.120733905816097
0.120934111681898
0.121134317547698
0.121334523413499
0.1215347292793
0.1217349351451
0.121935141010901
0.122135346876702
0.122335552742502
0.122535758608303
0.122735964474104
0.122936170339904
0.123136376205705
0.123336582071506
0.123536787937306
0.123736993803107
0.123937199668908
0.124137405534708
0.124337611400509
0.12453781726631
0.12473802313211
0.124938228997911
0.125138434863712
0.125338640729512
0.125538846595313
0.125739052461113
0.125939258326914
0.126139464192715
0.126339670058516
0.126539875924316
0.126740081790117
0.126940287655918
0.127140493521718
0.127340699387519
0.12754090525332
0.12774111111912
0.127941316984921
0.128141522850722
0.128341728716522
0.128541934582323
0.128742140448123
0.128942346313924
0.129142552179725
0.129342758045525
0.129542963911326
0.129743169777127
0.129943375642927
0.130143581508728
0.130343787374529
0.130543993240329
0.13074419910613
0.130944404971931
0.131144610837731
0.131344816703532
0.131545022569333
0.131745228435133
0.131945434300934
0.132145640166735
0.132345846032535
0.132546051898336
0.132746257764137
0.132946463629937
0.133146669495738
0.133346875361539
0.133547081227339
0.13374728709314
0.133947492958941
0.134147698824741
0.134347904690542
0.134548110556343
0.134748316422143
0.134948522287944
0.135148728153745
0.135348934019545
0.135549139885346
0.135749345751147
0.135949551616947
0.136149757482748
0.136349963348549
0.136550169214349
0.13675037508015
0.136950580945951
0.137150786811751
0.137350992677552
0.137551198543353
0.137751404409153
0.137951610274954
0.138151816140755
0.138352022006555
0.138552227872356
0.138752433738157
0.138952639603957
0.139152845469758
0.139353051335559
0.139553257201359
0.13975346306716
0.139953668932961
0.140153874798761
0.140354080664562
0.140554286530363
0.140754492396163
0.140954698261964
0.141154904127765
0.141355109993565
0.141555315859366
0.141755521725167
0.141955727590967
0.142155933456768
0.142356139322569
0.142556345188369
0.14275655105417
0.142956756919971
0.143156962785771
0.143357168651572
0.143557374517373
0.143757580383173
0.143957786248974
0.144157992114775
0.144358197980575
0.144558403846376
0.144758609712177
0.144958815577977
0.145159021443778
0.145359227309579
0.145559433175379
0.14575963904118
0.145959844906981
0.146160050772781
0.146360256638582
0.146560462504383
0.146760668370183
0.146960874235984
0.147161080101785
0.147361285967585
0.147561491833386
0.147761697699187
0.147961903564987
0.148162109430788
0.148362315296589
0.148562521162389
0.14876272702819
0.148962932893991
0.149163138759791
0.149363344625592
0.149563550491393
0.149763756357193
0.149963962222994
0.150164168088795
0.150364373954595
0.150564579820396
0.150764785686197
0.150964991551997
0.151165197417798
0.151365403283598
0.151565609149399
0.1517658150152
0.151966020881
0.152166226746801
0.152366432612602
0.152566638478402
0.152766844344203
0.152967050210004
0.153167256075804
0.153367461941605
0.153567667807406
0.153767873673206
0.153968079539007
0.154168285404808
0.154368491270608
0.154568697136409
0.15476890300221
0.15496910886801
0.155169314733811
0.155369520599612
0.155569726465412
0.155769932331213
0.155970138197014
0.156170344062814
0.156370549928615
0.156570755794416
0.156770961660216
0.156971167526017
0.157171373391818
0.157371579257618
0.157571785123419
0.15777199098922
0.15797219685502
0.158172402720821
0.158372608586622
0.158572814452422
0.158773020318223
0.158973226184024
0.159173432049824
0.159373637915625
0.159573843781426
0.159774049647226
0.159974255513027
0.160174461378828
0.160374667244628
0.160574873110429
0.16077507897623
0.16097528484203
0.161175490707831
0.161375696573632
0.161575902439432
0.161776108305233
0.161976314171034
0.162176520036834
0.162376725902635
0.162576931768436
0.162777137634236
0.162977343500037
0.163177549365838
0.163377755231638
0.163577961097439
0.16377816696324
0.16397837282904
0.164178578694841
0.164378784560642
0.164578990426442
0.164779196292243
0.164979402158044
0.165179608023844
0.165379813889645
0.165580019755446
0.165780225621246
0.165980431487047
0.166180637352848
0.166380843218648
0.166581049084449
0.16678125495025
0.16698146081605
0.167181666681851
0.167381872547652
0.167582078413452
0.167782284279253
0.167982490145054
0.168182696010854
0.168382901876655
0.168583107742456
0.168783313608256
0.168983519474057
0.169183725339858
0.169383931205658
0.169584137071459
0.16978434293726
0.16998454880306
0.170184754668861
0.170384960534662
0.170585166400462
0.170785372266263
0.170985578132064
0.171185783997864
0.171385989863665
0.171586195729466
0.171786401595266
0.171986607461067
0.172186813326868
0.172387019192668
0.172587225058469
0.17278743092427
0.17298763679007
0.173187842655871
0.173388048521672
0.173588254387472
0.173788460253273
0.173988666119074
0.174188871984874
0.174389077850675
0.174589283716476
0.174789489582276
0.174989695448077
0.175189901313878
0.175390107179678
0.175590313045479
0.17579051891128
0.17599072477708
0.176190930642881
0.176391136508681
0.176591342374482
0.176791548240283
0.176991754106083
0.177191959971884
0.177392165837685
0.177592371703485
0.177792577569286
0.177992783435087
0.178192989300887
0.178393195166688
0.178593401032489
0.178793606898289
0.17899381276409
0.179194018629891
0.179394224495691
0.179594430361492
0.179794636227293
0.179994842093093
0.180195047958894
0.180395253824695
0.180595459690495
0.180795665556296
0.180995871422097
0.181196077287897
0.181396283153698
0.181596489019499
0.181796694885299
0.1819969007511
0.182197106616901
0.182397312482701
0.182597518348502
0.182797724214303
0.182997930080103
0.183198135945904
0.183398341811705
0.183598547677505
0.183798753543306
0.183998959409107
0.184199165274907
0.184399371140708
0.184599577006509
0.184799782872309
0.18499998873811
0.185200194603911
0.185400400469711
0.185600606335512
0.185800812201313
0.186001018067113
0.186201223932914
0.186401429798715
0.186601635664515
0.186801841530316
0.187002047396117
0.187202253261917
0.187402459127718
0.187602664993519
0.187802870859319
0.18800307672512
0.188203282590921
0.188403488456721
0.188603694322522
0.188803900188323
0.189004106054123
0.189204311919924
0.189404517785725
0.189604723651525
0.189804929517326
0.190005135383127
0.190205341248927
0.190405547114728
0.190605752980529
0.190805958846329
0.19100616471213
0.191206370577931
0.191406576443731
0.191606782309532
0.191806988175333
0.192007194041133
0.192207399906934
0.192407605772735
0.192607811638535
0.192808017504336
0.193008223370137
0.193208429235937
0.193408635101738
0.193608840967539
0.193809046833339
0.19400925269914
0.194209458564941
0.194409664430741
0.194609870296542
0.194810076162343
0.195010282028143
0.195210487893944
0.195410693759745
0.195610899625545
0.195811105491346
0.196011311357147
0.196211517222947
0.196411723088748
0.196611928954549
0.196812134820349
0.19701234068615
0.197212546551951
0.197412752417751
0.197612958283552
0.197813164149353
0.198013370015153
0.198213575880954
0.198413781746755
0.198613987612555
0.198814193478356
0.199014399344156
0.199214605209957
0.199414811075758
0.199615016941558
0.199815222807359
0.20001542867316
0.20021563453896
0.200415840404761
0.200616046270562
0.200816252136362
0.201016458002163
0.201216663867964
0.201416869733764
0.201617075599565
0.201817281465366
0.202017487331166
0.202217693196967
0.202417899062768
0.202618104928568
0.202818310794369
0.20301851666017
0.20321872252597
0.203418928391771
0.203619134257572
0.203819340123372
0.204019545989173
0.204219751854974
0.204419957720774
0.204620163586575
0.204820369452376
0.205020575318176
0.205220781183977
0.205420987049778
0.205621192915578
0.205821398781379
0.20602160464718
0.20622181051298
0.206422016378781
0.206622222244582
0.206822428110382
0.207022633976183
0.207222839841984
0.207423045707784
0.207623251573585
0.207823457439386
0.208023663305186
0.208223869170987
0.208424075036788
0.208624280902588
0.208824486768389
0.20902469263419
0.20922489849999
0.209425104365791
0.209625310231592
0.209825516097392
0.210025721963193
0.210225927828994
0.210426133694794
0.210626339560595
0.210826545426396
0.211026751292196
0.211226957157997
0.211427163023798
0.211627368889598
0.211827574755399
0.2120277806212
0.212227986487
0.212428192352801
0.212628398218602
0.212828604084402
0.213028809950203
0.213229015816004
0.213429221681804
0.213629427547605
0.213829633413406
0.214029839279206
0.214230045145007
0.214430251010808
0.214630456876608
0.214830662742409
0.21503086860821
0.21523107447401
0.215431280339811
0.215631486205612
0.215831692071412
0.216031897937213
0.216232103803014
0.216432309668814
0.216632515534615
0.216832721400416
0.217032927266216
0.217233133132017
0.217433338997818
0.217633544863618
0.217833750729419
0.21803395659522
0.21823416246102
0.218434368326821
0.218634574192622
0.218834780058422
0.219034985924223
0.219235191790024
0.219435397655824
0.219635603521625
0.219835809387426
0.220036015253226
0.220236221119027
0.220436426984828
0.220636632850628
0.220836838716429
0.22103704458223
0.22123725044803
0.221437456313831
0.221637662179632
0.221837868045432
0.222038073911233
0.222238279777034
0.222438485642834
0.222638691508635
0.222838897374436
0.223039103240236
0.223239309106037
0.223439514971838
0.223639720837638
0.223839926703439
0.224040132569239
0.22424033843504
0.224440544300841
0.224640750166641
0.224840956032442
0.225041161898243
0.225241367764043
0.225441573629844
0.225641779495645
0.225841985361445
0.226042191227246
0.226242397093047
0.226442602958847
0.226642808824648
0.226843014690449
0.227043220556249
0.22724342642205
0.227443632287851
0.227643838153651
0.227844044019452
0.228044249885253
0.228244455751053
0.228444661616854
0.228644867482655
0.228845073348455
0.229045279214256
0.229245485080057
0.229445690945857
0.229645896811658
0.229846102677459
0.230046308543259
0.23024651440906
0.230446720274861
0.230646926140661
0.230847132006462
0.231047337872263
0.231247543738063
0.231447749603864
0.231647955469665
0.231848161335465
0.232048367201266
0.232248573067067
0.232448778932867
0.232648984798668
0.232849190664469
0.233049396530269
0.23324960239607
0.233449808261871
0.233650014127671
0.233850219993472
0.234050425859273
0.234250631725073
0.234450837590874
0.234651043456675
0.234851249322475
0.235051455188276
0.235251661054077
0.235451866919877
0.235652072785678
0.235852278651479
0.236052484517279
0.23625269038308
0.236452896248881
0.236653102114681
0.236853307980482
0.237053513846283
0.237253719712083
0.237453925577884
0.237654131443685
0.237854337309485
0.238054543175286
0.238254749041087
0.238454954906887
0.238655160772688
0.238855366638489
0.239055572504289
0.23925577837009
0.239455984235891
0.239656190101691
0.239856395967492
0.240056601833293
0.240256807699093
0.240457013564894
0.240657219430695
0.240857425296495
0.241057631162296
0.241257837028097
0.241458042893897
0.241658248759698
0.241858454625499
0.242058660491299
0.2422588663571
0.242459072222901
0.242659278088701
0.242859483954502
0.243059689820303
0.243259895686103
0.243460101551904
0.243660307417705
0.243860513283505
0.244060719149306
0.244260925015107
0.244461130880907
0.244661336746708
0.244861542612509
0.245061748478309
0.24526195434411
0.245462160209911
0.245662366075711
0.245862571941512
0.246062777807313
0.246262983673113
0.246463189538914
0.246663395404714
0.246863601270515
0.247063807136316
0.247264013002116
0.247464218867917
0.247664424733718
0.247864630599518
0.248064836465319
0.24826504233112
0.24846524819692
0.248665454062721
0.248865659928522
0.249065865794322
0.249266071660123
0.249466277525924
0.249666483391724
0.249866689257525
0.250066895123326
0.250267100989126
0.250467306854927
0.250667512720728
0.250867718586528
0.251067924452329
0.25126813031813
0.25146833618393
0.251668542049731
0.251868747915531
0.252068953781332
0.252269159647133
0.252469365512933
0.252669571378734
0.252869777244535
0.253069983110335
0.253270188976136
0.253470394841937
0.253670600707737
0.253870806573538
0.254071012439338
0.254271218305139
0.25447142417094
0.25467163003674
0.254871835902541
0.255072041768342
0.255272247634142
0.255472453499943
0.255672659365744
0.255872865231544
0.256073071097345
0.256273276963146
0.256473482828946
0.256673688694747
0.256873894560547
0.257074100426348
0.257274306292149
0.257474512157949
0.25767471802375
0.257874923889551
0.258075129755351
0.258275335621152
0.258475541486953
0.258675747352753
0.258875953218554
0.259076159084354
0.259276364950155
0.259476570815956
0.259676776681756
0.259876982547557
0.260077188413358
0.260277394279158
0.260477600144959
0.26067780601076
0.26087801187656
0.261078217742361
0.261278423608161
0.261478629473962
0.261678835339763
0.261879041205563
0.262079247071364
0.262279452937165
0.262479658802965
0.262679864668766
0.262880070534566
0.263080276400367
0.263280482266168
0.263480688131968
0.263680893997769
0.26388109986357
0.26408130572937
0.264281511595171
0.264481717460972
0.264681923326772
0.264882129192573
0.265082335058373
0.265282540924174
0.265482746789975
0.265682952655775
0.265883158521576
0.266083364387377
0.266283570253177
0.266483776118978
0.266683981984779
0.266884187850579
0.26708439371638
0.26728459958218
0.267484805447981
0.267685011313782
0.267885217179582
0.268085423045383
0.268285628911184
0.268485834776984
0.268686040642785
0.268886246508586
0.269086452374386
0.269286658240187
0.269486864105987
0.269687069971788
0.269887275837589
0.270087481703389
0.27028768756919
0.270487893434991
0.270688099300791
0.270888305166592
0.271088511032393
0.271288716898193
0.271488922763994
0.271689128629794
0.271889334495595
0.272089540361396
0.272289746227196
0.272489952092997
0.272690157958798
0.272890363824598
0.273090569690399
0.2732907755562
0.273490981422
0.273691187287801
0.273891393153601
0.274091599019402
0.274291804885203
0.274492010751003
0.274692216616804
0.274892422482605
0.275092628348405
0.275292834214206
0.275493040080007
0.275693245945807
0.275893451811608
0.276093657677408
0.276293863543209
0.27649406940901
0.27669427527481
0.276894481140611
0.277094687006412
0.277294892872212
0.277495098738013
0.277695304603814
0.277895510469614
0.278095716335415
0.278295922201215
0.278496128067016
0.278696333932817
0.278896539798617
0.279096745664418
0.279296951530219
0.279497157396019
0.27969736326182
0.279897569127621
0.280097774993421
0.280297980859222
0.280498186725022
0.280698392590823
0.280898598456624
0.281098804322424
0.281299010188225
0.281499216054026
0.281699421919826
0.281899627785627
0.282099833651428
0.282300039517228
0.282500245383029
0.282700451248829
0.28290065711463
0.283100862980431
0.283301068846231
0.283501274712032
0.283701480577833
0.283901686443633
0.284101892309434
0.284302098175235
0.284502304041035
0.284702509906836
0.284902715772636
0.285102921638437
0.285303127504238
0.285503333370038
0.285703539235839
0.28590374510164
0.28610395096744
0.286304156833241
0.286504362699042
0.286704568564842
0.286904774430643
0.287104980296443
0.287305186162244
0.287505392028045
0.287705597893845
0.287905803759646
0.288106009625447
0.288306215491247
0.288506421357048
0.288706627222849
0.288906833088649
0.28910703895445
0.28930724482025
0.289507450686051
0.289707656551852
0.289907862417652
0.290108068283453
0.290308274149254
0.290508480015054
0.290708685880855
0.290908891746656
0.291109097612456
0.291309303478257
0.291509509344057
0.291709715209858
0.291909921075659
0.292110126941459
0.29231033280726
0.292510538673061
0.292710744538861
0.292910950404662
0.293111156270463
0.293311362136263
0.293511568002064
0.293711773867864
0.293911979733665
0.294112185599466
0.294312391465266
0.294512597331067
0.294712803196868
0.294913009062668
0.295113214928469
0.29531342079427
0.29551362666007
0.295713832525871
0.295914038391671
0.296114244257472
0.296314450123273
0.296514655989073
0.296714861854874
0.296915067720675
0.297115273586475
0.297315479452276
0.297515685318076
0.297715891183877
0.297916097049678
0.298116302915478
0.298316508781279
0.29851671464708
0.29871692051288
0.298917126378681
0.299117332244482
0.299317538110282
0.299517743976083
0.299717949841883
0.299918155707684
0.300118361573485
0.300318567439285
0.300518773305086
0.300718979170887
0.300919185036687
0.301119390902488
0.301319596768289
0.301519802634089
0.30172000849989
0.30192021436569
0.302120420231491
0.302320626097292
0.302520831963092
0.302721037828893
0.302921243694694
0.303121449560494
0.303321655426295
0.303521861292096
0.303722067157896
0.303922273023697
0.304122478889498
0.304322684755298
0.304522890621099
0.304723096486899
0.3049233023527
0.305123508218501
0.305323714084301
0.305523919950102
0.305724125815903
0.305924331681703
0.306124537547504
0.306324743413305
0.306524949279105
0.306725155144906
0.306925361010706
0.307125566876507
0.307325772742308
0.307525978608108
0.307726184473909
0.30792639033971
0.30812659620551
0.308326802071311
0.308527007937112
0.308727213802912
0.308927419668713
0.309127625534513
0.309327831400314
0.309528037266115
0.309728243131915
0.309928448997716
0.310128654863517
0.310328860729317
0.310529066595118
0.310729272460919
0.310929478326719
0.31112968419252
0.31132989005832
0.311530095924121
0.311730301789922
0.311930507655722
0.312130713521523
0.312330919387324
0.312531125253124
0.312731331118925
0.312931536984726
0.313131742850526
0.313331948716327
0.313532154582127
0.313732360447928
0.313932566313729
0.314132772179529
0.31433297804533
0.314533183911131
0.314733389776931
0.314933595642732
0.315133801508533
0.315334007374333
0.315534213240134
0.315734419105934
0.315934624971735
0.316134830837536
0.316335036703336
0.316535242569137
0.316735448434938
0.316935654300738
0.317135860166539
0.317336066032339
0.31753627189814
0.317736477763941
0.317936683629741
0.318136889495542
0.318337095361343
0.318537301227143
0.318737507092944
0.318937712958745
0.319137918824545
0.319338124690346
0.319538330556146
0.319738536421947
0.319938742287748
0.320138948153548
0.320339154019349
0.32053935988515
0.32073956575095
0.320939771616751
0.321139977482552
0.321340183348352
0.321540389214153
0.321740595079954
0.321940800945754
0.322141006811555
0.322341212677355
0.322541418543156
0.322741624408957
0.322941830274757
0.323142036140558
0.323342242006359
0.323542447872159
0.32374265373796
0.32394285960376
0.324143065469561
0.324343271335362
0.324543477201162
0.324743683066963
0.324943888932764
0.325144094798564
0.325344300664365
0.325544506530166
0.325744712395966
0.325944918261767
0.326145124127567
0.326345329993368
0.326545535859169
0.326745741724969
0.32694594759077
0.327146153456571
0.327346359322371
0.327546565188172
0.327746771053973
0.327946976919773
0.328147182785574
0.328347388651374
0.328547594517175
0.328747800382976
0.328948006248776
0.329148212114577
0.329348417980378
0.329548623846178
0.329748829711979
0.32994903557778
0.33014924144358
0.330349447309381
0.330549653175181
0.330749859040982
0.330950064906783
0.331150270772583
0.331350476638384
0.331550682504185
0.331750888369985
0.331951094235786
0.332151300101587
0.332351505967387
0.332551711833188
0.332751917698988
0.332952123564789
0.33315232943059
0.33335253529639
0.333552741162191
0.333752947027992
0.333953152893792
0.334153358759593
0.334353564625394
0.334553770491194
0.334753976356995
0.334954182222795
0.335154388088596
0.335354593954397
0.335554799820197
0.335755005685998
0.335955211551799
0.336155417417599
0.3363556232834
0.336555829149201
0.336756035015001
0.336956240880802
0.337156446746603
0.337356652612403
0.337556858478204
0.337757064344004
0.337957270209805
0.338157476075606
0.338357681941406
0.338557887807207
0.338758093673008
0.338958299538808
0.339158505404609
0.33935871127041
0.33955891713621
0.339759123002011
0.339959328867811
0.340159534733612
0.340359740599413
0.340559946465213
0.340760152331014
0.340960358196815
0.341160564062615
0.341360769928416
0.341560975794216
0.341761181660017
0.341961387525818
0.342161593391618
0.342361799257419
0.34256200512322
0.34276221098902
0.342962416854821
0.343162622720622
0.343362828586422
0.343563034452223
0.343763240318023
0.343963446183824
0.344163652049625
0.344363857915425
0.344564063781226
0.344764269647027
0.344964475512827
0.345164681378628
0.345364887244429
0.345565093110229
0.34576529897603
0.34596550484183
0.346165710707631
0.346365916573432
0.346566122439232
0.346766328305033
0.346966534170834
0.347166740036634
0.347366945902435
0.347567151768236
0.347767357634036
0.347967563499837
0.348167769365637
0.348367975231438
0.348568181097239
0.348768386963039
0.34896859282884
0.349168798694641
0.349369004560441
0.349569210426242
0.349769416292043
0.349969622157843
0.350169828023644
0.350370033889444
0.350570239755245
0.350770445621046
0.350970651486846
0.351170857352647
0.351371063218448
0.351571269084248
0.351771474950049
0.35197168081585
0.35217188668165
0.352372092547451
0.352572298413251
0.352772504279052
0.352972710144853
0.353172916010653
0.353373121876454
0.353573327742255
0.353773533608055
0.353973739473856
0.354173945339657
0.354374151205457
0.354574357071258
0.354774562937058
0.354974768802859
0.35517497466866
0.35537518053446
0.355575386400261
0.355775592266062
0.355975798131862
0.356176003997663
0.356376209863464
0.356576415729264
0.356776621595065
0.356976827460865
0.357177033326666
0.357377239192467
0.357577445058267
0.357777650924068
0.357977856789869
0.358178062655669
0.35837826852147
0.358578474387271
0.358778680253071
0.358978886118872
0.359179091984672
0.359379297850473
0.359579503716274
0.359779709582074
0.359979915447875
0.360180121313676
0.360380327179476
0.360580533045277
0.360780738911078
0.360980944776878
0.361181150642679
0.361381356508479
0.36158156237428
0.361781768240081
0.361981974105881
0.362182179971682
0.362382385837483
0.362582591703283
0.362782797569084
0.362983003434885
0.363183209300685
0.363383415166486
0.363583621032286
0.363783826898087
0.363984032763888
0.364184238629688
0.364384444495489
0.36458465036129
0.36478485622709
0.364985062092891
0.365185267958692
0.365385473824492
0.365585679690293
0.365785885556093
0.365986091421894
0.366186297287695
0.366386503153495
0.366586709019296
0.366786914885097
0.366987120750897
0.367187326616698
0.367387532482499
0.367587738348299
0.3677879442141
0.3679881500799
0.368188355945701
0.368388561811502
0.368588767677302
0.368788973543103
0.368989179408904
0.369189385274704
0.369389591140505
0.369589797006306
0.369790002872106
0.369990208737907
0.370190414603707
0.370390620469508
0.370590826335309
0.370791032201109
0.37099123806691
0.371191443932711
0.371391649798511
0.371591855664312
0.371792061530113
0.371992267395913
0.372192473261714
0.372392679127514
0.372592884993315
0.372793090859116
0.372993296724916
0.373193502590717
0.373393708456518
0.373593914322318
0.373794120188119
0.37399432605392
0.37419453191972
0.374394737785521
0.374594943651321
0.374795149517122
0.374995355382923
0.375195561248723
0.375395767114524
0.375595972980325
0.375796178846125
0.375996384711926
0.376196590577727
0.376396796443527
0.376597002309328
0.376797208175128
0.376997414040929
0.37719761990673
0.37739782577253
0.377598031638331
0.377798237504132
0.377998443369932
0.378198649235733
0.378398855101533
0.378599060967334
0.378799266833135
0.378999472698935
0.379199678564736
0.379399884430537
0.379600090296337
0.379800296162138
0.380000502027939
0.380200707893739
0.38040091375954
0.38060111962534
0.380801325491141
0.381001531356942
0.381201737222742
0.381401943088543
0.381602148954344
0.381802354820144
0.382002560685945
0.382202766551746
0.382402972417546
0.382603178283347
0.382803384149147
0.383003590014948
0.383203795880749
0.383404001746549
0.38360420761235
0.383804413478151
0.384004619343951
0.384204825209752
0.384405031075553
0.384605236941353
0.384805442807154
0.385005648672955
0.385205854538755
0.385406060404556
0.385606266270356
0.385806472136157
0.386006678001958
0.386206883867758
0.386407089733559
0.38660729559936
0.38680750146516
0.387007707330961
0.387207913196762
0.387408119062562
0.387608324928363
0.387808530794163
0.388008736659964
0.388208942525765
0.388409148391565
0.388609354257366
0.388809560123167
0.389009765988967
0.389209971854768
0.389410177720569
0.389610383586369
0.38981058945217
0.39001079531797
0.390211001183771
0.390411207049572
0.390611412915372
0.390811618781173
0.391011824646974
0.391212030512774
0.391412236378575
0.391612442244376
0.391812648110176
0.392012853975977
0.392213059841777
0.392413265707578
0.392613471573379
0.392813677439179
0.39301388330498
0.393214089170781
0.393414295036581
0.393614500902382
0.393814706768182
0.394014912633983
0.394215118499784
0.394415324365584
0.394615530231385
0.394815736097186
0.395015941962986
0.395216147828787
0.395416353694588
0.395616559560388
0.395816765426189
0.396016971291989
0.39621717715779
0.396417383023591
0.396617588889391
0.396817794755192
0.397018000620993
0.397218206486793
0.397418412352594
0.397618618218395
0.397818824084195
0.398019029949996
0.398219235815796
0.398419441681597
0.398619647547398
0.398819853413198
0.399020059278999
0.3992202651448
0.3994204710106
0.399620676876401
0.399820882742202
0.400021088608002
0.400221294473803
0.400421500339603
0.400621706205404
0.400821912071205
0.401022117937005
0.401222323802806
0.401422529668607
0.401622735534407
0.401822941400208
0.402023147266009
0.402223353131809
0.40242355899761
0.402623764863411
0.402823970729211
0.403024176595012
0.403224382460812
0.403424588326613
0.403624794192414
0.403825000058214
0.404025205924015
0.404225411789816
0.404425617655616
0.404625823521417
0.404826029387217
0.405026235253018
0.405226441118819
0.405426646984619
0.40562685285042
0.405827058716221
0.406027264582021
0.406227470447822
0.406427676313623
0.406627882179423
0.406828088045224
0.407028293911024
0.407228499776825
0.407428705642626
0.407628911508426
0.407829117374227
0.408029323240028
0.408229529105828
0.408429734971629
0.40862994083743
0.40883014670323
0.409030352569031
0.409230558434831
0.409430764300632
0.409630970166433
0.409831176032233
0.410031381898034
0.410231587763835
0.410431793629635
0.410631999495436
0.410832205361237
0.411032411227037
0.411232617092838
0.411432822958638
0.411633028824439
0.41183323469024
0.41203344055604
0.412233646421841
0.412433852287642
0.412634058153442
0.412834264019243
0.413034469885044
0.413234675750844
0.413434881616645
0.413635087482445
0.413835293348246
0.414035499214047
0.414235705079847
0.414435910945648
0.414636116811449
0.414836322677249
0.41503652854305
0.415236734408851
0.415436940274651
0.415637146140452
0.415837352006252
0.416037557872053
0.416237763737854
0.416437969603654
0.416638175469455
0.416838381335256
0.417038587201056
0.417238793066857
0.417438998932658
0.417639204798458
0.417839410664259
0.418039616530059
0.41823982239586
0.418440028261661
0.418640234127461
0.418840439993262
0.419040645859063
0.419240851724863
0.419441057590664
0.419641263456465
0.419841469322265
0.420041675188066
0.420241881053866
0.420442086919667
0.420642292785468
0.420842498651268
0.421042704517069
0.42124291038287
0.42144311624867
0.421643322114471
0.421843527980272
0.422043733846072
0.422243939711873
0.422444145577673
0.422644351443474
0.422844557309275
0.423044763175075
0.423244969040876
0.423445174906677
0.423645380772477
0.423845586638278
0.424045792504079
0.424245998369879
0.42444620423568
0.42464641010148
0.424846615967281
0.425046821833082
0.425247027698882
0.425447233564683
0.425647439430484
0.425847645296284
0.426047851162085
0.426248057027886
0.426448262893686
0.426648468759487
0.426848674625287
0.427048880491088
0.427249086356889
0.427449292222689
0.42764949808849
0.427849703954291
0.428049909820091
0.428250115685892
0.428450321551693
0.428650527417493
0.428850733283294
0.429050939149094
0.429251145014895
0.429451350880696
0.429651556746496
0.429851762612297
0.430051968478098
0.430252174343898
0.430452380209699
0.4306525860755
0.4308527919413
0.431052997807101
0.431253203672901
0.431453409538702
0.431653615404503
0.431853821270303
0.432054027136104
0.432254233001905
0.432454438867705
0.432654644733506
0.432854850599307
0.433055056465107
0.433255262330908
0.433455468196708
0.433655674062509
0.43385587992831
0.43405608579411
0.434256291659911
0.434456497525712
0.434656703391512
0.434856909257313
0.435057115123114
0.435257320988914
0.435457526854715
0.435657732720515
0.435857938586316
0.436058144452117
0.436258350317917
0.436458556183718
0.436658762049519
0.436858967915319
0.43705917378112
0.437259379646921
0.437459585512721
0.437659791378522
0.437859997244322
0.438060203110123
0.438260408975924
0.438460614841724
0.438660820707525
0.438861026573326
0.439061232439126
0.439261438304927
0.439461644170728
0.439661850036528
0.439862055902329
0.44006226176813
0.44026246763393
0.440462673499731
0.440662879365531
0.440863085231332
0.441063291097133
0.441263496962933
0.441463702828734
0.441663908694535
0.441864114560335
0.442064320426136
0.442264526291937
0.442464732157737
0.442664938023538
0.442865143889339
0.443065349755139
0.44326555562094
0.44346576148674
0.443665967352541
0.443866173218342
0.444066379084142
0.444266584949943
0.444466790815744
0.444666996681544
0.444867202547345
0.445067408413146
0.445267614278946
0.445467820144747
0.445668026010548
0.445868231876348
0.446068437742149
0.446268643607949
0.44646884947375
0.446669055339551
0.446869261205351
0.447069467071152
0.447269672936953
0.447469878802753
0.447670084668554
0.447870290534355
0.448070496400155
0.448270702265956
0.448470908131757
0.448671113997557
0.448871319863358
0.449071525729158
0.449271731594959
0.44947193746076
0.44967214332656
0.449872349192361
0.450072555058162
0.450272760923962
0.450472966789763
0.450673172655564
0.450873378521364
0.451073584387165
0.451273790252966
0.451473996118766
0.451674201984567
0.451874407850367
0.452074613716168
0.452274819581969
0.452475025447769
0.45267523131357
0.452875437179371
0.453075643045171
0.453275848910972
0.453476054776773
0.453676260642573
0.453876466508374
0.454076672374175
0.454276878239975
0.454477084105776
0.454677289971576
0.454877495837377
0.455077701703178
0.455277907568978
0.455478113434779
0.45567831930058
0.45587852516638
0.456078731032181
0.456278936897982
0.456479142763782
0.456679348629583
0.456879554495384
0.457079760361184
0.457279966226985
0.457480172092785
0.457680377958586
0.457880583824387
0.458080789690187
0.458280995555988
0.458481201421789
0.458681407287589
0.45888161315339
0.459081819019191
0.459282024884991
0.459482230750792
0.459682436616593
0.459882642482393
0.460082848348194
0.460283054213994
0.460483260079795
0.460683465945596
0.460883671811396
0.461083877677197
0.461284083542998
0.461484289408798
0.461684495274599
0.4618847011404
0.4620849070062
0.462285112872001
0.462485318737802
0.462685524603602
0.462885730469403
0.463085936335203
0.463286142201004
0.463486348066805
0.463686553932605
0.463886759798406
0.464086965664207
0.464287171530007
0.464487377395808
0.464687583261609
0.464887789127409
0.46508799499321
0.465288200859011
0.465488406724811
0.465688612590612
0.465888818456413
0.466089024322213
0.466289230188014
0.466489436053814
0.466689641919615
0.466889847785416
0.467090053651216
0.467290259517017
0.467490465382818
0.467690671248618
0.467890877114419
0.46809108298022
0.46829128884602
0.468491494711821
0.468691700577621
0.468891906443422
0.469092112309223
0.469292318175023
0.469492524040824
0.469692729906625
0.469892935772425
0.470093141638226
0.470293347504027
0.470493553369827
0.470693759235628
0.470893965101429
0.471094170967229
0.47129437683303
0.47149458269883
0.471694788564631
0.471894994430432
0.472095200296232
0.472295406162033
0.472495612027834
0.472695817893634
0.472896023759435
0.473096229625236
0.473296435491036
0.473496641356837
0.473696847222638
0.473897053088438
0.474097258954239
0.474297464820039
0.47449767068584
0.474697876551641
0.474898082417441
0.475098288283242
0.475298494149043
0.475498700014843
0.475698905880644
0.475899111746445
0.476099317612245
0.476299523478046
0.476499729343847
0.476699935209647
0.476900141075448
0.477100346941248
0.477300552807049
0.47750075867285
0.47770096453865
0.477901170404451
0.478101376270252
0.478301582136052
0.478501788001853
0.478701993867654
0.478902199733454
0.479102405599255
0.479302611465056
0.479502817330856
0.479703023196657
0.479903229062458
0.480103434928258
0.480303640794059
0.480503846659859
0.48070405252566
0.480904258391461
0.481104464257261
0.481304670123062
0.481504875988863
0.481705081854663
0.481905287720464
0.482105493586265
0.482305699452065
0.482505905317866
0.482706111183667
0.482906317049467
0.483106522915268
0.483306728781068
0.483506934646869
0.48370714051267
0.48390734637847
0.484107552244271
0.484307758110072
0.484507963975872
0.484708169841673
0.484908375707474
0.485108581573274
0.485308787439075
0.485508993304876
0.485709199170676
0.485909405036477
0.486109610902277
0.486309816768078
0.486510022633879
0.486710228499679
0.48691043436548
0.487110640231281
0.487310846097081
0.487511051962882
0.487711257828683
0.487911463694483
0.488111669560284
0.488311875426084
0.488512081291885
0.488712287157686
0.488912493023486
0.489112698889287
0.489312904755088
0.489513110620888
0.489713316486689
0.48991352235249
0.49011372821829
0.490313934084091
0.490514139949892
0.490714345815692
0.490914551681493
0.491114757547293
0.491314963413094
0.491515169278895
0.491715375144695
0.491915581010496
0.492115786876297
0.492315992742097
0.492516198607898
0.492716404473699
0.492916610339499
0.4931168162053
0.493317022071101
0.493517227936901
0.493717433802702
0.493917639668502
0.494117845534303
0.494318051400104
0.494518257265904
0.494718463131705
0.494918668997506
0.495118874863306
0.495319080729107
0.495519286594908
0.495719492460708
0.495919698326509
0.49611990419231
0.49632011005811
0.496520315923911
0.496720521789711
0.496920727655512
0.497120933521313
0.497321139387113
0.497521345252914
0.497721551118715
0.497921756984515
0.498121962850316
0.498322168716117
0.498522374581917
0.498722580447718
0.498922786313518
0.499122992179319
0.49932319804512
0.49952340391092
0.499723609776721
0.499923815642522
0.500124021508322
0.500324227374123
0.500524433239924
0.500724639105724
0.500924844971525
0.501125050837326
0.501325256703126
0.501525462568927
0.501725668434727
0.501925874300528
0.502126080166329
0.502326286032129
0.50252649189793
0.502726697763731
0.502926903629531
0.503127109495332
0.503327315361133
0.503527521226933
0.503727727092734
0.503927932958535
0.504128138824335
0.504328344690136
0.504528550555936
0.504728756421737
0.504928962287538
0.505129168153338
0.505329374019139
0.50552957988494
0.50572978575074
0.505929991616541
0.506130197482342
0.506330403348142
0.506530609213943
0.506730815079743
0.506931020945544
0.507131226811345
0.507331432677145
0.507531638542946
0.507731844408747
0.507932050274547
0.508132256140348
0.508332462006149
0.508532667871949
0.50873287373775
0.508933079603551
0.509133285469351
0.509333491335152
0.509533697200953
0.509733903066753
0.509934108932554
0.510134314798354
0.510334520664155
0.510534726529956
0.510734932395756
0.510935138261557
0.511135344127358
0.511335549993158
0.511535755858959
0.51173596172476
0.51193616759056
0.512136373456361
0.512336579322161
0.512536785187962
0.512736991053763
0.512937196919563
0.513137402785364
0.513337608651165
0.513537814516965
0.513738020382766
0.513938226248567
0.514138432114367
0.514338637980168
0.514538843845969
0.514739049711769
0.51493925557757
0.515139461443371
0.515339667309171
0.515539873174972
0.515740079040772
0.515940284906573
0.516140490772374
0.516340696638174
0.516540902503975
0.516741108369776
0.516941314235576
0.517141520101377
0.517341725967178
0.517541931832978
0.517742137698779
0.517942343564579
0.51814254943038
0.518342755296181
0.518542961161981
0.518743167027782
0.518943372893583
0.519143578759383
0.519343784625184
0.519543990490985
0.519744196356785
0.519944402222586
0.520144608088387
0.520344813954187
0.520545019819988
0.520745225685789
0.520945431551589
0.52114563741739
0.52134584328319
0.521546049148991
0.521746255014792
0.521946460880592
0.522146666746393
0.522346872612194
0.522547078477994
0.522747284343795
0.522947490209596
0.523147696075396
0.523347901941197
0.523548107806997
0.523748313672798
0.523948519538599
0.524148725404399
0.5243489312702
0.524549137136001
0.524749343001801
0.524949548867602
0.525149754733403
0.525349960599203
0.525550166465004
0.525750372330805
0.525950578196605
0.526150784062406
0.526350989928207
0.526551195794007
0.526751401659808
0.526951607525608
0.527151813391409
0.52735201925721
0.52755222512301
0.527752430988811
0.527952636854612
0.528152842720412
0.528353048586213
0.528553254452014
0.528753460317814
0.528953666183615
0.529153872049415
0.529354077915216
0.529554283781017
0.529754489646817
0.529954695512618
0.530154901378419
0.530355107244219
0.53055531311002
0.530755518975821
0.530955724841621
0.531155930707422
0.531356136573223
0.531556342439023
0.531756548304824
0.531956754170624
0.532156960036425
0.532357165902226
0.532557371768026
0.532757577633827
0.532957783499628
0.533157989365428
0.533358195231229
0.53355840109703
0.53375860696283
0.533958812828631
0.534159018694432
0.534359224560232
0.534559430426033
0.534759636291834
0.534959842157634
0.535160048023435
0.535360253889235
0.535560459755036
0.535760665620837
0.535960871486637
0.536161077352438
0.536361283218239
0.536561489084039
0.53676169494984
0.536961900815641
0.537162106681441
0.537362312547242
0.537562518413042
0.537762724278843
0.537962930144644
0.538163136010444
0.538363341876245
0.538563547742046
0.538763753607846
0.538963959473647
0.539164165339448
0.539364371205248
0.539564577071049
0.53976478293685
0.53996498880265
0.540165194668451
0.540365400534252
0.540565606400052
0.540765812265853
0.540966018131653
0.541166223997454
0.541366429863255
0.541566635729055
0.541766841594856
0.541967047460657
0.542167253326457
0.542367459192258
0.542567665058059
0.542767870923859
0.54296807678966
0.54316828265546
0.543368488521261
0.543568694387062
0.543768900252862
0.543969106118663
0.544169311984464
0.544369517850264
0.544569723716065
0.544769929581866
0.544970135447666
0.545170341313467
0.545370547179268
0.545570753045068
0.545770958910869
0.54597116477667
0.54617137064247
0.546371576508271
0.546571782374071
0.546771988239872
0.546972194105673
0.547172399971473
0.547372605837274
0.547572811703075
0.547773017568875
0.547973223434676
0.548173429300477
0.548373635166277
0.548573841032078
0.548774046897878
0.548974252763679
0.54917445862948
0.54937466449528
0.549574870361081
0.549775076226882
0.549975282092682
0.550175487958483
0.550375693824284
0.550575899690084
0.550776105555885
0.550976311421686
0.551176517287486
0.551376723153287
0.551576929019088
0.551777134884888
0.551977340750689
0.552177546616489
0.55237775248229
0.552577958348091
0.552778164213891
0.552978370079692
0.553178575945493
0.553378781811293
0.553578987677094
0.553779193542895
0.553979399408695
0.554179605274496
0.554379811140297
0.554580017006097
0.554780222871898
0.554980428737698
0.555180634603499
0.5553808404693
0.5555810463351
0.555781252200901
0.555981458066702
0.556181663932502
0.556381869798303
0.556582075664104
0.556782281529904
0.556982487395705
0.557182693261505
0.557382899127306
0.557583104993107
0.557783310858907
0.557983516724708
0.558183722590509
0.558383928456309
0.55858413432211
0.558784340187911
0.558984546053711
0.559184751919512
0.559384957785313
0.559585163651113
0.559785369516914
0.559985575382715
0.560185781248515
0.560385987114316
0.560586192980116
0.560786398845917
0.560986604711718
0.561186810577518
0.561387016443319
0.56158722230912
0.56178742817492
0.561987634040721
0.562187839906522
0.562388045772322
0.562588251638123
0.562788457503923
0.562988663369724
0.563188869235525
0.563389075101325
0.563589280967126
0.563789486832927
0.563989692698727
0.564189898564528
0.564390104430329
0.564590310296129
0.56479051616193
0.56499072202773
0.565190927893531
0.565391133759332
0.565591339625132
0.565791545490933
0.565991751356734
0.566191957222534
0.566392163088335
0.566592368954136
0.566792574819936
0.566992780685737
0.567192986551537
0.567393192417338
0.567593398283139
0.567793604148939
0.56799381001474
0.568194015880541
0.568394221746341
0.568594427612142
0.568794633477943
0.568994839343743
0.569195045209544
0.569395251075344
0.569595456941145
0.569795662806946
0.569995868672746
0.570196074538547
0.570396280404348
0.570596486270148
0.570796692135949
0.57099689800175
0.57119710386755
0.571397309733351
0.571597515599152
0.571797721464952
0.571997927330753
0.572198133196553
0.572398339062354
0.572598544928155
0.572798750793955
0.572998956659756
0.573199162525557
0.573399368391357
0.573599574257158
0.573799780122959
0.573999985988759
0.57420019185456
0.57440039772036
0.574600603586161
0.574800809451962
0.575001015317762
0.575201221183563
0.575401427049364
0.575601632915164
0.575801838780965
0.576002044646766
0.576202250512566
0.576402456378367
0.576602662244167
0.576802868109968
0.577003073975769
0.577203279841569
0.57740348570737
0.577603691573171
0.577803897438971
0.578004103304772
0.578204309170573
0.578404515036373
0.578604720902174
0.578804926767974
0.579005132633775
0.579205338499576
0.579405544365376
0.579605750231177
0.579805956096978
0.580006161962778
0.580206367828579
0.58040657369438
0.58060677956018
0.580806985425981
0.581007191291781
0.581207397157582
0.581407603023383
0.581607808889183
0.581808014754984
0.582008220620785
0.582208426486585
0.582408632352386
0.582608838218186
0.582809044083987
0.583009249949788
0.583209455815588
0.583409661681389
0.58360986754719
0.58381007341299
0.584010279278791
0.584210485144592
0.584410691010392
0.584610896876193
0.584811102741993
0.585011308607794
0.585211514473595
0.585411720339395
0.585611926205196
0.585812132070997
0.586012337936797
0.586212543802598
0.586412749668399
0.586612955534199
0.5868131614
0.5870133672658
0.587213573131601
0.587413778997402
0.587613984863202
0.587814190729003
0.588014396594804
0.588214602460604
0.588414808326405
0.588615014192206
0.588815220058006
0.589015425923807
0.589215631789607
0.589415837655408
0.589616043521209
0.589816249387009
0.59001645525281
0.590216661118611
0.590416866984411
0.590617072850212
0.590817278716013
0.591017484581813
0.591217690447614
0.591417896313414
0.591618102179215
0.591818308045016
0.592018513910816
0.592218719776617
0.592418925642418
0.592619131508218
0.592819337374019
0.59301954323982
0.59321974910562
0.593419954971421
0.593620160837221
0.593820366703022
0.594020572568823
0.594220778434623
0.594420984300424
0.594621190166225
0.594821396032025
0.595021601897826
0.595221807763627
0.595422013629427
0.595622219495228
0.595822425361028
0.596022631226829
0.59622283709263
0.59642304295843
0.596623248824231
0.596823454690032
0.597023660555832
0.597223866421633
0.597424072287434
0.597624278153234
0.597824484019035
0.598024689884835
0.598224895750636
0.598425101616437
0.598625307482237
0.598825513348038
0.599025719213839
0.599225925079639
0.59942613094544
0.599626336811241
0.599826542677041
0.600026748542842
0.600226954408642
0.600427160274443
0.600627366140244
0.600827572006044
0.601027777871845
0.601227983737646
0.601428189603446
0.601628395469247
0.601828601335048
0.602028807200848
0.602229013066649
0.602429218932449
0.60262942479825
0.602829630664051
0.603029836529851
0.603230042395652
0.603430248261453
0.603630454127253
0.603830659993054
0.604030865858855
0.604231071724655
0.604431277590456
0.604631483456257
0.604831689322057
0.605031895187858
0.605232101053658
0.605432306919459
0.60563251278526
0.60583271865106
0.606032924516861
0.606233130382662
0.606433336248462
0.606633542114263
0.606833747980063
0.607033953845864
0.607234159711665
0.607434365577465
0.607634571443266
0.607834777309067
0.608034983174867
0.608235189040668
0.608435394906469
0.608635600772269
0.60883580663807
0.60903601250387
0.609236218369671
0.609436424235472
0.609636630101272
0.609836835967073
0.610037041832874
0.610237247698674
0.610437453564475
0.610637659430276
0.610837865296076
0.611038071161877
0.611238277027677
0.611438482893478
0.611638688759279
0.611838894625079
0.61203910049088
0.612239306356681
0.612439512222481
0.612639718088282
0.612839923954082
0.613040129819883
0.613240335685684
0.613440541551484
0.613640747417285
0.613840953283086
0.614041159148886
0.614241365014687
0.614441570880488
0.614641776746288
0.614841982612089
0.615042188477889
0.61524239434369
0.615442600209491
0.615642806075291
0.615843011941092
0.616043217806893
0.616243423672693
0.616443629538494
0.616643835404295
0.616844041270095
0.617044247135896
0.617244453001697
0.617444658867497
0.617644864733298
0.617845070599098
0.618045276464899
0.6182454823307
0.6184456881965
0.618645894062301
0.618846099928102
0.619046305793902
0.619246511659703
0.619446717525504
0.619646923391304
0.619847129257105
0.620047335122905
0.620247540988706
0.620447746854507
0.620647952720307
0.620848158586108
0.621048364451909
0.621248570317709
0.62144877618351
0.621648982049311
0.621849187915111
0.622049393780912
0.622249599646712
0.622449805512513
0.622650011378314
0.622850217244114
0.623050423109915
0.623250628975716
0.623450834841516
0.623651040707317
0.623851246573118
0.624051452438918
0.624251658304719
0.624451864170519
0.62465207003632
0.624852275902121
0.625052481767921
0.625252687633722
0.625452893499523
0.625653099365323
0.625853305231124
0.626053511096925
0.626253716962725
0.626453922828526
0.626654128694326
0.626854334560127
0.627054540425928
0.627254746291728
0.627454952157529
0.62765515802333
0.62785536388913
0.628055569754931
0.628255775620732
0.628455981486532
0.628656187352333
0.628856393218133
0.629056599083934
0.629256804949735
0.629457010815535
0.629657216681336
0.629857422547137
0.630057628412937
0.630257834278738
0.630458040144539
0.630658246010339
0.63085845187614
0.63105865774194
0.631258863607741
0.631459069473542
0.631659275339342
0.631859481205143
0.632059687070944
0.632259892936744
0.632460098802545
0.632660304668346
0.632860510534146
0.633060716399947
0.633260922265747
0.633461128131548
0.633661333997349
0.633861539863149
0.63406174572895
0.634261951594751
0.634462157460551
0.634662363326352
0.634862569192153
0.635062775057953
0.635262980923754
0.635463186789554
0.635663392655355
0.635863598521156
0.636063804386956
0.636264010252757
0.636464216118558
0.636664421984358
0.636864627850159
0.637064833715959
0.63726503958176
0.637465245447561
0.637665451313361
0.637865657179162
0.638065863044963
0.638266068910763
0.638466274776564
0.638666480642365
0.638866686508165
0.639066892373966
0.639267098239767
0.639467304105567
0.639667509971368
0.639867715837168
0.640067921702969
0.64026812756877
0.64046833343457
0.640668539300371
0.640868745166172
0.641068951031972
0.641269156897773
0.641469362763573
0.641669568629374
0.641869774495175
0.642069980360975
0.642270186226776
0.642470392092577
0.642670597958377
0.642870803824178
0.643071009689979
0.643271215555779
0.64347142142158
0.64367162728738
0.643871833153181
0.644072039018982
0.644272244884782
0.644472450750583
0.644672656616384
0.644872862482184
0.645073068347985
0.645273274213786
0.645473480079586
0.645673685945387
0.645873891811187
0.646074097676988
0.646274303542789
0.646474509408589
0.64667471527439
0.646874921140191
0.647075127005991
0.647275332871792
0.647475538737593
0.647675744603393
0.647875950469194
0.648076156334994
0.648276362200795
0.648476568066596
0.648676773932396
0.648876979798197
0.649077185663998
0.649277391529798
0.649477597395599
0.6496778032614
0.6498780091272
0.650078214993001
0.650278420858801
0.650478626724602
0.650678832590403
0.650879038456203
0.651079244322004
0.651279450187805
0.651479656053605
0.651679861919406
0.651880067785207
0.652080273651007
0.652280479516808
0.652480685382609
0.652680891248409
0.65288109711421
0.65308130298001
0.653281508845811
0.653481714711612
0.653681920577412
0.653882126443213
0.654082332309014
0.654282538174814
0.654482744040615
0.654682949906416
0.654883155772216
0.655083361638017
0.655283567503817
0.655483773369618
0.655683979235419
0.655884185101219
0.65608439096702
0.656284596832821
0.656484802698621
0.656685008564422
0.656885214430223
0.657085420296023
0.657285626161824
0.657485832027624
0.657686037893425
0.657886243759226
0.658086449625026
0.658286655490827
0.658486861356628
0.658687067222428
0.658887273088229
0.65908747895403
0.65928768481983
0.659487890685631
0.659688096551431
0.659888302417232
0.660088508283033
0.660288714148833
0.660488920014634
0.660689125880435
0.660889331746235
0.661089537612036
0.661289743477836
0.661489949343637
0.661690155209438
0.661890361075238
0.662090566941039
0.66229077280684
0.66249097867264
0.662691184538441
0.662891390404242
0.663091596270042
0.663291802135843
0.663492008001644
0.663692213867444
0.663892419733245
0.664092625599045
0.664292831464846
0.664493037330647
0.664693243196447
0.664893449062248
0.665093654928049
0.665293860793849
0.66549406665965
0.66569427252545
0.665894478391251
0.666094684257052
0.666294890122852
0.666495095988653
0.666695301854454
0.666895507720254
0.667095713586055
0.667295919451856
0.667496125317656
0.667696331183457
0.667896537049257
0.668096742915058
0.668296948780859
0.668497154646659
0.66869736051246
0.668897566378261
0.669097772244061
0.669297978109862
0.669498183975663
0.669698389841463
0.669898595707264
0.670098801573064
0.670299007438865
0.670499213304666
0.670699419170466
0.670899625036267
0.671099830902068
0.671300036767868
0.671500242633669
0.67170044849947
0.67190065436527
0.672100860231071
0.672301066096871
0.672501271962672
0.672701477828473
0.672901683694273
0.673101889560074
0.673302095425875
0.673502301291675
0.673702507157476
0.673902713023277
0.674102918889077
0.674303124754878
0.674503330620678
0.674703536486479
0.67490374235228
0.67510394821808
0.675304154083881
0.675504359949682
0.675704565815482
0.675904771681283
0.676104977547084
0.676305183412884
0.676505389278685
0.676705595144485
0.676905801010286
0.677106006876087
0.677306212741887
0.677506418607688
0.677706624473489
0.677906830339289
0.67810703620509
0.678307242070891
0.678507447936691
0.678707653802492
0.678907859668292
0.679108065534093
0.679308271399894
0.679508477265694
0.679708683131495
0.679908888997296
0.680109094863096
0.680309300728897
0.680509506594698
0.680709712460498
0.680909918326299
0.681110124192099
0.6813103300579
0.681510535923701
0.681710741789501
0.681910947655302
0.682111153521103
0.682311359386903
0.682511565252704
0.682711771118505
0.682911976984305
0.683112182850106
0.683312388715906
0.683512594581707
0.683712800447508
0.683913006313308
0.684113212179109
0.68431341804491
0.68451362391071
0.684713829776511
0.684914035642312
0.685114241508112
0.685314447373913
0.685514653239714
0.685714859105514
0.685915064971315
0.686115270837115
0.686315476702916
0.686515682568717
0.686715888434517
0.686916094300318
0.687116300166119
0.687316506031919
0.68751671189772
0.687716917763521
0.687917123629321
0.688117329495122
0.688317535360922
0.688517741226723
0.688717947092524
0.688918152958324
0.689118358824125
0.689318564689926
0.689518770555726
0.689718976421527
0.689919182287327
0.690119388153128
0.690319594018929
0.690519799884729
0.69072000575053
0.690920211616331
0.691120417482131
0.691320623347932
0.691520829213732
0.691721035079533
0.691921240945334
0.692121446811135
0.692321652676935
0.692521858542736
0.692722064408536
0.692922270274337
0.693122476140138
0.693322682005938
0.693522887871739
0.69372309373754
0.69392329960334
0.694123505469141
0.694323711334941
0.694523917200742
0.694724123066543
0.694924328932343
0.695124534798144
0.695324740663945
0.695524946529745
0.695725152395546
0.695925358261346
0.696125564127147
0.696325769992948
0.696525975858748
0.696726181724549
0.69692638759035
0.69712659345615
0.697326799321951
0.697527005187752
0.697727211053552
0.697927416919353
0.698127622785154
0.698327828650954
0.698528034516755
0.698728240382555
0.698928446248356
0.699128652114157
0.699328857979957
0.699529063845758
0.699729269711559
0.699929475577359
0.70012968144316
0.700329887308961
0.700530093174761
0.700730299040562
0.700930504906362
0.701130710772163
0.701330916637964
0.701531122503764
0.701731328369565
0.701931534235366
0.702131740101166
0.702331945966967
0.702532151832768
0.702732357698568
0.702932563564369
0.703132769430169
0.70333297529597
0.703533181161771
0.703733387027571
0.703933592893372
0.704133798759173
0.704334004624973
0.704534210490774
0.704734416356575
0.704934622222375
0.705134828088176
0.705335033953976
0.705535239819777
0.705735445685578
0.705935651551378
0.706135857417179
0.70633606328298
0.70653626914878
0.706736475014581
0.706936680880382
0.707136886746182
0.707337092611983
0.707537298477783
0.707737504343584
0.707937710209385
0.708137916075185
0.708338121940986
0.708538327806787
0.708738533672587
0.708938739538388
0.709138945404189
0.709339151269989
0.70953935713579
0.70973956300159
0.709939768867391
0.710139974733192
0.710340180598992
0.710540386464793
0.710740592330594
0.710940798196394
0.711141004062195
0.711341209927996
0.711541415793796
0.711741621659597
0.711941827525397
0.712142033391198
0.712342239256999
0.712542445122799
0.7127426509886
0.712942856854401
0.713143062720201
0.713343268586002
0.713543474451803
0.713743680317603
0.713943886183404
0.714144092049204
0.714344297915005
0.714544503780806
0.714744709646606
0.714944915512407
0.715145121378208
0.715345327244008
0.715545533109809
0.715745738975609
0.71594594484141
0.716146150707211
0.716346356573011
0.716546562438812
0.716746768304613
0.716946974170413
0.717147180036214
0.717347385902015
0.717547591767815
0.717747797633616
0.717948003499417
0.718148209365217
0.718348415231018
0.718548621096818
0.718748826962619
0.71894903282842
0.71914923869422
0.719349444560021
0.719549650425822
0.719749856291622
0.719950062157423
0.720150268023223
0.720350473889024
0.720550679754825
0.720750885620625
0.720951091486426
0.721151297352227
0.721351503218027
0.721551709083828
0.721751914949629
0.721952120815429
0.72215232668123
0.72235253254703
0.722552738412831
0.722752944278632
0.722953150144432
0.723153356010233
0.723353561876034
0.723553767741834
0.723753973607635
0.723954179473436
0.724154385339236
0.724354591205037
0.724554797070837
0.724755002936638
0.724955208802439
0.725155414668239
0.72535562053404
0.725555826399841
0.725756032265641
0.725956238131442
0.726156443997243
0.726356649863043
0.726556855728844
0.726757061594644
0.726957267460445
0.727157473326246
0.727357679192046
0.727557885057847
0.727758090923648
0.727958296789448
0.728158502655249
0.72835870852105
0.72855891438685
0.728759120252651
0.728959326118451
0.729159531984252
0.729359737850053
0.729559943715853
0.729760149581654
0.729960355447455
0.730160561313255
0.730360767179056
0.730560973044857
0.730761178910657
0.730961384776458
0.731161590642258
0.731361796508059
0.73156200237386
0.73176220823966
0.731962414105461
0.732162619971262
0.732362825837062
0.732563031702863
0.732763237568664
0.732963443434464
0.733163649300265
0.733363855166066
0.733564061031866
0.733764266897667
0.733964472763467
0.734164678629268
0.734364884495069
0.734565090360869
0.73476529622667
0.734965502092471
0.735165707958271
0.735365913824072
0.735566119689873
0.735766325555673
0.735966531421474
0.736166737287274
0.736366943153075
0.736567149018876
0.736767354884676
0.736967560750477
0.737167766616278
0.737367972482078
0.737568178347879
0.73776838421368
0.73796859007948
0.738168795945281
0.738369001811081
0.738569207676882
0.738769413542683
0.738969619408483
0.739169825274284
0.739370031140085
0.739570237005885
0.739770442871686
0.739970648737487
0.740170854603287
0.740371060469088
0.740571266334888
0.740771472200689
0.74097167806649
0.74117188393229
0.741372089798091
0.741572295663892
0.741772501529692
0.741972707395493
0.742172913261294
0.742373119127094
0.742573324992895
0.742773530858695
0.742973736724496
0.743173942590297
0.743374148456097
0.743574354321898
0.743774560187699
0.743974766053499
0.7441749719193
0.7443751777851
0.744575383650901
0.744775589516702
0.744975795382502
0.745176001248303
0.745376207114104
0.745576412979904
0.745776618845705
0.745976824711506
0.746177030577306
0.746377236443107
0.746577442308908
0.746777648174708
0.746977854040509
0.747178059906309
0.74737826577211
0.747578471637911
0.747778677503711
0.747978883369512
0.748179089235313
0.748379295101113
0.748579500966914
0.748779706832714
0.748979912698515
0.749180118564316
0.749380324430116
0.749580530295917
0.749780736161718
0.749980942027518
0.750181147893319
0.75038135375912
0.75058155962492
0.750781765490721
0.750981971356522
0.751182177222322
0.751382383088123
0.751582588953924
0.751782794819724
0.751983000685525
0.752183206551326
0.752383412417126
0.752583618282927
0.752783824148728
0.752984030014528
0.753184235880329
0.75338444174613
0.75358464761193
0.753784853477731
0.753985059343532
0.754185265209332
0.754385471075133
0.754585676940934
0.754785882806734
0.754986088672535
0.755186294538336
0.755386500404136
0.755586706269937
0.755786912135737
0.755987118001538
0.756187323867339
0.756387529733139
0.75658773559894
0.756787941464741
0.756988147330542
0.757188353196342
0.757388559062143
0.757588764927943
0.757788970793744
0.757989176659545
0.758189382525345
0.758389588391146
0.758589794256947
0.758790000122747
0.758990205988548
0.759190411854349
0.759390617720149
0.75959082358595
0.759791029451751
0.759991235317552
0.760191441183352
0.760391647049153
0.760591852914953
0.760792058780754
0.760992264646555
0.761192470512355
0.761392676378156
0.761592882243957
0.761793088109757
0.761993293975558
0.762193499841359
0.762393705707159
0.76259391157296
0.762794117438761
0.762994323304561
0.763194529170362
0.763394735036163
0.763594940901963
0.763795146767764
0.763995352633565
0.764195558499365
0.764395764365166
0.764595970230967
0.764796176096767
0.764996381962568
0.765196587828369
0.765396793694169
0.76559699955997
0.765797205425771
0.765997411291571
0.766197617157372
0.766397823023173
0.766598028888973
0.766798234754774
0.766998440620575
0.767198646486375
0.767398852352176
0.767599058217977
0.767799264083777
0.767999469949578
0.768199675815379
0.768399881681179
0.76860008754698
0.768800293412781
0.769000499278581
0.769200705144382
0.769400911010183
0.769601116875983
0.769801322741784
0.770001528607585
0.770201734473385
0.770401940339186
0.770602146204987
0.770802352070787
0.771002557936588
0.771202763802389
0.771402969668189
0.77160317553399
0.771803381399791
0.772003587265591
0.772203793131392
0.772403998997193
0.772604204862993
0.772804410728794
0.773004616594595
0.773204822460395
0.773405028326196
0.773605234191997
0.773805440057797
0.774005645923598
0.774205851789399
0.774406057655199
0.774606263521
0.774806469386801
0.775006675252601
0.775206881118402
0.775407086984203
0.775607292850003
0.775807498715804
0.776007704581605
0.776207910447405
0.776408116313206
0.776608322179007
0.776808528044807
0.777008733910608
0.777208939776409
0.777409145642209
0.77760935150801
0.777809557373811
0.778009763239611
0.778209969105412
0.778410174971212
0.778610380837013
0.778810586702814
0.779010792568614
0.779210998434415
0.779411204300216
0.779611410166017
0.779811616031817
0.780011821897618
0.780212027763419
0.780412233629219
0.78061243949502
0.780812645360821
0.781012851226621
0.781213057092422
0.781413262958222
0.781613468824023
0.781813674689824
0.782013880555624
0.782214086421425
0.782414292287226
0.782614498153027
0.782814704018827
0.783014909884628
0.783215115750428
0.783415321616229
0.78361552748203
0.78381573334783
0.784015939213631
0.784216145079432
0.784416350945232
0.784616556811033
0.784816762676834
0.785016968542634
0.785217174408435
0.785417380274236
0.785617586140037
0.785817792005837
0.786017997871638
0.786218203737438
0.786418409603239
0.78661861546904
0.78681882133484
0.787019027200641
0.787219233066442
0.787419438932242
0.787619644798043
0.787819850663844
0.788020056529644
0.788220262395445
0.788420468261246
0.788620674127046
0.788820879992847
0.789021085858648
0.789221291724448
0.789421497590249
0.78962170345605
0.78982190932185
0.790022115187651
0.790222321053452
0.790422526919252
0.790622732785053
0.790822938650854
0.791023144516654
0.791223350382455
0.791423556248256
0.791623762114056
0.791823967979857
0.792024173845658
0.792224379711458
0.792424585577259
0.79262479144306
0.79282499730886
0.793025203174661
0.793225409040462
0.793425614906262
0.793625820772063
0.793826026637864
0.794026232503664
0.794226438369465
0.794426644235266
0.794626850101066
0.794827055966867
0.795027261832668
0.795227467698468
0.795427673564269
0.79562787943007
0.79582808529587
0.796028291161671
0.796228497027472
0.796428702893272
0.796628908759073
0.796829114624874
0.797029320490674
0.797229526356475
0.797429732222276
0.797629938088076
0.797830143953877
0.798030349819678
0.798230555685478
0.798430761551279
0.79863096741708
0.79883117328288
0.799031379148681
0.799231585014482
0.799431790880282
0.799631996746083
0.799832202611884
0.800032408477684
0.800232614343485
0.800432820209286
0.800633026075086
0.800833231940887
0.801033437806688
0.801233643672488
0.801433849538289
0.801634055404089
0.80183426126989
0.802034467135691
0.802234673001492
0.802434878867292
0.802635084733093
0.802835290598894
0.803035496464694
0.803235702330495
0.803435908196296
0.803636114062096
0.803836319927897
0.804036525793697
0.804236731659498
0.804436937525299
0.804637143391099
0.8048373492569
0.805037555122701
0.805237760988502
0.805437966854302
0.805638172720103
0.805838378585903
0.806038584451704
0.806238790317505
0.806438996183306
0.806639202049106
0.806839407914907
0.807039613780707
0.807239819646508
0.807440025512309
0.807640231378109
0.80784043724391
0.808040643109711
0.808240848975512
0.808441054841312
0.808641260707113
0.808841466572913
0.809041672438714
0.809241878304515
0.809442084170315
0.809642290036116
0.809842495901917
0.810042701767717
0.810242907633518
0.810443113499319
0.810643319365119
0.81084352523092
0.811043731096721
0.811243936962521
0.811444142828322
0.811644348694123
0.811844554559923
0.812044760425724
0.812244966291525
0.812445172157325
0.812645378023126
0.812845583888927
0.813045789754727
0.813245995620528
0.813446201486329
0.813646407352129
0.81384661321793
0.814046819083731
0.814247024949531
0.814447230815332
0.814647436681133
0.814847642546933
0.815047848412734
0.815248054278535
0.815448260144335
0.815648466010136
0.815848671875937
0.816048877741737
0.816249083607538
0.816449289473339
0.816649495339139
0.81684970120494
0.817049907070741
0.817250112936541
0.817450318802342
0.817650524668143
0.817850730533943
0.818050936399744
0.818251142265545
0.818451348131345
0.818651553997146
0.818851759862947
0.819051965728747
0.819252171594548
0.819452377460349
0.819652583326149
0.81985278919195
0.820052995057751
0.820253200923551
0.820453406789352
0.820653612655153
0.820853818520953
0.821054024386754
0.821254230252555
0.821454436118355
0.821654641984156
0.821854847849957
0.822055053715757
0.822255259581558
0.822455465447359
0.822655671313159
0.82285587717896
0.823056083044761
0.823256288910561
0.823456494776362
0.823656700642163
0.823856906507963
0.824057112373764
0.824257318239564
0.824457524105365
0.824657729971166
0.824857935836967
0.825058141702767
0.825258347568568
0.825458553434369
0.825658759300169
0.82585896516597
0.826059171031771
0.826259376897571
0.826459582763372
0.826659788629173
0.826859994494973
0.827060200360774
0.827260406226574
0.827460612092375
0.827660817958176
0.827861023823977
0.828061229689777
0.828261435555578
0.828461641421379
0.828661847287179
0.82886205315298
0.829062259018781
0.829262464884581
0.829462670750382
0.829662876616182
0.829863082481983
0.830063288347784
0.830263494213584
0.830463700079385
0.830663905945186
0.830864111810987
0.831064317676787
0.831264523542588
0.831464729408388
0.831664935274189
0.83186514113999
0.83206534700579
0.832265552871591
0.832465758737392
0.832665964603192
0.832866170468993
0.833066376334794
0.833266582200594
0.833466788066395
0.833666993932196
0.833867199797997
0.834067405663797
0.834267611529598
0.834467817395398
0.834668023261199
0.834868229127
0.8350684349928
0.835268640858601
0.835468846724402
0.835669052590202
0.835869258456003
0.836069464321804
0.836269670187604
0.836469876053405
0.836670081919206
0.836870287785006
0.837070493650807
0.837270699516608
0.837470905382408
0.837671111248209
0.83787131711401
0.83807152297981
0.838271728845611
0.838471934711412
0.838672140577212
0.838872346443013
0.839072552308814
0.839272758174614
0.839472964040415
0.839673169906216
0.839873375772016
0.840073581637817
0.840273787503618
0.840473993369418
0.840674199235219
0.84087440510102
0.84107461096682
0.841274816832621
0.841475022698422
0.841675228564222
0.841875434430023
0.842075640295824
0.842275846161624
0.842476052027425
0.842676257893226
0.842876463759026
0.843076669624827
0.843276875490628
0.843477081356428
0.843677287222229
0.84387749308803
0.84407769895383
0.844277904819631
0.844478110685432
0.844678316551232
0.844878522417033
0.845078728282834
0.845278934148634
0.845479140014435
0.845679345880236
0.845879551746036
0.846079757611837
0.846279963477638
0.846480169343438
0.846680375209239
0.84688058107504
0.84708078694084
0.847280992806641
0.847481198672442
0.847681404538242
0.847881610404043
0.848081816269844
0.848282022135644
0.848482228001445
0.848682433867246
0.848882639733046
0.849082845598847
0.849283051464648
0.849483257330448
0.849683463196249
0.849883669062049
0.85008387492785
0.850284080793651
0.850484286659452
0.850684492525252
0.850884698391053
0.851084904256854
0.851285110122654
0.851485315988455
0.851685521854256
0.851885727720056
0.852085933585857
0.852286139451657
0.852486345317458
0.852686551183259
0.852886757049059
0.85308696291486
0.853287168780661
0.853487374646462
0.853687580512262
0.853887786378063
0.854087992243864
0.854288198109664
0.854488403975465
0.854688609841265
0.854888815707066
0.855089021572867
0.855289227438667
0.855489433304468
0.855689639170269
0.855889845036069
0.85609005090187
0.856290256767671
0.856490462633472
0.856690668499272
0.856890874365073
0.857091080230873
0.857291286096674
0.857491491962475
0.857691697828275
0.857891903694076
0.858092109559877
0.858292315425677
0.858492521291478
0.858692727157279
0.858892933023079
0.85909313888888
0.859293344754681
0.859493550620481
0.859693756486282
0.859893962352083
0.860094168217883
0.860294374083684
0.860494579949485
0.860694785815285
0.860894991681086
0.861095197546887
0.861295403412687
0.861495609278488
0.861695815144289
0.861896021010089
0.86209622687589
0.862296432741691
0.862496638607491
0.862696844473292
0.862897050339093
0.863097256204893
0.863297462070694
0.863497667936495
0.863697873802295
0.863898079668096
0.864098285533897
0.864298491399697
0.864498697265498
0.864698903131299
0.864899108997099
0.8650993148629
0.865299520728701
0.865499726594501
0.865699932460302
0.865900138326103
0.866100344191903
0.866300550057704
0.866500755923505
0.866700961789305
0.866901167655106
0.867101373520907
0.867301579386707
0.867501785252508
0.867701991118309
0.867902196984109
0.86810240284991
0.868302608715711
0.868502814581511
0.868703020447312
0.868903226313113
0.869103432178913
0.869303638044714
0.869503843910515
0.869704049776315
0.869904255642116
0.870104461507917
0.870304667373717
0.870504873239518
0.870705079105319
0.870905284971119
0.87110549083692
0.871305696702721
0.871505902568521
0.871706108434322
0.871906314300123
0.872106520165923
0.872306726031724
0.872506931897524
0.872707137763325
0.872907343629126
0.873107549494927
0.873307755360727
0.873507961226528
0.873708167092329
0.873908372958129
0.87410857882393
0.874308784689731
0.874508990555531
0.874709196421332
0.874909402287133
0.875109608152933
0.875309814018734
0.875510019884534
0.875710225750335
0.875910431616136
0.876110637481937
0.876310843347737
0.876511049213538
0.876711255079339
0.876911460945139
0.87711166681094
0.87731187267674
0.877512078542541
0.877712284408342
0.877912490274142
0.878112696139943
0.878312902005744
0.878513107871544
0.878713313737345
0.878913519603146
0.879113725468947
0.879313931334747
0.879514137200548
0.879714343066348
0.879914548932149
0.88011475479795
0.88031496066375
0.880515166529551
0.880715372395352
0.880915578261152
0.881115784126953
0.881315989992754
0.881516195858554
0.881716401724355
0.881916607590156
0.882116813455956
0.882317019321757
0.882517225187558
0.882717431053358
0.882917636919159
0.88311784278496
0.88331804865076
0.883518254516561
0.883718460382362
0.883918666248162
0.884118872113963
0.884319077979764
0.884519283845564
0.884719489711365
0.884919695577166
0.885119901442966
0.885320107308767
0.885520313174568
0.885720519040368
0.885920724906169
0.88612093077197
0.88632113663777
0.886521342503571
0.886721548369372
0.886921754235172
0.887121960100973
0.887322165966774
0.887522371832574
0.887722577698375
0.887922783564176
0.888122989429976
0.888323195295777
0.888523401161578
0.888723607027378
0.888923812893179
0.88912401875898
0.88932422462478
0.889524430490581
0.889724636356382
0.889924842222182
0.890125048087983
0.890325253953784
0.890525459819584
0.890725665685385
0.890925871551186
0.891126077416986
0.891326283282787
0.891526489148588
0.891726695014388
0.891926900880189
0.89212710674599
0.89232731261179
0.892527518477591
0.892727724343392
0.892927930209192
0.893128136074993
0.893328341940794
0.893528547806594
0.893728753672395
0.893928959538196
0.894129165403996
0.894329371269797
0.894529577135598
0.894729783001398
0.894929988867199
0.895130194733
0.8953304005988
0.895530606464601
0.895730812330402
0.895931018196202
0.896131224062003
0.896331429927804
0.896531635793604
0.896731841659405
0.896932047525206
0.897132253391006
0.897332459256807
0.897532665122608
0.897732870988408
0.897933076854209
0.898133282720009
0.89833348858581
0.898533694451611
0.898733900317412
0.898934106183212
0.899134312049013
0.899334517914814
0.899534723780614
0.899734929646415
0.899935135512215
0.900135341378016
0.900335547243817
0.900535753109617
0.900735958975418
0.900936164841219
0.901136370707019
0.90133657657282
0.901536782438621
0.901736988304422
0.901937194170222
0.902137400036023
0.902337605901824
0.902537811767624
0.902738017633425
0.902938223499225
0.903138429365026
0.903338635230827
0.903538841096627
0.903739046962428
0.903939252828229
0.904139458694029
0.90433966455983
0.904539870425631
0.904740076291431
0.904940282157232
0.905140488023033
0.905340693888833
0.905540899754634
0.905741105620435
0.905941311486235
0.906141517352036
0.906341723217837
0.906541929083637
0.906742134949438
0.906942340815239
0.907142546681039
0.90734275254684
0.907542958412641
0.907743164278441
0.907943370144242
0.908143576010043
0.908343781875843
0.908543987741644
0.908744193607445
0.908944399473245
0.909144605339046
0.909344811204847
0.909545017070647
0.909745222936448
0.909945428802249
0.910145634668049
0.91034584053385
0.910546046399651
0.910746252265451
0.910946458131252
0.911146663997053
0.911346869862853
0.911547075728654
0.911747281594455
0.911947487460255
0.912147693326056
0.912347899191857
0.912548105057657
0.912748310923458
0.912948516789259
0.913148722655059
0.91334892852086
0.913549134386661
0.913749340252461
0.913949546118262
0.914149751984063
0.914349957849863
0.914550163715664
0.914750369581465
0.914950575447265
0.915150781313066
0.915350987178867
0.915551193044667
0.915751398910468
0.915951604776269
0.916151810642069
0.91635201650787
0.916552222373671
0.916752428239471
0.916952634105272
0.917152839971073
0.917353045836873
0.917553251702674
0.917753457568475
0.917953663434275
0.918153869300076
0.918354075165877
0.918554281031677
0.918754486897478
0.918954692763279
0.919154898629079
0.91935510449488
0.919555310360681
0.919755516226481
0.919955722092282
0.920155927958083
0.920356133823883
0.920556339689684
0.920756545555484
0.920956751421285
0.921156957287086
0.921357163152887
0.921557369018687
0.921757574884488
0.921957780750289
0.922157986616089
0.92235819248189
0.922558398347691
0.922758604213491
0.922958810079292
0.923159015945093
0.923359221810893
0.923559427676694
0.923759633542494
0.923959839408295
0.924160045274096
0.924360251139897
0.924560457005697
0.924760662871498
0.924960868737299
0.925161074603099
0.9253612804689
0.9255614863347
0.925761692200501
0.925961898066302
0.926162103932102
0.926362309797903
0.926562515663704
0.926762721529504
0.926962927395305
0.927163133261106
0.927363339126906
0.927563544992707
0.927763750858508
0.927963956724308
0.928164162590109
0.92836436845591
0.92856457432171
0.928764780187511
0.928964986053312
0.929165191919112
0.929365397784913
0.929565603650714
0.929765809516514
0.929966015382315
0.930166221248116
0.930366427113916
0.930566632979717
0.930766838845518
0.930967044711318
0.931167250577119
0.93136745644292
0.93156766230872
0.931767868174521
0.931968074040322
0.932168279906122
0.932368485771923
0.932568691637724
0.932768897503524
0.932969103369325
0.933169309235126
0.933369515100926
0.933569720966727
0.933769926832528
0.933970132698328
0.934170338564129
0.93437054442993
0.93457075029573
0.934770956161531
0.934971162027332
0.935171367893132
0.935371573758933
0.935571779624734
0.935771985490534
0.935972191356335
0.936172397222136
0.936372603087936
0.936572808953737
0.936773014819538
0.936973220685338
0.937173426551139
0.93737363241694
0.93757383828274
0.937774044148541
0.937974250014342
0.938174455880142
0.938374661745943
0.938574867611744
0.938775073477544
0.938975279343345
0.939175485209146
0.939375691074946
0.939575896940747
0.939776102806548
0.939976308672348
0.940176514538149
0.94037672040395
0.94057692626975
0.940777132135551
0.940977338001352
0.941177543867152
0.941377749732953
0.941577955598754
0.941778161464554
0.941978367330355
0.942178573196156
0.942378779061956
0.942578984927757
0.942779190793558
0.942979396659358
0.943179602525159
0.94337980839096
0.94358001425676
0.943780220122561
0.943980425988362
0.944180631854162
0.944380837719963
0.944581043585764
0.944781249451564
0.944981455317365
0.945181661183166
0.945381867048966
0.945582072914767
0.945782278780568
0.945982484646368
0.946182690512169
0.946382896377969
0.94658310224377
0.946783308109571
0.946983513975372
0.947183719841172
0.947383925706973
0.947584131572774
0.947784337438574
0.947984543304375
0.948184749170175
0.948384955035976
0.948585160901777
0.948785366767578
0.948985572633378
0.949185778499179
0.949385984364979
0.94958619023078
0.949786396096581
0.949986601962381
0.950186807828182
0.950387013693983
0.950587219559784
0.950787425425584
0.950987631291385
0.951187837157185
0.951388043022986
0.951588248888787
0.951788454754587
0.951988660620388
0.952188866486189
0.952389072351989
0.95258927821779
0.952789484083591
0.952989689949391
0.953189895815192
0.953390101680993
0.953590307546793
0.953790513412594
0.953990719278395
0.954190925144195
0.954391131009996
0.954591336875797
0.954791542741597
0.954991748607398
0.955191954473199
0.955392160338999
0.9555923662048
0.955792572070601
0.955992777936401
0.956192983802202
0.956393189668003
0.956593395533803
0.956793601399604
0.956993807265405
0.957194013131205
0.957394218997006
0.957594424862807
0.957794630728607
0.957994836594408
0.958195042460209
0.958395248326009
0.95859545419181
0.958795660057611
0.958995865923411
0.959196071789212
0.959396277655013
0.959596483520813
0.959796689386614
0.959996895252415
0.960197101118215
0.960397306984016
0.960597512849817
0.960797718715617
0.960997924581418
0.961198130447219
0.961398336313019
0.96159854217882
0.961798748044621
0.961998953910421
0.962199159776222
0.962399365642023
0.962599571507823
0.962799777373624
0.962999983239425
0.963200189105225
0.963400394971026
0.963600600836827
0.963800806702627
0.964001012568428
0.964201218434229
0.964401424300029
0.96460163016583
0.964801836031631
0.965002041897431
0.965202247763232
0.965402453629033
0.965602659494833
0.965802865360634
0.966003071226435
0.966203277092235
0.966403482958036
0.966603688823837
0.966803894689637
0.967004100555438
0.967204306421239
0.967404512287039
0.96760471815284
0.967804924018641
0.968005129884441
0.968205335750242
0.968405541616043
0.968605747481843
0.968805953347644
0.969006159213444
0.969206365079245
0.969406570945046
0.969606776810847
0.969806982676647
0.970007188542448
0.970207394408249
0.970407600274049
0.97060780613985
0.970808012005651
0.971008217871451
0.971208423737252
0.971408629603053
0.971608835468853
0.971809041334654
0.972009247200454
0.972209453066255
0.972409658932056
0.972609864797856
0.972810070663657
0.973010276529458
0.973210482395259
0.973410688261059
0.97361089412686
0.97381109999266
0.974011305858461
0.974211511724262
0.974411717590062
0.974611923455863
0.974812129321664
0.975012335187464
0.975212541053265
0.975412746919066
0.975612952784866
0.975813158650667
0.976013364516468
0.976213570382269
0.976413776248069
0.97661398211387
0.97681418797967
0.977014393845471
0.977214599711272
0.977414805577072
0.977615011442873
0.977815217308674
0.978015423174474
0.978215629040275
0.978415834906076
0.978616040771876
0.978816246637677
0.979016452503478
0.979216658369278
0.979416864235079
0.97961707010088
0.97981727596668
0.980017481832481
0.980217687698282
0.980417893564082
0.980618099429883
0.980818305295684
0.981018511161484
0.981218717027285
0.981418922893086
0.981619128758886
0.981819334624687
0.982019540490488
0.982219746356288
0.982419952222089
0.98262015808789
0.98282036395369
0.983020569819491
0.983220775685292
0.983420981551092
0.983621187416893
0.983821393282694
0.984021599148494
0.984221805014295
0.984422010880096
0.984622216745896
0.984822422611697
0.985022628477498
0.985222834343298
0.985423040209099
0.9856232460749
0.9858234519407
0.986023657806501
0.986223863672302
0.986424069538102
0.986624275403903
0.986824481269704
0.987024687135504
0.987224893001305
0.987425098867106
0.987625304732906
0.987825510598707
0.988025716464508
0.988225922330308
0.988426128196109
0.98862633406191
0.98882653992771
0.989026745793511
0.989226951659312
0.989427157525112
0.989627363390913
0.989827569256714
0.990027775122514
0.990227980988315
0.990428186854116
0.990628392719916
0.990828598585717
0.991028804451518
0.991229010317318
0.991429216183119
0.99162942204892
0.99182962791472
0.992029833780521
0.992230039646322
0.992430245512122
0.992630451377923
0.992830657243724
0.993030863109524
0.993231068975325
0.993431274841126
0.993631480706926
0.993831686572727
0.994031892438528
0.994232098304328
0.994432304170129
0.994632510035929
0.99483271590173
0.995032921767531
0.995233127633331
0.995433333499132
0.995633539364933
0.995833745230734
0.996033951096534
0.996234156962335
0.996434362828136
0.996634568693936
0.996834774559737
0.997034980425538
0.997235186291338
0.997435392157139
0.997635598022939
0.99783580388874
0.998036009754541
0.998236215620341
0.998436421486142
0.998636627351943
0.998836833217744
0.999037039083544
0.999237244949345
0.999437450815145
0.999637656680946
0.999837862546747
1.00003806841255
1.00023827427835
