-0.00236876844308426
-0.00216786504194805
-0.00196696164081195
-0.00176605823967574
-0.00156515483853953
-0.00136425143740332
-0.00116334803626711
-0.000962444635130899
-0.000761541233994689
-0.00056063783285859
-0.000359734431722381
-0.000158831030586171
4.20723705500947e-05
0.000242975771686305
0.00044387917282257
0.000644782573958835
0.000845685975095045
0.00104658937623131
0.00124749277736758
0.00144839617850379
0.00164929957964005
0.00185020298077632
0.00205110638191258
0.00225200978304879
0.00245291318418506
0.00265381658532132
0.00285471998645753
0.0030556233875938
0.00325652678873006
0.00345743018986627
0.00365833359100254
0.0038592369921388
0.00406014039327501
0.00426104379441128
0.00446194719554754
0.00466285059668375
0.00486375399782002
0.00506465739895628
0.00526556080009249
0.00546646420122876
0.00566736760236503
0.00586827100350124
0.0060691744046375
0.00627007780577377
0.00647098120690998
0.00667188460804624
0.00687278800918251
0.00707369141031877
0.00727459481145498
0.00747549821259125
0.00767640161372751
0.00787730501486372
0.00807820841599999
0.00827911181713625
0.00848001521827246
0.00868091861940873
0.00888182202054499
0.0090827254216812
0.00928362882281747
0.00948453222395373
0.00968543562508994
0.00988633902622621
0.0100872424273625
0.0102881458284987
0.010489049229635
0.0106899526307712
0.0108908560319074
0.0110917594330437
0.01129266283418
0.0114935662353162
0.0116944696364524
0.0118953730375887
0.0120962764387249
0.0122971798398612
0.0124980832409974
0.0126989866421337
0.0128998900432699
0.0131007934444062
0.0133016968455424
0.0135026002466787
0.0137035036478149
0.0139044070489512
0.0141053104500874
0.0143062138512237
0.0145071172523599
0.0147080206534961
0.0149089240546324
0.0151098274557687
0.0153107308569049
0.0155116342580411
0.0157125376591774
0.0159134410603136
0.0161143444614499
0.0163152478625861
0.0165161512637224
0.0167170546648586
0.0169179580659949
0.0171188614671311
0.0173197648682674
0.0175206682694036
0.0177215716705399
0.0179224750716761
0.0181233784728124
0.0183242818739486
0.0185251852750848
0.0187260886762211
0.0189269920773574
0.0191278954784936
0.0193287988796298
0.0195297022807661
0.0197306056819023
0.0199315090830386
0.0201324124841749
0.0203333158853111
0.0205342192864473
0.0207351226875836
0.0209360260887198
0.0211369294898561
0.0213378328909923
0.0215387362921285
0.0217396396932648
0.0219405430944011
0.0221414464955373
0.0223423498966736
0.0225432532978098
0.022744156698946
0.0229450601000823
0.0231459635012186
0.0233468669023548
0.023547770303491
0.0237486737046273
0.0239495771057636
0.0241504805068998
0.024351383908036
0.0245522873091723
0.0247531907103085
0.0249540941114448
0.025154997512581
0.0253559009137173
0.0255568043148535
0.0257577077159898
0.025958611117126
0.0261595145182623
0.0263604179193985
0.0265613213205347
0.026762224721671
0.0269631281228073
0.0271640315239435
0.0273649349250797
0.027565838326216
0.0277667417273522
0.0279676451284885
0.0281685485296247
0.028369451930761
0.0285703553318972
0.0287712587330335
0.0289721621341698
0.029173065535306
0.0293739689364422
0.0295748723375785
0.0297757757387147
0.029976679139851
0.0301775825409872
0.0303784859421234
0.0305793893432597
0.030780292744396
0.0309811961455322
0.0311820995466685
0.0313830029478047
0.0315839063489409
0.0317848097500772
0.0319857131512135
0.0321866165523497
0.0323875199534859
0.0325884233546222
0.0327893267557584
0.0329902301568947
0.0331911335580309
0.0333920369591671
0.0335929403603034
0.0337938437614397
0.0339947471625759
0.0341956505637122
0.0343965539648484
0.0345974573659847
0.0347983607671209
0.0349992641682572
0.0352001675693934
0.0354010709705296
0.0356019743716659
0.0358028777728022
0.0360037811739384
0.0362046845750746
0.0364055879762109
0.0366064913773471
0.0368073947784834
0.0370082981796196
0.0372092015807559
0.0374101049818921
0.0376110083830284
0.0378119117841646
0.0380128151853009
0.0382137185864371
0.0384146219875733
0.0386155253887096
0.0388164287898459
0.0390173321909821
0.0392182355921183
0.0394191389932546
0.0396200423943909
0.0398209457955271
0.0400218491966634
0.0402227525977996
0.0404236559989358
0.0406245594000721
0.0408254628012084
0.0410263662023446
0.0412272696034808
0.0414281730046171
0.0416290764057533
0.0418299798068896
0.0420308832080258
0.042231786609162
0.0424326900102983
0.0426335934114346
0.0428344968125708
0.0430354002137071
0.0432363036148433
0.0434372070159795
0.0436381104171158
0.0438390138182521
0.0440399172193883
0.0442408206205245
0.0444417240216608
0.0446426274227971
0.0448435308239333
0.0450444342250695
0.0452453376262058
0.045446241027342
0.0456471444284783
0.0458480478296145
0.0460489512307508
0.046249854631887
0.0464507580330233
0.0466516614341595
0.0468525648352958
0.047053468236432
0.0472543716375682
0.0474552750387045
0.0476561784398408
0.047857081840977
0.0480579852421132
0.0482588886432495
0.0484597920443857
0.048660695445522
0.0488615988466582
0.0490625022477945
0.0492634056489307
0.049464309050067
0.0496652124512033
0.0498661158523395
0.0500670192534757
0.050267922654612
0.0504688260557482
0.0506697294568845
0.0508706328580207
0.0510715362591569
0.0512724396602932
0.0514733430614295
0.0516742464625657
0.051875149863702
0.0520760532648382
0.0522769566659744
0.0524778600671107
0.052678763468247
0.0528796668693832
0.0530805702705194
0.0532814736716557
0.0534823770727919
0.0536832804739282
0.0538841838750644
0.0540850872762006
0.0542859906773369
0.0544868940784732
0.0546877974796094
0.0548887008807457
0.0550896042818819
0.0552905076830182
0.0554914110841544
0.0556923144852907
0.0558932178864269
0.0560941212875631
0.0562950246886994
0.0564959280898357
0.0566968314909719
0.0568977348921081
0.0570986382932444
0.0572995416943806
0.0575004450955169
0.0577013484966531
0.0579022518977894
0.0581031552989256
0.0583040587000619
0.0585049621011981
0.0587058655023344
0.0589067689034706
0.0591076723046068
0.0593085757057431
0.0595094791068794
0.0597103825080156
0.0599112859091518
0.0601121893102881
0.0603130927114244
0.0605139961125606
0.0607148995136969
0.0609158029148331
0.0611167063159693
0.0613176097171056
0.0615185131182419
0.0617194165193781
0.0619203199205143
0.0621212233216506
0.0623221267227868
0.0625230301239231
0.0627239335250593
0.0629248369261955
0.0631257403273318
0.0633266437284681
0.0635275471296043
0.0637284505307406
0.0639293539318768
0.064130257333013
0.0643311607341493
0.0645320641352856
0.0647329675364218
0.064933870937558
0.0651347743386943
0.0653356777398306
0.0655365811409668
0.065737484542103
0.0659383879432393
0.0661392913443755
0.0663401947455118
0.066541098146648
0.0667420015477843
0.0669429049489205
0.0671438083500568
0.067344711751193
0.0675456151523293
0.0677465185534655
0.0679474219546017
0.068148325355738
0.0683492287568743
0.0685501321580105
0.0687510355591467
0.068951938960283
0.0691528423614192
0.0693537457625555
0.0695546491636918
0.069755552564828
0.0699564559659642
0.0701573593671005
0.0703582627682367
0.070559166169373
0.0707600695705092
0.0709609729716455
0.0711618763727817
0.071362779773918
0.0715636831750542
0.0717645865761904
0.0719654899773267
0.072166393378463
0.0723672967795992
0.0725682001807355
0.0727691035818717
0.0729700069830079
0.0731709103841442
0.0733718137852805
0.0735727171864167
0.0737736205875529
0.0739745239886892
0.0741754273898254
0.0743763307909617
0.0745772341920979
0.0747781375932342
0.0749790409943704
0.0751799443955067
0.0753808477966429
0.0755817511977792
0.0757826545989154
0.0759835580000517
0.0761844614011879
0.0763853648023242
0.0765862682034604
0.0767871716045966
0.0769880750057329
0.0771889784068692
0.0773898818080054
0.0775907852091416
0.0777916886102779
0.0779925920114141
0.0781934954125504
0.0783943988136866
0.0785953022148229
0.0787962056159591
0.0789971090170954
0.0791980124182316
0.0793989158193679
0.0795998192205041
0.0798007226216403
0.0800016260227766
0.0802025294239129
0.0804034328250491
0.0806043362261853
0.0808052396273216
0.0810061430284578
0.0812070464295941
0.0814079498307304
0.0816088532318666
0.0818097566330028
0.0820106600341391
0.0822115634352754
0.0824124668364116
0.0826133702375478
0.0828142736386841
0.0830151770398203
0.0832160804409566
0.0834169838420928
0.083617887243229
0.0838187906443653
0.0840196940455016
0.0842205974466378
0.0844215008477741
0.0846224042489103
0.0848233076500465
0.0850242110511828
0.0852251144523191
0.0854260178534553
0.0856269212545915
0.0858278246557278
0.086028728056864
0.0862296314580003
0.0864305348591365
0.0866314382602728
0.086832341661409
0.0870332450625453
0.0872341484636815
0.0874350518648178
0.087635955265954
0.0878368586670903
0.0880377620682265
0.0882386654693628
0.088439568870499
0.0886404722716352
0.0888413756727715
0.0890422790739078
0.089243182475044
0.0894440858761802
0.0896449892773165
0.0898458926784527
0.090046796079589
0.0902476994807253
0.0904486028818615
0.0906495062829977
0.090850409684134
0.0910513130852702
0.0912522164864065
0.0914531198875427
0.0916540232886789
0.0918549266898152
0.0920558300909515
0.0922567334920877
0.0924576368932239
0.0926585402943602
0.0928594436954965
0.0930603470966327
0.093261250497769
0.0934621538989052
0.0936630573000414
0.0938639607011777
0.094064864102314
0.0942657675034502
0.0944666709045864
0.0946675743057227
0.0948684777068589
0.0950693811079952
0.0952702845091314
0.0954711879102677
0.0956720913114039
0.0958729947125402
0.0960738981136764
0.0962748015148127
0.0964757049159489
0.0966766083170851
0.0968775117182214
0.0970784151193577
0.0972793185204939
0.0974802219216301
0.0976811253227664
0.0978820287239027
0.0980829321250389
0.0982838355261751
0.0984847389273114
0.0986856423284476
0.0988865457295839
0.0990874491307202
0.0992883525318564
0.0994892559329926
0.0996901593341289
0.0998910627352651
0.100091966136401
0.100292869537538
0.100493772938674
0.10069467633981
0.100895579740946
0.101096483142083
0.101297386543219
0.101498289944355
0.101699193345491
0.101900096746628
0.102101000147764
0.1023019035489
0.102502806950036
0.102703710351173
0.102904613752309
0.103105517153445
0.103306420554581
0.103507323955718
0.103708227356854
0.10390913075799
0.104110034159126
0.104310937560263
0.104511840961399
0.104712744362535
0.104913647763671
0.105114551164808
0.105315454565944
0.10551635796708
0.105717261368216
0.105918164769353
0.106119068170489
0.106319971571625
0.106520874972761
0.106721778373898
0.106922681775034
0.10712358517617
0.107324488577306
0.107525391978443
0.107726295379579
0.107927198780715
0.108128102181851
0.108329005582988
0.108529908984124
0.10873081238526
0.108931715786396
0.109132619187533
0.109333522588669
0.109534425989805
0.109735329390941
0.109936232792077
0.110137136193214
0.11033803959435
0.110538942995486
0.110739846396622
0.110940749797759
0.111141653198895
0.111342556600031
0.111543460001167
0.111744363402304
0.11194526680344
0.112146170204576
0.112347073605712
0.112547977006849
0.112748880407985
0.112949783809121
0.113150687210257
0.113351590611394
0.11355249401253
0.113753397413666
0.113954300814802
0.114155204215939
0.114356107617075
0.114557011018211
0.114757914419347
0.114958817820484
0.11515972122162
0.115360624622756
0.115561528023892
0.115762431425029
0.115963334826165
0.116164238227301
0.116365141628437
0.116566045029574
0.11676694843071
0.116967851831846
0.117168755232982
0.117369658634119
0.117570562035255
0.117771465436391
0.117972368837527
0.118173272238664
0.1183741756398
0.118575079040936
0.118775982442072
0.118976885843209
0.119177789244345
0.119378692645481
0.119579596046617
0.119780499447754
0.11998140284889
0.120182306250026
0.120383209651162
0.120584113052299
0.120785016453435
0.120985919854571
0.121186823255707
0.121387726656844
0.12158863005798
0.121789533459116
0.121990436860252
0.122191340261389
0.122392243662525
0.122593147063661
0.122794050464797
0.122994953865934
0.12319585726707
0.123396760668206
0.123597664069342
0.123798567470479
0.123999470871615
0.124200374272751
0.124401277673887
0.124602181075024
0.12480308447616
0.125003987877296
0.125204891278432
0.125405794679569
0.125606698080705
0.125807601481841
0.126008504882977
0.126209408284114
0.12641031168525
0.126611215086386
0.126812118487522
0.127013021888659
0.127213925289795
0.127414828690931
0.127615732092067
0.127816635493204
0.12801753889434
0.128218442295476
0.128419345696612
0.128620249097748
0.128821152498885
0.129022055900021
0.129222959301157
0.129423862702294
0.12962476610343
0.129825669504566
0.130026572905702
0.130227476306839
0.130428379707975
0.130629283109111
0.130830186510247
0.131031089911384
0.13123199331252
0.131432896713656
0.131633800114792
0.131834703515928
0.132035606917065
0.132236510318201
0.132437413719337
0.132638317120473
0.13283922052161
0.133040123922746
0.133241027323882
0.133441930725018
0.133642834126155
0.133843737527291
0.134044640928427
0.134245544329563
0.1344464477307
0.134647351131836
0.134848254532972
0.135049157934108
0.135250061335245
0.135450964736381
0.135651868137517
0.135852771538653
0.13605367493979
0.136254578340926
0.136455481742062
0.136656385143198
0.136857288544335
0.137058191945471
0.137259095346607
0.137459998747743
0.13766090214888
0.137861805550016
0.138062708951152
0.138263612352288
0.138464515753425
0.138665419154561
0.138866322555697
0.139067225956833
0.13926812935797
0.139469032759106
0.139669936160242
0.139870839561378
0.140071742962515
0.140272646363651
0.140473549764787
0.140674453165923
0.14087535656706
0.141076259968196
0.141277163369332
0.141478066770468
0.141678970171605
0.141879873572741
0.142080776973877
0.142281680375013
0.14248258377615
0.142683487177286
0.142884390578422
0.143085293979558
0.143286197380695
0.143487100781831
0.143688004182967
0.143888907584103
0.14408981098524
0.144290714386376
0.144491617787512
0.144692521188648
0.144893424589785
0.145094327990921
0.145295231392057
0.145496134793193
0.14569703819433
0.145897941595466
0.146098844996602
0.146299748397738
0.146500651798875
0.146701555200011
0.146902458601147
0.147103362002283
0.14730426540342
0.147505168804556
0.147706072205692
0.147906975606828
0.148107879007965
0.148308782409101
0.148509685810237
0.148710589211373
0.14891149261251
0.149112396013646
0.149313299414782
0.149514202815918
0.149715106217055
0.149916009618191
0.150116913019327
0.150317816420463
0.1505187198216
0.150719623222736
0.150920526623872
0.151121430025008
0.151322333426144
0.151523236827281
0.151724140228417
0.151925043629553
0.152125947030689
0.152326850431826
0.152527753832962
0.152728657234098
0.152929560635234
0.153130464036371
0.153331367437507
0.153532270838643
0.153733174239779
0.153934077640916
0.154134981042052
0.154335884443188
0.154536787844324
0.154737691245461
0.154938594646597
0.155139498047733
0.155340401448869
0.155541304850006
0.155742208251142
0.155943111652278
0.156144015053414
0.156344918454551
0.156545821855687
0.156746725256823
0.156947628657959
0.157148532059096
0.157349435460232
0.157550338861368
0.157751242262504
0.157952145663641
0.158153049064777
0.158353952465913
0.158554855867049
0.158755759268186
0.158956662669322
0.159157566070458
0.159358469471594
0.159559372872731
0.159760276273867
0.159961179675003
0.160162083076139
0.160362986477276
0.160563889878412
0.160764793279548
0.160965696680684
0.161166600081821
0.161367503482957
0.161568406884093
0.161769310285229
0.161970213686366
0.162171117087502
0.162372020488638
0.162572923889774
0.162773827290911
0.162974730692047
0.163175634093183
0.163376537494319
0.163577440895456
0.163778344296592
0.163979247697728
0.164180151098864
0.164381054500001
0.164581957901137
0.164782861302273
0.164983764703409
0.165184668104546
0.165385571505682
0.165586474906818
0.165787378307954
0.165988281709091
0.166189185110227
0.166390088511363
0.166590991912499
0.166791895313636
0.166992798714772
0.167193702115908
0.167394605517044
0.167595508918181
0.167796412319317
0.167997315720453
0.168198219121589
0.168399122522726
0.168600025923862
0.168800929324998
0.169001832726134
0.169202736127271
0.169403639528407
0.169604542929543
0.169805446330679
0.170006349731815
0.170207253132952
0.170408156534088
0.170609059935224
0.170809963336361
0.171010866737497
0.171211770138633
0.171412673539769
0.171613576940906
0.171814480342042
0.172015383743178
0.172216287144314
0.172417190545451
0.172618093946587
0.172818997347723
0.173019900748859
0.173220804149995
0.173421707551132
0.173622610952268
0.173823514353404
0.17402441775454
0.174225321155677
0.174426224556813
0.174627127957949
0.174828031359085
0.175028934760222
0.175229838161358
0.175430741562494
0.17563164496363
0.175832548364767
0.176033451765903
0.176234355167039
0.176435258568175
0.176636161969312
0.176837065370448
0.177037968771584
0.17723887217272
0.177439775573857
0.177640678974993
0.177841582376129
0.178042485777265
0.178243389178402
0.178444292579538
0.178645195980674
0.17884609938181
0.179047002782947
0.179247906184083
0.179448809585219
0.179649712986355
0.179850616387492
0.180051519788628
0.180252423189764
0.1804533265909
0.180654229992037
0.180855133393173
0.181056036794309
0.181256940195445
0.181457843596582
0.181658746997718
0.181859650398854
0.18206055379999
0.182261457201127
0.182462360602263
0.182663264003399
0.182864167404535
0.183065070805672
0.183265974206808
0.183466877607944
0.18366778100908
0.183868684410217
0.184069587811353
0.184270491212489
0.184471394613625
0.184672298014762
0.184873201415898
0.185074104817034
0.18527500821817
0.185475911619307
0.185676815020443
0.185877718421579
0.186078621822715
0.186279525223852
0.186480428624988
0.186681332026124
0.18688223542726
0.187083138828397
0.187284042229533
0.187484945630669
0.187685849031805
0.187886752432942
0.188087655834078
0.188288559235214
0.18848946263635
0.188690366037487
0.188891269438623
0.189092172839759
0.189293076240895
0.189493979642032
0.189694883043168
0.189895786444304
0.19009668984544
0.190297593246577
0.190498496647713
0.190699400048849
0.190900303449985
0.191101206851122
0.191302110252258
0.191503013653394
0.19170391705453
0.191904820455666
0.192105723856803
0.192306627257939
0.192507530659075
0.192708434060211
0.192909337461348
0.193110240862484
0.19331114426362
0.193512047664756
0.193712951065893
0.193913854467029
0.194114757868165
0.194315661269301
0.194516564670438
0.194717468071574
0.19491837147271
0.195119274873846
0.195320178274983
0.195521081676119
0.195721985077255
0.195922888478391
0.196123791879528
0.196324695280664
0.1965255986818
0.196726502082936
0.196927405484073
0.197128308885209
0.197329212286345
0.197530115687481
0.197731019088618
0.197931922489754
0.19813282589089
0.198333729292026
0.198534632693163
0.198735536094299
0.198936439495435
0.199137342896571
0.199338246297708
0.199539149698844
0.19974005309998
0.199940956501116
0.200141859902253
0.200342763303389
0.200543666704525
0.200744570105661
0.200945473506798
0.201146376907934
0.20134728030907
0.201548183710206
0.201749087111343
0.201949990512479
0.202150893913615
0.202351797314751
0.202552700715888
0.202753604117024
0.20295450751816
0.203155410919296
0.203356314320433
0.203557217721569
0.203758121122705
0.203959024523841
0.204159927924978
0.204360831326114
0.20456173472725
0.204762638128386
0.204963541529523
0.205164444930659
0.205365348331795
0.205566251732931
0.205767155134068
0.205968058535204
0.20616896193634
0.206369865337476
0.206570768738613
0.206771672139749
0.206972575540885
0.207173478942021
0.207374382343158
0.207575285744294
0.20777618914543
0.207977092546566
0.208177995947703
0.208378899348839
0.208579802749975
0.208780706151111
0.208981609552248
0.209182512953384
0.20938341635452
0.209584319755656
0.209785223156793
0.209986126557929
0.210187029959065
0.210387933360201
0.210588836761338
0.210789740162474
0.21099064356361
0.211191546964746
0.211392450365883
0.211593353767019
0.211794257168155
0.211995160569291
0.212196063970428
0.212396967371564
0.2125978707727
0.212798774173836
0.212999677574973
0.213200580976109
0.213401484377245
0.213602387778381
0.213803291179518
0.214004194580654
0.21420509798179
0.214406001382926
0.214606904784062
0.214807808185199
0.215008711586335
0.215209614987471
0.215410518388607
0.215611421789744
0.21581232519088
0.216013228592016
0.216214131993152
0.216415035394289
0.216615938795425
0.216816842196561
0.217017745597697
0.217218648998834
0.21741955239997
0.217620455801106
0.217821359202242
0.218022262603379
0.218223166004515
0.218424069405651
0.218624972806787
0.218825876207924
0.21902677960906
0.219227683010196
0.219428586411332
0.219629489812469
0.219830393213605
0.220031296614741
0.220232200015877
0.220433103417014
0.22063400681815
0.220834910219286
0.221035813620422
0.221236717021559
0.221437620422695
0.221638523823831
0.221839427224967
0.222040330626104
0.22224123402724
0.222442137428376
0.222643040829512
0.222843944230649
0.223044847631785
0.223245751032921
0.223446654434057
0.223647557835194
0.22384846123633
0.224049364637466
0.224250268038602
0.224451171439739
0.224652074840875
0.224852978242011
0.225053881643147
0.225254785044284
0.22545568844542
0.225656591846556
0.225857495247692
0.226058398648829
0.226259302049965
0.226460205451101
0.226661108852237
0.226862012253374
0.22706291565451
0.227263819055646
0.227464722456782
0.227665625857919
0.227866529259055
0.228067432660191
0.228268336061327
0.228469239462464
0.2286701428636
0.228871046264736
0.229071949665872
0.229272853067009
0.229473756468145
0.229674659869281
0.229875563270417
0.230076466671554
0.23027737007269
0.230478273473826
0.230679176874962
0.230880080276099
0.231080983677235
0.231281887078371
0.231482790479507
0.231683693880644
0.23188459728178
0.232085500682916
0.232286404084052
0.232487307485189
0.232688210886325
0.232889114287461
0.233090017688597
0.233290921089733
0.23349182449087
0.233692727892006
0.233893631293142
0.234094534694278
0.234295438095415
0.234496341496551
0.234697244897687
0.234898148298823
0.23509905169996
0.235299955101096
0.235500858502232
0.235701761903369
0.235902665304505
0.236103568705641
0.236304472106777
0.236505375507913
0.23670627890905
0.236907182310186
0.237108085711322
0.237308989112458
0.237509892513595
0.237710795914731
0.237911699315867
0.238112602717003
0.23831350611814
0.238514409519276
0.238715312920412
0.238916216321548
0.239117119722685
0.239318023123821
0.239518926524957
0.239719829926093
0.23992073332723
0.240121636728366
0.240322540129502
0.240523443530638
0.240724346931775
0.240925250332911
0.241126153734047
0.241327057135183
0.24152796053632
0.241728863937456
0.241929767338592
0.242130670739728
0.242331574140865
0.242532477542001
0.242733380943137
0.242934284344273
0.24313518774541
0.243336091146546
0.243536994547682
0.243737897948818
0.243938801349955
0.244139704751091
0.244340608152227
0.244541511553363
0.2447424149545
0.244943318355636
0.245144221756772
0.245345125157908
0.245546028559045
0.245746931960181
0.245947835361317
0.246148738762453
0.24634964216359
0.246550545564726
0.246751448965862
0.246952352366998
0.247153255768135
0.247354159169271
0.247555062570407
0.247755965971543
0.24795686937268
0.248157772773816
0.248358676174952
0.248559579576088
0.248760482977225
0.248961386378361
0.249162289779497
0.249363193180633
0.24956409658177
0.249764999982906
0.249965903384042
0.250166806785178
0.250367710186315
0.250568613587451
0.250769516988587
0.250970420389723
0.25117132379086
0.251372227191996
0.251573130593132
0.251774033994268
0.251974937395405
0.252175840796541
0.252376744197677
0.252577647598813
0.25277855099995
0.252979454401086
0.253180357802222
0.253381261203358
0.253582164604495
0.253783068005631
0.253983971406767
0.254184874807903
0.25438577820904
0.254586681610176
0.254787585011312
0.254988488412448
0.255189391813584
0.255390295214721
0.255591198615857
0.255792102016993
0.255993005418129
0.256193908819266
0.256394812220402
0.256595715621538
0.256796619022674
0.256997522423811
0.257198425824947
0.257399329226083
0.257600232627219
0.257801136028356
0.258002039429492
0.258202942830628
0.258403846231764
0.258604749632901
0.258805653034037
0.259006556435173
0.259207459836309
0.259408363237446
0.259609266638582
0.259810170039718
0.260011073440854
0.260211976841991
0.260412880243127
0.260613783644263
0.260814687045399
0.261015590446536
0.261216493847672
0.261417397248808
0.261618300649944
0.261819204051081
0.262020107452217
0.262221010853353
0.262421914254489
0.262622817655626
0.262823721056762
0.263024624457898
0.263225527859034
0.263426431260171
0.263627334661307
0.263828238062443
0.264029141463579
0.264230044864716
0.264430948265852
0.264631851666988
0.264832755068124
0.265033658469261
0.265234561870397
0.265435465271533
0.265636368672669
0.265837272073806
0.266038175474942
0.266239078876078
0.266439982277214
0.266640885678351
0.266841789079487
0.267042692480623
0.267243595881759
0.267444499282896
0.267645402684032
0.267846306085168
0.268047209486304
0.268248112887441
0.268449016288577
0.268649919689713
0.268850823090849
0.269051726491986
0.269252629893122
0.269453533294258
0.269654436695394
0.269855340096531
0.270056243497667
0.270257146898803
0.270458050299939
0.270658953701076
0.270859857102212
0.271060760503348
0.271261663904484
0.271462567305621
0.271663470706757
0.271864374107893
0.272065277509029
0.272266180910166
0.272467084311302
0.272667987712438
0.272868891113574
0.273069794514711
0.273270697915847
0.273471601316983
0.273672504718119
0.273873408119256
0.274074311520392
0.274275214921528
0.274476118322664
0.2746770217238
0.274877925124937
0.275078828526073
0.275279731927209
0.275480635328345
0.275681538729482
0.275882442130618
0.276083345531754
0.27628424893289
0.276485152334027
0.276686055735163
0.276886959136299
0.277087862537435
0.277288765938572
0.277489669339708
0.277690572740844
0.27789147614198
0.278092379543117
0.278293282944253
0.278494186345389
0.278695089746525
0.278895993147662
0.279096896548798
0.279297799949934
0.27949870335107
0.279699606752207
0.279900510153343
0.280101413554479
0.280302316955615
0.280503220356752
0.280704123757888
0.280905027159024
0.28110593056016
0.281306833961297
0.281507737362433
0.281708640763569
0.281909544164705
0.282110447565842
0.282311350966978
0.282512254368114
0.28271315776925
0.282914061170387
0.283114964571523
0.283315867972659
0.283516771373795
0.283717674774932
0.283918578176068
0.284119481577204
0.28432038497834
0.284521288379477
0.284722191780613
0.284923095181749
0.285123998582885
0.285324901984022
0.285525805385158
0.285726708786294
0.28592761218743
0.286128515588567
0.286329418989703
0.286530322390839
0.286731225791975
0.286932129193112
0.287133032594248
0.287333935995384
0.28753483939652
0.287735742797657
0.287936646198793
0.288137549599929
0.288338453001065
0.288539356402202
0.288740259803338
0.288941163204474
0.28914206660561
0.289342970006747
0.289543873407883
0.289744776809019
0.289945680210155
0.290146583611292
0.290347487012428
0.290548390413564
0.2907492938147
0.290950197215837
0.291151100616973
0.291352004018109
0.291552907419245
0.291753810820382
0.291954714221518
0.292155617622654
0.29235652102379
0.292557424424927
0.292758327826063
0.292959231227199
0.293160134628335
0.293361038029472
0.293561941430608
0.293762844831744
0.29396374823288
0.294164651634017
0.294365555035153
0.294566458436289
0.294767361837425
0.294968265238562
0.295169168639698
0.295370072040834
0.29557097544197
0.295771878843107
0.295972782244243
0.296173685645379
0.296374589046515
0.296575492447651
0.296776395848788
0.296977299249924
0.29717820265106
0.297379106052196
0.297580009453333
0.297780912854469
0.297981816255605
0.298182719656741
0.298383623057878
0.298584526459014
0.29878542986015
0.298986333261286
0.299187236662423
0.299388140063559
0.299589043464695
0.299789946865831
0.299990850266968
0.300191753668104
0.30039265706924
0.300593560470376
0.300794463871513
0.300995367272649
0.301196270673785
0.301397174074921
0.301598077476058
0.301798980877194
0.30199988427833
0.302200787679466
0.302401691080603
0.302602594481739
0.302803497882875
0.303004401284011
0.303205304685148
0.303406208086284
0.30360711148742
0.303808014888556
0.304008918289693
0.304209821690829
0.304410725091965
0.304611628493101
0.304812531894238
0.305013435295374
0.30521433869651
0.305415242097646
0.305616145498783
0.305817048899919
0.306017952301055
0.306218855702191
0.306419759103328
0.306620662504464
0.3068215659056
0.307022469306736
0.307223372707873
0.307424276109009
0.307625179510145
0.307826082911281
0.308026986312418
0.308227889713554
0.30842879311469
0.308629696515826
0.308830599916963
0.309031503318099
0.309232406719235
0.309433310120371
0.309634213521508
0.309835116922644
0.31003602032378
0.310236923724916
0.310437827126053
0.310638730527189
0.310839633928325
0.311040537329461
0.311241440730598
0.311442344131734
0.31164324753287
0.311844150934006
0.312045054335143
0.312245957736279
0.312446861137415
0.312647764538551
0.312848667939688
0.313049571340824
0.31325047474196
0.313451378143096
0.313652281544233
0.313853184945369
0.314054088346505
0.314254991747641
0.314455895148778
0.314656798549914
0.31485770195105
0.315058605352186
0.315259508753323
0.315460412154459
0.315661315555595
0.315862218956731
0.316063122357867
0.316264025759004
0.31646492916014
0.316665832561276
0.316866735962412
0.317067639363549
0.317268542764685
0.317469446165821
0.317670349566957
0.317871252968094
0.31807215636923
0.318273059770366
0.318473963171502
0.318674866572639
0.318875769973775
0.319076673374911
0.319277576776047
0.319478480177184
0.31967938357832
0.319880286979456
0.320081190380592
0.320282093781729
0.320482997182865
0.320683900584001
0.320884803985137
0.321085707386274
0.32128661078741
0.321487514188546
0.321688417589682
0.321889320990819
0.322090224391955
0.322291127793091
0.322492031194227
0.322692934595364
0.3228938379965
0.323094741397636
0.323295644798772
0.323496548199909
0.323697451601045
0.323898355002181
0.324099258403317
0.324300161804454
0.32450106520559
0.324701968606726
0.324902872007862
0.325103775408999
0.325304678810135
0.325505582211271
0.325706485612407
0.325907389013544
0.32610829241468
0.326309195815816
0.326510099216952
0.326711002618089
0.326911906019225
0.327112809420361
0.327313712821497
0.327514616222634
0.32771551962377
0.327916423024906
0.328117326426042
0.328318229827179
0.328519133228315
0.328720036629451
0.328920940030587
0.329121843431724
0.32932274683286
0.329523650233996
0.329724553635132
0.329925457036269
0.330126360437405
0.330327263838541
0.330528167239677
0.330729070640814
0.33092997404195
0.331130877443086
0.331331780844222
0.331532684245359
0.331733587646495
0.331934491047631
0.332135394448767
0.332336297849904
0.33253720125104
0.332738104652176
0.332939008053312
0.333139911454449
0.333340814855585
0.333541718256721
0.333742621657857
0.333943525058993
0.33414442846013
0.334345331861266
0.334546235262402
0.334747138663539
0.334948042064675
0.335148945465811
0.335349848866947
0.335550752268084
0.33575165566922
0.335952559070356
0.336153462471492
0.336354365872629
0.336555269273765
0.336756172674901
0.336957076076037
0.337157979477174
0.33735888287831
0.337559786279446
0.337760689680582
0.337961593081718
0.338162496482855
0.338363399883991
0.338564303285127
0.338765206686263
0.3389661100874
0.339167013488536
0.339367916889672
0.339568820290808
0.339769723691945
0.339970627093081
0.340171530494217
0.340372433895353
0.34057333729649
0.340774240697626
0.340975144098762
0.341176047499898
0.341376950901035
0.341577854302171
0.341778757703307
0.341979661104443
0.34218056450558
0.342381467906716
0.342582371307852
0.342783274708988
0.342984178110125
0.343185081511261
0.343385984912397
0.343586888313533
0.34378779171467
0.343988695115806
0.344189598516942
0.344390501918078
0.344591405319215
0.344792308720351
0.344993212121487
0.345194115522623
0.34539501892376
0.345595922324896
0.345796825726032
0.345997729127168
0.346198632528305
0.346399535929441
0.346600439330577
0.346801342731713
0.34700224613285
0.347203149533986
0.347404052935122
0.347604956336258
0.347805859737395
0.348006763138531
0.348207666539667
0.348408569940803
0.34860947334194
0.348810376743076
0.349011280144212
0.349212183545348
0.349413086946485
0.349613990347621
0.349814893748757
0.350015797149893
0.35021670055103
0.350417603952166
0.350618507353302
0.350819410754438
0.351020314155575
0.351221217556711
0.351422120957847
0.351623024358983
0.35182392776012
0.352024831161256
0.352225734562392
0.352426637963528
0.352627541364665
0.352828444765801
0.353029348166937
0.353230251568073
0.35343115496921
0.353632058370346
0.353832961771482
0.354033865172618
0.354234768573755
0.354435671974891
0.354636575376027
0.354837478777163
0.3550383821783
0.355239285579436
0.355440188980572
0.355641092381708
0.355841995782845
0.356042899183981
0.356243802585117
0.356444705986253
0.35664560938739
0.356846512788526
0.357047416189662
0.357248319590798
0.357449222991934
0.357650126393071
0.357851029794207
0.358051933195343
0.358252836596479
0.358453739997616
0.358654643398752
0.358855546799888
0.359056450201025
0.359257353602161
0.359458257003297
0.359659160404433
0.359860063805569
0.360060967206706
0.360261870607842
0.360462774008978
0.360663677410114
0.360864580811251
0.361065484212387
0.361266387613523
0.361467291014659
0.361668194415796
0.361869097816932
0.362070001218068
0.362270904619204
0.362471808020341
0.362672711421477
0.362873614822613
0.363074518223749
0.363275421624886
0.363476325026022
0.363677228427158
0.363878131828294
0.364079035229431
0.364279938630567
0.364480842031703
0.364681745432839
0.364882648833976
0.365083552235112
0.365284455636248
0.365485359037384
0.365686262438521
0.365887165839657
0.366088069240793
0.366288972641929
0.366489876043066
0.366690779444202
0.366891682845338
0.367092586246474
0.367293489647611
0.367494393048747
0.367695296449883
0.367896199851019
0.368097103252156
0.368298006653292
0.368498910054428
0.368699813455564
0.368900716856701
0.369101620257837
0.369302523658973
0.369503427060109
0.369704330461246
0.369905233862382
0.370106137263518
0.370307040664654
0.370507944065791
0.370708847466927
0.370909750868063
0.371110654269199
0.371311557670336
0.371512461071472
0.371713364472608
0.371914267873744
0.372115171274881
0.372316074676017
0.372516978077153
0.372717881478289
0.372918784879426
0.373119688280562
0.373320591681698
0.373521495082834
0.373722398483971
0.373923301885107
0.374124205286243
0.374325108687379
0.374526012088516
0.374726915489652
0.374927818890788
0.375128722291924
0.375329625693061
0.375530529094197
0.375731432495333
0.375932335896469
0.376133239297606
0.376334142698742
0.376535046099878
0.376735949501014
0.376936852902151
0.377137756303287
0.377338659704423
0.377539563105559
0.377740466506696
0.377941369907832
0.378142273308968
0.378343176710104
0.378544080111241
0.378744983512377
0.378945886913513
0.379146790314649
0.379347693715785
0.379548597116922
0.379749500518058
0.379950403919194
0.38015130732033
0.380352210721467
0.380553114122603
0.380754017523739
0.380954920924875
0.381155824326012
0.381356727727148
0.381557631128284
0.38175853452942
0.381959437930557
0.382160341331693
0.382361244732829
0.382562148133965
0.382763051535102
0.382963954936238
0.383164858337374
0.38336576173851
0.383566665139647
0.383767568540783
0.383968471941919
0.384169375343055
0.384370278744192
0.384571182145328
0.384772085546464
0.3849729889476
0.385173892348737
0.385374795749873
0.385575699151009
0.385776602552145
0.385977505953282
0.386178409354418
0.386379312755554
0.38658021615669
0.386781119557827
0.386982022958963
0.387182926360099
0.387383829761235
0.387584733162372
0.387785636563508
0.387986539964644
0.38818744336578
0.388388346766917
0.388589250168053
0.388790153569189
0.388991056970325
0.389191960371462
0.389392863772598
0.389593767173734
0.38979467057487
0.389995573976007
0.390196477377143
0.390397380778279
0.390598284179415
0.390799187580552
0.391000090981688
0.391200994382824
0.39140189778396
0.391602801185097
0.391803704586233
0.392004607987369
0.392205511388505
0.392406414789642
0.392607318190778
0.392808221591914
0.39300912499305
0.393210028394187
0.393410931795323
0.393611835196459
0.393812738597595
0.394013641998732
0.394214545399868
0.394415448801004
0.39461635220214
0.394817255603277
0.395018159004413
0.395219062405549
0.395419965806685
0.395620869207822
0.395821772608958
0.396022676010094
0.39622357941123
0.396424482812367
0.396625386213503
0.396826289614639
0.397027193015775
0.397228096416912
0.397428999818048
0.397629903219184
0.39783080662032
0.398031710021457
0.398232613422593
0.398433516823729
0.398634420224865
0.398835323626001
0.399036227027138
0.399237130428274
0.39943803382941
0.399638937230546
0.399839840631683
0.400040744032819
0.400241647433955
0.400442550835092
0.400643454236228
0.400844357637364
0.4010452610385
0.401246164439636
0.401447067840773
0.401647971241909
0.401848874643045
0.402049778044181
0.402250681445318
0.402451584846454
0.40265248824759
0.402853391648726
0.403054295049863
0.403255198450999
0.403456101852135
0.403657005253271
0.403857908654408
0.404058812055544
0.40425971545668
0.404460618857816
0.404661522258953
0.404862425660089
0.405063329061225
0.405264232462361
0.405465135863498
0.405666039264634
0.40586694266577
0.406067846066906
0.406268749468043
0.406469652869179
0.406670556270315
0.406871459671451
0.407072363072588
0.407273266473724
0.40747416987486
0.407675073275996
0.407875976677133
0.408076880078269
0.408277783479405
0.408478686880541
0.408679590281678
0.408880493682814
0.40908139708395
0.409282300485086
0.409483203886223
0.409684107287359
0.409885010688495
0.410085914089631
0.410286817490768
0.410487720891904
0.41068862429304
0.410889527694176
0.411090431095313
0.411291334496449
0.411492237897585
0.411693141298721
0.411894044699858
0.412094948100994
0.41229585150213
0.412496754903266
0.412697658304403
0.412898561705539
0.413099465106675
0.413300368507811
0.413501271908948
0.413702175310084
0.41390307871122
0.414103982112356
0.414304885513493
0.414505788914629
0.414706692315765
0.414907595716901
0.415108499118038
0.415309402519174
0.41551030592031
0.415711209321446
0.415912112722583
0.416113016123719
0.416313919524855
0.416514822925991
0.416715726327128
0.416916629728264
0.4171175331294
0.417318436530536
0.417519339931673
0.417720243332809
0.417921146733945
0.418122050135081
0.418322953536218
0.418523856937354
0.41872476033849
0.418925663739626
0.419126567140763
0.419327470541899
0.419528373943035
0.419729277344171
0.419930180745308
0.420131084146444
0.42033198754758
0.420532890948716
0.420733794349852
0.420934697750989
0.421135601152125
0.421336504553261
0.421537407954397
0.421738311355534
0.42193921475667
0.422140118157806
0.422341021558942
0.422541924960079
0.422742828361215
0.422943731762351
0.423144635163487
0.423345538564624
0.42354644196576
0.423747345366896
0.423948248768032
0.424149152169169
0.424350055570305
0.424550958971441
0.424751862372577
0.424952765773714
0.42515366917485
0.425354572575986
0.425555475977122
0.425756379378259
0.425957282779395
0.426158186180531
0.426359089581667
0.426559992982804
0.42676089638394
0.426961799785076
0.427162703186212
0.427363606587349
0.427564509988485
0.427765413389621
0.427966316790757
0.428167220191894
0.42836812359303
0.428569026994166
0.428769930395302
0.428970833796439
0.429171737197575
0.429372640598711
0.429573543999847
0.429774447400984
0.42997535080212
0.430176254203256
0.430377157604392
0.430578061005529
0.430778964406665
0.430979867807801
0.431180771208937
0.431381674610074
0.43158257801121
0.431783481412346
0.431984384813482
0.432185288214619
0.432386191615755
0.432587095016891
0.432787998418027
0.432988901819164
0.4331898052203
0.433390708621436
0.433591612022572
0.433792515423709
0.433993418824845
0.434194322225981
0.434395225627117
0.434596129028254
0.43479703242939
0.434997935830526
0.435198839231662
0.435399742632799
0.435600646033935
0.435801549435071
0.436002452836207
0.436203356237344
0.43640425963848
0.436605163039616
0.436806066440752
0.437006969841889
0.437207873243025
0.437408776644161
0.437609680045297
0.437810583446434
0.43801148684757
0.438212390248706
0.438413293649842
0.438614197050978
0.438815100452115
0.439016003853251
0.439216907254387
0.439417810655523
0.43961871405666
0.439819617457796
0.440020520858932
0.440221424260068
0.440422327661205
0.440623231062341
0.440824134463477
0.441025037864613
0.44122594126575
0.441426844666886
0.441627748068022
0.441828651469158
0.442029554870295
0.442230458271431
0.442431361672567
0.442632265073703
0.44283316847484
0.443034071875976
0.443234975277112
0.443435878678248
0.443636782079385
0.443837685480521
0.444038588881657
0.444239492282793
0.444440395683929
0.444641299085066
0.444842202486202
0.445043105887338
0.445244009288474
0.445444912689611
0.445645816090747
0.445846719491883
0.446047622893019
0.446248526294156
0.446449429695292
0.446650333096428
0.446851236497564
0.447052139898701
0.447253043299837
0.447453946700973
0.447654850102109
0.447855753503246
0.448056656904382
0.448257560305518
0.448458463706654
0.448659367107791
0.448860270508927
0.449061173910063
0.449262077311199
0.449462980712335
0.449663884113472
0.449864787514608
0.450065690915744
0.45026659431688
0.450467497718017
0.450668401119153
0.450869304520289
0.451070207921425
0.451271111322562
0.451472014723698
0.451672918124834
0.45187382152597
0.452074724927107
0.452275628328243
0.452476531729379
0.452677435130515
0.452878338531652
0.453079241932788
0.453280145333924
0.45348104873506
0.453681952136197
0.453882855537333
0.454083758938469
0.454284662339605
0.454485565740742
0.454686469141878
0.454887372543014
0.45508827594415
0.455289179345286
0.455490082746423
0.455690986147559
0.455891889548695
0.456092792949831
0.456293696350968
0.456494599752104
0.45669550315324
0.456896406554376
0.457097309955513
0.457298213356649
0.457499116757785
0.457700020158921
0.457900923560058
0.458101826961194
0.45830273036233
0.458503633763466
0.458704537164603
0.458905440565739
0.459106343966875
0.459307247368011
0.459508150769148
0.459709054170284
0.45990995757142
0.460110860972556
0.460311764373692
0.460512667774829
0.460713571175965
0.460914474577101
0.461115377978237
0.461316281379374
0.46151718478051
0.461718088181646
0.461918991582782
0.462119894983919
0.462320798385055
0.462521701786191
0.462722605187327
0.462923508588464
0.4631244119896
0.463325315390736
0.463526218791872
0.463727122193009
0.463928025594145
0.464128928995281
0.464329832396417
0.464530735797553
0.46473163919869
0.464932542599826
0.465133446000962
0.465334349402099
0.465535252803235
0.465736156204371
0.465937059605507
0.466137963006643
0.46633886640778
0.466539769808916
0.466740673210052
0.466941576611188
0.467142480012325
0.467343383413461
0.467544286814597
0.467745190215733
0.46794609361687
0.468146997018006
0.468347900419142
0.468548803820278
0.468749707221415
0.468950610622551
0.469151514023687
0.469352417424823
0.46955332082596
0.469754224227096
0.469955127628232
0.470156031029368
0.470356934430504
0.470557837831641
0.470758741232777
0.470959644633913
0.471160548035049
0.471361451436186
0.471562354837322
0.471763258238458
0.471964161639594
0.472165065040731
0.472365968441867
0.472566871843003
0.472767775244139
0.472968678645276
0.473169582046412
0.473370485447548
0.473571388848684
0.473772292249821
0.473973195650957
0.474174099052093
0.474375002453229
0.474575905854366
0.474776809255502
0.474977712656638
0.475178616057774
0.47537951945891
0.475580422860047
0.475781326261183
0.475982229662319
0.476183133063455
0.476384036464592
0.476584939865728
0.476785843266864
0.476986746668
0.477187650069137
0.477388553470273
0.477589456871409
0.477790360272545
0.477991263673682
0.478192167074818
0.478393070475954
0.47859397387709
0.478794877278227
0.478995780679363
0.479196684080499
0.479397587481635
0.479598490882772
0.479799394283908
0.480000297685044
0.48020120108618
0.480402104487317
0.480603007888453
0.480803911289589
0.481004814690725
0.481205718091861
0.481406621492998
0.481607524894134
0.48180842829527
0.482009331696406
0.482210235097543
0.482411138498679
0.482612041899815
0.482812945300951
0.483013848702088
0.483214752103224
0.48341565550436
0.483616558905496
0.483817462306633
0.484018365707769
0.484219269108905
0.484420172510041
0.484621075911178
0.484821979312314
0.48502288271345
0.485223786114586
0.485424689515723
0.485625592916859
0.485826496317995
0.486027399719131
0.486228303120268
0.486429206521404
0.48663010992254
0.486831013323676
0.487031916724812
0.487232820125949
0.487433723527085
0.487634626928221
0.487835530329357
0.488036433730494
0.48823733713163
0.488438240532766
0.488639143933902
0.488840047335039
0.489040950736175
0.489241854137311
0.489442757538447
0.489643660939584
0.48984456434072
0.490045467741856
0.490246371142992
0.490447274544129
0.490648177945265
0.490849081346401
0.491049984747537
0.491250888148674
0.49145179154981
0.491652694950946
0.491853598352082
0.492054501753219
0.492255405154355
0.492456308555491
0.492657211956627
0.492858115357764
0.4930590187589
0.493259922160036
0.493460825561172
0.493661728962308
0.493862632363445
0.494063535764581
0.494264439165717
0.494465342566853
0.49466624596799
0.494867149369126
0.495068052770262
0.495268956171398
0.495469859572535
0.495670762973671
0.495871666374807
0.496072569775943
0.49627347317708
0.496474376578216
0.496675279979352
0.496876183380488
0.497077086781625
0.497277990182761
0.497478893583897
0.497679796985033
0.49788070038617
0.498081603787306
0.498282507188442
0.498483410589578
0.498684313990715
0.498885217391851
0.499086120792987
0.499287024194123
0.49948792759526
0.499688830996396
0.499889734397532
0.500090637798668
0.500291541199804
0.500492444600941
0.500693348002077
0.500894251403213
0.501095154804349
0.501296058205486
0.501496961606622
0.501697865007758
0.501898768408894
0.502099671810031
0.502300575211167
0.502501478612303
0.502702382013439
0.502903285414576
0.503104188815712
0.503305092216848
0.503505995617984
0.503706899019121
0.503907802420257
0.504108705821393
0.504309609222529
0.504510512623666
0.504711416024802
0.504912319425938
0.505113222827074
0.50531412622821
0.505515029629347
0.505715933030483
0.505916836431619
0.506117739832755
0.506318643233892
0.506519546635028
0.506720450036164
0.5069213534373
0.507122256838437
0.507323160239573
0.507524063640709
0.507724967041845
0.507925870442982
0.508126773844118
0.508327677245254
0.50852858064639
0.508729484047527
0.508930387448663
0.509131290849799
0.509332194250935
0.509533097652072
0.509734001053208
0.509934904454344
0.51013580785548
0.510336711256617
0.510537614657753
0.510738518058889
0.510939421460025
0.511140324861162
0.511341228262298
0.511542131663434
0.51174303506457
0.511943938465707
0.512144841866843
0.512345745267979
0.512546648669115
0.512747552070251
0.512948455471388
0.513149358872524
0.51335026227366
0.513551165674796
0.513752069075933
0.513952972477069
0.514153875878205
0.514354779279341
0.514555682680478
0.514756586081614
0.51495748948275
0.515158392883886
0.515359296285023
0.515560199686159
0.515761103087295
0.515962006488431
0.516162909889568
0.516363813290704
0.51656471669184
0.516765620092976
0.516966523494113
0.517167426895249
0.517368330296385
0.517569233697521
0.517770137098657
0.517971040499794
0.51817194390093
0.518372847302066
0.518573750703202
0.518774654104339
0.518975557505475
0.519176460906611
0.519377364307747
0.519578267708884
0.51977917111002
0.519980074511156
0.520180977912292
0.520381881313429
0.520582784714565
0.520783688115701
0.520984591516837
0.521185494917974
0.52138639831911
0.521587301720246
0.521788205121382
0.521989108522519
0.522190011923655
0.522390915324791
0.522591818725927
0.522792722127064
0.5229936255282
0.523194528929336
0.523395432330472
0.523596335731608
0.523797239132745
0.523998142533881
0.524199045935017
0.524399949336153
0.52460085273729
0.524801756138426
0.525002659539562
0.525203562940698
0.525404466341835
0.525605369742971
0.525806273144107
0.526007176545243
0.52620807994638
0.526408983347516
0.526609886748652
0.526810790149788
0.527011693550925
0.527212596952061
0.527413500353197
0.527614403754333
0.52781530715547
0.528016210556606
0.528217113957742
0.528418017358878
0.528618920760014
0.528819824161151
0.529020727562287
0.529221630963423
0.529422534364559
0.529623437765696
0.529824341166832
0.530025244567968
0.530226147969104
0.530427051370241
0.530627954771377
0.530828858172513
0.531029761573649
0.531230664974786
0.531431568375922
0.531632471777058
0.531833375178194
0.532034278579331
0.532235181980467
0.532436085381603
0.532636988782739
0.532837892183876
0.533038795585012
0.533239698986148
0.533440602387284
0.533641505788421
0.533842409189557
0.534043312590693
0.534244215991829
0.534445119392965
0.534646022794102
0.534846926195238
0.535047829596374
0.53524873299751
0.535449636398647
0.535650539799783
0.535851443200919
0.536052346602055
0.536253250003192
0.536454153404328
0.536655056805464
0.5368559602066
0.537056863607737
0.537257767008873
0.537458670410009
0.537659573811145
0.537860477212282
0.538061380613418
0.538262284014554
0.53846318741569
0.538664090816827
0.538864994217963
0.539065897619099
0.539266801020235
0.539467704421371
0.539668607822508
0.539869511223644
0.54007041462478
0.540271318025916
0.540472221427053
0.540673124828189
0.540874028229325
0.541074931630461
0.541275835031598
0.541476738432734
0.54167764183387
0.541878545235006
0.542079448636143
0.542280352037279
0.542481255438415
0.542682158839551
0.542883062240688
0.543083965641824
0.54328486904296
0.543485772444096
0.543686675845233
0.543887579246369
0.544088482647505
0.544289386048641
0.544490289449778
0.544691192850914
0.54489209625205
0.545092999653186
0.545293903054322
0.545494806455459
0.545695709856595
0.545896613257731
0.546097516658867
0.546298420060004
0.54649932346114
0.546700226862276
0.546901130263412
0.547102033664549
0.547302937065685
0.547503840466821
0.547704743867957
0.547905647269094
0.54810655067023
0.548307454071366
0.548508357472502
0.548709260873639
0.548910164274775
0.549111067675911
0.549311971077047
0.549512874478184
0.54971377787932
0.549914681280456
0.550115584681592
0.550316488082728
0.550517391483865
0.550718294885001
0.550919198286137
0.551120101687273
0.55132100508841
0.551521908489546
0.551722811890682
0.551923715291818
0.552124618692955
0.552325522094091
0.552526425495227
0.552727328896363
0.5529282322975
0.553129135698636
0.553330039099772
0.553530942500908
0.553731845902045
0.553932749303181
0.554133652704317
0.554334556105453
0.55453545950659
0.554736362907726
0.554937266308862
0.555138169709998
0.555339073111135
0.555539976512271
0.555740879913407
0.555941783314543
0.556142686715679
0.556343590116816
0.556544493517952
0.556745396919088
0.556946300320224
0.557147203721361
0.557348107122497
0.557549010523633
0.557749913924769
0.557950817325906
0.558151720727042
0.558352624128178
0.558553527529314
0.558754430930451
0.558955334331587
0.559156237732723
0.559357141133859
0.559558044534996
0.559758947936132
0.559959851337268
0.560160754738404
0.560361658139541
0.560562561540677
0.560763464941813
0.560964368342949
0.561165271744085
0.561366175145222
0.561567078546358
0.561767981947494
0.56196888534863
0.562169788749767
0.562370692150903
0.562571595552039
0.562772498953175
0.562973402354312
0.563174305755448
0.563375209156584
0.56357611255772
0.563777015958857
0.563977919359993
0.564178822761129
0.564379726162265
0.564580629563402
0.564781532964538
0.564982436365674
0.56518333976681
0.565384243167947
0.565585146569083
0.565786049970219
0.565986953371355
0.566187856772492
0.566388760173628
0.566589663574764
0.5667905669759
0.566991470377037
0.567192373778173
0.567393277179309
0.567594180580445
0.567795083981582
0.567995987382718
0.568196890783854
0.56839779418499
0.568598697586127
0.568799600987263
0.569000504388399
0.569201407789535
0.569402311190672
0.569603214591808
0.569804117992944
0.57000502139408
0.570205924795217
0.570406828196353
0.570607731597489
0.570808634998625
0.571009538399762
0.571210441800898
0.571411345202034
0.57161224860317
0.571813152004307
0.572014055405443
0.572214958806579
0.572415862207715
0.572616765608852
0.572817669009988
0.573018572411124
0.57321947581226
0.573420379213397
0.573621282614533
0.573822186015669
0.574023089416805
0.574223992817942
0.574424896219078
0.574625799620214
0.57482670302135
0.575027606422487
0.575228509823623
0.575429413224759
0.575630316625895
0.575831220027031
0.576032123428168
0.576233026829304
0.57643393023044
0.576634833631577
0.576835737032713
0.577036640433849
0.577237543834985
0.577438447236121
0.577639350637258
0.577840254038394
0.57804115743953
0.578242060840666
0.578442964241803
0.578643867642939
0.578844771044075
0.579045674445211
0.579246577846348
0.579447481247484
0.57964838464862
0.579849288049756
0.580050191450893
0.580251094852029
0.580451998253165
0.580652901654302
0.580853805055438
0.581054708456574
0.58125561185771
0.581456515258846
0.581657418659983
0.581858322061119
0.582059225462255
0.582260128863391
0.582461032264528
0.582661935665664
0.5828628390668
0.583063742467936
0.583264645869073
0.583465549270209
0.583666452671345
0.583867356072481
0.584068259473618
0.584269162874754
0.58447006627589
0.584670969677026
0.584871873078163
0.585072776479299
0.585273679880435
0.585474583281571
0.585675486682708
0.585876390083844
0.58607729348498
0.586278196886116
0.586479100287253
0.586680003688389
0.586880907089525
0.587081810490661
0.587282713891798
0.587483617292934
0.58768452069407
0.587885424095206
0.588086327496343
0.588287230897479
0.588488134298615
0.588689037699751
0.588889941100888
0.589090844502024
0.58929174790316
0.589492651304296
0.589693554705433
0.589894458106569
0.590095361507705
0.590296264908841
0.590497168309978
0.590698071711114
0.59089897511225
0.591099878513386
0.591300781914523
0.591501685315659
0.591702588716795
0.591903492117931
0.592104395519068
0.592305298920204
0.59250620232134
0.592707105722476
0.592908009123613
0.593108912524749
0.593309815925885
0.593510719327021
0.593711622728158
0.593912526129294
0.59411342953043
0.594314332931566
0.594515236332703
0.594716139733839
0.594917043134975
0.595117946536111
0.595318849937247
0.595519753338384
0.59572065673952
0.595921560140656
0.596122463541793
0.596323366942929
0.596524270344065
0.596725173745201
0.596926077146337
0.597126980547474
0.59732788394861
0.597528787349746
0.597729690750882
0.597930594152019
0.598131497553155
0.598332400954291
0.598533304355428
0.598734207756564
0.5989351111577
0.599136014558836
0.599336917959972
0.599537821361109
0.599738724762245
0.599939628163381
0.600140531564517
0.600341434965654
0.60054233836679
0.600743241767926
0.600944145169062
0.601145048570199
0.601345951971335
0.601546855372471
0.601747758773607
0.601948662174744
0.60214956557588
0.602350468977016
0.602551372378152
0.602752275779289
0.602953179180425
0.603154082581561
0.603354985982697
0.603555889383834
0.60375679278497
0.603957696186106
0.604158599587242
0.604359502988379
0.604560406389515
0.604761309790651
0.604962213191787
0.605163116592924
0.60536401999406
0.605564923395196
0.605765826796332
0.605966730197469
0.606167633598605
0.606368536999741
0.606569440400877
0.606770343802014
0.60697124720315
0.607172150604286
0.607373054005422
0.607573957406559
0.607774860807695
0.607975764208831
0.608176667609967
0.608377571011104
0.60857847441224
0.608779377813376
0.608980281214512
0.609181184615649
0.609382088016785
0.609582991417921
0.609783894819057
0.609984798220194
0.61018570162133
0.610386605022466
0.610587508423602
0.610788411824739
0.610989315225875
0.611190218627011
0.611391122028147
0.611592025429284
0.61179292883042
0.611993832231556
0.612194735632692
0.612395639033829
0.612596542434965
0.612797445836101
0.612998349237237
0.613199252638374
0.61340015603951
0.613601059440646
0.613801962841782
0.614002866242919
0.614203769644055
0.614404673045191
0.614605576446327
0.614806479847464
0.6150073832486
0.615208286649736
0.615409190050872
0.615610093452009
0.615810996853145
0.616011900254281
0.616212803655417
0.616413707056554
0.61661461045769
0.616815513858826
0.617016417259962
0.617217320661098
0.617418224062235
0.617619127463371
0.617820030864507
0.618020934265644
0.61822183766678
0.618422741067916
0.618623644469052
0.618824547870188
0.619025451271325
0.619226354672461
0.619427258073597
0.619628161474733
0.61982906487587
0.620029968277006
0.620230871678142
0.620431775079278
0.620632678480415
0.620833581881551
0.621034485282687
0.621235388683823
0.62143629208496
0.621637195486096
0.621838098887232
0.622039002288368
0.622239905689505
0.622440809090641
0.622641712491777
0.622842615892913
0.62304351929405
0.623244422695186
0.623445326096322
0.623646229497458
0.623847132898595
0.624048036299731
0.624248939700867
0.624449843102003
0.62465074650314
0.624851649904276
0.625052553305412
0.625253456706548
0.625454360107685
0.625655263508821
0.625856166909957
0.626057070311093
0.62625797371223
0.626458877113366
0.626659780514502
0.626860683915638
0.627061587316775
0.627262490717911
0.627463394119047
0.627664297520183
0.62786520092132
0.628066104322456
0.628267007723592
0.628467911124728
0.628668814525865
0.628869717927001
0.629070621328137
0.629271524729273
0.62947242813041
0.629673331531546
0.629874234932682
0.630075138333818
0.630276041734955
0.630476945136091
0.630677848537227
0.630878751938363
0.6310796553395
0.631280558740636
0.631481462141772
0.631682365542908
0.631883268944045
0.632084172345181
0.632285075746317
0.632485979147453
0.63268688254859
0.632887785949726
0.633088689350862
0.633289592751998
0.633490496153135
0.633691399554271
0.633892302955407
0.634093206356543
0.63429410975768
0.634495013158816
0.634695916559952
0.634896819961088
0.635097723362225
0.635298626763361
0.635499530164497
0.635700433565633
0.63590133696677
0.636102240367906
0.636303143769042
0.636504047170178
0.636704950571314
0.636905853972451
0.637106757373587
0.637307660774723
0.63750856417586
0.637709467576996
0.637910370978132
0.638111274379268
0.638312177780404
0.638513081181541
0.638713984582677
0.638914887983813
0.639115791384949
0.639316694786086
0.639517598187222
0.639718501588358
0.639919404989495
0.640120308390631
0.640321211791767
0.640522115192903
0.640723018594039
0.640923921995176
0.641124825396312
0.641325728797448
0.641526632198584
0.641727535599721
0.641928439000857
0.642129342401993
0.642330245803129
0.642531149204266
0.642732052605402
0.642932956006538
0.643133859407674
0.643334762808811
0.643535666209947
0.643736569611083
0.643937473012219
0.644138376413356
0.644339279814492
0.644540183215628
0.644741086616764
0.644941990017901
0.645142893419037
0.645343796820173
0.645544700221309
0.645745603622446
0.645946507023582
0.646147410424718
0.646348313825854
0.646549217226991
0.646750120628127
0.646951024029263
0.647151927430399
0.647352830831536
0.647553734232672
0.647754637633808
0.647955541034944
0.648156444436081
0.648357347837217
0.648558251238353
0.648759154639489
0.648960058040626
0.649160961441762
0.649361864842898
0.649562768244034
0.649763671645171
0.649964575046307
0.650165478447443
0.650366381848579
0.650567285249716
0.650768188650852
0.650969092051988
0.651169995453124
0.651370898854261
0.651571802255397
0.651772705656533
0.651973609057669
0.652174512458806
0.652375415859942
0.652576319261078
0.652777222662214
0.652978126063351
0.653179029464487
0.653379932865623
0.653580836266759
0.653781739667896
0.653982643069032
0.654183546470168
0.654384449871304
0.654585353272441
0.654786256673577
0.654987160074713
0.655188063475849
0.655388966876986
0.655589870278122
0.655790773679258
0.655991677080394
0.656192580481531
0.656393483882667
0.656594387283803
0.656795290684939
0.656996194086076
0.657197097487212
0.657398000888348
0.657598904289484
0.657799807690621
0.658000711091757
0.658201614492893
0.658402517894029
0.658603421295165
0.658804324696302
0.659005228097438
0.659206131498574
0.659407034899711
0.659607938300847
0.659808841701983
0.660009745103119
0.660210648504255
0.660411551905392
0.660612455306528
0.660813358707664
0.6610142621088
0.661215165509937
0.661416068911073
0.661616972312209
0.661817875713345
0.662018779114482
0.662219682515618
0.662420585916754
0.66262148931789
0.662822392719027
0.663023296120163
0.663224199521299
0.663425102922435
0.663626006323572
0.663826909724708
0.664027813125844
0.66422871652698
0.664429619928117
0.664630523329253
0.664831426730389
0.665032330131525
0.665233233532662
0.665434136933798
0.665635040334934
0.66583594373607
0.666036847137207
0.666237750538343
0.666438653939479
0.666639557340615
0.666840460741752
0.667041364142888
0.667242267544024
0.66744317094516
0.667644074346297
0.667844977747433
0.668045881148569
0.668246784549705
0.668447687950842
0.668648591351978
0.668849494753114
0.66905039815425
0.669251301555387
0.669452204956523
0.669653108357659
0.669854011758795
0.670054915159932
0.670255818561068
0.670456721962204
0.67065762536334
0.670858528764477
0.671059432165613
0.671260335566749
0.671461238967885
0.671662142369022
0.671863045770158
0.672063949171294
0.67226485257243
0.672465755973567
0.672666659374703
0.672867562775839
0.673068466176975
0.673269369578112
0.673470272979248
0.673671176380384
0.67387207978152
0.674072983182657
0.674273886583793
0.674474789984929
0.674675693386065
0.674876596787202
0.675077500188338
0.675278403589474
0.67547930699061
0.675680210391747
0.675881113792883
0.676082017194019
0.676282920595155
0.676483823996292
0.676684727397428
0.676885630798564
0.6770865341997
0.677287437600837
0.677488341001973
0.677689244403109
0.677890147804245
0.678091051205381
0.678291954606518
0.678492858007654
0.67869376140879
0.678894664809927
0.679095568211063
0.679296471612199
0.679497375013335
0.679698278414472
0.679899181815608
0.680100085216744
0.68030098861788
0.680501892019016
0.680702795420153
0.680903698821289
0.681104602222425
0.681305505623562
0.681506409024698
0.681707312425834
0.68190821582697
0.682109119228106
0.682310022629243
0.682510926030379
0.682711829431515
0.682912732832651
0.683113636233788
0.683314539634924
0.68351544303606
0.683716346437196
0.683917249838333
0.684118153239469
0.684319056640605
0.684519960041741
0.684720863442878
0.684921766844014
0.68512267024515
0.685323573646286
0.685524477047423
0.685725380448559
0.685926283849695
0.686127187250831
0.686328090651968
0.686528994053104
0.68672989745424
0.686930800855376
0.687131704256513
0.687332607657649
0.687533511058785
0.687734414459921
0.687935317861058
0.688136221262194
0.68833712466333
0.688538028064466
0.688738931465603
0.688939834866739
0.689140738267875
0.689341641669011
0.689542545070148
0.689743448471284
0.68994435187242
0.690145255273556
0.690346158674693
0.690547062075829
0.690747965476965
0.690948868878101
0.691149772279238
0.691350675680374
0.69155157908151
0.691752482482646
0.691953385883783
0.692154289284919
0.692355192686055
0.692556096087191
0.692756999488328
0.692957902889464
0.6931588062906
0.693359709691736
0.693560613092873
0.693761516494009
0.693962419895145
0.694163323296281
0.694364226697418
0.694565130098554
0.69476603349969
0.694966936900826
0.695167840301963
0.695368743703099
0.695569647104235
0.695770550505371
0.695971453906508
0.696172357307644
0.69637326070878
0.696574164109916
0.696775067511053
0.696975970912189
0.697176874313325
0.697377777714461
0.697578681115598
0.697779584516734
0.69798048791787
0.698181391319006
0.698382294720143
0.698583198121279
0.698784101522415
0.698985004923551
0.699185908324688
0.699386811725824
0.69958771512696
0.699788618528096
0.699989521929232
0.700190425330369
0.700391328731505
0.700592232132641
0.700793135533778
0.700994038934914
0.70119494233605
0.701395845737186
0.701596749138322
0.701797652539459
0.701998555940595
0.702199459341731
0.702400362742867
0.702601266144004
0.70280216954514
0.703003072946276
0.703203976347412
0.703404879748549
0.703605783149685
0.703806686550821
0.704007589951957
0.704208493353094
0.70440939675423
0.704610300155366
0.704811203556502
0.705012106957639
0.705213010358775
0.705413913759911
0.705614817161047
0.705815720562184
0.70601662396332
0.706217527364456
0.706418430765592
0.706619334166729
0.706820237567865
0.707021140969001
0.707222044370137
0.707422947771274
0.70762385117241
0.707824754573546
0.708025657974682
0.708226561375819
0.708427464776955
0.708628368178091
0.708829271579227
0.709030174980364
0.7092310783815
0.709431981782636
0.709632885183772
0.709833788584909
0.710034691986045
0.710235595387181
0.710436498788317
0.710637402189454
0.71083830559059
0.711039208991726
0.711240112392862
0.711441015793999
0.711641919195135
0.711842822596271
0.712043725997407
0.712244629398544
0.71244553279968
0.712646436200816
0.712847339601952
0.713048243003089
0.713249146404225
0.713450049805361
0.713650953206497
0.713851856607634
0.71405276000877
0.714253663409906
0.714454566811042
0.714655470212179
0.714856373613315
0.715057277014451
0.715258180415587
0.715459083816724
0.71565998721786
0.715860890618996
0.716061794020132
0.716262697421269
0.716463600822405
0.716664504223541
0.716865407624677
0.717066311025814
0.71726721442695
0.717468117828086
0.717669021229222
0.717869924630359
0.718070828031495
0.718271731432631
0.718472634833767
0.718673538234904
0.71887444163604
0.719075345037176
0.719276248438312
0.719477151839448
0.719678055240585
0.719878958641721
0.720079862042857
0.720280765443994
0.72048166884513
0.720682572246266
0.720883475647402
0.721084379048539
0.721285282449675
0.721486185850811
0.721687089251947
0.721887992653083
0.72208889605422
0.722289799455356
0.722490702856492
0.722691606257629
0.722892509658765
0.723093413059901
0.723294316461037
0.723495219862173
0.72369612326331
0.723897026664446
0.724097930065582
0.724298833466718
0.724499736867855
0.724700640268991
0.724901543670127
0.725102447071263
0.7253033504724
0.725504253873536
0.725705157274672
0.725906060675808
0.726106964076945
0.726307867478081
0.726508770879217
0.726709674280353
0.72691057768149
0.727111481082626
0.727312384483762
0.727513287884898
0.727714191286035
0.727915094687171
0.728115998088307
0.728316901489443
0.72851780489058
0.728718708291716
0.728919611692852
0.729120515093988
0.729321418495125
0.729522321896261
0.729723225297397
0.729924128698533
0.73012503209967
0.730325935500806
0.730526838901942
0.730727742303078
0.730928645704215
0.731129549105351
0.731330452506487
0.731531355907623
0.73173225930876
0.731933162709896
0.732134066111032
0.732334969512168
0.732535872913305
0.732736776314441
0.732937679715577
0.733138583116713
0.73333948651785
0.733540389918986
0.733741293320122
0.733942196721258
0.734143100122395
0.734344003523531
0.734544906924667
0.734745810325803
0.73494671372694
0.735147617128076
0.735348520529212
0.735549423930348
0.735750327331485
0.735951230732621
0.736152134133757
0.736353037534893
0.73655394093603
0.736754844337166
0.736955747738302
0.737156651139438
0.737357554540575
0.737558457941711
0.737759361342847
0.737960264743983
0.73816116814512
0.738362071546256
0.738562974947392
0.738763878348528
0.738964781749665
0.739165685150801
0.739366588551937
0.739567491953073
0.73976839535421
0.739969298755346
0.740170202156482
0.740371105557618
0.740572008958755
0.740772912359891
0.740973815761027
0.741174719162163
0.741375622563299
0.741576525964436
0.741777429365572
0.741978332766708
0.742179236167845
0.742380139568981
0.742581042970117
0.742781946371253
0.742982849772389
0.743183753173526
0.743384656574662
0.743585559975798
0.743786463376934
0.743987366778071
0.744188270179207
0.744389173580343
0.744590076981479
0.744790980382616
0.744991883783752
0.745192787184888
0.745393690586024
0.745594593987161
0.745795497388297
0.745996400789433
0.746197304190569
0.746398207591706
0.746599110992842
0.746800014393978
0.747000917795114
0.747201821196251
0.747402724597387
0.747603627998523
0.747804531399659
0.748005434800796
0.748206338201932
0.748407241603068
0.748608145004204
0.748809048405341
0.749009951806477
0.749210855207613
0.749411758608749
0.749612662009886
0.749813565411022
0.750014468812158
0.750215372213294
0.750416275614431
0.750617179015567
0.750818082416703
0.751018985817839
0.751219889218976
0.751420792620112
0.751621696021248
0.751822599422384
0.752023502823521
0.752224406224657
0.752425309625793
0.752626213026929
0.752827116428066
0.753028019829202
0.753228923230338
0.753429826631474
0.753630730032611
0.753831633433747
0.754032536834883
0.754233440236019
0.754434343637156
0.754635247038292
0.754836150439428
0.755037053840564
0.755237957241701
0.755438860642837
0.755639764043973
0.755840667445109
0.756041570846246
0.756242474247382
0.756443377648518
0.756644281049654
0.756845184450791
0.757046087851927
0.757246991253063
0.757447894654199
0.757648798055335
0.757849701456472
0.758050604857608
0.758251508258744
0.758452411659881
0.758653315061017
0.758854218462153
0.759055121863289
0.759256025264426
0.759456928665562
0.759657832066698
0.759858735467834
0.76005963886897
0.760260542270107
0.760461445671243
0.760662349072379
0.760863252473515
0.761064155874652
0.761265059275788
0.761465962676924
0.761666866078061
0.761867769479197
0.762068672880333
0.762269576281469
0.762470479682606
0.762671383083742
0.762872286484878
0.763073189886014
0.76327409328715
0.763474996688287
0.763675900089423
0.763876803490559
0.764077706891696
0.764278610292832
0.764479513693968
0.764680417095104
0.76488132049624
0.765082223897377
0.765283127298513
0.765484030699649
0.765684934100785
0.765885837501922
0.766086740903058
0.766287644304194
0.76648854770533
0.766689451106467
0.766890354507603
0.767091257908739
0.767292161309875
0.767493064711012
0.767693968112148
0.767894871513284
0.76809577491442
0.768296678315557
0.768497581716693
0.768698485117829
0.768899388518965
0.769100291920102
0.769301195321238
0.769502098722374
0.76970300212351
0.769903905524647
0.770104808925783
0.770305712326919
0.770506615728055
0.770707519129192
0.770908422530328
0.771109325931464
0.7713102293326
0.771511132733737
0.771712036134873
0.771912939536009
0.772113842937145
0.772314746338282
0.772515649739418
0.772716553140554
0.77291745654169
0.773118359942827
0.773319263343963
0.773520166745099
0.773721070146235
0.773921973547372
0.774122876948508
0.774323780349644
0.77452468375078
0.774725587151917
0.774926490553053
0.775127393954189
0.775328297355325
0.775529200756462
0.775730104157598
0.775931007558734
0.77613191095987
0.776332814361007
0.776533717762143
0.776734621163279
0.776935524564415
0.777136427965551
0.777337331366688
0.777538234767824
0.77773913816896
0.777940041570097
0.778140944971233
0.778341848372369
0.778542751773505
0.778743655174642
0.778944558575778
0.779145461976914
0.77934636537805
0.779547268779186
0.779748172180323
0.779949075581459
0.780149978982595
0.780350882383732
0.780551785784868
0.780752689186004
0.78095359258714
0.781154495988277
0.781355399389413
0.781556302790549
0.781757206191685
0.781958109592822
0.782159012993958
0.782359916395094
0.78256081979623
0.782761723197366
0.782962626598503
0.783163529999639
0.783364433400775
0.783565336801912
0.783766240203048
0.783967143604184
0.78416804700532
0.784368950406456
0.784569853807593
0.784770757208729
0.784971660609865
0.785172564011001
0.785373467412138
0.785574370813274
0.78577527421441
0.785976177615547
0.786177081016683
0.786377984417819
0.786578887818955
0.786779791220091
0.786980694621228
0.787181598022364
0.7873825014235
0.787583404824636
0.787784308225773
0.787985211626909
0.788186115028045
0.788387018429181
0.788587921830318
0.788788825231454
0.78898972863259
0.789190632033726
0.789391535434863
0.789592438835999
0.789793342237135
0.789994245638271
0.790195149039408
0.790396052440544
0.79059695584168
0.790797859242816
0.790998762643953
0.791199666045089
0.791400569446225
0.791601472847361
0.791802376248498
0.792003279649634
0.79220418305077
0.792405086451906
0.792605989853043
0.792806893254179
0.793007796655315
0.793208700056451
0.793409603457588
0.793610506858724
0.79381141025986
0.794012313660996
0.794213217062133
0.794414120463269
0.794615023864405
0.794815927265541
0.795016830666678
0.795217734067814
0.79541863746895
0.795619540870086
0.795820444271223
0.796021347672359
0.796222251073495
0.796423154474631
0.796624057875768
0.796824961276904
0.79702586467804
0.797226768079176
0.797427671480313
0.797628574881449
0.797829478282585
0.798030381683721
0.798231285084858
0.798432188485994
0.79863309188713
0.798833995288266
0.799034898689402
0.799235802090539
0.799436705491675
0.799637608892811
0.799838512293948
0.800039415695084
0.80024031909622
0.800441222497356
0.800642125898493
0.800843029299629
0.801043932700765
0.801244836101901
0.801445739503037
0.801646642904174
0.80184754630531
0.802048449706446
0.802249353107582
0.802450256508719
0.802651159909855
0.802852063310991
0.803052966712128
0.803253870113264
0.8034547735144
0.803655676915536
0.803856580316673
0.804057483717809
0.804258387118945
0.804459290520081
0.804660193921217
0.804861097322354
0.80506200072349
0.805262904124626
0.805463807525763
0.805664710926899
0.805865614328035
0.806066517729171
0.806267421130307
0.806468324531444
0.80666922793258
0.806870131333716
0.807071034734852
0.807271938135989
0.807472841537125
0.807673744938261
0.807874648339397
0.808075551740534
0.80827645514167
0.808477358542806
0.808678261943942
0.808879165345079
0.809080068746215
0.809280972147351
0.809481875548487
0.809682778949624
0.80988368235076
0.810084585751896
0.810285489153032
0.810486392554169
0.810687295955305
0.810888199356441
0.811089102757577
0.811290006158714
0.81149090955985
0.811691812960986
0.811892716362122
0.812093619763259
0.812294523164395
0.812495426565531
0.812696329966667
0.812897233367804
0.81309813676894
0.813299040170076
0.813499943571212
0.813700846972349
0.813901750373485
0.814102653774621
0.814303557175757
0.814504460576894
0.81470536397803
0.814906267379166
0.815107170780302
0.815308074181439
0.815508977582575
0.815709880983711
0.815910784384847
0.816111687785984
0.81631259118712
0.816513494588256
0.816714397989392
0.816915301390529
0.817116204791665
0.817317108192801
0.817518011593937
0.817718914995074
0.81791981839621
0.818120721797346
0.818321625198482
0.818522528599618
0.818723432000755
0.818924335401891
0.819125238803027
0.819326142204164
0.8195270456053
0.819727949006436
0.819928852407572
0.820129755808709
0.820330659209845
0.820531562610981
0.820732466012117
0.820933369413253
0.82113427281439
0.821335176215526
0.821536079616662
0.821736983017799
0.821937886418935
0.822138789820071
0.822339693221207
0.822540596622344
0.82274150002348
0.822942403424616
0.823143306825752
0.823344210226888
0.823545113628025
0.823746017029161
0.823946920430297
0.824147823831433
0.82434872723257
0.824549630633706
0.824750534034842
0.824951437435979
0.825152340837115
0.825353244238251
0.825554147639387
0.825755051040523
0.82595595444166
0.826156857842796
0.826357761243932
0.826558664645068
0.826759568046205
0.826960471447341
0.827161374848477
0.827362278249614
0.82756318165075
0.827764085051886
0.827964988453022
0.828165891854158
0.828366795255295
0.828567698656431
0.828768602057567
0.828969505458703
0.82917040885984
0.829371312260976
0.829572215662112
0.829773119063248
0.829974022464385
0.830174925865521
0.830375829266657
0.830576732667793
0.83077763606893
0.830978539470066
0.831179442871202
0.831380346272338
0.831581249673475
0.831782153074611
0.831983056475747
0.832183959876883
0.83238486327802
0.832585766679156
0.832786670080292
0.832987573481428
0.833188476882565
0.833389380283701
0.833590283684837
0.833791187085973
0.83399209048711
0.834192993888246
0.834393897289382
0.834594800690518
0.834795704091655
0.834996607492791
0.835197510893927
0.835398414295063
0.8355993176962
0.835800221097336
0.836001124498472
0.836202027899608
0.836402931300745
0.836603834701881
0.836804738103017
0.837005641504153
0.83720654490529
0.837407448306426
0.837608351707562
0.837809255108698
0.838010158509835
0.838211061910971
0.838411965312107
0.838612868713243
0.83881377211438
0.839014675515516
0.839215578916652
0.839416482317788
0.839617385718925
0.839818289120061
0.840019192521197
0.840220095922333
0.840420999323469
0.840621902724606
0.840822806125742
0.841023709526878
0.841224612928015
0.841425516329151
0.841626419730287
0.841827323131423
0.84202822653256
0.842229129933696
0.842430033334832
0.842630936735968
0.842831840137104
0.843032743538241
0.843233646939377
0.843434550340513
0.843635453741649
0.843836357142786
0.844037260543922
0.844238163945058
0.844439067346195
0.844639970747331
0.844840874148467
0.845041777549603
0.84524268095074
0.845443584351876
0.845644487753012
0.845845391154148
0.846046294555284
0.846247197956421
0.846448101357557
0.846649004758693
0.84684990815983
0.847050811560966
0.847251714962102
0.847452618363238
0.847653521764374
0.847854425165511
0.848055328566647
0.848256231967783
0.848457135368919
0.848658038770056
0.848858942171192
0.849059845572328
0.849260748973464
0.849461652374601
0.849662555775737
0.849863459176873
0.850064362578009
0.850265265979146
0.850466169380282
0.850667072781418
0.850867976182554
0.851068879583691
0.851269782984827
0.851470686385963
0.851671589787099
0.851872493188236
0.852073396589372
0.852274299990508
0.852475203391644
0.852676106792781
0.852877010193917
0.853077913595053
0.853278816996189
0.853479720397326
0.853680623798462
0.853881527199598
0.854082430600734
0.854283334001871
0.854484237403007
0.854685140804143
0.854886044205279
0.855086947606416
0.855287851007552
0.855488754408688
0.855689657809824
0.855890561210961
0.856091464612097
0.856292368013233
0.856493271414369
0.856694174815506
0.856895078216642
0.857095981617778
0.857296885018914
0.857497788420051
0.857698691821187
0.857899595222323
0.858100498623459
0.858301402024596
0.858502305425732
0.858703208826868
0.858904112228004
0.859105015629141
0.859305919030277
0.859506822431413
0.859707725832549
0.859908629233685
0.860109532634822
0.860310436035958
0.860511339437094
0.860712242838231
0.860913146239367
0.861114049640503
0.861314953041639
0.861515856442776
0.861716759843912
0.861917663245048
0.862118566646184
0.86231947004732
0.862520373448457
0.862721276849593
0.862922180250729
0.863123083651866
0.863323987053002
0.863524890454138
0.863725793855274
0.863926697256411
0.864127600657547
0.864328504058683
0.864529407459819
0.864730310860955
0.864931214262092
0.865132117663228
0.865333021064364
0.8655339244655
0.865734827866637
0.865935731267773
0.866136634668909
0.866337538070046
0.866538441471182
0.866739344872318
0.866940248273454
0.86714115167459
0.867342055075727
0.867542958476863
0.867743861877999
0.867944765279135
0.868145668680272
0.868346572081408
0.868547475482544
0.868748378883681
0.868949282284817
0.869150185685953
0.869351089087089
0.869551992488225
0.869752895889362
0.869953799290498
0.870154702691634
0.87035560609277
0.870556509493907
0.870757412895043
0.870958316296179
0.871159219697315
0.871360123098452
0.871561026499588
0.871761929900724
0.87196283330186
0.872163736702997
0.872364640104133
0.872565543505269
0.872766446906405
0.872967350307542
0.873168253708678
0.873369157109814
0.87357006051095
0.873770963912087
0.873971867313223
0.874172770714359
0.874373674115495
0.874574577516632
0.874775480917768
0.874976384318904
0.87517728772004
0.875378191121177
0.875579094522313
0.875779997923449
0.875980901324585
0.876181804725722
0.876382708126858
0.876583611527994
0.87678451492913
0.876985418330267
0.877186321731403
0.877387225132539
0.877588128533675
0.877789031934812
0.877989935335948
0.878190838737084
0.87839174213822
0.878592645539357
0.878793548940493
0.878994452341629
0.879195355742765
0.879396259143902
0.879597162545038
0.879798065946174
0.87999896934731
0.880199872748447
0.880400776149583
0.880601679550719
0.880802582951855
0.881003486352992
0.881204389754128
0.881405293155264
0.8816061965564
0.881807099957536
0.882008003358673
0.882208906759809
0.882409810160945
0.882610713562082
0.882811616963218
0.883012520364354
0.88321342376549
0.883414327166627
0.883615230567763
0.883816133968899
0.884017037370035
0.884217940771171
0.884418844172308
0.884619747573444
0.88482065097458
0.885021554375717
0.885222457776853
0.885423361177989
0.885624264579125
0.885825167980262
0.886026071381398
0.886226974782534
0.88642787818367
0.886628781584806
0.886829684985943
0.887030588387079
0.887231491788215
0.887432395189351
0.887633298590488
0.887834201991624
0.88803510539276
0.888236008793897
0.888436912195033
0.888637815596169
0.888838718997305
0.889039622398441
0.889240525799578
0.889441429200714
0.88964233260185
0.889843236002986
0.890044139404123
0.890245042805259
0.890445946206395
0.890646849607531
0.890847753008668
0.891048656409804
0.89124955981094
0.891450463212076
0.891651366613213
0.891852270014349
0.892053173415485
0.892254076816621
0.892454980217758
0.892655883618894
0.89285678702003
0.893057690421166
0.893258593822303
0.893459497223439
0.893660400624575
0.893861304025711
0.894062207426848
0.894263110827984
0.89446401422912
0.894664917630256
0.894865821031393
0.895066724432529
0.895267627833665
0.895468531234801
0.895669434635938
0.895870338037074
0.89607124143821
0.896272144839346
0.896473048240483
0.896673951641619
0.896874855042755
0.897075758443891
0.897276661845028
0.897477565246164
0.8976784686473
0.897879372048436
0.898080275449573
0.898281178850709
0.898482082251845
0.898682985652981
0.898883889054118
0.899084792455254
0.89928569585639
0.899486599257526
0.899687502658663
0.899888406059799
0.900089309460935
0.900290212862071
0.900491116263208
0.900692019664344
0.90089292306548
0.901093826466616
0.901294729867752
0.901495633268889
0.901696536670025
0.901897440071161
0.902098343472298
0.902299246873434
0.90250015027457
0.902701053675706
0.902901957076843
0.903102860477979
0.903303763879115
0.903504667280251
0.903705570681387
0.903906474082524
0.90410737748366
0.904308280884796
0.904509184285933
0.904710087687069
0.904910991088205
0.905111894489341
0.905312797890478
0.905513701291614
0.90571460469275
0.905915508093886
0.906116411495022
0.906317314896159
0.906518218297295
0.906719121698431
0.906920025099567
0.907120928500704
0.90732183190184
0.907522735302976
0.907723638704113
0.907924542105249
0.908125445506385
0.908326348907521
0.908527252308657
0.908728155709794
0.90892905911093
0.909129962512066
0.909330865913202
0.909531769314339
0.909732672715475
0.909933576116611
0.910134479517748
0.910335382918884
0.91053628632002
0.910737189721156
0.910938093122292
0.911138996523429
0.911339899924565
0.911540803325701
0.911741706726837
0.911942610127974
0.91214351352911
0.912344416930246
0.912545320331382
0.912746223732519
0.912947127133655
0.913148030534791
0.913348933935927
0.913549837337064
0.9137507407382
0.913951644139336
0.914152547540472
0.914353450941609
0.914554354342745
0.914755257743881
0.914956161145017
0.915157064546154
0.91535796794729
0.915558871348426
0.915759774749562
0.915960678150699
0.916161581551835
0.916362484952971
0.916563388354107
0.916764291755244
0.91696519515638
0.917166098557516
0.917367001958652
0.917567905359789
0.917768808760925
0.917969712162061
0.918170615563197
0.918371518964334
0.91857242236547
0.918773325766606
0.918974229167742
0.919175132568879
0.919376035970015
0.919576939371151
0.919777842772287
0.919978746173424
0.92017964957456
0.920380552975696
0.920581456376832
0.920782359777969
0.920983263179105
0.921184166580241
0.921385069981377
0.921585973382514
0.92178687678365
0.921987780184786
0.922188683585922
0.922389586987059
0.922590490388195
0.922791393789331
0.922992297190467
0.923193200591603
0.92339410399274
0.923595007393876
0.923795910795012
0.923996814196149
0.924197717597285
0.924398620998421
0.924599524399557
0.924800427800694
0.92500133120183
0.925202234602966
0.925403138004102
0.925604041405238
0.925804944806375
0.926005848207511
0.926206751608647
0.926407655009784
0.92660855841092
0.926809461812056
0.927010365213192
0.927211268614329
0.927412172015465
0.927613075416601
0.927813978817737
0.928014882218873
0.92821578562001
0.928416689021146
0.928617592422282
0.928818495823418
0.929019399224555
0.929220302625691
0.929421206026827
0.929622109427964
0.9298230128291
0.930023916230236
0.930224819631372
0.930425723032508
0.930626626433645
0.930827529834781
0.931028433235917
0.931229336637053
0.93143024003819
0.931631143439326
0.931832046840462
0.932032950241598
0.932233853642735
0.932434757043871
0.932635660445007
0.932836563846143
0.93303746724728
0.933238370648416
0.933439274049552
0.933640177450688
0.933841080851825
0.934041984252961
0.934242887654097
0.934443791055233
0.93464469445637
0.934845597857506
0.935046501258642
0.935247404659778
0.935448308060915
0.935649211462051
0.935850114863187
0.936051018264323
0.93625192166546
0.936452825066596
0.936653728467732
0.936854631868868
0.937055535270005
0.937256438671141
0.937457342072277
0.937658245473413
0.93785914887455
0.938060052275686
0.938260955676822
0.938461859077958
0.938662762479095
0.938863665880231
0.939064569281367
0.939265472682503
0.93946637608364
0.939667279484776
0.939868182885912
0.940069086287048
0.940269989688185
0.940470893089321
0.940671796490457
0.940872699891593
0.94107360329273
0.941274506693866
0.941475410095002
0.941676313496138
0.941877216897275
0.942078120298411
0.942279023699547
0.942479927100683
0.94268083050182
0.942881733902956
0.943082637304092
0.943283540705228
0.943484444106365
0.943685347507501
0.943886250908637
0.944087154309773
0.94428805771091
0.944488961112046
0.944689864513182
0.944890767914318
0.945091671315454
0.945292574716591
0.945493478117727
0.945694381518863
0.94589528492
0.946096188321136
0.946297091722272
0.946497995123408
0.946698898524545
0.946899801925681
0.947100705326817
0.947301608727953
0.947502512129089
0.947703415530226
0.947904318931362
0.948105222332498
0.948306125733634
0.948507029134771
0.948707932535907
0.948908835937043
0.94910973933818
0.949310642739316
0.949511546140452
0.949712449541588
0.949913352942724
0.950114256343861
0.950315159744997
0.950516063146133
0.950716966547269
0.950917869948406
0.951118773349542
0.951319676750678
0.951520580151815
0.951721483552951
0.951922386954087
0.952123290355223
0.952324193756359
0.952525097157496
0.952726000558632
0.952926903959768
0.953127807360904
0.953328710762041
0.953529614163177
0.953730517564313
0.953931420965449
0.954132324366586
0.954333227767722
0.954534131168858
0.954735034569994
0.954935937971131
0.955136841372267
0.955337744773403
0.955538648174539
0.955739551575676
0.955940454976812
0.956141358377948
0.956342261779084
0.956543165180221
0.956744068581357
0.956944971982493
0.957145875383629
0.957346778784766
0.957547682185902
0.957748585587038
0.957949488988174
0.958150392389311
0.958351295790447
0.958552199191583
0.958753102592719
0.958954005993856
0.959154909394992
0.959355812796128
0.959556716197264
0.959757619598401
0.959958522999537
0.960159426400673
0.960360329801809
0.960561233202946
0.960762136604082
0.960963040005218
0.961163943406354
0.961364846807491
0.961565750208627
0.961766653609763
0.961967557010899
0.962168460412036
0.962369363813172
0.962570267214308
0.962771170615444
0.962972074016581
0.963172977417717
0.963373880818853
0.963574784219989
0.963775687621126
0.963976591022262
0.964177494423398
0.964378397824534
0.96457930122567
0.964780204626807
0.964981108027943
0.965182011429079
0.965382914830216
0.965583818231352
0.965784721632488
0.965985625033624
0.96618652843476
0.966387431835897
0.966588335237033
0.966789238638169
0.966990142039305
0.967191045440442
0.967391948841578
0.967592852242714
0.967793755643851
0.967994659044987
0.968195562446123
0.968396465847259
0.968597369248396
0.968798272649532
0.968999176050668
0.969200079451804
0.96940098285294
0.969601886254077
0.969802789655213
0.970003693056349
0.970204596457485
0.970405499858622
0.970606403259758
0.970807306660894
0.971008210062031
0.971209113463167
0.971410016864303
0.971610920265439
0.971811823666575
0.972012727067712
0.972213630468848
0.972414533869984
0.97261543727112
0.972816340672257
0.973017244073393
0.973218147474529
0.973419050875665
0.973619954276802
0.973820857677938
0.974021761079074
0.97422266448021
0.974423567881347
0.974624471282483
0.974825374683619
0.975026278084755
0.975227181485892
0.975428084887028
0.975628988288164
0.9758298916893
0.976030795090437
0.976231698491573
0.976432601892709
0.976633505293845
0.976834408694982
0.977035312096118
0.977236215497254
0.97743711889839
0.977638022299527
0.977838925700663
0.978039829101799
0.978240732502935
0.978441635904072
0.978642539305208
0.978843442706344
0.97904434610748
0.979245249508617
0.979446152909753
0.979647056310889
0.979847959712025
0.980048863113162
0.980249766514298
0.980450669915434
0.98065157331657
0.980852476717707
0.981053380118843
0.981254283519979
0.981455186921115
0.981656090322252
0.981856993723388
0.982057897124524
0.98225880052566
0.982459703926797
0.982660607327933
0.982861510729069
0.983062414130205
0.983263317531342
0.983464220932478
0.983665124333614
0.98386602773475
0.984066931135887
0.984267834537023
0.984468737938159
0.984669641339295
0.984870544740432
0.985071448141568
0.985272351542704
0.98547325494384
0.985674158344977
0.985875061746113
0.986075965147249
0.986276868548385
0.986477771949521
0.986678675350658
0.986879578751794
0.98708048215293
0.987281385554067
0.987482288955203
0.987683192356339
0.987884095757475
0.988084999158611
0.988285902559748
0.988486805960884
0.98868770936202
0.988888612763156
0.989089516164293
0.989290419565429
0.989491322966565
0.989692226367701
0.989893129768838
0.990094033169974
0.99029493657111
0.990495839972247
0.990696743373383
0.990897646774519
0.991098550175655
0.991299453576791
0.991500356977928
0.991701260379064
0.9919021637802
0.992103067181336
0.992303970582473
0.992504873983609
0.992705777384745
0.992906680785882
0.993107584187018
0.993308487588154
0.99350939098929
0.993710294390426
0.993911197791563
0.994112101192699
0.994313004593835
0.994513907994971
0.994714811396108
0.994915714797244
0.99511661819838
0.995317521599516
0.995518425000653
0.995719328401789
0.995920231802925
0.996121135204061
0.996322038605198
0.996522942006334
0.99672384540747
0.996924748808606
0.997125652209743
0.997326555610879
0.997527459012015
0.997728362413151
0.997929265814288
0.998130169215424
0.99833107261656
0.998531976017696
0.998732879418833
0.998933782819969
0.999134686221105
0.999335589622241
0.999536493023378
0.999737396424514
0.99993829982565
1.00013920322679
1.00034010662792
1.00054101002906
1.00074191343019
1.00094281683133
1.00114372023247
1.0013446236336
1.00154552703474
1.00174643043588
1.00194733383701
