0.000855346674492279
0.000860095131291297
0.000866938470834333
0.00109075131596969
0.00122241209898259
0.0013578585835734
0.00161157421130774
0.00196977674845786
0.00300565239248068
0.00344836664106386
0.00412842740762905
0.00440339452091974
0.00449234168507251
0.00576820769243715
0.0063610069032354
0.00723321435567923
0.00766601687381013
0.00771093144609106
0.00873376383838795
0.00920880631116676
0.00987153968889662
0.0101937318593099
0.0106200408692404
0.0108816668923275
0.0125020027746118
0.0141362565645738
0.0147889919696885
0.0163005715223982
0.0173466391494325
0.0178197957843654
0.0187335415254199
0.0193522024372162
0.0208514421960498
0.0217854684801507
0.0222267518608595
0.0226360941873511
0.0245199197223017
0.0275927329681047
0.02879318608982
0.0300130027517037
0.0300466018157205
0.0302009223874876
0.0303108667582595
0.0306537725695235
0.0312180736886451
0.0319764907831646
0.0342938935895439
0.0348094851776268
0.0361792323218678
0.0367656841204515
0.0373679604737178
0.0378969414955241
0.0380974277222047
0.0382368415676854
0.0401705515397576
0.0431178185620286
0.0434087073267665
0.0435472031561328
0.0451462973075725
0.0453175353694533
0.0456051790442939
0.0482145176695571
0.0490868018187875
0.0491736368539637
0.0511526583675196
0.0526630328031328
0.0543594168009747
0.0557755860383092
0.0574452404178178
0.057901614661951
0.0587183802984906
0.0596695954839936
0.062098181063229
0.0639696351197959
0.0644497021545632
0.0648243920305547
0.0677453949279828
0.0691774115383346
0.069393227657931
0.0698521439473778
0.0704801816212181
0.0711164511249145
0.074844323761902
0.0749192604706476
0.078992805037352
0.0802463810709865
0.0815258162717838
0.0820538870138287
0.0836252489751232
0.0868878542111333
0.089481377112552
0.0899015080468452
0.0909812738271007
0.0946695070403938
0.0958447086730795
0.0967227333826271
0.100009690731471
0.101566187505199
0.102666040691206
0.103953717254197
0.104074814267781
0.104995952674794
0.105923185245596
0.107502646848813
0.107914690336009
0.110028851413692
0.110883675211497
0.112184708929624
0.114046963549126
0.114267813243577
0.115746728934262
0.119376069854599
0.120365763344749
0.120654810081292
0.120927241367733
0.123098873337733
0.12563485376483
0.126496675670868
0.127823507300532
0.130225340942598
0.130751464373855
0.133562489582797
0.135201549487279
0.136063046561604
0.136536109362351
0.136536411233651
0.136910441113685
0.137909479988009
0.139016971053621
0.139894380365858
0.143572313206509
0.14359396753509
0.144259750278916
0.147630058099211
0.147826576395706
0.148334757081124
0.1484280761532
0.149323066292288
0.149488507853402
0.150678035084787
0.156000899328045
0.157947235037499
0.158432435795399
0.159223120487798
0.159301519924025
0.159351505801652
0.15954731426323
0.160264523306868
0.161702717259516
0.162484478789149
0.163892725222154
0.167921236099213
0.168471049090219
0.16975327312486
0.169877666050846
0.170889010414723
0.171291810287621
0.171425578484719
0.171611586350422
0.171741383071723
0.173173939746533
0.173964643440168
0.176706879943353
0.178404877154198
0.178550363652134
0.179292078336746
0.179504758915011
0.182333667513657
0.184203454646412
0.185964088494406
0.186027178111799
0.187319788822061
0.188254208176606
0.188799400605563
0.188905027567284
0.189258208422094
0.189830207094584
0.190151310019567
0.190408229199827
0.191609644926557
0.19339483220484
0.194074694951324
0.19451981837255
0.195046084322719
0.195509090328731
0.196081686878335
0.196439123762087
0.197378797113498
0.197939829551447
0.199671235846513
0.201681713134629
0.202448584651835
0.202472020172609
0.202477593541281
0.202488171327891
0.202608998261564
0.203061650273292
0.204570291771254
0.205174410767574
0.206368686750859
0.208122088369612
0.208149049255167
0.208275481468162
0.208570467080155
0.208668415140469
0.209010519659704
0.210936628541193
0.211098677311161
0.212491193099305
0.212771126255231
0.213200008276007
0.214485459047794
0.216117561047779
0.217653279769695
0.21828644961512
0.220072972930281
0.22040585064151
0.220499515856376
0.220724645906943
0.220974628463674
0.22115196678592
0.226180513703546
0.226390411466092
0.227654910285781
0.227924418932981
0.22860374342782
0.228941927788594
0.229657674787136
0.230522119304788
0.231321254607843
0.231840745343899
0.23248128738821
0.235626951502497
0.236999709862473
0.237089620877511
0.237976471691647
0.238319043799908
0.238418300019849
0.238784777099134
0.240122850018401
0.240357995614383
0.241390513266427
0.242654073359435
0.244539700759909
0.245007864749517
0.24548808803871
0.247794654406407
0.24789392364798
0.247939316601323
0.248972816334792
0.250901331205417
0.251219323882535
0.251910382863565
0.25192352492219
0.252010406294603
0.25280957257697
0.252940269070757
0.253193021367419
0.254111097177366
0.255339297219073
0.255496519331058
0.257321515139778
0.257535947620987
0.258155177482734
0.258357229610081
0.260919517218068
0.261327175632845
0.261943650915427
0.263465623021448
0.264962983923584
0.268493102224669
0.270035121269639
0.270349611998267
0.270688909067995
0.271238445786332
0.271788941766505
0.272673549584279
0.273026143069171
0.273050814871887
0.273101004555007
0.273710122885958
0.274865034152374
0.275937194531196
0.278899904424754
0.279336432686938
0.281497017008139
0.283188715177641
0.283232193476857
0.283702251394505
0.286181774939699
0.286244397802811
0.287339095320479
0.288814045771604
0.289860983256456
0.290116127850126
0.291130971625245
0.291693946355566
0.291782362411724
0.291793503409087
0.292326792791085
0.292341121366597
0.29288942254834
0.295193690384751
0.295620701474499
0.295678363974982
0.297166969864277
0.297839061673755
0.298042639889531
0.298151828623239
0.298823560071895
0.29910011082667
0.299736466653231
0.303235934170594
0.30326688614105
0.305694743964801
0.305976039362573
0.306149752310942
0.307763330051648
0.308891003802612
0.309073732529125
0.309118790103879
0.309249270285321
0.309476046421517
0.310965578523703
0.31105017509509
0.313227742113083
0.315014584310048
0.315508710383431
0.315681792762376
0.31585574815318
0.316984666207328
0.317551704160184
0.317643534721503
0.31794641276676
0.318183877432304
0.319468275839775
0.319628899929533
0.320496797428755
0.321270033943496
0.32181675377337
0.321955224680482
0.323932230716116
0.324346676814236
0.324962295536852
0.326095914448685
0.326248126420249
0.326400417728117
0.326976743106496
0.327890123698616
0.33023620217711
0.331310414370813
0.331599060295922
0.332275826038076
0.33344544885949
0.333719928446519
0.333998942316315
0.3342028516235
0.334408151048703
0.334593360034637
0.335667416600819
0.338150492403751
0.338871977212947
0.339139605549567
0.339151474373745
0.340449787185751
0.340944177072004
0.341650595304316
0.342481278151955
0.342944070347182
0.343175827241953
0.345000479969392
0.345072360681979
0.345459967174343
0.34589415946738
0.346411227107646
0.348907530612534
0.3492866694835
0.349853948231085
0.350869883265525
0.351315728028139
0.35250212213246
0.354940880073294
0.355842500985089
0.357704557445624
0.358229727992585
0.358472373340187
0.360296130045185
0.36031868767933
0.360733164300243
0.361312907179028
0.361353115012714
0.361812270492347
0.361922352882649
0.364321859819507
0.366179188776808
0.366817435670909
0.366886658877668
0.368409447161227
0.368419727088684
0.368473264612131
0.36875073456446
0.370295654562371
0.37094169095458
0.371111135005674
0.372101525497744
0.372630463707685
0.373515983058945
0.375438206772056
0.37569055658815
0.37591303603671
0.37690769621817
0.378337051316009
0.380550002866221
0.381355148278469
0.381374485022527
0.382823987719819
0.386693903918352
0.387485797804732
0.387941377804167
0.388179746896506
0.390098830401524
0.390874227964168
0.391280520211012
0.391800635963273
0.395366480655079
0.396393016332634
0.404034669897999
0.404517213408591
0.405487155409273
0.407054777601655
0.407429711608719
0.409109369714708
0.409760872860244
0.410124584873127
0.411840609158537
0.411860358949144
0.412111174115877
0.414263180952602
0.414600357541487
0.414706349466977
0.415417171563269
0.419809809804064
0.419811926540951
0.420822524569838
0.421794292027303
0.423501034218989
0.423753904921902
0.42377704504011
0.426388127480537
0.428759562626103
0.430081964247966
0.430926395235186
0.432219454268628
0.435366855479346
0.436340430101613
0.436358029534641
0.440174265158219
0.442669528786631
0.442671238084322
0.444849472241456
0.446807917704813
0.446916679700774
0.447946872595847
0.450871105032952
0.450982816869196
0.450987691921043
0.4512142375554
0.453407347360001
0.453619705760225
0.45423764788972
0.454577371968391
0.459201399102242
0.460150686008546
0.460423840734564
0.460518488640173
0.462362047988617
0.466751660756925
0.468255347787361
0.469510106591922
0.470792743914615
0.470868040426505
0.471487544954891
0.474330471350811
0.474494392518351
0.474582362275859
0.475993895945186
0.476121442744402
0.476585284869422
0.479711910102603
0.485668168252897
0.487448177462303
0.488331819030337
0.488535315056212
0.489059170420134
0.489482456582373
0.492978370199079
0.493642898827157
0.494927963348328
0.495530760812406
0.500572034573251
0.501097087671636
0.501177601130354
0.501415382177473
0.503054649198937
0.504457978380958
0.504635095654274
0.504941005602814
0.505223117523281
0.507018647954917
0.508195015744261
0.508238283561702
0.508334509352563
0.509684170177795
0.511148138364413
0.511237141248135
0.511892176916086
0.512939690045378
0.51307485104651
0.513540007876936
0.514634775303636
0.514767555929135
0.517267420759334
0.518946092135948
0.521939593102465
0.522997150435108
0.525302348982355
0.526621643479965
0.526984420668693
0.529132560718409
0.531973585706407
0.533342495750468
0.533553721224162
0.535811712930155
0.536320541272433
0.537412200026516
0.538887585666803
0.539271551854879
0.5399884149076
0.540008493033551
0.540974323773386
0.541619990322535
0.542203652153482
0.543953181542061
0.544228524914204
0.544275716236293
0.544561614703831
0.547071910680168
0.548311346232465
0.549612370436706
0.551173305114129
0.555597751599434
0.556684785686139
0.556819819254333
0.557297183828791
0.55750441259623
0.558387257654404
0.558720901227487
0.55885983307011
0.560049570737847
0.560986898091213
0.562978371335445
0.563237651617869
0.563787787621079
0.564126542983877
0.564166464849964
0.564423299692729
0.564543102103878
0.565960928405927
0.567623702501967
0.568796295045748
0.571121049784663
0.571794625118545
0.572845509194932
0.574024807724508
0.57409959954037
0.576099641167958
0.580120662308657
0.580246205178506
0.58325580146929
0.583300469885244
0.583901845818955
0.585951730919112
0.586854878309166
0.588653051174541
0.589726496926004
0.589727598178645
0.590889027906863
0.591075120968865
0.591303578122278
0.59187995284115
0.594498761640712
0.597426236707949
0.599857269628069
0.601018517698842
0.602298790200901
0.603039990100471
0.603083380196318
0.60378070196117
0.604432580257134
0.604586956542127
0.604807518500265
0.605442311680109
0.608445441267729
0.609040797574748
0.609495003674233
0.610026211879434
0.610201198153437
0.610604171793284
0.612119552724504
0.612175600546274
0.613104710958095
0.613507305171511
0.613890842444993
0.614387197670449
0.614715221387725
0.616683341936661
0.616984724169525
0.617763707078804
0.618991381223385
0.619234420420785
0.619514256029107
0.61966210569782
0.620598219211774
0.621127307767202
0.622908890139143
0.624187273332368
0.625867343248919
0.629371570820005
0.629380173058815
0.62971868917777
0.630523588421252
0.630613118426885
0.631218270243822
0.632416843491118
0.63272483416416
0.634079729285478
0.635472586425146
0.636734931485863
0.63751848425564
0.638861501677993
0.641261023345225
0.642647039775154
0.642924962998001
0.64298132837798
0.643924164802247
0.644081016932193
0.644839777170497
0.645654628958878
0.646178416072305
0.646303063394945
0.647296645366448
0.647552719342376
0.647920415980335
0.651476008967513
0.651670828498413
0.652629830405548
0.652807350741227
0.655554618836071
0.656120752623219
0.656202754119745
0.656655485026756
0.656802071442063
0.658742280445122
0.660834787337223
0.662057528076157
0.662528948380383
0.663421978434577
0.665186679950707
0.668659582277038
0.668665391387168
0.668797478426632
0.669735781676829
0.671114234787963
0.671330923640595
0.672768352179957
0.672818002099136
0.673665101999281
0.673723815683257
0.674437443072916
0.674503739702332
0.674598710709828
0.676102853436684
0.676867065537334
0.67751334473387
0.678002235658205
0.679257646693442
0.679263079258986
0.681849801291869
0.68331126571483
0.68377876551318
0.683802389014665
0.688490670902387
0.688595524888993
0.690439845169271
0.690505959072788
0.690641234470631
0.691018746357141
0.691447433807334
0.691729721108449
0.692049523192692
0.692136375532869
0.693364801599756
0.693890356566563
0.694376352071906
0.695013237639732
0.696269574938655
0.697038098410198
0.697377441458081
0.697378051622172
0.698069192282911
0.698339133947411
0.698938890171645
0.700854921404591
0.700888167602076
0.70115101307192
0.702463700418612
0.704553008797676
0.704696851616504
0.70529464976158
0.70654408190111
0.706902203888806
0.70743468344771
0.70841668240689
0.710032971885718
0.71068530812895
0.711879542671905
0.712400314594197
0.712472603363469
0.712677922145786
0.713206922915576
0.713352835206607
0.714146368833565
0.71415942074527
0.714348541885845
0.714737612293597
0.714783286357157
0.716818459733857
0.716921931331598
0.717080430315553
0.718013654827841
0.718349700025118
0.718611908026928
0.719038160257182
0.719195819397995
0.719984437126202
0.720951977489336
0.725149563700271
0.72600771621685
0.727153335551904
0.730178794096245
0.730942357242074
0.731678197568792
0.732018562937497
0.732202757869412
0.733426394716704
0.733497126778649
0.73358137393587
0.73391561759356
0.735071472789856
0.735245905318227
0.736125529708202
0.736696426846942
0.736915958159428
0.736927547690595
0.739439763728875
0.74028106024565
0.74149823804882
0.741819679591479
0.742038953284582
0.743022365031719
0.743387816409107
0.743582363598564
0.746785091670016
0.749305985405268
0.752397024754118
0.752991332208747
0.753410464231552
0.754047280925834
0.756545108407088
0.75882808789397
0.758832171761416
0.758966784423709
0.759840470412593
0.76174632227073
0.761968283474109
0.763153749863461
0.763517383000927
0.76383526969149
0.764006500680029
0.764835088510981
0.766102167788248
0.766226192127142
0.767227382477626
0.768959791421278
0.769615414665444
0.77018728115046
0.772615611106874
0.774052618605006
0.774134473145102
0.774799247097839
0.775560845203717
0.77822278960131
0.780722178829706
0.780729190289541
0.780867566485628
0.781682179521982
0.782307889422944
0.782312237263016
0.782419474260574
0.783526353760868
0.783567245716179
0.783810250712788
0.784729098645361
0.789453122030676
0.793246171241368
0.794338412454839
0.796480081517569
0.797632722312863
0.797971326623353
0.799058072880977
0.799134014454587
0.800588407499976
0.801179411326248
0.801652800421654
0.802278013994231
0.802482568370174
0.806967070259555
0.807180271451131
0.808151537870619
0.808529405912847
0.809140851018041
0.810674459944761
0.810851494145121
0.812707409318978
0.812857575613358
0.814525194144671
0.81652271013063
0.817059494044597
0.818699597523776
0.819151349543112
0.819175366886129
0.82089667978371
0.821078546484085
0.821293028587275
0.821490245619322
0.821616525616158
0.822896719401275
0.825193283503947
0.825481558496096
0.825669151466244
0.826563705988235
0.828378236741591
0.829513453354148
0.830502817148712
0.830942230759476
0.831685920470314
0.832444350615356
0.834373202205468
0.834660606368566
0.835735629584913
0.836335278879983
0.836455133876398
0.838791613191126
0.839970867902149
0.841046025832284
0.841306332055356
0.842218862300537
0.844815253284818
0.846103206659572
0.846609190927486
0.847665875805919
0.848440668314771
0.848995716069953
0.851044122441004
0.851692692788727
0.854380963284055
0.85574262356692
0.855963366460183
0.857530557615606
0.857650717125622
0.858532482735306
0.863451334736117
0.863487073414457
0.864354914494399
0.866412351619017
0.868208135286107
0.868621882373289
0.870264125634895
0.87073316140557
0.872038304987289
0.872069550722478
0.874406837646062
0.876306444830021
0.877305499875157
0.878398450481392
0.878401675241771
0.880399901641745
0.880535407803505
0.881621603629037
0.882324058707252
0.882939527059909
0.88345059834788
0.884205485767196
0.886171562078347
0.88775015437896
0.887938692323226
0.889195340197198
0.889396759894369
0.889980602191809
0.891908970694843
0.892014288725929
0.892263145424408
0.892275919462507
0.892421996372383
0.892580427724299
0.893590160941195
0.894174896485672
0.894596725586989
0.89611469144484
0.89691593125045
0.898124118438044
0.898273838259254
0.899728356905999
0.901451214370395
0.901682738222763
0.902097150958136
0.902461249974341
0.903771192839822
0.904297891577013
0.905876683623389
0.906000260907744
0.907609729720393
0.908700866064335
0.908867666766231
0.908891320199334
0.912723576427626
0.913728780492885
0.915476866796006
0.916015076568454
0.917515944768266
0.918038070207735
0.918498536710078
0.918847258425962
0.919102280036004
0.91946251315676
0.919468122129579
0.91964101452927
0.920269699315267
0.920578762366129
0.921521696885799
0.92323122977148
0.923302339104783
0.925761194092645
0.928503130119071
0.929217188561987
0.931725275865791
0.932010054560226
0.93300879434031
0.935800282711206
0.9368745745589
0.937799616420422
0.938073197081586
0.939007795908766
0.940393738532321
0.942579618748198
0.945483038633423
0.946845741716529
0.947224972552001
0.949416912115365
0.949583441595053
0.952047419198176
0.95382806575095
0.954904742543207
0.956424117889825
0.956988435990734
0.958386919628911
0.958853276830491
0.960347493192366
0.960896239952369
0.961272824298915
0.9615340332608
0.962591930329985
0.962750872117949
0.964941457889644
0.966576164335993
0.970336318152499
0.97160804878515
0.972362778065794
0.973012269485291
0.974288703691245
0.97610609688404
0.977738281309928
0.978193658199649
0.978259336656534
0.978587321905522
0.978784640352898
0.979135081504592
0.979821970098331
0.979954935665874
0.980229397950258
0.980445004739807
0.98136585806489
0.982187055969946
0.982477254109042
0.984584812493128
0.984877173941723
0.985917307835611
0.985986255584189
0.986081636912059
0.987224011786364
0.987464766659308
0.987672906511049
0.988940666093018
0.989674116605663
0.991017814073885
0.991649748870184
0.99191492004584
0.994284642423091
0.995939490530014
0.996067168563088
0.996152568486602
0.996428247585709
