0.0488430605697086
0.0480631220971341
0.0473012341034176
0.0465569091670318
0.0458296748666683
0.045119073271019
0.0444246604474582
0.0437460059888526
0.0430826925577994
0.0424343154475795
0.0418004821591909
0.0411808119938032
0.0405749356600522
0.0399824948955702
0.0394031421022172
0.0388365399944601
0.0382823612604061
0.0377402882349835
0.0372100125848192
0.0366912350043408
0.0361836649226943
0.0356870202210413
0.0352010269598595
0.0347254191158456
0.034259938328074
0.0338043336530446
0.0333583613282959
0.0329217845442503
0.0324943732239932
0.0320759038106745
0.0316661590622633
0.0312649278533655
0.0308720049838567
0.0304871909940632
0.0301102919862628
0.0297411194522592
0.0293794901068181
0.0290252257267389
0.0286781529953674
0.028338103352338
0.0280049128483687
0.0276784220049119
0.0273584756784978
0.0270449229295894
0.0267376168957968
0.026436414669286
0.0261411771782383
0.0258517690722093
0.0255680586112566
0.025289917558692
0.0250172210773412
0.0247498476291755
0.0244876788782077
0.0242305995965262
0.0239784975733693
0.0237312635271206
0.0234887910201362
0.0232509763762928
0.0230177186011752
0.0227889193047983
0.022564482626789
0.0223443151639324
0.0221283259000098
0.0219164261378428
0.0217085294334746
0.02150455153241
0.0213044103078487
0.0211080257008403
0.020915319662301
0.020726216096823
0.0205406408082229
0.0203585214467642
0.0201797874580048
0.0200043700332084
0.0198322020612739
0.0196632180821268
0.0194973542415299
0.0193345482472607
0.0191747393266162
0.019017868185195
0.0188638769669228
0.0187127092152719
0.0185643098356439
0.0184186250588712
0.0182756024058063
0.0181351906529589
0.0179973397991521
0.0178620010331592
0.0177291267022955
0.0175986702819294
0.0174705863458873
0.017344830537721
0.0172213595428127
0.017100131061288
0.0169811037817156
0.0168642373555638
0.0167494923723946
0.0166368303357694
0.0165262136398455
0.0164176055466402
0.0163109701639444
0.0162062724238621
0.0161034780619603
0.0160025535970063
0.0159034663112783
0.0158061842314276
0.0157106761098803
0.0156169114067569
0.0155248602722979
0.0154344935297781
0.0153457826588951
0.015258699779618
0.015173217636482
0.0150893095833158
0.0150069495683884
0.0149261121199627
0.0148467723322449
0.0147689058517157
0.0146924888638345
0.0146174980801033
0.0145439107254807
0.014471704526136
0.0144008576975327
0.0143313489328316
0.0142631573916052
0.0141962626888526
0.0141306448843083
0.0140662844720338
0.0140031623702865
0.0139412599116551
0.0138805588334569
0.0138210412683858
0.0137626897354077
0.0137054871308924
0.013649416719979
0.0135944621281644
0.0135406073331118
0.0134878366566706
0.0134361347571034
0.0133854866215125
0.0133358775584624
0.0132872931907908
0.0132397194486043
0.0131931425624519
0.013147549056674
0.013102925742919
0.0130592597138254
0.0130165383368624
0.0129747492483276
0.012933880347494
0.0128939197909051
0.0128548559868125
0.0128166775897529
0.0127793734952593
0.0127429328347047
0.0127073449702732
0.0126725994900557
0.0126386862032666
0.0126055951355786
0.0125733165245714
0.0125418408152928
0.0125111586559278
0.0124812608935734
0.0124521385701166
0.0124237829182119
0.0123961853573569
0.0123693374900618
0.0123432310981124
0.0123178581389219
0.0122932107419709
0.0122692812053324
0.0122460619922798
0.0122235457279756
0.0122017251962389
0.0121805933363898
0.0121601432401678
0.0121403681487238
0.0121212614496818
0.0121028166742712
0.0120850274945243
0.0120678877205415
0.0120513912978184
0.0120355323046362
0.0120203049495124
0.0120057035687107
0.011991722623808
0.0119783566993178
0.0119656005003687
0.0119534488504352
0.0119418966891212
0.011930939069994
0.0119205711584674
0.0119107882297331
0.0119015856667391
0.0118929589582138
0.0118849036967343
0.0118774155768391
0.0118704903931821
0.011864124038729
0.011858312502993
0.0118530518703112
0.0118483383181578
0.011844168115496
0.0118405376211657
0.0118374432823071
0.011834881632819
0.0118328492918512
0.0118313429623291
0.0118303594295121
0.0118298955595819
0.0118299482982626
0.0118305146694702
0.0118315917739918
0.0118331767881927
0.0118352669627522
0.011837859621426
0.011840952159835
0.0118445420442807
0.0118486268105851
0.0118532040629559
0.0118582714728755
0.0118638267780133
0.0118698677811615
0.0118763923491927
0.0118833984120399
0.0118908839616975
0.0118988470512434
0.0119072857938813
0.0119161983620027
0.011925582986269
0.0119354379547115
0.0119457616118509
0.0119565523578346
0.0119678086475908
0.0119795289900013
0.0119917119470901
0.0120043561332284
0.0120174602143565
0.0120310229072204
0.0120450429786243
0.0120595192446979
0.0120744505701784
0.0120898358677065
0.0121056740971364
0.0121219642648597
0.0121387054231425
0.012155896669475
0.0121735371459344
0.0121916260385598
0.0122101625767396
0.01222914603261
0.012248575720466
0.0122684509961826
0.0122887712566481
0.0123095359392073
0.0123307445211156
0.0123523965190034
0.0123744914883501
0.0123970290229687
0.0124200087544991
0.012443430351911
0.0124672935210166
0.0124915980039909
0.012516343578902
0.0125415300592491
0.0125671572935091
0.0125932251646911
0.0126197335898992
0.0126466825199027
0.0126740719387138
0.0127019018631729
0.0127301723425411
0.0127588834580995
0.0127880353227556
0.0128176280806564
0.0128476619068076
0.0128781370066997
0.0129090536159405
0.0129404119998929
0.012972212453319
0.0130044553000309
0.0130371408925452
0.013070269611745
0.0131038418665465
0.01313785809357
0.0131723187568179
0.0132072243473557
0.0132425753829996
0.0132783724080076
0.0133146159927762
0.0133513067335406
0.0133884452520804
0.0134260321954289
0.0134640682355869
0.0135025540692403
0.0135414904174822
0.0135808780255382
0.0136207176624964
0.0136610101210401
0.0137017562171848
0.0137429567900182
0.0137846127014446
0.0138267248359309
0.0138692941002577
0.0139123214232722
0.0139558077556449
0.013999754069629
0.0140441613588227
0.0140890306379344
0.0141343629425506
0.0141801593289065
0.0142264208736594
0.0142731486736637
0.0143203438457502
0.0143680075265054
0.0144161408720553
0.0144647450578498
0.0145138212784506
0.0145633707473198
0.014613394696612
0.0146638943769674
0.0147148710573073
0.0147663260246308
0.0148182605838145
0.0148706760574125
0.0149235737854595
0.0149769551252745
0.0150308214512664
0.0150851741547413
0.0151400146437111
0.0151953443427033
0.0152511646925733
0.0153074771503159
0.0153642831888803
0.0154215842969848
0.0154793819789337
0.0155376777544343
0.0155964731584162
0.0156557697408502
0.01571556906657
0.0157758727150927
0.0158366822804425
0.0158979993709733
0.0159598256091934
0.0160221626315906
0.0160850120884577
0.0161483756437195
0.0162122549747599
0.0162766517722494
0.0163415677399744
0.0164070045946654
0.0164729640658275
0.0165394478955697
0.0166064578384363
0.0166739956612372
0.0167420631428801
0.0168106620742018
0.0168797942578009
0.0169494615078697
0.0170196656500278
0.0170904085211545
0.0171616919692227
0.0172335178531319
0.0173058880425425
0.0173788044177091
0.0174522688693152
0.0175262832983065
0.0176008496157261
0.0176759697425476
0.0177516456095108
0.0178278791569545
0.0179046723346521
0.0179820271016451
0.0180599454260777
0.0181384292850307
0.018217480664356
0.0182971015585097
0.018377293970387
0.0184580599111548
0.0185394014000862
0.018621320464393
0.0187038191390591
0.0187868994666733
0.0188705634972624
0.0189548132881225
0.0190396509036523
0.0191250784151842
0.0192110979008161
0.0192977114452422
0.0193849211395845
0.0194727290812227
0.0195611373736249
0.0196501481261767
0.0197397634540117
0.0198299854778391
0.0199208163237736
0.0200122581231627
0.020104313012415
0.0201969831328271
0.0202902706304108
0.0203841776557193
0.0204787063636734
0.0205738589133863
0.0206696374679897
0.020766044194457
0.0208630812634283
0.0209607508490332
0.0210590551287141
0.0211579962830485
0.0212575764955709
0.021357797952594
0.0214586628430301
0.0215601733582103
0.0216623316917055
0.0217651400391443
0.0218686005980325
0.0219727155675705
0.0220774871484716
0.0221829175427776
0.0222890089536763
0.0223957635853165
0.0225031836426237
0.0226112713311136
0.0227200288567079
0.0228294584255453
0.0229395622437969
0.0230503425174759
0.0231618014522511
0.0232739412532571
0.0233867641249047
0.023500272270691
0.0236144678930088
0.0237293531929547
0.0238449303701378
0.0239612016224867
0.024078169146057
0.0241958351348372
0.0243142017805545
0.0244332712724801
0.0245530457972343
0.0246735275385892
0.024794718677274
0.0249166213907764
0.0250392378531461
0.0251625702347957
0.0252866207023029
0.0254113914182102
0.0255368845408266
0.0256631022240255
0.0257900466170456
0.025917719864288
0.0260461241051158
0.0261752614736505
0.0263051340985701
0.0264357441029051
0.0265670936038351
0.0266991847124842
0.0268320195337168
0.0269656001659316
0.0270999287008567
0.0272350072233429
0.0273708378111581
0.0275074225347789
0.0276447634571851
0.0277828626336503
0.027921722111535
0.0280613439300773
0.0282017301201847
0.0283428827042242
0.0284848036958137
0.028627495099611
0.0287709589111045
0.0289151971164022
0.0290602116920214
0.0292060046046769
0.0293525778110702
0.0294999332576779
0.0296480728805397
0.0297969986050461
0.0299467123457268
0.0300972160060373
0.0302485114781474
0.0304006006427268
0.0305534853687339
0.030707167513201
0.0308616489210224
0.0310169314247397
0.0311730168443297
0.0313299069869898
0.0314876036469249
0.0316461086051334
0.031805423629194
0.0319655504730512
0.0321264908768025
0.0322882465664838
0.0324508192538566
0.0326142106361936
0.0327784223960659
0.0329434562011286
0.0331093137039087
0.0332759965415905
0.0334435063358039
0.0336118446924099
0.0337810132012897
0.0339510134361303
0.0341218469542136
0.0342935152962032
0.0344660199859337
0.0346393625301977
0.0348135444185361
0.0349885671230256
0.0351644320980693
0.0353411407801856
0.0355186945877986
0.0356970949210285
0.0358763431614825
0.0360564406720461
0.0362373887966749
0.0364191888601867
0.0366018421680545
0.0367853500061993
0.0369697136407843
0.0371549343180091
0.0373410132639045
0.0375279516841279
0.0377157507637601
0.0379044116671009
0.0380939355374679
0.0382843234969933
0.0384755766464239
0.0386676960649193
0.038860682809854
0.0390545379166165
0.0392492623984127
0.0394448572460675
0.0396413234278293
0.0398386618891733
0.040036873552608
0.0402359593174797
0.0404359200597816
0.0406367566319598
0.0408384698627243
0.0410410605568568
0.0412445294950238
0.0414488774335873
0.0416541051044184
0.0418602132147112
0.0420672024467989
0.0422750734579688
0.0424838268802816
0.0426934633203882
0.0429039833593518
0.043115387552467
0.0433276764290838
0.04354085049243
0.0437549102194373
0.0439698560605663
0.0441856884396357
0.0444024077536493
0.0446200143726281
0.0448385086394406
0.0450578908696372
0.045278161351283
0.0454993203447964
0.0457213680827835
0.0459443047698803
0.0461681305825903
0.0463928456691292
0.0466184501492665
0.0468449441141721
0.0470723276262622
0.0473006007190492
0.0475297633969901
0.0477598156353401
0.0479907573800042
0.048222588547395
0.0484553090242873
0.0486889186676786
0.0489234173046484
0.0491588047322222
0.0493950807172334
0.0496322449961923
0.0498702972751508
0.0501092372295753
0.0503490645042158
0.0505897787129819
0.0508313794388162
0.0510738662335739
0.0513172386179006
0.0515614960811156
0.0518066380810934
0.0520526640441519
0.0522995733649377
0.0525473654063177
0.0527960394992694
0.0530455949427769
0.0532960310037248
0.0535473469167988
0.0537995418843839
0.0540526150764691
0.0543065656305507
0.0545613926515411
0.0548170952116761
0.0550736723504285
0.0553311230744202
0.0555894463573407
0.0558486411398626
0.0561087063295655
0.0563696408008565
0.0566314433948982
0.0568941129195339
0.057157648149221
0.0574220478249604
0.0576873106542347
0.057953435310943
0.0582204204353434
0.0584882646339931
0.0587569664796955
0.0590265245114457
0.0592969372343818
0.0595682031197363
0.0598403206047921
0.0601132880928387
0.0603871039531338
0.0606617665208639
0.0609372740971119
0.061213624948822
0.0614908173087732
0.0617688493755489
0.0620477193135158
0.0623274252527991
0.0626079652892655
0.0628893374845054
0.0631715398658199
0.0634545704262082
0.0637384271243613
0.0640231078846537
0.0643086105971419
0.064594933117563
0.0648820732673378
0.0651700288335745
0.0654587975690776
0.0657483771923573
0.0660387653876434
0.0663299598049
0.066621958059846
0.0669147577339738
0.0672083563745759
0.0675027514947698
0.0677979405735291
0.0680939210557143
0.0683906903521096
0.0686882458394588
0.0689865848605084
0.0692857047240482
0.0695856027049604
0.0698862760442659
0.0701877219491783
0.0704899375931564
0.0707929201159639
0.0710966666237267
0.0714011741889987
0.0717064398508246
0.0720124606148113
0.0723192334531961
0.0726267553049239
0.0729350230757205
0.0732440336381759
0.0735537838318229
0.0738642704632261
0.0741754903060658
0.074487440101232
0.0748001165569157
0.0751135163487067
0.0754276361196904
0.0757424724805521
0.0760580220096788
0.076374281253269
0.0766912467254399
0.0770089149083425
0.0773272822522747
0.077646345175802
0.077966100065875
0.0782865432779564
0.0786076711361438
0.0789294799333017
0.0792519659311901
0.0795751253606014
0.0798989544214948
0.0802234492831379
0.0805486060842473
0.0808744209331347
0.0812008899078525
0.0815280090563466
0.0818557743966051
0.0821841819168181
0.0825132275755312
0.0828429073018091
0.0831732169953959
0.0835041525268833
0.0838357097378751
0.0841678844411612
0.0845006724208878
0.0848340694327348
0.0851680712040921
0.0855026734342418
0.0858378717945386
0.0861736619285979
0.0865100394524807
0.0868469999548857
0.0871845389973404
0.0875226521143973
0.0878613348138289
0.0882005825768299
0.0885403908582159
0.0888807550866309
0.0892216706647499
0.0895631329694914
0.0899051373522245
0.0902476791389853
0.0905907536306894
0.0909343561033517
0.0912784818083037
0.091623125972418
0.091968283798329
0.0923139504646623
0.0926601211262594
0.0930067909144113
0.0933539549370872
0.0937016082791716
0.0940497460026985
0.0943983631470913
0.0947474547294009
0.0950970157445506
0.0954470411655762
0.0957975259438765
0.0961484650094565
0.096499853271181
0.0968516856170225
0.0972039569143173
0.0975566620100181
0.0979097957309533
0.0982633528840823
0.0986173282567589
0.0989717166169902
0.0993265127137028
0.0996817112770049
0.100037307018456
0.100393294631334
0.100749668790903
0.101106424154688
0.101463555362747
0.101821057037941
0.102178923786218
0.102537150196883
0.102895730842878
0.103254660281064
0.103613933052504
0.103973543682738
0.104333486682076
0.104693756545876
0.105054347754834
0.105415254775273
0.105776472059426
0.106137994045733
0.106499815159126
0.106861929811324
0.107224332401128
0.107587017314709
0.107949978925912
0.108313211596544
0.108676709676675
0.109040467504937
0.109404479408822
0.109768739704978
0.110133242699517
0.110497982688312
0.110862953957298
0.111228150782778
0.111593567431726
0.11195919816209
0.1123250372231
0.11269107885557
0.113057317292207
0.113423746757916
0.113790361470111
0.114157155639018
0.114524123467988
0.114891259153801
0.115258556886982
0.115626010852103
0.115993615228099
0.116361364188578
0.116729251902128
0.117097272532631
0.117465420239573
0.117833689178356
0.118202073500613
0.118570567354512
0.118939164885076
0.119307860234491
0.119676647542418
0.120045520946307
0.120414474581709
0.120783502582588
0.121152599081633
0.121521758210568
0.121890974100469
0.122260240882073
0.122629552686088
0.122998903643508
0.123368287885924
0.12373769954583
0.124107132756943
0.124476581654504
0.124846040375597
0.125215503059452
0.125584963847758
0.12595441688497
0.126323856318621
0.126693276299627
0.127062670982596
0.127432034526135
0.127801361093157
0.128170644851187
0.128539879972667
0.12890906063526
0.129278181022157
0.129647235322378
0.130016217731075
0.130385122449836
0.130753943686984
0.131122675657878
0.131491312585214
0.131859848699323
0.132228278238468
0.132596595449142
0.132964794586365
0.133332869913979
0.13370081570494
0.134068626241615
0.134436295816069
0.134803818730363
0.135171189296839
0.13553840183841
0.135905450688849
0.136272330193077
0.136639034707445
0.137005558600021
0.137371896250874
0.137738042052351
0.138103990409368
0.138469735739676
0.138835272474152
0.139200595057066
0.139565697946363
0.139930575613934
0.140295222545889
0.14065963324283
0.14102380222012
0.141387724008149
0.141751393152608
0.142114804214744
0.142477951771636
0.142840830416446
0.14320343475869
0.14356575942449
0.143927799056834
0.144289548315836
0.144651001878984
0.145012154441398
0.145373000716079
0.145733535434158
0.146093753345147
0.146453649217181
0.146813217837264
0.147172454011515
0.147531352565404
0.147889908343991
0.14824811621217
0.148605971054896
0.148963467777425
0.149320601305541
0.14967736658579
0.150033758585705
0.150389772294036
0.150745402720969
0.151100644898353
0.151455493879917
0.151809944741491
0.152163992581221
0.152517632519785
0.152870859700604
0.153223669290052
0.153576056477668
0.153928016476357
0.154279544522601
0.154630635876656
0.154981285822754
0.155331489669303
0.15568124274908
0.15603054041943
0.156379378062451
0.156727751085192
0.157075654919832
0.157423085023875
0.157770036880325
0.158116505997873
0.158462487911074
0.158807978180524
0.159152972393034
0.159497466161807
0.159841455126603
0.16018493495391
0.160527901337108
0.160870349996639
0.161212276680159
0.161553677162707
0.161894547246855
0.162234882762867
0.162574679568849
0.162913933550904
0.163252640623275
0.163590796728494
0.163928397837523
0.164265439949902
0.164601919093879
0.164937831326554
0.165273172734009
0.165607939431447
0.165942127563312
0.166275733303427
0.166608752855112
0.166941182451313
0.167273018354718
0.167604256857879
0.167934894283327
0.168264926983686
0.168594351341786
0.168923163770772
0.169251360714209
0.169578938646191
0.169905894071441
0.17023222352541
0.17055792357438
0.170882990815554
0.171207421877154
0.171531213418509
0.171854362130145
0.172176864733875
0.172498717982875
0.172819918661776
0.173140463586736
0.173460349605523
0.173779573597585
0.17409813247413
0.174416023178187
0.174733242684684
0.175049788000509
0.175365656164576
0.175680844247885
0.175995349353582
0.176309168617016
0.176622299205797
0.176934738319844
0.17724648319144
0.177557531085274
0.177867879298497
0.178177525160755
0.17848646603424
0.178794699313722
0.179102222426594
0.179409032832899
0.179715128025369
0.180020505529453
0.180325162903347
0.18062909773802
0.180932307657238
0.181234790317588
0.181536543408494
0.181837564652241
0.182137851803986
0.182437402651774
0.182736215016548
0.183034286752162
0.183331615745386
0.18362819991591
0.183924037216352
0.184219125632255
0.184513463182089
0.184807047917247
0.185099877922042
0.185391951313698
0.185683266242343
0.185973820890998
0.186263613475565
0.186552642244809
0.186840905480347
0.187128401496626
0.187415128640904
0.187701085293223
0.187986269866395
0.188270680805965
0.18855431659019
0.188837175730005
0.189119256768995
0.189400558283358
0.189681078881873
0.189960817205858
0.190239771929136
0.190517941757992
0.190795325431131
0.191071921719631
0.1913477294269
0.191622747388627
0.191896974472734
0.19217040957932
0.192443051640613
0.192714899620914
0.192985952516538
0.19325620935576
0.19352566919875
0.193794331137518
0.194062194295847
0.194329257829226
0.194595520924792
0.194860982801254
0.195125642708827
0.195389499929161
0.19565255377527
0.195914803591454
0.196176248753228
0.196436888667243
0.196696722771207
0.196955750533804
0.197213971454617
0.197471385064041
0.1977279909232
0.197983788623863
0.198238777788353
0.198492958069464
0.198746329150365
0.198998890744514
0.199250642595563
0.199501584477266
0.199751716193381
0.200001037577575
0.200249548493328
0.200497248833832
0.200744138521891
0.200990217509819
0.201235485779341
0.201479943341484
0.201723590236475
0.201966426533636
0.202208452331272
0.202449667756567
0.202690072965473
0.202929668142597
0.203168453501094
0.20340642928255
0.203643595756867
0.203879953222155
0.204115502004607
0.204350242458387
0.204584174965513
0.204817299935734
0.205049617806412
0.205281129042401
0.205511834135927
0.205741733606459
0.205970828000592
0.20619911789192
0.206426603880908
0.206653286594768
0.206879166687334
0.207104244838926
0.20732852175623
0.207551998172164
0.207774674845746
0.207996552561966
0.208217632131652
0.208437914391337
0.208657400203126
0.208876090454561
0.209093986058489
0.209311087952921
0.2095273971009
0.209742914490362
0.209957641133998
0.210171578069118
0.210384726357509
0.210597087085298
0.21080866136281
0.211019450324428
0.211229455128453
0.21143867695696
0.211647117015655
0.211854776533738
0.212061656763751
0.212267758981441
0.212473084485613
0.212677634597984
0.21288141066304
0.213084414047891
0.21328664614212
0.213488108357643
0.213688802128556
0.213888728910993
0.214087890182976
0.214286287444264
0.214483922216211
0.214680796041611
0.214876910484555
0.215072267130276
0.215266867585003
0.215460713475809
0.215653806450465
0.215846148177284
0.216037740344973
0.216228584662484
0.216418682858859
0.216608036683081
0.216796647903926
0.216984518309803
0.217171649708609
0.217358043927576
0.217543702813118
0.217728628230676
0.217912822064573
0.218096286217852
0.218279022612134
0.218461033187455
0.218642319902122
0.218822884732555
0.219002729673136
0.219181856736057
0.219360267951164
0.21953796536581
0.219714951044694
0.219891227069718
0.220066795539825
0.220241658570851
0.220415818295373
0.220589276862553
0.22076203643799
0.22093409920356
0.221105467357274
0.221276143113114
0.221446128700891
0.221615426366086
0.221784038369703
0.221951966988111
0.222119214512898
0.222285783250717
0.222451675523136
0.222616893666482
0.222781440031697
0.222945316984182
0.223108526903649
0.223271072183968
0.223432955233018
0.223594178472539
0.223754744337979
0.223914655278347
0.22407391375606
0.224232522246799
0.224390483239358
0.224547799235493
0.224704472749776
0.224860506309451
0.225015902454278
0.225170663736393
0.225324792720157
0.225478291982012
0.22563116411033
0.225783411705275
0.22593503737865
0.226086043753755
0.22623643346524
0.226386209158966
0.226535373491852
0.22668392913174
0.226831878757246
0.226979225057618
0.227125970732597
0.227272118492269
0.227417671056927
0.227562631156931
0.227707001532562
0.227850784933886
0.227993984120614
0.228136601861959
0.2282786409365
0.228420104132041
0.228560994245476
0.228701314082649
0.228841066458215
0.228980254195509
0.229118880126404
0.229256947091176
0.229394457938375
0.22953141552468
0.229667822714774
0.229803682381205
0.229938997404254
0.230073770671802
0.230208005079202
0.230341703529139
0.230474868931506
0.230607504203272
0.230739612268349
0.230871196057467
0.231002258508042
0.231132802564047
0.231262831175889
0.231392347300274
0.23152135390009
0.231649853944273
0.231777850407684
0.231905346270985
0.232032344520516
0.232158848148168
0.23228486015126
0.23241038353242
0.232535421299461
0.232659976465258
0.23278405204763
0.232907651069219
0.233030776557368
0.233153431544007
0.23327561906553
0.233397342162683
0.233518603880439
0.233639407267888
0.233759755378119
0.233879651268106
0.23399909799859
0.23411809863397
0.234236656242187
0.23435477389461
0.234472454665929
0.234589701634035
0.234706517879921
0.234822906487561
0.234938870543808
0.235054413138279
0.235169537363255
0.235284246313565
0.235398543086485
0.235512430781629
0.235625912500845
0.235738991348109
0.235851670429421
0.235963952852703
0.236075841727693
0.236187340165846
0.236298451280231
0.23640917818543
0.236519523997438
0.236629491833563
0.236739084812328
0.236848306053371
0.23695715867735
0.237065645805843
0.237173770561255
0.23728153606672
0.237388945446008
0.237496001823427
0.237602708323733
0.237709068072038
0.237815084193713
0.237920759814301
0.238026098059422
0.238131102054688
0.238235774925607
0.2383401197975
0.238444139795408
0.238547838044006
0.23865121766752
0.238754281789632
0.238857033533403
0.238959476021184
0.23906161237453
0.239163445714122
0.239264979159676
0.239366215829869
0.239467158842252
0.23956781131317
0.239668176357682
0.239768257089481
0.239868056620816
0.239967578062413
0.240066824523396
0.240165799111211
0.240264504931549
0.240362945088273
0.240461122683338
0.240559040816718
0.240656702586336
0.240754111087986
0.240851269415261
0.240948180659485
0.241044847909636
0.241141274252279
0.241237462771497
0.241333416548815
0.241429138663142
0.24152463219069
0.241619900204919
0.24171494577646
0.241809771973055
0.241904381859489
0.241998778497524
0.242092964945836
0.242186944259953
0.242280719492187
0.242374293691576
0.242467669903818
0.242560851171213
0.242653840532602
0.242746641023305
0.24283925567506
0.24293168751597
0.243023939570438
0.243116014859113
0.243207916398834
0.243299647202568
0.243391210279359
0.243482608634272
0.243573845268334
0.243664923178486
0.243755845357523
0.243846614794049
0.243937234472413
0.24402770737267
0.244118036470518
0.244208224737255
0.244298275139726
0.244388190640273
0.244477974196685
0.244567628762153
0.244657157285219
0.244746562709727
0.24483584797478
0.244925016014693
0.245014069758943
0.245103012132129
0.245191846053924
0.245280574439031
0.245369200197141
0.245457726232888
0.245546155445807
0.245634490730293
0.245722734975558
0.245810891065587
0.245898961879106
0.245986950289533
0.246074859164943
0.246162691368026
0.246250449756054
0.246338137180837
0.246425756488686
0.246513310520382
0.246600802111131
0.246688234090534
0.246775609282549
0.246862930505455
0.246950200571821
0.247037422288467
0.247124598456433
0.247211731870947
0.247298825321389
0.247385881591261
0.247472903458154
0.247559893693718
0.247646855063629
0.24773379032756
0.247820702239152
0.24790759354598
0.247994466989529
0.248081325305164
0.248168171222099
0.248255007463371
0.248341836745814
0.248428661780029
0.24851548527036
0.248602309914867
0.248689138405299
0.248775973427072
0.24886281765924
0.248949673774471
0.249036544439029
0.24912343231274
0.249210340048979
0.249297270294639
0.249384225690114
0.249471208869274
0.249558222459443
0.24964526908138
0.249732351349256
0.249819471870634
0.24990663324645
0.24999383807099
0.250081088931873
0.250168388410032
0.250255739079695
0.250343143508364
0.250430604256801
0.250518123879007
0.250605704922207
0.250693349926832
0.250781061426502
0.250868841948009
0.250956694011302
0.251044620129474
0.25113262280874
0.251220704548429
0.251308867840965
0.251397115171852
0.251485449019666
0.251573871856033
0.251662386145622
0.251750994346129
0.251839698908263
0.251928502275738
0.252017406885255
0.252106415166496
0.252195529542106
0.252284752427688
0.252374086231788
0.252463533355885
0.252553096194379
0.252642777134587
0.252732578556723
0.252822502833899
0.252912552332107
0.253002729410214
0.253093036419954
0.253183475705917
0.253274049605542
0.253364760449106
0.253455610559722
0.253546602253327
0.253637737838674
0.253729019617328
0.253820449883658
0.253912030924829
0.254003765020798
0.254095654444304
0.254187701460867
0.254279908328779
0.254372277299099
0.254464810615649
0.254557510515006
0.254650379226502
0.254743418972214
0.254836631966963
0.254930020418311
0.25502358652655
0.255117332484709
0.25521126047854
0.25530537268652
0.255399671279849
0.255494158422443
0.255588836270932
0.255683706974661
0.255778772675682
0.255874035508757
0.255969497601352
0.256065161073636
0.256161028038482
0.25625710060146
0.256353380860841
0.256449870907592
0.256546572825376
0.256643488690554
0.256740620572178
0.256837970531995
0.256935540624447
0.257033332896666
0.257131349388479
0.257229592132405
0.257328063153657
0.257426764470138
0.257525698092447
0.257624866023876
0.257724270260412
0.257823912790737
0.257923795596229
0.258023920650962
0.258124289921711
0.258224905367948
0.258325768941848
0.258426882588285
0.25852824824484
0.2586298678418
0.258731743302157
0.258833876541614
0.258936269468585
0.259038923984197
0.259141841982295
0.259245025349438
0.25934847596491
0.259452195700715
0.259556186421584
0.259660449984976
0.25976498824108
0.25986980303282
0.259974896195857
0.260080269558592
0.260185924942169
0.260291864160477
0.260398089020155
0.260504601320597
0.260611402853949
0.26071849540512
0.26082588075178
0.260933560664369
0.261041536906093
0.261149811232935
0.261258385393656
0.261367261129796
0.261476440175685
0.261585924258438
0.261695715097967
0.26180581440698
0.261916223890986
0.262026945248302
0.262137980170053
0.26224933034018
0.262360997435439
0.262472983125413
0.262585289072509
0.262697916931968
0.262810868351864
0.262924144973113
0.263037748429476
0.263151680347562
0.263265942346835
0.263380536039616
0.263495463031089
0.263610724919306
0.263726323295192
0.263842259742545
0.263958535838049
0.26407515315127
0.264192113244667
0.264309417673592
0.264427067986299
0.264545065723946
0.2646634124206
0.264782109603242
0.264901158791771
0.265020561499011
0.265140319230713
0.265260433485561
0.265380905755178
0.265501737524126
0.265622930269917
0.265744485463012
0.265866404566832
0.265988689037756
0.266111340325129
0.266234359871267
0.266357749111462
0.266481509473982
0.266605642380084
0.26673014924401
0.266855031472998
0.266980290467281
0.267105927620098
0.267231944317692
0.267358341939319
0.267485121857251
0.26761228543678
0.267739834036223
0.267867769006926
0.267996091693269
0.268124803432669
0.268253905555586
0.268383399385527
0.268513286239048
0.268643567425761
0.268774244248337
0.268905318002511
0.269036789977084
0.269168661453928
0.269300933707992
0.269433608007302
0.269566685612971
0.269700167779194
0.269834055753262
0.269968350775557
0.270103054079562
0.270238166891861
0.270373690432144
0.270509625913209
0.270645974540971
0.270782737514458
0.270919916025819
0.271057511260327
0.27119552439638
0.271333956605509
0.271472809052377
0.271612082894781
0.271751779283661
0.271891899363099
0.272032444270321
0.272173415135704
0.272314813082774
0.272456639228214
0.272598894681863
0.27274158054672
0.272884697918946
0.273028247887868
0.273172231535981
0.273316649938948
0.273461504165608
0.273606795277971
0.273752524331228
0.273898692373746
0.274045300447076
0.274192349585952
0.274339840818292
0.274487775165203
0.274636153640982
0.274784977253115
0.274934247002282
0.275083963882358
0.275234128880414
0.275384742976718
0.275535807144737
0.275687322351137
0.27583928955579
0.275991709711767
0.276144583765344
0.276297912656001
0.276451697316428
0.276605938672516
0.276760637643369
0.276915795141297
0.277071412071819
0.277227489333665
0.277384027818775
0.277541028412299
0.277698491992599
0.277856419431248
0.27801481159303
0.278173669335942
0.278332993511193
0.278492784963202
0.2786530445296
0.278813773041231
0.27897497132215
0.27913664018962
0.279298780454118
0.279461392919328
0.279624478382145
0.279788037632672
0.27995207145422
0.280116580623307
0.280281565909655
0.280447028076194
0.280612967879057
0.280779386067577
0.280946283384293
0.281113660564941
0.281281518338456
0.28144985742697
0.281618678545813
0.281787982403504
0.281957769701759
0.282128041135481
0.282298797392763
0.282470039154883
0.282641767096304
0.28281398188467
0.282986684180807
0.283159874638716
0.283333553905572
0.283507722621726
0.283682381420695
0.283857530929166
0.284033171766988
0.284209304547172
0.284385929875888
0.284563048352462
0.28474066056937
0.284918767112239
0.285097368559842
0.285276465484093
0.285456058450045
0.285636148015889
0.285816734732944
0.285997819145661
0.286179401791611
0.286361483201491
0.286544063899109
0.286727144401389
0.286910725218362
0.287094806853163
0.287279389802029
0.28746447455429
0.287650061592368
0.287836151391771
0.288022744421091
0.288209841141996
0.288397442009225
0.288585547470587
0.288774157966954
0.288963273932253
0.289152895793465
0.289343023970621
0.289533658876791
0.289724800918083
0.289916450493637
0.290108607995619
0.290301273809214
0.290494448312625
0.290688131877061
0.290882324866737
0.291077027638863
0.291272240543644
0.291467963924267
0.2916641981169
0.291860943450686
0.292058200247732
0.29225596882311
0.292454249484842
0.2926530425339
0.292852348264199
0.293052166962587
0.29325249890884
0.293453344375657
0.293654703628651
0.293856576926342
0.294058964520153
0.294261866654398
0.294465283566281
0.294669215485883
0.294873662636159
0.295078625232929
0.295284103484869
0.295490097593509
0.295696607753219
0.295903634151204
0.2961111769675
0.29631923637496
0.296527812539252
0.296736905618845
0.296946515765008
0.297156643121798
0.297367287826053
0.297578450007383
0.297790129788164
0.298002327283526
0.298215042601352
0.29842827584226
0.298642027099604
0.298856296459459
0.299071084000615
0.299286389794572
0.299502213905522
0.299718556390353
0.299935417298628
0.300152796672586
0.300370694547128
0.30058911094981
0.300808045900832
0.301027499413034
0.301247471491882
0.30146796213546
0.301688971334464
0.301910499072191
0.302132545324527
0.302355110059944
0.302578193239484
0.302801794816757
0.303025914737924
0.303250552941695
0.303475709359314
0.303701383914552
0.303927576523699
0.304154287095551
0.304381515531404
0.304609261725041
0.304837525562727
0.305066306923194
0.305295605677634
0.305525421689693
0.305755754815454
0.305986604903432
0.306217971794563
0.306449855322196
0.30668225531208
0.306915171582355
0.307148603943546
0.307382552198546
0.307617016142614
0.307851995563359
0.308087490240731
0.308323499947016
0.308560024446818
0.308797063497057
0.309034616846952
0.309272684238017
0.309511265404047
0.309750360071107
0.309989967957528
0.310230088773891
0.310470722223016
0.310711867999959
0.310953525791996
0.311195695278614
0.3114383761315
0.311681568014535
0.311925270583779
0.312169483487464
0.312414206365981
0.312659438851873
0.312905180569823
0.313151431136644
0.313398190161269
0.313645457244741
0.313893231980202
0.314141513952886
0.314390302740104
0.314639597911238
0.314889399027727
0.315139705643062
0.315390517302771
0.315641833544411
0.31589365389756
0.316145977883802
0.316398805016722
0.316652134801892
0.316905966736864
0.317160300311159
0.317415135006255
0.317670470295581
0.317926305644504
0.318182640510319
0.318439474342242
0.318696806581397
0.318954636660808
0.319212964005389
0.319471788031934
0.319731108149106
0.319990923757429
0.32025123424928
0.320512039008874
0.320773337412259
0.321035128827306
0.321297412613698
0.321560188122919
0.32182345469825
0.322087211674754
0.32235145837927
0.322616194130402
0.322881418238511
0.323147130005704
0.323413328725827
0.323680013684454
0.32394718415888
0.32421483941811
0.32448297872285
0.324751601325501
0.325020706470147
0.325290293392547
0.325560361320126
0.325830909471968
0.326101937058807
0.326373443283017
0.326645427338602
0.326917888411194
0.327190825678038
0.327464238307987
0.327738125461492
0.328012486290596
0.328287319938926
0.328562625541681
0.328838402225629
0.329114649109096
0.329391365301961
0.329668549905646
0.329946202013107
0.330224320708831
0.330502905068827
0.330781954160614
0.33106146704322
0.331341442767173
0.331621880374493
0.331902778898682
0.332184137364726
0.332465954789077
0.332748230179655
0.333030962535838
0.333314150848454
0.333597794099778
0.333881891263524
0.334166441304837
0.334451443180289
0.334736895837875
0.335022798217
0.335309149248482
0.335595947854539
0.33588319294879
0.336170883436243
0.336459018213293
0.336747596167717
0.33703661617867
0.337326077116674
0.337615977843622
0.337906317212765
0.338197094068713
0.338488307247426
0.338779955576215
0.339072037873732
0.339364552949969
0.339657499606256
0.339950876635249
0.340244682820937
0.340538916938629
0.340833577754959
0.341128664027873
0.341424174506634
0.341720107931816
0.342016463035298
0.342313238540267
0.342610433161212
0.342908045603918
0.343206074565472
0.343504518734253
0.343803376789933
0.344102647403479
0.34440232923714
0.344702420944459
0.345002921170262
0.345303828550659
0.345605141713045
0.345906859276097
0.346208979849772
0.34651150203531
0.34681442442523
0.347117745603331
0.34742146414469
0.347725578615666
0.348030087573896
0.348334989568297
0.348640283139066
0.348945966817683
0.349252039126905
0.349558498580777
0.349865343684624
0.350172572935056
0.350480184819971
0.350788177818555
0.351096550401283
0.351405301029922
0.351714428157533
0.352023930228475
0.352333805678404
0.352644052934279
0.352954670414363
0.353265656528227
0.353577009676755
0.353888728252143
0.354200810637906
0.354513255208884
0.354826060331238
0.355139224362466
0.355452745651396
0.3557666225382
0.35608085335439
0.356395436422832
0.356710370057746
0.357025652564711
0.357341282240675
0.357657257373956
0.357973576244252
0.358290237122644
0.358607238271605
0.358924577945007
0.359242254388127
0.359560265837651
0.359878610521689
0.360197286659775
0.36051629246288
0.360835626133416
0.361155285865249
0.361475269843702
0.361795576245569
0.36211620323912
0.362437148984113
0.3627584116318
0.363079989324941
0.36340188019781
0.363724082376209
0.364046593977472
0.364369413110484
0.364692537875683
0.365015966365079
0.36533969666226
0.365663726842405
0.365988054972297
0.366312679110331
0.366637597306533
0.366962807602565
0.367288308031743
0.367614096619049
0.36794017138114
0.368266530326367
0.368593171454788
0.368920092758176
0.369247292220042
0.369574767815642
0.369902517511996
0.3702305392679
0.370558831033945
0.370887390752528
0.371216216357871
0.371545305776037
0.371874656924941
0.372204267714375
0.372534136046017
0.372864259813452
0.37319463690219
0.37352526518968
0.37385614254533
0.374187266830525
0.374518635898644
0.374850247595081
0.375182099757262
0.375514190214663
0.375846516788833
0.376179077293409
0.376511869534141
0.376844891308906
0.377178140407736
0.377511614612831
0.377845311698585
0.378179229431606
0.378513365570738
0.37884771786708
0.379182284064013
0.379517061897217
0.379852049094697
0.380187243376806
0.380522642456266
0.380858244038195
0.381194045820125
0.381530045492033
0.381866240736359
0.382202629228035
0.382539208634508
0.382875976615765
0.38321293082436
0.383550068905437
0.383887388496758
0.38422488722873
0.384562562724429
0.384900412599629
0.385238434462829
0.385576625915278
0.385914984551006
0.38625350795685
0.386592193712485
0.386931039390447
0.387270042556167
0.387609200768
0.387948511577251
0.388287972528206
0.388627581158165
0.38896733499747
0.389307231569534
0.389647268390874
0.389987442971143
0.390327752813159
0.390668195412939
0.391008768259731
0.391349468836043
0.391690294617681
0.392031243073777
0.392372311666826
0.392713497852718
0.393054799080772
0.393396212793768
0.393737736427986
0.394079367413237
0.394421103172901
0.394762941123957
0.395104878677025
0.3954469132364
0.395789042200084
0.396131262959829
0.39647357290117
0.396815969403461
0.397158449839916
0.397501011577646
0.397843651977692
0.39818636839507
0.398529158178808
0.39887201867198
0.399214947211753
0.399557941129419
0.399900997750439
0.400244114394483
0.400587288375469
0.400930517001604
0.401273797575426
0.401617127393843
0.401960503748177
0.402303923924206
0.402647385202201
0.402990884856977
0.403334420157928
0.403677988369075
0.404021586749105
0.404365212551419
0.404708863024174
0.405052535410327
0.405396226947678
0.405739934868918
0.406083656401672
0.406427388768546
0.406771129187168
0.407114874870241
0.407458623025585
0.407802370856181
0.408146115560226
0.408489854331171
0.408833584357773
0.409177302824145
0.409521006909797
0.409864693789692
0.410208360634287
0.410552004609589
0.410895622877199
0.411239212594364
0.411582770914024
0.411926294984866
0.412269781951371
0.412613228953864
0.41295663312857
0.413299991607656
0.413643301519293
0.413986559987698
0.414329764133194
0.414672911072254
0.415015997917562
0.415359021778058
0.415701979758998
0.416044868962001
0.416387686485106
0.416730429422826
0.417073094866201
0.417415679902852
0.417758181617037
0.418100597089704
0.418442923398548
0.418785157618067
0.419127296819613
0.419469338071454
0.419811278438827
0.420153114983995
0.420494844766304
0.420836464842238
0.42117797226548
0.421519364086967
0.421860637354948
0.42220178911504
0.422542816410294
0.422883716281241
0.423224485765964
0.423565121900146
0.423905621717138
0.424245982248011
0.424586200521622
0.424926273564669
0.425266198401756
0.425605972055448
0.425945591546337
0.426285053893101
0.426624356112561
0.426963495219752
0.427302468227973
0.42764127214886
0.427979903992439
0.428318360767194
0.428656639480129
0.428994737136826
0.429332650741514
0.429670377297132
0.430007913805386
0.430345257266819
0.430682404680875
0.431019353045957
0.431356099359499
0.431692640618025
0.432028973817216
0.432365095951976
0.432701004016492
0.433036695004309
0.433372165908386
0.433707413721165
0.434042435434641
0.434377228040421
0.434711788529797
0.435046113893809
0.435380201123312
0.435714047209043
0.43604764914169
0.436381003911956
0.436714108510633
0.437046959928659
0.437379555157196
0.437711891187693
0.438043965011957
0.438375773622217
0.438707314011198
0.439038583172186
0.439369578099098
0.439700295786551
0.440030733229933
0.44036088742547
0.440690755370296
0.441020334062524
0.441349620501315
0.441678611686948
0.442007304620891
0.44233569630587
0.442663783745942
0.442991563946562
0.443319033914657
0.443646190658695
0.443973031188759
0.444299552516612
0.444625751655777
0.4449516256216
0.445277171431328
0.445602386104177
0.445927266661407
0.446251810126389
0.446576013524683
0.446899873884107
0.447223388234808
0.447546553609337
0.447869367042724
0.448191825572542
0.448513926238991
0.44883566608496
0.449157042156108
0.449478051500935
0.449798691170853
0.450118958220261
0.450438849706617
0.450758362690515
0.451077494235755
0.451396241409416
0.451714601281935
0.452032570927173
0.452350147422498
0.452667327848848
0.452984109290817
0.453300488836719
0.453616463578669
0.453932030612651
0.454247187038599
0.454561929960468
0.454876256486305
0.455190163728329
0.455503648803005
0.455816708831113
0.45612934093783
0.456441542252799
0.456753309910206
0.457064641048853
0.457375532812237
0.457685982348619
0.457995986811103
0.458305543357708
0.458614649151446
0.458923301360394
0.459231497157769
0.459539233722005
0.459846508236826
0.460153317891321
0.460459659880019
0.460765531402967
0.461070929665799
0.461375851879815
0.461680295262055
0.461984257035375
0.462287734428518
0.462590724676193
0.462893225019149
0.463195232704248
0.46349674498454
0.463797759119342
0.464098272374306
0.464398282021497
0.464697785339472
0.464996779613345
0.465295262134871
0.465593230202513
0.465890681121524
0.466187612204013
0.466484020769029
0.466779904142625
0.46707525965794
0.467370084655271
0.467664376482145
0.467958132493398
0.468251350051244
0.468544026525348
0.468836159292909
0.469127745738723
0.469418783255261
0.469709269242746
0.469999201109221
0.470288576270625
0.470577392150867
0.470865646181898
0.471153335803785
0.471440458464783
0.471727011621409
0.472012992738514
0.472298399289356
0.472583228755675
0.472867478627759
0.473151146404526
0.473434229593586
0.473716725711321
0.473998632282952
0.474279946842615
0.47456066693343
0.474840790107572
0.475120313926345
0.475399235960252
0.475677553789064
0.475955265001896
0.476232367197273
0.476508857983204
0.476784734977251
0.4770599958066
0.477334638108129
0.477608659528482
0.477882057724135
0.47815483036147
0.47842697511684
0.478698489676641
0.478969371737381
0.479239619005748
0.479509229198679
0.47977820004343
0.480046529277643
0.480314214649415
0.480581253917365
0.480847644850703
0.481113385229296
0.481378472843739
0.481642905495416
0.481906680996575
0.482169797170386
0.482432251851017
0.48269404288369
0.482955168124757
0.483215625441758
0.483475412713493
0.483734527830082
0.483992968693033
0.484250733215307
0.484507819321384
0.484764224947322
0.485019948040827
0.485274986561315
0.485529338479975
0.485783001779834
0.486035974455817
0.486288254514815
0.486539839975744
0.486790728869606
0.487040919239555
0.48729040914096
0.487539196641459
0.487787279821028
0.488034656772038
0.488281325599319
0.488527284420217
0.488772531364655
0.489017064575195
0.489260882207095
0.489503982428371
0.489746363419852
0.489988023375245
0.490228960501185
0.490469173017303
0.490708659156274
0.490947417163881
0.491185445299071
0.491422741834011
0.491659305054142
0.491895133258243
0.492130224758477
0.492364577880454
0.492598190963283
0.492831062359629
0.493063190435765
0.493294573571628
0.493525210160872
0.493755098610922
0.49398423734303
0.494212624792322
0.494440259407856
0.494667139652672
0.494893264003842
0.495118630952527
0.495343239004022
0.495567086677811
0.495790172507616
0.496012495041446
0.49623405284165
0.496454844484964
0.496674868562558
0.496894123680089
0.497112608457748
0.497330321530306
0.497547261547162
0.497763427172394
0.497978817084799
0.498193429977946
0.498407264560217
0.498620319554857
0.498832593700016
0.499044085748794
0.499254794469288
0.499464718644634
0.499673857073051
0.499882208567885
0.50008977195765
0.500296546086075
0.50050252981214
0.500707722010122
0.500912121569635
0.501115727395672
0.501318538408643
0.501520553544416
0.501721771754361
0.501922192005382
0.502121813279959
0.502320634576189
0.502518654907823
0.502715873304298
0.502912288810783
0.503107900488209
0.503302707413309
0.503496708678652
0.50368990339268
0.503882290679742
0.504073869680128
0.504264639550105
0.50445459946195
0.504643748603985
0.504832086180605
0.505019611412315
0.505206323535763
0.505392221803767
0.505577305485348
0.505761573865765
0.505945026246537
0.506127661945483
0.506309480296741
0.506490480650804
0.506670662374548
0.506850024851256
0.507028567480651
0.507206289678918
0.507383190878735
0.507559270529297
0.507734528096342
0.507908963062178
0.508082574925707
0.508255363202447
0.50842732742456
0.508598467140876
0.50876878191691
0.508938271334892
0.509106934993786
0.50927477250931
0.509441783513962
0.509607967657034
0.50977332460464
0.509937854039733
0.510101555662121
0.51026442918849
0.510426474352424
0.510587690904418
0.510748078611899
0.510907637259243
0.511066366647791
0.511224266595867
0.51138133693879
0.511537577528892
0.511692988235536
0.511847568945123
0.512001319561113
0.512154240004033
0.512306330211494
0.512457590138203
0.512608019755972
0.512757619053733
0.512906388037549
0.513054326730623
0.513201435173307
0.513347713423118
0.513493161554739
0.513637779660035
0.513781567848056
0.51392452624505
0.514066654994464
0.514207954256958
0.514348424210406
0.514488065049907
0.514626876987786
0.5147648602536
0.514902015094147
0.515038341773465
0.515173840572836
0.515308511790795
0.515442355743126
0.515575372762868
0.515707563200316
0.515838927423022
0.515969465815799
0.516099178780715
0.516228066737102
0.516356130121546
0.516483369387894
0.516609785007248
0.516735377467967
0.51686014727566
0.516984094953187
0.517107221040655
0.517229526095414
0.517351010692054
0.517471675422399
0.517591520895501
0.51771054773764
0.517828756592311
0.517946148120224
0.518062722999292
0.518178481924628
0.518293425608536
0.5184075547805
0.51852087018718
0.518633372592402
0.518745062777145
0.518855941539535
0.518966009694834
0.519075268075428
0.519183717530817
0.519291358927602
0.519398193149476
0.519504221097206
0.519609443688626
0.519713861858622
0.519817476559113
0.519920288759047
0.520022299444374
0.520123509618043
0.520223920299978
0.520323532527065
0.520422347353136
0.520520365848952
0.520617589102185
0.520714018217402
0.520809654316046
0.520904498536416
0.52099855203365
0.521091815979706
0.521184291563343
0.521275979990097
0.521366882482264
0.521457000278879
0.521546334635692
0.52163488682515
0.521722658136373
0.521809649875129
0.521895863363816
0.521981299941435
0.522065960963568
0.522149847802352
0.522232961846458
0.522315304501061
0.522396877187821
0.522477681344852
0.522557718426697
0.522636989904304
0.522715497264998
0.522793242012451
0.52287022566666
0.522946449763913
0.523021915856766
0.523096625514009
0.523170580320643
0.523243781877844
0.52331623180294
0.523387931729374
0.52345888330668
0.523529088200446
0.523598548092287
0.523667264679813
0.523735239676595
0.523802474812133
0.523868971831828
0.52393473249694
0.523999758584564
0.524064051887589
0.524127614214671
0.524190447390191
0.524252553254227
0.524313933662513
0.52437459048641
0.524434525612866
0.524493740944379
0.524552238398966
0.524610019910121
0.524667087426781
0.524723442913287
0.524779088349347
0.524834025730001
0.524888257065576
0.524941784381655
0.524994609719032
0.525046735133679
0.525098162696699
0.525148894494295
0.52519893262772
0.525248279213248
0.525296936382124
0.525344906280526
0.525392191069527
0.52543879292505
0.525484714037826
0.525529956613356
0.525574522871862
0.525618415048253
0.525661635392075
0.52570418616747
0.525746069653136
0.525787288142276
0.525827843942565
0.525867739376094
0.525906976779334
0.525945558503087
0.525983486912446
0.526020764386743
0.526057393319509
0.526093376118427
0.526128715205285
0.526163413015932
0.526197472000229
0.526230894622005
0.526263683359009
0.526295840702865
0.526327369159019
0.526358271246701
0.526388549498869
0.526418206462164
0.526447244696863
0.526475666776832
0.526503475289473
0.52653067283568
0.526557262029785
0.526583245499516
0.526608625885943
0.526633405843427
0.526657588039576
0.526681175155191
0.526704169884217
0.526726574933693
0.526748393023703
0.526769626887324
0.526790279270575
0.526810352932367
0.526829850644453
0.526848775191375
0.526867129370413
0.526884915991536
0.526902137877347
0.526918797863035
0.526934898796317
0.526950443537395
0.526965434958894
0.526979875945819
0.526993769395496
0.52700711821752
0.527019925333708
0.527032193678039
0.527043926196605
0.527055125847557
0.527065795601054
0.527075938439205
0.527085557356022
0.527094655357358
0.527103235460864
0.527111300695926
0.527118854103616
0.527125898736638
0.527132437659273
0.527138473947323
0.527144010688063
0.527149050980179
0.52715359793372
0.527157654670041
0.527161224321747
0.527164310032642
0.527166914957673
0.527169042262874
0.527170695125312
0.527171876733034
0.52717259028501
0.527172838991079
0.527172626071895
0.52717195475887
0.527170828294121
0.527169249930412
0.527167222931105
0.527164750570096
0.52716183613177
0.527158482910936
0.527154694212778
0.527150473352801
0.527145823656768
0.527140748460653
0.527135251110581
0.527129334962776
0.527123003383502
0.527116259749011
0.527109107445484
0.52710154986898
0.527093590425379
0.527085232530324
0.527076479609171
0.527067335096929
0.527057802438208
0.52704788508716
0.527037586507429
0.527026910172092
0.527015859563604
0.527004438173743
0.526992649503559
0.526980497063312
0.526967984372422
0.526955114959413
0.526941892361857
0.526928320126318
0.526914401808301
0.526900140972196
0.526885541191218
0.526870606047361
0.526855339131336
0.526839744042521
0.526823824388903
0.526807583787029
0.526791025861944
0.526774154247142
0.526756972584512
0.526739484524281
0.526721693724962
0.526703603853299
0.526685218584212
0.526666541600747
0.52664757659402
0.526628327263162
0.526608797315266
0.526588990465337
0.526568910436234
0.526548560958619
0.526527945770905
0.526507068619201
0.526485933257259
0.526464543446424
0.526442902955578
0.52642101556109
0.526398885046761
0.526376515203774
0.526353909830642
0.526331072733154
0.526308007724323
0.526284718624338
0.526261209260508
0.526237483467213
0.526213545085851
0.526189397964789
0.526165045959309
0.52614049293156
0.526115742750507
0.526090799291877
0.526065666438112
0.526040348078318
0.526014848108215
0.525989170430085
0.525963318952725
0.525937297591396
0.525911110267774
0.525884760909899
0.52585825345213
0.52583159183509
0.525804780005624
0.525777821916744
0.525750721527586
0.525723482803358
0.525696109715293
0.525668606240605
0.525640976362433
0.525613224069803
0.525585353357573
0.52555736822639
0.525529272682644
0.525501070738418
0.525472766411443
0.525444363725055
0.525415866708141
0.525387279395103
0.525358605825805
0.52532985004553
0.525301016104937
0.525272108060011
0.525243129972025
0.525214085907488
0.525184979938107
0.52515581614074
0.525126598597352
0.525097331394972
0.52506801862565
0.525038664386412
0.525009272779222
0.524979847910932
0.524950393893246
0.524920914842673
0.524891414880489
0.524861898132693
0.524832368729966
0.52480283080763
0.524773288505607
0.524743745968377
0.524714207344941
0.524684676788776
0.524655158457799
0.524625656514326
0.524596175125032
0.524566718460911
0.52453729069724
0.524507896013539
0.52447853859353
0.524449222625103
0.524419952300275
0.524390731815154
0.524361565369903
0.524332457168699
0.5243034114197
0.524274432335006
0.524245524130625
0.524216691026435
0.524187937246149
0.52415926701728
0.524130684571107
0.524102194142638
0.524073799970575
0.524045506297284
0.524017317368756
0.523989237434576
0.52396127074789
0.52393342156537
0.523905694147183
0.523878092756957
0.523850621661751
0.52382328513202
0.523796087441585
0.523769032867604
0.523742125690537
0.523715370194116
0.523688770665317
0.52366233139433
0.523636056674523
0.523609950802423
0.523584018077676
0.523558262803026
0.523532689284283
0.523507301830294
0.523482104752918
0.523457102366995
0.523432298990322
0.523407698943622
0.523383306550522
0.523359126137523
0.523335162033975
0.52331141857205
0.523287900086721
0.523264610915731
0.523241555399573
0.52321873788146
0.523196162707309
0.523173834225708
0.5231517567879
0.523129934747755
0.523108372461749
0.523087074288942
0.523066044590953
0.523045287731942
0.523024808078587
0.52300461000006
0.52298469786801
0.52296507605654
0.522945748942187
0.522926720903904
0.522907996323037
0.522889579583309
0.5228714750708
0.522853687173925
0.522836220283424
0.522819078792333
0.522802267095976
0.522785789591942
0.522769650680072
0.522753854762438
0.52273840624333
0.52272330952924
0.522708569028843
0.522694189152986
0.522680174314671
0.522666528929041
0.522653257413364
0.522640364187021
0.522627853671493
0.522615730290346
0.522603998469216
0.522592662635804
0.522581727219854
0.52257119665315
0.522561075369497
0.522551367804716
0.522542078396627
0.522533211585045
0.522524771811765
0.522516763520554
0.52250919115714
0.522502059169206
0.522495372006378
0.522489134120217
0.522483349964212
0.522478023993773
0.522473160666219
0.522468764440778
0.522464839778573
0.52246139114262
0.522458422997821
0.522455939810958
0.522453946050686
0.522452446187531
0.522451444693883
0.522450946043993
0.522450954713966
0.522451475181762
0.522452511927188
0.522454069431899
0.522456152179391
0.522458764655003
0.522461911345912
0.522465596741132
0.522469825331514
0.522474601609742
0.522479930070335
0.522485815209647
0.522492261525866
0.522499273519011
0.52250685569094
0.522515012545345
0.522523748587755
0.522533068325539
0.522542976267907
0.522553476925912
0.522564574812453
0.52257627444228
0.522588580331993
0.52260149700005
0.522615028966769
0.522629180754334
0.522643956886796
0.522659361890083
0.522675400292001
0.522692076622244
0.522709395412397
0.522727361195941
0.522745978508265
0.522765251886669
0.522785185870371
0.522805785000519
0.522827053820193
0.522848996874418
0.522871618710173
0.522894923876395
0.522918916923993
0.522943602405858
0.522968984876869
0.522995068893906
0.523021859015864
0.523049359803654
0.523077575820227
0.523106511630576
0.523136171801752
0.523166560902875
0.523197683505149
0.523229544181872
0.523262147508451
0.523295498062414
0.523329600423426
0.523364459173302
0.523400078896022
0.523436464177745
0.523473619606824
0.523511549773824
0.523550259271535
0.523589752694988
0.523630034641475
0.523671109710562
0.523712982504106
0.523755657626277
0.523799139683569
0.523843433284822
0.523888543041242
0.523934473566415
0.523981229476328
0.52402881538939
0.524077235926448
0.52412649571081
0.524176599368263
0.524227551527095
0.524279356818114
0.524332019874671
0.524385545332679
0.524439937830637
0.52449520200965
0.524551342513453
0.524608363988432
0.524666271083647
0.524725068450857
0.524784760744539
0.524845352621918
0.524906848742985
0.524969253770524
0.525032572370138
0.525096809210271
0.525161968962235
0.525228056300233
0.525295075901389
0.52536303244577
0.525431930616412
0.525501775099352
0.525572570583649
0.525644321761412
0.525717033327831
0.525790709981201
0.52586535642295
0.525940977357672
0.526017577493147
0.526095161540377
0.526173734213615
0.526253300230388
0.526333864311532
0.52641543118122
0.526498005566995
0.526581592199793
0.526666195813982
0.526751821147389
0.526838472941329
0.526926155940643
0.527014874893722
0.527104634552544
0.527195439672703
0.527287295013446
0.527380205337701
0.527474175412111
0.52756921000707
0.527665313896752
0.527762491859149
0.527860748676102
0.527960089133336
0.528060518020497
0.52816204013118
0.528264660262972
0.528368383217481
0.528473213800376
0.528579156821418
0.5286862170945
0.52879439943768
0.52890370867322
0.529014149627621
0.529125727131659
0.529238446020424
0.529352311133357
0.529467327314285
0.529583499411463
0.529700832277606
0.529819330769934
0.529938999750205
0.530059844084756
0.530181868644543
0.530305078305175
0.53042947794696
0.530555072454939
0.530681866718928
0.530809865633558
0.530939074098316
0.531069497017581
0.53120113930067
0.531334005861875
0.531468101620504
0.531603431500926
0.531740000432606
0.531877813350153
0.532016875193356
0.53215719090723
0.532298765442056
0.532441603753423
0.532585710802273
0.53273109155494
0.532877750983196
0.533025694064292
0.533174925781001
0.533325451121663
0.533477275080229
0.5336304026563
0.533784838855178
0.533940588687904
0.534097657171305
0.534256049328039
0.534415770186637
0.53457682478155
0.534739218153194
0.534902955347993
0.535068041418426
0.535234481423072
0.535402280426655
0.535571443500089
0.535741975720528
0.535913882171405
0.536087167942485
0.536261838129907
0.536437897836232
0.536615352170489
0.536794206248222
0.536974465191538
0.537156134129151
0.537339218196432
0.537523722535457
0.537709652295049
0.537897012630832
0.538085808705274
0.538276045687739
0.538467728754529
0.53866086308894
0.538855453881302
0.539051506329032
0.539249025636682
0.539448017015986
0.539648485685909
0.539850436872698
0.540053875809926
0.540258807738548
0.54046523790694
0.54067317157096
0.540882613993987
0.541093570446977
0.541306046208507
0.541520046564831
0.541735576809924
0.541952642245533
0.54217124818123
0.542391399934456
0.542613102830576
0.542836362202928
0.543061183392871
0.543287571749837
0.54351553263138
0.543745071403228
0.543976193439332
0.544208904121917
0.54444320884153
0.544679112997097
0.544916621995965
0.545155741253961
0.545396476195436
0.545638832253319
0.545882814869168
0.546128429493221
0.546375681584445
0.546624576610587
0.546875120048228
0.54712731738283
0.547381174108793
0.547636695729496
0.547893887757361
0.548152755713891
0.548413305129733
0.54867554154472
0.548939470507927
0.549205097577721
0.549472428321814
0.549741468317309
0.550012223150757
0.550284698418207
0.550558899725253
0.550834832687091
0.551112502928567
0.551391916084228
0.551673077798375
0.551955993725113
0.552240669528402
0.55252711088211
0.55281532347006
0.553105312986086
0.553397085134083
0.553690645628053
0.553986000192163
0.554283154560793
0.554582114478586
0.554882885700499
0.555185473991858
0.5554898851284
0.555796124896336
0.556104199092389
0.556414113523853
0.556725874008643
0.557039486375341
0.55735495646325
0.557672290122444
0.557991493213818
0.558312571609137
0.558635531191088
0.558960377853331
0.559287117500544
0.55961575604848
0.559946299424009
0.560278753565176
0.560613124421242
0.560949417952743
0.56128764013153
0.561627796940825
0.561969894375266
0.562313938440961
0.56265993515553
0.56300789054816
0.563357810659651
0.563709701542466
0.564063569260775
0.564419419890511
0.56477725951941
0.565137094247066
0.565498930184974
0.565862773456579
0.566228630197326
0.566596506554704
0.566966408688293
0.567338342769817
0.567712314983183
0.568088331524533
0.568466398602287
0.568846522437194
0.569228709262374
0.569612965323364
0.569999296878169
0.570387710197299
0.570778211563824
0.571170807273411
0.571565503634373
0.571962306967714
0.572361223607173
0.572762259899267
0.573165422203335
0.573570716891587
0.573978150349139
0.574387728974064
0.574799459177431
0.575213347383349
0.57562940002901
0.576047623564731
0.576468024453998
0.576890609173502
0.577315384213189
0.577742356076294
0.578171531279388
0.578602916352412
0.579036517838725
0.579472342295138
0.579910396291958
0.580350686413025
0.580793219255753
0.581238001431167
0.581685039563945
0.582134340292452
0.582585910268781
0.58303975615879
0.58349588464214
0.583954302412329
0.584415016176734
0.58487803265664
0.585343358587285
0.585811000717888
0.586280965811685
0.586753260645971
0.587227892012124
0.587704866715648
0.588184191576201
0.588665873427632
0.58914991911801
0.589636335509662
0.590125129479199
0.590616307917553
0.591109877730004
0.591605845836214
0.592104219170256
0.592605004680645
0.593108209330365
0.593613840096901
0.594121903972267
0.594632407963034
0.595145359090355
0.595660764389999
0.59617863091237
0.596698965722538
0.597221775900265
0.597747068540028
0.598274850751045
0.598805129657299
0.599337912397563
0.599873206125422
0.600411018009297
0.600951355232465
0.601494224993083
0.602039634504209
0.602587590993823
0.603138101704842
0.60369117389515
0.604246814837605
0.604805031820066
0.605365832145408
0.605929223131538
0.606495212111415
0.60706380643306
0.607635013459579
0.608208840569172
0.60878529515515
0.60936438462595
0.609946116405141
0.610530497931446
0.611117536658747
0.611707240056097
0.612299615607734
0.612894670813084
0.613492413186777
0.614092850258652
0.614695989573764
0.615301838692393
0.615910405190048
0.616521696657475
0.61713572070066
0.617752484940833
0.618371997014474
0.618994264573312
0.61961929528433
0.620247096829762
0.6208776769071
0.621511043229087
0.62214720352372
0.622786165534246
0.62342793701916
0.624072525752201
0.624719939522348
0.625370186133817
0.62602327340605
0.626679209173712
0.627338001286683
0.627999657610048
0.628664186024089
0.629331594424275
0.630001890721249
0.630675082840817
0.631351178723938
0.632030186326703
0.632712113620329
0.633396968591138
0.63408475924054
0.634775493585022
0.63546917965612
0.636165825500407
0.63686543917947
0.63756802876989
0.638273602363218
0.638982168065953
0.639693733999517
0.640408308300231
0.641125899119288
0.641846514622726
0.642570162991399
0.643296852420949
0.644026591121774
0.644759387318998
0.645495249252439
0.646234185176573
0.646976203360503
0.647721312087919
0.648469519657064
0.649220834380696
0.649975264586048
0.650732818614789
0.651493504822979
0.652257331581033
0.653024307273672
0.653794440299878
0.654567739072855
0.655344212019971
0.656123867582718
0.656906714216659
0.65769276039138
0.658482014590432
0.659274485311285
0.660070181065266
0.660869110377512
0.661671281786903
0.662476703846013
0.663285385121042
0.664097334191762
0.664912559651451
0.665731070106828
0.666552874177993
0.667377980498356
0.668206397714571
0.669038134486469
0.669873199486984
0.670711601402083
0.671553348930693
0.672398450784626
0.673246915688504
0.674098752379679
0.674953969608157
0.675812576136516
0.676674580739823
0.677539992205555
0.678408819333508
0.679281070935717
0.680156755836364
0.681035882871688
0.681918460889899
0.68280449875108
0.683694005327098
0.684586989501503
0.685483460169435
0.686383426237525
0.687286896623793
0.688193880257545
0.689104386079274
0.690018423040548
0.690936000103911
0.691857126242767
0.692781810441274
0.693710061694231
0.694641889006966
0.695577301395216
0.696516307885015
0.697458917512573
0.698405139324154
0.699354982375957
0.700308455733988
0.701265568473937
0.702226329681049
0.703190748449996
0.704158833884742
0.705130595098414
0.706106041213163
0.707085181360032
0.70806802467881
0.709054580317901
0.710044857434171
0.71103886519281
0.712036612767185
0.713038109338688
0.714043364096591
0.715052386237888
0.716065184967145
0.717081769496341
0.71810214904471
0.719126332838584
0.720154330111226
0.721186150102666
0.722221802059539
0.723261295234911
0.724304638888112
0.72535184228456
0.726402914695589
0.727457865398272
0.728516703675237
0.729579438814495
0.730646080109245
0.731716636857697
0.732791118362881
0.733869533932457
0.734951892878522
0.736038204517416
0.737128478169528
0.738222723159089
0.739320948813981
0.740423164465524
0.741529379448278
0.742639603099827
0.743753844760575
0.744872113773528
0.745994419484083
0.747120771239805
0.748251178390213
0.749385650286552
0.750524196281572
0.751666825729297
0.752813547984799
0.753964372403963
0.755119308343252
0.756278365159472
0.757441552209531
0.758608878850195
0.759780354437846
0.760955988328234
0.762135789876224
0.763319768435547
0.764507933358545
0.765700293995911
0.766896859696427
0.76809763980671
0.769302643670932
0.770511880630567
0.771725360024109
0.772943091186802
0.774165083450365
0.775391346142712
0.776621888587669
0.77785672010469
0.779095850008571
0.780339287609158
0.781587042211057
0.782839123113335
0.784095539609224
0.785356300985816
0.786621416523764
0.787890895496973
0.789164747172287
0.790442980809182
0.791725605659444
0.793012630966856
0.794304065966872
0.795599919886298
0.796900201942957
0.798204921345365
0.799514087292395
0.800827708972943
0.802145795565585
0.803468356238235
0.804795400147803
0.806126936439845
0.80746297424821
0.808803522694685
0.81014859088864
0.811498187926667
0.812852322892212
0.814211004855214
0.815574242871729
0.816942045983562
0.818314423217884
0.81969138358686
0.821072936087259
0.822459089700073
0.823849853390125
0.825245236105677
0.826645246778035
0.828049894321148
0.829459187631207
0.830873135586242
0.832291747045705
0.833715030850068
0.835142995820401
0.836575650757952
0.838013004443732
0.83945506563808
0.840901843080243
0.842353345487935
0.843809581556911
0.845270559960517
0.846736289349256
0.848206778350338
0.849682035567233
0.851162069579215
0.852646888940906
0.854136502181821
0.855630917805898
0.857130144291035
0.858634190088619
0.860143063623053
0.861656773291277
0.863175327462288
0.864698734476655
0.866227002646031
0.867760140252664
0.869298155548897
0.870841056756675
0.872388852067035
0.87394154963961
0.875499157602111
0.877061684049818
0.878629137045061
0.880201524616702
0.88177885475961
0.883361135434131
0.88494837456556
0.886540580043604
0.888137759721844
0.88973992141719
0.89134707290934
0.892959221940225
0.894576376213457
0.896198543393774
0.897825731106477
0.899457946936862
0.901095198429659
0.902737493088454
0.904384838375113
0.906037241709205
0.907694710467419
0.90935725198297
0.911024873545019
0.912697582398065
0.914375385741359
0.916058290728295
0.9177463044658
0.919439434013734
0.921137686384267
0.922841068541267
0.924549587399676
0.926263249824884
0.927982062632103
0.929706032585731
0.931435166398718
0.93316947073192
0.934908952193463
0.936653617338089
0.938403472666505
0.940158524624724
0.941918779603414
0.943684243937227
0.945454923904132
0.947230825724746
0.949011955561661
0.95079831951876
0.952589923640536
0.954386773911409
0.956188876255029
0.95799623653359
0.959808860547125
0.961626754032805
0.963449922664238
0.965278372050755
0.967112107736699
0.968951135200704
0.970795459854981
0.972645087044586
0.974500022046697
0.976360270069877
0.978225836253342
0.980096725666218
0.981972943306798
0.983854494101796
0.985741382905595
0.987633614499489
0.98953119359093
0.99143412481276
0.993342412722448
0.995256061801319
0.997175076453781
0.999099461006545
1.00102921970785
1.00296435672666
1.00490487615191
1.00685078199169
1.00880207817242
1.01075876853814
1.01272085684959
1.01468834678352
1.01666124193177
1.01863954580054
1.02062326180953
1.02261239329115
1.02460694348964
1.0266069155603
1.02861231256864
1.03062313748953
1.03263939320636
1.03466108251025
1.03668820809911
1.03872077257688
1.04075877845263
1.04280222813972
1.04485112395494
1.04690546811763
1.04896526274884
1.05103050987045
1.05310121140429
1.05517736917127
1.0572589848905
1.05934606017841
1.06143859654786
1.06353659540727
1.06564005805968
1.06774898570192
1.06986337942366
1.07198324020653
1.07410856892321
1.07623936633653
1.07837563309855
1.08051736974966
1.08266457671765
1.08481725431678
1.08697540274691
1.0891390220925
1.09130811232174
1.09348267328559
1.09566270471688
1.09784820622931
1.10003917731659
1.10223561735143
1.10443752558465
1.10664490114419
1.10885774303418
1.111076050134
1.11329982119729
1.11552905485105
1.11776374959462
1.12000390379875
1.12224951570463
1.12450058342293
1.12675710493282
1.12901907808102
1.13128650058079
1.133559370011
1.1358376838151
1.13812143930021
1.14041063363607
1.1427052638541
1.14500532684639
1.14731081936473
1.14962173801964
1.15193807927931
1.1542598394687
1.15658701476845
1.15891960121398
1.16125759469443
1.16360099095165
1.16594978557928
1.16830397402166
1.17066355157288
1.17302851337574
1.17539885442079
1.17777456954528
1.18015565343218
1.18254210060915
1.18493390544755
1.18733106216142
1.18973356480647
1.19214140727906
1.19455458331519
1.19697308648951
1.19939691021426
1.20182604773829
1.20426049214603
1.20670023635648
1.20914527312219
1.21159559502823
1.21405119449121
1.21651206375821
1.21897819490582
1.22144957983906
1.22392621029041
1.2264080778188
1.22889517380852
1.23138748946829
1.23388501583019
1.23638774374867
1.23889566389951
1.24140876677882
1.24392704270201
1.2464504818028
1.2489790740322
1.25151280915746
1.25405167676112
1.25659566623995
1.25914476680395
1.26169896747535
1.26425825708762
1.26682262428442
1.26939205751862
1.2719665450513
1.27454607495075
1.27713063509144
1.27972021315307
1.28231479661952
1.2849143727779
1.28751892871752
1.29012845132895
1.29274292730296
1.2953623431296
1.29798668509717
1.30061593929127
1.30325009159379
1.30588912768198
1.3085330330274
1.31118179289505
1.31383539234231
1.31649381621803
1.31915704916153
1.32182507560168
1.32449787975593
1.32717544562935
1.32985775701366
1.33254479748636
1.3352365504097
1.33793299892979
1.34063412597568
1.34333991425838
1.34605034626999
1.34876540428273
1.35148507034807
1.35420932629578
1.35693815373303
1.35967153404352
1.36240944838652
1.36515187769605
1.36789880267992
1.37065020381891
1.37340606136585
1.37616635534475
1.37893106554995
1.38170017154527
1.38447365266312
1.38725148800365
1.39003365643396
1.39282013658719
1.39561090686173
1.3984059454204
1.40120523018961
1.40400873885854
1.40681644887837
1.40962833746144
1.41244438158049
1.41526455796786
1.41808884311469
1.42091721327022
1.42374964444093
1.42658611238985
1.4294265926358
1.43227106045264
1.43511949086853
1.43797185866523
1.44082813837735
1.44368830429168
1.44655233044645
1.44942019063069
1.45229185838347
1.45516730699332
1.45804650949747
1.46092943868129
1.46381606707755
1.46670636696585
1.46960031037196
1.47249786906722
1.4753990145679
1.47830371813465
1.48121195077187
1.48412368322713
1.48703888599063
1.48995752929465
1.49287958311293
1.49580501716022
1.49873380089172
1.50166590350254
1.50460129392723
1.50753994083929
1.51048181265064
1.51342687751121
1.51637510330845
1.5193264576669
1.52228090794772
1.52523842124831
1.52819896440189
1.53116250397708
1.53412900627753
1.53709843734155
1.54007076294176
1.54304594858469
1.54602395951054
1.54900476069276
1.5519883168378
1.55497459238482
1.55796355150537
1.56095515810315
1.56394937581378
1.56694616800449
1.56994549777398
1.57294732795216
1.57595162109994
1.57895833950911
1.58196744520212
1.58497889993195
1.58799266518197
1.59100870216581
1.59402697182728
1.59704743484026
1.60007005160862
1.60309478226618
1.60612158667665
1.60915042443361
1.61218125486051
1.61521403701066
1.61824872966726
1.62128529134342
1.62432368028225
1.62736385445692
1.63040577157072
1.63344938905722
1.63649466408035
1.63954155353454
1.64259001404492
1.64564000196746
1.64869147338918
1.65174438412836
1.65479868973476
1.6578543454899
1.66091130640728
1.66396952723271
1.66702896244459
1.67008956625425
1.67315129260625
1.67621409517883
1.67927792738418
1.68234274236892
1.68540849301451
1.68847513193764
1.69154261149075
1.69461088376246
1.69767990057811
1.70074961350024
1.70381997382915
1.70689093260349
1.70996244060076
1.71303444833799
1.71610690607231
1.71917976380162
1.72225297126525
1.72532647794463
1.728400233064
1.73147418559116
1.73454828423818
1.73762247746219
1.74069671346618
1.74377094019981
1.74684510536021
1.7499191563929
1.7529930404926
1.75606670460421
1.75914009542365
1.76221315939886
1.76528584273078
1.76835809137428
1.77142985103923
1.77450106719153
1.77757168505413
1.78064164960817
1.78371090559405
1.78677939751255
1.78984706962603
1.79291386595956
1.79597973030213
1.79904460620791
1.80210843699742
1.8051711657589
1.80823273534952
1.81129308839674
1.81435216729963
1.81740991423029
1.82046627113516
1.82352117973649
1.82657458153379
1.82962641780524
1.83267662960921
1.8357251577858
1.83877194295831
1.84181692553488
1.84486004571002
1.84790124346622
1.85094045857564
1.85397763060173
1.85701269890089
1.86004560262427
1.86307628071941
1.86610467193205
1.86913071480792
1.87215434769452
1.87517550874302
1.87819413591002
1.88121016695955
1.88422353946489
1.88723419081057
1.89024205819431
1.893247078629
1.89624918894474
1.89924832579083
1.90224442563791
1.90523742477998
1.90822725933656
1.91121386525481
1.91419717831171
1.91717713411624
1.92015366811161
1.92312671557749
1.9260962116323
1.92906209123549
1.93202428918985
1.93498274014387
1.93793737859413
1.94088813888765
1.94383495522436
1.94677776165951
1.94971649210615
1.95265108033767
1.95558145999026
1.9585075645655
1.96142932743292
1.9643466818326
1.96725956087781
1.97016789755764
1.97307162473968
1.97597067517272
1.97886498148949
1.98175447620938
1.98463909174124
1.98751876038618
1.99039341434037
1.99326298569791
1.99612740645371
1.99898660850637
2.00184052366109
2.00468908363268
2.00753222004845
2.01036986445125
2.01320194830251
2.01602840298523
2.01884915980708
2.0216641500035
2.02447330474079
2.02727655511927
2.03007383217642
2.0328650668901
2.03565019018171
2.03842913291949
2.04120182592169
2.04396819995995
2.04672818576248
2.04948171401752
2.05222871537655
2.05496912045777
2.05770285984943
2.06042986411326
2.06315006378789
2.06586338939234
2.06856977142947
2.07126914038948
2.07396142675345
2.07664656099686
2.07932447359317
2.08199509501741
2.08465835574975
2.08731418627916
2.08996251710705
2.09260327875091
2.09523640174803
2.09786181665917
2.10047945407233
2.10308924460644
2.10569111891516
2.10828500769066
2.11087084166739
2.11344855162593
2.11601806839683
2.11857932286442
2.12113224597075
2.12367676871942
2.12621282217952
2.12874033748954
2.13125924586132
2.13376947858402
2.13627096702806
2.13876364264915
2.14124743699226
2.14372228169568
2.146188108495
2.14864484922725
2.15109243583487
2.15353080036987
2.15595987499788
2.15837959200228
2.16078988378831
2.16319068288722
2.16558192196043
2.16796353380366
2.17033545135113
2.17269760767976
2.17504993601332
2.17739236972671
2.17972484235013
2.18204728757334
2.18435963924989
2.1866618314014
2.1889537982218
2.19123547408161
2.19350679353225
2.19576769131029
2.19801810234179
2.2002579617466
2.2024872048427
2.20470576715046
2.20691358439707
2.20911059252082
2.21129672767544
2.21347192623453
2.21563612479582
2.21778926018564
2.2199312694632
2.22206208992505
2.2241816591094
2.22628991480054
2.22838679503324
2.23047223809711
2.23254618254102
2.23460856717751
2.23665933108718
2.2386984136231
2.24072575441522
2.24274129337476
2.24474497069867
2.24673672687399
2.24871650268226
2.25068423920399
2.25263987782301
2.25458336023089
2.25651462843139
2.2584336247448
2.26034029181242
2.26223457260089
2.26411641040664
2.26598574886026
2.2678425319309
2.26968670393067
2.271518209519
2.27333699370704
2.27514300186201
2.2769361797116
2.27871647334831
2.28048382923378
2.28223819420322
2.28397951546965
2.28570774062831
2.28742281766094
2.2891246949401
2.29081332123353
2.29248864570836
2.29415061793546
2.29579918789372
2.29743430597426
2.29905592298476
2.30066399015363
2.30225845913431
2.30383928200945
2.30540641129511
2.30695979994498
2.30849940135454
2.31002516936526
2.31153705826869
2.31303502281064
2.31451901819531
2.31598900008935
2.31744492462598
2.31888674840908
2.3203144285172
2.32172792250762
2.32312718842038
2.32451218478225
2.32588287061076
2.32723920541811
2.32858114921515
2.32990866251529
2.33122170633842
2.33252024221475
2.33380423218872
2.33507363882282
2.33632842520139
2.33756855493443
2.33879399216139
2.34000470155489
2.34120064832445
2.34238179822019
2.34354811753654
2.34469957311583
2.34583613235195
2.34695776319397
2.34806443414967
2.34915611428911
2.35023277324816
2.35129438123196
2.35234090901843
2.35337232796165
2.35438860999533
2.35538972763614
2.3563756539871
2.35734636274084
2.35830182818298
2.35924202519529
2.36016692925901
2.36107651645799
2.36197076348185
2.36284964762918
2.36371314681057
2.3645612395517
2.36539390499642
2.36621112290969
2.36701287368059
2.36779913832522
2.36856989848967
2.36932513645278
2.3700648351291
2.37078897807155
2.3714975494743
2.37219053417542
2.37286791765959
2.37352968606075
2.37417582616473
2.3748063254118
2.37542117189922
2.37602035438376
2.37660386228414
2.37717168568345
2.37772381533157
2.37826024264748
2.37878095972158
2.37928595931799
2.37977523487672
2.38024878051591
2.38070659103394
2.38114866191156
2.38157498931396
2.38198557009278
2.38238040178809
2.38275948263036
2.38312281154234
2.3834703881409
2.3838022127389
2.38411828634691
2.38441861067497
2.38470318813427
2.3849720218388
2.38522511560693
2.38546247396301
2.38568410213885
2.3858900060752
2.38608019242318
2.38625466854567
2.38641344251863
2.38655652313239
2.38668391989296
2.38679564302313
2.38689170346373
2.38697211287468
2.38703688363609
2.38708602884927
2.38711956233773
2.38713749864809
2.38713985305097
2.38712664154184
2.38709788084183
2.38705358839845
2.38699378238633
2.38691848170783
2.38682770599371
2.38672147560368
2.38659981162687
2.38646273588238
2.38631027091967
2.38614244001894
2.38595926719148
2.38576077717994
2.38554699545862
2.38531794823359
2.38507366244293
2.38481416575676
2.38453948657735
2.38424965403911
2.38394469800856
2.38362464908425
2.38328953859665
2.38293939860796
2.38257426191189
2.38219416203342
2.38179913322848
2.38138921048359
2.38096442951548
2.38052482677061
2.38007043942473
2.37960130538228
2.3791174632759
2.3786189524657
2.37810581303869
2.37757808580797
2.37703581231207
2.37647903481407
2.37590779630078
2.37532214048186
2.37472211178887
2.37410775537429
2.37347911711053
2.37283624358881
2.3721791821181
2.37150798072395
2.37082268814731
2.37012335384326
2.36941002797979
2.36868276143642
2.36794160580289
2.36718661337773
2.36641783716684
2.36563533088196
2.36483914893922
2.36402934645752
2.36320597925694
2.36236910385711
2.36151877747551
2.36065505802578
2.35977800411593
2.35888767504655
2.35798413080899
2.35706743208348
2.35613764023722
2.35519481732243
2.35423902607439
2.35327032990938
2.35228879292269
2.35129447988645
2.3502874562476
2.34926778812565
2.34823554231055
2.34719078626043
2.34613358809936
2.34506401661506
2.34398214125654
2.34288803213184
2.34178176000554
2.34066339629642
2.33953301307495
2.33839068306091
2.33723647962078
2.33607047676527
2.33489274914676
2.33370337205669
2.33250242142295
2.33128997380725
2.33006610640242
2.32883089702977
2.32758442413632
2.3263267667921
2.32505800468735
2.32377821812973
2.32248748804155
2.32118589595688
2.31987352401874
2.31855045497619
2.31721677218146
2.31587255958699
2.31451790174257
2.3131528837923
2.31177759147167
2.31039211110457
2.30899652960026
2.30759093445035
2.3061754137258
2.30475005607383
2.30331495071485
2.30187018743943
2.30041585660515
2.29895204913354
2.29747885650695
2.29599637076541
2.29450468450352
2.29300389086732
2.29149408355107
2.28997535679417
2.28844780537795
2.28691152462252
2.28536661038355
2.28381315904914
2.28225126753661
2.2806810332893
2.2791025542734
2.27751592897473
2.27592125639557
2.27431863605147
2.272708167968
2.27108995267764
2.26946409121652
2.26783068512128
2.26618983642586
2.26454164765833
2.26288622183769
2.26122366247078
2.25955407354901
2.25787755954532
2.25619422541093
2.25450417657231
2.25280751892795
2.25110435884537
2.24939480315789
2.24767895916165
2.24595693461247
2.24422883772284
2.24249477715884
2.24075486203712
2.23900920192192
2.23725790682205
2.23550108718793
2.23373885390863
2.23197131830897
2.23019859214655
2.22842078760895
2.22663801731079
2.22485039429095
2.22305803200971
2.22126104434601
2.21945954559466
2.21765365046363
2.21584347407135
2.21402913194401
2.21221074001297
2.21038841461211
2.20856227247531
2.20673243073383
2.2048990069139
2.20306211893418
2.20122188510336
2.19937842411777
2.19753185505901
2.19568229739167
2.19382987096101
2.19197469599076
2.19011689308094
2.1882565832057
2.18639388771121
2.18452892831364
2.18266182709715
2.18079270651191
2.1789216893722
2.17704889885458
2.17517445849606
2.17329849219234
2.17142112419614
2.16954247911553
2.16766268191235
2.16578185790068
2.16390013274538
2.16201763246063
2.16013448340862
2.15825081229823
2.15636674618384
2.15448241246408
2.15259793888082
2.15071345351807
2.14882908480102
2.14694496149516
2.14506121270542
2.14317796787543
2.1412953567868
2.13941350955854
2.13753255664646
2.13565262884274
2.13377385727555
2.13189637340868
2.13002030904134
2.128145796308
2.12627296767831
2.1244019559571
2.12253289428445
2.12066591613593
2.11880115532277
2.11693874599229
2.11507882262829
2.11322152005158
2.11136697342062
2.1095153182322
2.10766669032229
2.10582122586687
2.10397906138302
2.10214033372993
2.10030518011013
2.09847373807081
2.09664614550516
2.09482254065393
2.09300306210701
2.09118784880511
2.08937704004167
2.08757077546468
2.0857691950788
2.08397243924751
2.08218064869533
2.08039396451023
2.07861252814615
2.0768364814256
2.07506596654238
2.07330112606446
2.07154210293699
2.06978904048536
2.06804208241845
2.06630137283202
2.06456705621216
2.06283927743895
2.06111818179022
2.05940391494539
2.05769662298957
2.05599645241768
2.05430355013878
2.0526180634805
2.05094014019367
2.04926992845701
2.04760757688206
2.04595323451819
2.04430705085781
2.0426691758417
2.0410397598645
2.03941895378037
2.03780690890881
2.03620377704061
2.03460971044405
2.03302486187111
2.03144938456403
2.02988343226189
2.02832715920745
2.02678072015415
2.02524427037324
2.02371796566115
2.022201962347
2.0206964173003
2.01920148793888
2.01771733223692
2.01624410873325
2.01478197653983
2.01333109535036
2.01189162544922
2.01046372772042
2.00904756365697
2.00764329537028
2.00625108559987
2.00487109772326
2.00350349576603
2.00214844441222
2.00080610901479
1.99947665560647
1.99816025091066
1.99685706235271
1.99556725807137
1.99429100693046
1.9930284785308
1.99177984322238
1.99054527211678
1.98932493709984
1.98811901084454
1.98692766682421
1.98575107932595
1.98458942346428
1.98344287519518
1.98231161133024
1.9811958095512
1.98009564842472
1.97901130741744
1.97794296691134
1.97689080821937
1.97585501360136
1.97483576628027
1.97383325045871
1.97284765133581
1.9718791551243
1.97092794906804
1.96999422145976
1.96907816165921
1.96817996011156
1.96729980836619
1.96643789909579
1.96559442611585
1.96476958440443
1.96396357012236
1.9631765806337
1.96240881452672
1.96166047163506
1.96093175305944
1.96022286118967
1.959533999727
1.958865373707
1.95821718952272
1.9575896549483
1.95698297916302
1.95639737277571
1.95583304784963
1.95529021792782
1.95476909805875
1.95426990482259
1.95379285635782
1.95333817238834
1.95290607425105
1.95249678492389
1.95211052905437
1.95174753298862
1.9514080248009
1.95109223432361
1.9508003931779
1.95053273480469
1.9502894944963
1.95007090942861
1.94987721869373
1.94970866333333
1.94956548637238
1.94944793285365
1.94935624987266
1.94929068661332
1.94925149438409
1.94923892665487
1.94925323909443
1.94929468960852
1.94936353837865
1.94946004790145
1.94958448302886
1.94973711100884
1.94991820152687
1.95012802674818
1.95036686136063
1.95063498261838
1.95093267038631
1.95126020718518
1.95161787823757
1.95200597151464
1.95242477778364
1.95287459065633
1.95335570663812
1.95386842517814
1.95441304872017
1.9549898827544
1.95559923587017
1.95624141980953
1.95691674952177
1.95762554321895
1.95836812243232
1.95914481206975
1.95995594047415
1.96080183948295
1.96168284448858
1.96259929450002
1.96355153220541
1.96453990403581
1.96556476023006
1.96662645490069
1.96772534610119
1.96886179589423
1.97003617042131
1.97124883997347
1.97250017906333
1.97379056649846
1.97512038545591
1.97649002355824
1.97789987295075
1.97935033038022
1.98084179727499
1.98237467982646
1.98394938907213
1.98556634098006
1.98722595653491
1.98892866182548
1.99067488813388
1.99246507202632
1.99429965544548
1.99617908580469
1.99810381608365
2.00007430492611
2.00209101673913
2.00415442179433
2.00626499633088
2.0084232226605
2.01062958927424
2.01288459095145
2.01518872887052
2.01754251072193
2.01994645082317
2.02240107023599
2.02490689688573
2.0274644656829
2.03007431864709
2.03273700503316
2.03545308145981
2.03822311204063
2.04104766851754
2.04392733039686
2.04686268508787
2.04985432804411
2.05290286290727
2.05600890165392
2.05917306474498
2.06239598127815
2.06567828914318
2.06902063518019
2.07242367534106
2.0758880748539
2.07941450839077
2.08300366023862
2.0866562244736
2.09037290513876
2.09415441642522
2.09800148285694
2.10191483947911
2.10589523205023
2.109943417238
2.11406016281916
2.11824624788319
2.12250246304016
2.12682961063269
2.13122850495212
2.1356999724591
2.14024485200854
2.14486399507909
2.14955826600734
2.15432854222666
2.15917571451093
2.16410068722323
2.16910437856962
2.17418772085802
2.17935166076252
2.18459715959299
2.18992519357034
2.19533675410737
2.20083284809551
2.20641449819742
2.21208274314575
2.21783863804804
2.22368325469805
2.22961768189357
2.23564302576087
2.24176041008604
2.24797097665327
2.25427588559021
2.2606763157208
2.26717346492541
2.27376855050879
2.28046280957573
2.28725749941488
2.29415389789069
2.30115330384382
2.30825703750016
2.31546644088865
2.32278287826821
2.3302077365638
2.33774242581211
2.34538837961683
2.35314705561394
2.36101993594715
2.3690085277538
2.37711436366141
2.38533900229522
2.39368402879692
2.4021510553549
2.41074172174624
2.41945769589078
2.4283006744176
2.43727238324411
2.44637457816814
2.4556090454734
2.46497760254847
2.47448209851991
2.4841244148996
2.49390646624681
2.50383020084535
2.51389760139617
2.52411068572572
2.53447150751069
2.54498215701926
2.55564476186951
2.5664614878053
2.57743453949017
2.58856616131956
2.59985863825201
2.61131429665971
2.62293550519891
2.63472467570081
2.64668426408321
2.65881677128384
2.67112474421551
2.68361077674405
2.69627751068928
2.70912763684993
2.72216389605288
2.73538908022754
2.74880603350592
2.76241765334917
2.77622689170121
2.79023675617016
2.80445031123847
2.81887067950228
2.83350104294094
2.84834464421756
2.8634047880112
2.8786848423818
2.89418824016861
2.90991848042295
2.92587912987648
2.94207382444566
2.95850627077362
2.97518024781029
2.99209960843195
3.00926828110129
3.02669027156896
3.04436966461791
3.06231062585166
3.08051740352765
3.09899433043705
3.11774582583213
3.13677639740281
3.15609064330345
3.17569325423148
3.19558901555938
3.21578280952127
3.23627961745591
3.2570845221076
3.27820270998658
3.2996394737907
3.3214002148901
3.34349044587666
3.36591579318016
3.38868199975285
3.41179492782483
3.43526056173177
3.45908501081742
3.48327451241301
3.50783543489562
3.53277428082813
3.5580976901827
3.58381244365075
3.60992546604146
3.63644382977185
3.66337475845078
3.69072563055991
3.71850398323435
3.74671751614602
3.77537409549271
3.8044817580962
3.83404871561242
3.8640833588572
3.89459426225107
3.9255901883867
3.95708009272258
3.98907312840695
4.02157865123579
4.054606224749
4.08816562546904
4.12226684828635
4.156920111996
4.19213586499034
4.22792479111236
4.26429781567483
4.30126611165019
4.33884110603675
4.37703448640642
4.41585820763984
4.45532449885466
4.49544587053314
4.53623512185516
4.57770534824339
4.61986994912703
4.66274263593128
4.70633744029957
4.75066872255611
4.79575118041619
4.84159985795248
4.88823015482526
4.93565783578528
4.98389904045792
5.03297029341777
5.0828885145631
5.13367102979993
5.18533558204577
5.23790034256348
5.29138392263614
5.34580538559393
5.40118425920488
5.45754054844129
5.51489474863428
5.57326785902939
5.63268139675666
5.69315741122872
5.7547184989815
5.81738781897222
5.88118910835008
5.94614669871553
6.01228553288473
6.07963118217605
6.14820986423666
6.21804846142731
6.28917453978455
6.36161636857996
6.43540294049689
6.51056399244623
6.58713002704263
6.66513233476476
6.74460301682255
6.82557500875656
6.90808210479469
6.99215898299256
7.07784123118548
7.16516537377985
7.25416889941407
7.34489028951924
7.43736904781181
7.53164573075108
7.62776197899557
7.72576054989467
7.82568535105149
7.92758147499625
8.03149523500971
8.13747420213783
8.24556724344125
8.35582456152382
8.46829773538697
8.5830397626578
8.70010510324154
8.81954972445013
8.94143114766106
9.06580849656315
9.19274254704743
9.32229577880424
9.45453242868946
9.58951854592622
9.72732204920998
9.86801278578841
10.0116625925901
10.1583453594792
10.3081370947152
10.4611159927033
10.6173625041192
10.7769594085014
10.9399918894028
11.1065476122003
11.2767168046651
11.450592340397
11.6282698252361
11.8098476867649
11.9954272670205
12.1851129185427
12.3790121038865
12.5772354987348
12.7798970987523
12.9871143303268
13.1990081653517
13.415703240208
13.6373279791129
13.8640147220082
14.0958998571673
14.3331239587119
14.5758319292322
14.8241731477161
15.0783016230013
15.3383761529726
15.604560489736
15.8770235110129
16.1559393980068
16.4414878200062
16.7338541259991
17.0332295435862
17.3398113854935
17.6538032639967
17.9754153135839
18.3048644222001
18.6423744714268
18.9881765859724
19.3425093928591
