0.00265845891148921
0.00290175123680286
0.00469175790942883
0.00474936418824814
0.00481892505753446
0.00570073058787827
0.00595186953034649
0.00604423930700106
0.00611399915694392
0.00757384239346103
0.00786474931456485
0.00923593821948676
0.00967350640327792
0.0107726819082049
0.0121161800424288
0.0122133130790101
0.0137567104079908
0.0143227199328234
0.016057745394779
0.0170201430445596
0.0172401693853078
0.0172941065550287
0.0178743858941538
0.0208021272584599
0.0229126020229957
0.0244412595326162
0.0249544718854665
0.0256216354069389
0.0274516822770435
0.0294432396329903
0.0307588445629818
0.0318375785866216
0.032005126484649
0.0333671499940082
0.0338622281829865
0.0340349820227057
0.0346418017768222
0.035009112275926
0.037313970122747
0.0381765482243823
0.038737045736428
0.0388244773809368
0.0390340852864117
0.0396083601687337
0.0398885586669889
0.0447188285748003
0.0450200743189972
0.0451142595388961
0.0458671210439314
0.0459712301603001
0.0468855761835538
0.0484048540284626
0.0484580707541338
0.048610266135176
0.0486158624598848
0.0491247256467983
0.0507707058253868
0.0525326025845025
0.0546980413325716
0.0550645424883516
0.0564061929354806
0.0572288806318925
0.0579854667857433
0.0581266959523308
0.0582214267604515
0.0585285543378831
0.0590730354377782
0.0593954096155174
0.0599832716395391
0.0604364767216032
0.0611517878232124
0.0616162816110891
0.0618832074910767
0.0628252891587422
0.0633151454207538
0.0636621438067372
0.0636863735528235
0.0639124369707751
0.0644521380531442
0.0650365947221641
0.0656893094096264
0.0694455663526185
0.0703193408780739
0.0708285250784185
0.0718691101862716
0.0744762464083398
0.074798387192506
0.0759175497335719
0.0768371039638451
0.0770849381840319
0.0777023516333029
0.0795619850754372
0.080846703777693
0.0811622822715177
0.081233017996168
0.081278227214124
0.0817791113841664
0.0826057218683174
0.0845027289749515
0.0857408290531274
0.0864827271477898
0.0908758816598378
0.0916325208870857
0.091894319897279
0.093824813028759
0.0965068765501979
0.096988926296417
0.0974604193270777
0.101270978522126
0.103319043954616
0.103423409020585
0.103586780318325
0.104686838988655
0.10648133337852
0.107209122545661
0.107735393342574
0.110269548024391
0.110771788069291
0.11136653189227
0.111517133825227
0.113629712742925
0.114140937107489
0.114842268308371
0.114869563208106
0.115337323804229
0.115376881048778
0.117028723712537
0.117185571995793
0.117610037813462
0.118159270358127
0.120072085192202
0.121711688310037
0.122023910768458
0.123270156661826
0.124478948153879
0.124502838609255
0.124713928602265
0.126572935218479
0.126744639188587
0.127368740105376
0.128646183473235
0.129246291271415
0.130375463337428
0.130476566586041
0.130597113647855
0.131230907989897
0.131483721537037
0.131528433394714
0.132691972225777
0.132885178784796
0.132987977053325
0.1340709027221
0.13530146019879
0.137405062620085
0.140244344469678
0.140334504649911
0.140511415279561
0.140947688315941
0.143029962395043
0.143376849983199
0.144000915235039
0.144336755840421
0.144861996642351
0.1471598436404
0.147402211986351
0.147706964647657
0.15319195686769
0.153741166592144
0.153769656905438
0.15418853718474
0.15523026884147
0.156669426646681
0.158827608163478
0.15966270854703
0.160287662856276
0.160781576412866
0.161133237495859
0.162474594752837
0.164390271034645
0.164523772889942
0.165262151957057
0.165836192571603
0.165849953291921
0.167552342696742
0.168250640650379
0.16842800432761
0.169575622043369
0.170184947495082
0.171173921363008
0.17301394009898
0.173021357760344
0.17310134704313
0.174347006285889
0.174753285256148
0.178461319842574
0.179227251219991
0.179264600106653
0.179403935527742
0.180722400480684
0.18354793065146
0.185911778426626
0.186331017765988
0.186388767990574
0.186578413902178
0.186600533656793
0.189970908257156
0.191124071874163
0.192420779670348
0.193912434664373
0.196326733230492
0.196619934305597
0.196801171890198
0.197909855081854
0.200026334462097
0.200340968786698
0.200806873623157
0.202331743178464
0.203764674496289
0.205290678011808
0.205493426857507
0.205603032637889
0.205919951399944
0.206525562965076
0.207721543615731
0.207984113008312
0.209112239131138
0.211719209169493
0.21183341676976
0.215294767467631
0.215800707589602
0.216055695822022
0.21723214562191
0.219263812515779
0.219964620473518
0.223530942186057
0.224095405986869
0.225123815019973
0.2252319494335
0.227689579744925
0.227890196740273
0.228448677844421
0.228579437401208
0.229001155741489
0.231380317972825
0.231700936816589
0.231958349296813
0.23205668622385
0.233316559971067
0.233585675183471
0.233993746643079
0.234714664346352
0.234804065332114
0.23521937113486
0.235772431320628
0.236176847765295
0.236545758147868
0.236676395902714
0.237148606561592
0.238313793963847
0.238607728040332
0.239978366257704
0.240102610466954
0.241696296003111
0.241849385113791
0.242134856530663
0.245534357091217
0.247613367350714
0.248409716513566
0.249285410238097
0.250465682825485
0.255305670166176
0.258126165122098
0.258847878638409
0.259456658920733
0.260260710386865
0.260418851556753
0.262590900025304
0.263501249380362
0.266979673468392
0.269285378596024
0.270309820916666
0.272048299198551
0.272048783090249
0.27548592230656
0.276192203178694
0.277176784225736
0.278710115344222
0.279329255278306
0.280155315752969
0.280626644787044
0.281094651197919
0.284084188318426
0.284240840230498
0.28470052859582
0.28514487017204
0.285331997883213
0.286251954712716
0.286868691286725
0.287197153472954
0.289375101181004
0.289685060661538
0.290825424316697
0.293786438857746
0.297176819712562
0.298175694930594
0.298190196835908
0.29820903143046
0.29825867981704
0.298992910781402
0.300721044788874
0.303409117716529
0.306775873975816
0.307404617584891
0.307648514507167
0.307954980881546
0.309500241687307
0.310335122317074
0.31236280751346
0.314384339599861
0.314486754870828
0.315054509647649
0.316737957783163
0.31919394968459
0.31996611090265
0.320572371382023
0.321741063299981
0.323009674168187
0.323061607945155
0.323397795979302
0.323616118805436
0.324455945936554
0.32459465976143
0.325555570583745
0.327767154478679
0.328897855764665
0.33306859745022
0.334479480312609
0.338212130090372
0.338752030294893
0.340008309277703
0.340232106728171
0.342068090137625
0.345085144917464
0.345410913210372
0.34594621563469
0.346613579981889
0.348269419611887
0.349390570473493
0.34968960111054
0.350742349235127
0.351340283135885
0.351503891639571
0.35199485148531
0.352097232029056
0.352223770839148
0.352679950547463
0.354376706112422
0.354984596560921
0.355095838848312
0.355686699642327
0.356344969995698
0.357064206672471
0.357349210213314
0.357571191878583
0.35825360167792
0.358612623275761
0.358754299330573
0.3589950799948
0.359628437879776
0.35971898130063
0.360501822413766
0.36154936523365
0.363344411829335
0.367313459112629
0.367937295572389
0.368491784960063
0.368526771940371
0.369664282461953
0.372256491202154
0.374079810601769
0.3741351759514
0.374858022912467
0.374882606206072
0.375188070132411
0.375223385655218
0.375392155829741
0.376684522399548
0.378953912253646
0.379848865978843
0.385715093157072
0.387233038138196
0.389679222020418
0.389817749931894
0.390087192200257
0.391067204850256
0.392438292915088
0.392454976436116
0.392965540399854
0.393992362274699
0.395352834396242
0.396814947400334
0.397249647473799
0.399168107919251
0.3993811737267
0.400008320065993
0.401295612573097
0.401912077767527
0.405521027918661
0.405816090911352
0.408979831107489
0.409227864386291
0.41193572845445
0.412085349025207
0.412214715615413
0.413238799405156
0.413267285308328
0.414399057430551
0.4147202497869
0.415885285057108
0.416808510015437
0.41701780697338
0.417485106374879
0.417997432451674
0.418981416604361
0.419337416481069
0.421381959068791
0.42142501873391
0.422380383935026
0.42252807026656
0.423834164745078
0.424193732805237
0.426033371002439
0.426450337366292
0.42668506228172
0.428240366464573
0.429433137627336
0.430350223167994
0.430494317736888
0.431008653127755
0.432388965864812
0.43286624749511
0.434929738587882
0.435443156603982
0.437364046893152
0.438053647400404
0.43858175382837
0.438952354493561
0.440983292653203
0.441391560812643
0.442287838553586
0.445106746879175
0.445265420161671
0.448753479792876
0.449139107246066
0.449353057391236
0.451048771135515
0.451301224306298
0.451641280447761
0.452502692050792
0.452748266283169
0.454607077450808
0.454954031744157
0.456994124673693
0.458519936005011
0.458764155387681
0.459610507369088
0.460255336911613
0.461306266298084
0.461462879346185
0.464981235897294
0.467193883873838
0.46766645990798
0.467881158783626
0.469990163847348
0.470491803564585
0.472144785335166
0.472863197331039
0.47295121740882
0.475535813286154
0.476931871353081
0.477026111420403
0.478381496785133
0.479194769549977
0.480389329198963
0.481720269206428
0.481748797894208
0.482034913151228
0.4823204293787
0.482956231790313
0.483178357211082
0.483415777414217
0.485440136665892
0.486937198689919
0.487954856668363
0.488332572045395
0.4887509767619
0.490738848135175
0.490874740584035
0.491672675295179
0.491757568494069
0.492655347062403
0.492864907315178
0.493275917243276
0.496113009543599
0.496797086384303
0.497185719711979
0.498909321476608
0.499597045814424
0.501504252580573
0.502488499643432
0.504731683548077
0.505320911264006
0.505924054795081
0.508478710855889
0.512287685942217
0.514600869123155
0.517470154748288
0.517491075257472
0.518480302717464
0.519188395704757
0.519620481540693
0.519718547741898
0.521134191791897
0.522932502686837
0.523232320689216
0.523702585579345
0.524653517284409
0.526133263869315
0.527486306068156
0.530456110780898
0.531866741212727
0.532438333362933
0.532830478694491
0.534663196127603
0.535216857749893
0.53733774276177
0.538483218856798
0.538913879561686
0.539680328180931
0.540358220456088
0.543108891496474
0.543212165503703
0.543460105346113
0.543767396333438
0.54411320803774
0.545717875145023
0.546955962732901
0.54704295934753
0.547513057182819
0.547891813699692
0.551592292253542
0.551835856609997
0.551846685928029
0.551888463991621
0.552687593230574
0.552704803727453
0.552903245541964
0.553146106011548
0.555137728428779
0.558434555734955
0.559028392862158
0.560413362774051
0.560528403445893
0.560628657990866
0.561705316361226
0.56277060257857
0.563686250533372
0.564410942355845
0.568745376320382
0.570423705983334
0.571598668011403
0.571847413507229
0.573280196840139
0.573619481517982
0.573642675695788
0.573937420676201
0.574166764630017
0.574936741707536
0.575795291928392
0.579881161941866
0.580623967309832
0.581507610357652
0.581643241854561
0.582426893953698
0.582959410487415
0.584790274723666
0.585062200941548
0.585183960886452
0.585278983284462
0.586721453806867
0.587190945850926
0.588536461703677
0.588700889345986
0.590871239505456
0.594323942510716
0.594723008914078
0.595096645255275
0.59700451896904
0.597397618107324
0.59837227480517
0.599542281059631
0.600580261890211
0.600616572845653
0.600822422080379
0.601301870693405
0.602587545782814
0.605678052589451
0.606190606791424
0.606897315579368
0.607346898065244
0.607619466165516
0.609234521353948
0.610977012164855
0.611832873062684
0.612343908894802
0.61261339012611
0.61592925009023
0.616260435727878
0.61707506354421
0.618816674850388
0.619902817222042
0.621624451448466
0.6223584831745
0.624796311279286
0.625701354715391
0.627882109690226
0.628024330154532
0.628123099701537
0.628959284508333
0.629112661321504
0.6296751074041
0.629766636184065
0.629985882656972
0.630076675576495
0.631129338317192
0.631170481057431
0.633814965070362
0.63559632567525
0.63588290462345
0.636261551362105
0.636928350075362
0.638527768648602
0.638842832569349
0.641029478552412
0.643675106482813
0.645374204337392
0.645542888257545
0.646910821565857
0.648152869220962
0.648158076249695
0.648228114320287
0.648641265451376
0.649534728908458
0.649621965703542
0.651660792060678
0.653206025908021
0.654609854980887
0.654891803473739
0.656381587330144
0.657446742438583
0.658276385317081
0.661543449838375
0.66427432769942
0.665053940000373
0.665298481127508
0.665570739094303
0.666226517101695
0.666356218960563
0.666565456534959
0.666944442477846
0.66948521466918
0.670147567722853
0.67253004156518
0.673107086548391
0.674175214437482
0.674471640020223
0.6751332137921
0.676861397561607
0.676952783684413
0.677339528607327
0.678732421673821
0.680452310056531
0.681335196509325
0.681495308639951
0.68261164940903
0.682759751819574
0.682785897419389
0.683140617176449
0.683195223529195
0.683474758752912
0.683655728297478
0.683798715291563
0.685386216766311
0.685641559466088
0.685720606317709
0.686295923475863
0.687084201596158
0.68798597536226
0.690200942790461
0.690493393323023
0.691015726862247
0.691088615165169
0.693339974342467
0.693496816195933
0.694984476668384
0.695623427068191
0.696329010197951
0.696527960893002
0.698905963749018
0.699726575902386
0.699948050161982
0.700992480449793
0.70591537855325
0.706265570734184
0.707313700561437
0.7074950416527
0.709462594962603
0.709566730572273
0.710000137284161
0.711632722591608
0.711929811947188
0.713501450251766
0.71412918138487
0.715022097985131
0.718797862466606
0.71909704199254
0.721113403303621
0.721205217155243
0.721520142143281
0.722817381643567
0.723254829454523
0.723399401277055
0.726200340161368
0.726466961809669
0.726518544607381
0.727002579022501
0.727122596957236
0.72870299761639
0.73076321412415
0.730867561448686
0.73087737050606
0.730915714398908
0.734519194063858
0.734910608801309
0.736964811173062
0.737515080221721
0.737773449067377
0.738635072932406
0.745066496933349
0.745407658973928
0.74899285169137
0.749837537048494
0.750299439904007
0.750933411610933
0.753205989321765
0.753878375770059
0.754519150598258
0.754929625918743
0.756252531770041
0.756297584021789
0.756348970298979
0.757212172050495
0.758471930988456
0.761462303660783
0.761845824797819
0.762671105767769
0.763753843351755
0.765675759253273
0.767771894462778
0.769559742069263
0.771345275193153
0.772454904802892
0.776946175810406
0.778816994651048
0.779243641243417
0.779278711260575
0.780901100295071
0.780926383884518
0.784374710169055
0.787727973329237
0.787939641328232
0.789546490567069
0.789651127359516
0.790616671562266
0.790825486824162
0.790989337918202
0.79211100881487
0.795198516702288
0.795685951737036
0.796081947802578
0.796745782712523
0.797871523678533
0.800910087472644
0.801419512053234
0.802077873721707
0.803508444735941
0.804770361146599
0.807406858673603
0.808288966692694
0.808895898417231
0.812062793025857
0.815568553163289
0.81633486770741
0.816335283527823
0.816369662696082
0.816983570794007
0.81762740463111
0.818889043613792
0.820073158468915
0.820474644876523
0.822305346590252
0.822458272019414
0.826115005024914
0.82702777124476
0.831010915874153
0.831702397810424
0.832144655122474
0.832404893198451
0.832609597337965
0.832793272745833
0.834594901788199
0.835287419431182
0.83632918264072
0.836389256737297
0.838135078514684
0.841896405392088
0.842099337533824
0.842213998345636
0.842783340868502
0.843426020102418
0.844053800918909
0.844690532432324
0.845518707987981
0.845630870062749
0.846743544168582
0.847764862155923
0.848970189508202
0.849166279614625
0.851030020705509
0.851052007653406
0.851110649550452
0.851365677667449
0.851406082233284
0.851489264065438
0.854677525004948
0.856498055562472
0.857532220944089
0.858515652173199
0.858904493278847
0.860710446627129
0.860861751581377
0.861560585916282
0.863356205814146
0.863597735893343
0.864983680142404
0.865166569280596
0.866445417232909
0.870224991692665
0.870997746912946
0.871965238667535
0.875350570398036
0.877665560932995
0.877910304267349
0.878095502381115
0.878512599684216
0.878568839400534
0.882206806943569
0.882368248918804
0.883499214378605
0.88400555821231
0.885618621468129
0.887977261680243
0.888154833310773
0.888874520732161
0.889558363863215
0.889653904841564
0.889696919441256
0.890393437011906
0.892172506599383
0.892573157708869
0.892672863613339
0.894039224527844
0.895744249564618
0.895892619126148
0.895947722901907
0.897581618088382
0.897983300713854
0.898859459992888
0.900324111589861
0.901885226109711
0.902303189018507
0.903074313000017
0.90359100902908
0.903965929337136
0.904243305510731
0.904844608349685
0.905199332664902
0.905207063033678
0.90532676781812
0.906907335759081
0.907050405713254
0.907446455771302
0.9080864614536
0.908591188541437
0.908798616181313
0.909755292262663
0.910553655716702
0.910627404127175
0.910778655086246
0.915673627423502
0.915806070148938
0.91725044302866
0.917687937432698
0.917744152273011
0.917830943703149
0.917900432151461
0.918230359335018
0.91898491010161
0.919621406390521
0.920878319468886
0.920928577237433
0.921015651508802
0.921475021282607
0.92178193903434
0.926579729419881
0.927157573719313
0.927330924237647
0.927797698591305
0.929164419993909
0.931366354634596
0.932397174890201
0.933983361988243
0.935430277630391
0.935597886599732
0.935830407445344
0.937508155644538
0.937675692274089
0.938489992762984
0.939672610688948
0.939872552734633
0.941734969613778
0.945814713575113
0.946981488005277
0.947691766567268
0.948636077195532
0.950229215044425
0.950371866778882
0.952558789139653
0.956331959221168
0.957797394339132
0.958541152290214
0.959079520376384
0.960860162659116
0.961318415369579
0.962270212304789
0.964776665634738
0.967556227159534
0.969154704386191
0.971277241382595
0.972264265039092
0.972445209742304
0.972778346685019
0.973903282404716
0.974171636414849
0.975613699480398
0.976340806888513
0.977237427204868
0.978676332449635
0.978762183282798
0.979386581301581
0.980786185296183
0.981172393348356
0.985623059782379
0.986750729097744
0.986913376497365
0.986966138833953
0.988493967646769
0.989350535251545
0.989804612116817
0.990106311594811
0.990322914268945
0.99135841456676
0.991629972014229
0.993380006798527
0.995013385534928
0.9977709151056
0.998308319649817
NaN
NaN
NaN
NaN
NaN
NaN
NaN
NaN
NaN
NaN
NaN
NaN
NaN
NaN
NaN
NaN
NaN
NaN
NaN
NaN
NaN
NaN
NaN
NaN
NaN
NaN
NaN
NaN
NaN
NaN
NaN
NaN
NaN
NaN
NaN
