22.7752382969613
22.2765460740277
21.7921291401592
21.3215117009927
20.8642358004558
20.4198605850691
19.9879616011461
19.5681301233051
19.1599725128007
18.7631096042505
18.3771761194135
18.0018201067338
17.6367024054378
17.2814961330262
16.9358861950688
16.5995688162547
16.2722510917111
15.9536505576462
15.6434947804263
15.3415209632317
15.047475569486
14.7611139622872
14.4822000591128
14.2105060010992
13.9458118362369
13.6879052158472
13.4365811037473
13.1916414975266
12.9528951613962
12.7201573700896
12.4932496633275
12.2719996103727
12.0562405842313
11.8458115450723
11.6405568324622
11.440325966027
11.2449734541715
11.0543586105077
10.8683453776547
10.6868021580931
10.5096016517665
10.3366207001428
10.167740136455
10.0028446418605
9.84182260726303
9.68456600055875
9.53097023907602
9.38093406698988
9.23435943750014
9.09115139957493
8.95121798906737
8.81447012402402
8.68082150400881
8.55018851327808
8.42249012764586
8.29764782488859
8.17558549854238
8.05622937495491
7.93950793345885
7.82535182953943
7.71369382087479
7.60446869613229
7.49761320641099
7.39306599922215
7.29076755490723
7.19066012539495
7.09268767520519
6.99679582460967
6.90293179486429
6.81104435543086
6.72108377311075
6.63300176301457
6.54675144129635
6.46228727958304
6.37956506103407
6.29854183796694
6.21917589098886
6.14142668957561
6.06525485404306
5.99062211885701
5.91749129723074
5.84582624696067
5.77559183745386
5.70675391790158
5.63927928655588
5.57313566106735
5.50829164984492
5.44471672439877
5.38238119262975
5.3212561730304
5.26131356976337
5.20252604858535
5.14486701358438
5.08831058470157
5.03283157600786
4.9784054747087
4.92500842084941
4.87261718769647
4.8212091627698
4.77076232950277
4.72125524950699
4.67266704542044
4.6249773843179
4.57816646166379
4.53221498578764
4.48710416286416
4.44281568237964
4.39933170306791
4.35663483929875
4.31470814790338
4.27353511542152
4.23309964575538
4.19338604821617
4.15437902594983
4.11606366472865
4.07842542209628
4.04145011685387
4.00512391887547
3.96943333924196
3.93436522068201
3.89990672831006
3.86604534065089
3.83276884094155
3.80006530870075
3.76792311155723
3.73633089732784
3.70527758633764
3.67475236397341
3.64474467346307
3.61524420887333
3.58624090831868
3.55772494737433
3.5296867326867
3.50211689577479
3.47500628701637
3.44834596981276
3.42212721492656
3.39634149498649
3.37098047915431
3.34603602794817
3.3215001882177
3.29736518826559
3.2736234331115
3.25026749989328
3.22729013340129
3.20468424174169
3.1824428921245
3.1605593067726
3.1390268589477
3.11783906908974
3.09698960106613
3.0764722585275
3.05628098136633
3.0364098422757
3.01685304340471
2.99760491310775
2.97865990278472
2.96001258380934
2.94165764454286
2.92358988743074
2.90580422617942
2.88829568301109
2.8710593859939
2.85409056644542
2.83738455640705
2.82093678618736
2.80474278197217
2.78879816349956
2.77309864179759
2.75764001698315
2.74241817611997
2.72742909113407
2.71266881678495
2.69813348869089
2.68381932140679
2.66972260655298
2.65583971099355
2.64216707506263
2.62870121083746
2.6154387004567
2.60237619448276
2.58951041030676
2.57683813059516
2.56435620177657
2.5520615325678
2.53995109253781
2.52802191070884
2.51627107419324
2.50469572686536
2.49329306806719
2.48206035134713
2.47099488323062
2.46009402202206
2.44935517663686
2.43877580546301
2.42835341525118
2.41808556003273
2.4079698400646
2.39800390080068
2.38818543188865
2.37851216619169
2.36898187883441
2.35959238627232
2.35034154538418
2.34122725258662
2.33224744297039
2.32340008945777
2.31468320198045
2.30609482667737
2.29763304511196
2.28929597350837
2.28108176200606
2.27298859393224
2.26501468509192
2.2571582830747
2.24941766657835
2.24179114474828
2.23427705653279
2.22687377005353
2.21957968199087
2.21239321698374
2.20531282704351
2.19833699098166
2.19146421385085
2.18469302639896
2.17802198453587
2.1714496688126
2.16497468391251
2.15859565815428
2.15231124300626
2.14612011261202
2.14002096332687
2.13401251326479
2.12809350185584
2.1222626894136
2.11651885671243
2.1108608045743
2.10528735346495
2.0997973430992
2.09438963205504
2.08906309739652
2.08381663430493
2.07864915571832
2.07355959197903
2.06854689048902
2.06361001537289
2.05874794714833
2.05395968240387
2.0492442334837
2.04460062817942
2.04002790942856
2.03552513501974
2.03109137730419
2.02672572291358
2.02242727248402
2.01819514038601
2.01402845446025
2.00992635575914
2.00588799829388
2.00191254878698
1.99799918643008
1.99414710264701
1.99035550086182
1.98662359627185
1.98295061562555
1.97933579700513
1.97577838961363
1.97227765356673
1.96883285968875
1.96544328931307
1.96210823408669
1.95882699577893
1.9555988860941
1.95242322648811
1.94929934798889
1.94622659102058
1.94320430523133
1.94023184932472
1.93730859089464
1.93443390626358
1.93160718032427
1.92882780638459
1.92609518601568
1.92340872890308
1.92076785270107
1.91817198288984
1.91562055263568
1.91311300265395
1.91064878107491
1.90822734331221
1.90584815193408
1.90351067653712
1.90121439362268
1.89895878647562
1.89674334504568
1.8945675658311
1.89243095176466
1.89033301210194
1.8882732623119
1.88625122396957
1.88426642465094
1.8823183978299
1.8804066827773
1.87853082446192
1.87669037345353
1.87488488582775
1.87311392307287
1.87137705199854
1.86967384464613
1.86800387820105
1.86636673490664
1.86476200197982
1.86318927152843
1.86164814047011
1.86013821045287
1.85865908777713
1.85721038331936
1.85579171245712
1.85440269499569
1.85304295509605
1.85171212120426
1.85040982598222
1.84913570623986
1.84788940286853
1.84667056077575
1.84547882882121
1.84431385975405
1.84317531015127
1.84206284035742
1.84097611442542
1.83991480005849
1.8388785685533
1.83786709474411
1.83688005694803
1.83591713691138
1.83497801975701
1.83406239393266
1.83316995116037
1.83230038638676
1.83145339773436
1.8306286864538
1.829825956877
1.82904491637119
1.82828527529381
1.82754674694835
1.82682904754097
1.82613189613793
1.82545501462396
1.82479812766124
1.82416096264936
1.8235432496859
1.82294472152782
1.82236511355363
1.82180416372617
1.82126161255625
1.82073720306686
1.82023068075812
1.8197417935729
1.8192702918631
1.81881592835651
1.81837845812444
1.81795763854981
1.81755322929598
1.81716499227608
1.81679269162298
1.81643609365982
1.81609496687113
1.81576908187442
1.8154582113924
1.8151621302257
1.8148806152261
1.81461344527028
1.81436040123406
1.81412126596718
1.81389582426848
1.81368386286163
1.8134851703713
1.81329953729974
1.81312675600388
1.81296662067284
1.81281892730583
1.81268347369054
1.8125600593819
1.81244848568125
1.81234855561592
1.81226007391921
1.8121828470107
1.81211668297702
1.81206139155292
1.81201678410273
1.81198267360219
1.81195887462055
1.81194520330315
1.8119414773542
1.81194751601996
1.81196314007223
1.81198817179216
1.81202243495434
1.81206575481124
1.81211795807791
1.81217887291699
1.81224832892403
1.81232615711301
1.81241218990226
1.81250626110052
1.8126082058934
1.81271786082995
1.81283506380962
1.81295965406938
1.81309147217116
1.81323035998945
1.81337616069919
1.81352871876388
1.81368787992392
1.81385349118516
1.81402540080767
1.81420345829473
1.81438751438203
1.81457742102708
1.81477303139878
1.81497419986729
1.81518078199392
1.81539263452142
1.81560961536428
1.81583158359931
1.81605839945633
1.81628992430912
1.81652602066649
1.81676655216345
1.81701138355273
1.81726038069624
1.81751341055683
1.81777034119018
1.81803104173683
1.81829538241431
1.81856323450949
1.81883447037105
1.81910896340205
1.81938658805268
1.81966721981312
1.81995073520652
1.82023701178217
1.82052592810869
1.82081736376741
1.8211111993459
1.82140731643151
1.82170559760512
1.82200592643497
1.82230818747058
1.82261226623678
1.82291804922789
1.82322542390194
1.82353427867501
1.82384450291569
1.8241559869396
1.82446862200404
1.82478230030266
1.82509691496033
1.82541236002797
1.82572853047757
1.82604532219722
1.82636263198626
1.82668035755048
1.82699839749743
1.82731665133175
1.82763501945065
1.82795340313937
1.82827170456678
1.82858982678104
1.82890767370524
1.82922515013324
1.82954216172545
1.82985861500474
1.8301744173524
1.83048947700412
1.83080370304604
1.83111700541093
1.83142929487426
1.83174048305049
1.83205048238929
1.83235920617188
1.83266656850738
1.83297248432919
1.83327686939149
1.83357964026567
1.83388071433688
1.83418000980064
1.83447744565938
1.83477294171912
1.83506641858616
1.83535779766378
1.83564700114898
1.83593395202929
1.83621857407955
1.83650079185877
1.83678053070701
1.83705771674225
1.83733227685735
1.83760413871699
1.83787323075462
1.83813948216952
1.83840282292378
1.83866318373934
1.83892049609509
1.83917469222397
1.83942570511
1.83967346848549
1.83991791682816
1.84015898535827
1.84039661003583
1.84063072755777
1.84086127535518
1.84108819159048
1.84131141515472
1.84153088566474
1.8417465434605
1.84195832960233
1.84216618586818
1.84237005475094
1.84256987945571
1.84276560389714
1.84295717269671
1.84314453118006
1.84332762537431
1.84350640200542
1.84368080849549
1.84385079296011
1.84401630420575
1.84417729172703
1.84433370570415
1.8444854970002
1.84463261715854
1.84477501840015
1.84491265362099
1.84504547638936
1.8451734409433
1.8452965021879
1.84541461569268
1.84552773768897
1.84563582506727
1.84573883537458
1.8458367268118
1.84592945823104
1.84601698913301
1.84609927966436
1.84617629061503
1.84624798341559
1.84631432013457
1.84637526347582
1.84643077677583
1.84648082400108
1.8465253697453
1.84656437922688
1.84659781828612
1.84662565338255
1.84664785159225
1.84666438060513
1.84667520872224
1.84668030485303
1.84667963851266
1.84667317981924
1.84666089949112
1.84664276884416
1.84661875978893
1.84658884482802
1.84655299705324
1.84651119014286
1.84646339835885
1.84640959654406
1.84634976011947
1.84628386508137
1.84621188799857
1.84613380600956
1.84604959681972
1.84595923869847
1.84586271047643
1.84575999154262
1.84565106184153
1.84553590187035
1.84541449267603
1.84528681585242
1.84515285353744
1.8450125884101
1.84486600368767
1.84471308312276
1.84455381100036
1.84438817213498
1.84421615186769
1.84403773606315
1.84385291110674
1.84366166390153
1.84346398186536
1.84325985292786
1.84304926552747
1.84283220860847
1.84260867161797
1.84237864450291
1.84214211770709
1.84189908216811
1.84164952931438
1.84139345106207
1.84113083981211
1.84086168844712
1.84058599032836
1.84030373929271
1.84001492964957
1.83971955617783
1.83941761412275
1.83910909919294
1.83879400755724
1.83847233584162
1.83814408112612
1.83780924094171
1.83746781326722
1.83711979652618
1.83676518958377
1.83640399174364
1.8360362027448
1.83566182275849
1.83528085238505
1.83489329265079
1.83449914500481
1.83409841131587
1.83369109386926
1.83327719536361
1.83285671890774
1.83242966801751
1.83199604661264
1.83155585901354
1.83110910993817
1.8306558044988
1.83019594819891
1.82972954692995
1.82925660696818
1.8287771349715
1.82829113797626
1.82779862339405
1.82729959900852
1.82679407297224
1.82628205380343
1.82576355038282
1.82523857195046
1.8247071281025
1.82416922878801
1.8236248843058
1.82307410530122
1.82251690276296
1.82195328801987
1.82138327273775
1.8208068689162
1.82022408888538
1.81963494530286
1.81903945115043
1.81843761973091
1.81782946466494
1.81721499988786
1.81659423964648
1.81596719849593
1.81533389129647
1.81469433321035
1.81404853969861
1.81339652651793
1.81273830971747
1.81207390563572
1.81140333089733
1.81072660240999
1.81004373736124
1.80935475321538
1.8086596677103
1.80795849885436
1.80725126492326
1.80653798445694
1.80581867625643
1.80509335938075
1.80436205314385
1.80362477711144
1.80288155109793
1.80213239516338
1.80137732961035
1.80061637498087
1.79984955205338
1.79907688183965
1.79829838558172
1.79751408474888
1.79672400103464
1.79592815635363
1.79512657283869
1.79431927283774
1.79350627891085
1.79268761382724
1.79186330056223
1.79103336229432
1.79019782240221
1.7893567044618
1.78851003224328
1.78765782970815
1.78680012100631
1.78593693047312
1.78506828262649
1.78419420216397
1.78331471395987
1.78242984306235
1.78153961469055
1.78064405423173
1.77974318723844
1.77883703942562
1.77792563666781
1.77700900499633
1.77608717059645
1.77516015980458
1.77422799910553
1.77329071512967
1.77234833465024
1.77140088458052
1.77044839197114
1.76949088400733
1.76852838800622
1.76756093141412
1.76658854180383
1.76561124687197
1.76462907443631
1.76364205243311
1.76265020891447
1.76165357204574
1.76065217010287
1.7596460314698
1.75863518463592
1.75761965819345
1.75659948083488
1.75557468135047
1.75454528862563
1.75351133163851
1.75247283945738
1.75142984123823
1.75038236622222
1.74933044373328
1.74827410317561
1.74721337403126
1.74614828585771
1.74507886828547
1.74400515101568
1.74292716381772
1.74184493652687
1.74075849904194
1.73966788132297
1.73857311338885
1.73747422531509
1.73637124723146
1.73526420931977
1.73415314181159
1.733038074986
1.73191903916737
1.73079606472314
1.72966918206165
1.7285384216299
1.72740381391144
1.72626538942419
1.72512317871832
1.72397721237409
1.7228275209998
1.72167413522966
1.72051708572174
1.71935640315589
1.71819211823172
1.71702426166655
1.71585286419342
1.71467795655909
1.71349956952205
1.71231773385057
1.71113248032072
1.70994383971451
1.70875184281789
1.7075565204189
1.70635790330578
1.70515602226509
1.70395090807985
1.70274259152776
1.70153110337929
1.70031647439594
1.69909873532845
1.697877916915
1.69665404987946
1.69542716492967
1.6941972927557
1.69296446402812
1.69172870939637
1.69049005948701
1.68924854490212
1.68800419621762
1.68675704398164
1.68550711871294
1.68425445089927
1.68299907099583
1.68174100942368
1.68048029656818
1.6792169627775
1.67795103836106
1.67668255358804
1.67541153868593
1.67413802383898
1.67286203918683
1.67158361482302
1.67030278079359
1.66901956709565
1.66773400367602
1.66644612042983
1.66515594719915
1.66386351377169
1.66256884987941
1.66127198519725
1.65997294934182
1.6586717718701
1.6573684822782
1.65606311000007
1.65475568440631
1.6534462348029
1.65213479043002
1.65082138046084
1.64950603400036
1.64818878008426
1.64686964767769
1.64554866567421
1.64422586289463
1.64290126808592
1.64157490992012
1.64024681699327
1.63891701782433
1.63758554085418
1.63625241444453
1.63491766687695
1.63358132635187
1.63224342098755
1.63090397881915
1.62956302779775
1.62822059578942
1.62687671057427
1.62553139984556
1.62418469120877
1.62283661218072
1.62148719018871
1.62013645256965
1.61878442656921
1.61743113934097
1.61607661794565
1.61472088935023
1.61336398042723
1.61200591795389
1.61064672861141
1.60928643898418
1.60792507555909
1.60656266472475
1.60519923277079
1.60383480588718
1.60246941016352
1.60110307158838
1.59973581604859
1.59836766932869
1.59699865711016
1.59562880497092
1.59425813838463
1.59288668272013
1.59151446324083
1.59014150510416
1.58876783336099
1.58739347295506
1.58601844872248
1.58464278539116
1.58326650758033
1.58188963980001
1.58051220645053
1.57913423182202
1.57775574009399
1.57637675533482
1.57499730150136
1.57361740243844
1.5722370818785
1.57085636344111
1.56947527063265
1.56809382684583
1.56671205535939
1.56532997933765
1.56394762183021
1.56256500577157
1.56118215398081
1.55979908916124
1.55841583390008
1.55703241066819
1.55564884181971
1.55426514959184
1.5528813561045
1.55149748336009
1.55011355324324
1.54872958752054
1.54734560784034
1.54596163573244
1.54457769260796
1.54319379975908
1.54180997835884
1.54042624946096
1.53904263399966
1.53765915278947
1.53627582652508
1.53489267578117
1.53350972101226
1.5321269825526
1.53074448061601
1.52936223529576
1.5279802665645
1.52659859427408
1.52521723815551
1.52383621781886
1.52245555275318
1.52107526232643
1.51969536578538
1.51831588225562
1.51693683074146
1.51555823012592
1.51418009917067
1.51280245651602
1.51142532068092
1.51004871006292
1.50867264293817
1.50729713746146
1.50592221166617
1.50454788346436
1.50317417064674
1.50180109088274
1.50042866172052
1.49905690058703
1.49768582478808
1.49631545150837
1.49494579781158
1.49357688064043
1.49220871681677
1.49084132304164
1.48947471589541
1.48810891183785
1.48674392720821
1.48537977822537
1.48401648098796
1.48265405147445
1.48129250554329
1.47993185893305
1.47857212726259
1.47721332603113
1.47585547061847
1.47449857628511
1.47314265817245
1.4717877313029
1.4704338105801
1.46908091078909
1.46772904659647
1.4663782325506
1.46502848308183
1.46367981250262
1.46233223500781
1.4609857646748
1.45964041546379
1.45829620121792
1.45695313566361
1.45561123241067
1.4542705049526
1.45293096666683
1.45159263081489
1.45025551054274
1.44891961888095
1.447584968745
1.4462515729355
1.44491944413848
1.44358859492561
1.44225903775453
1.44093078496907
1.43960384879953
1.438278241363
1.43695397466359
1.43563106059276
1.43430951092958
1.43298933734102
1.43167055138228
1.43035316449707
1.42903718801788
1.42772263316636
1.42640951105357
1.4250978326803
1.42378760893741
1.42247885060612
1.42117156835837
1.41986577275711
1.41856147425662
1.41725868320287
1.41595740983385
1.41465766427989
1.41335945656399
1.41206279660219
1.4107676942039
1.40947415907222
1.40818220080433
1.40689182889182
1.40560305272103
1.40431588157344
1.40303032462598
1.40174639095143
1.40046408951876
1.39918342919351
1.39790441873812
1.39662706681235
1.3953513819736
1.39407737267731
1.39280504727732
1.39153441402625
1.39026548107588
1.38899825647753
1.38773274818242
1.38646896404206
1.38520691180867
1.38394659913549
1.38268803357723
1.38143122259044
1.38017617353389
1.37892289366895
1.37767139016002
1.37642167007487
1.37517374038509
1.37392760796644
1.37268327959926
1.37144076196889
1.37020006166601
1.36896118518713
1.3677241389349
1.36648892921856
1.36525556225434
1.36402404416584
1.36279438098445
1.36156657864978
1.36034064301
1.35911657982231
1.35789439475333
1.35667409337947
1.35545568118739
1.35423916357439
1.3530245458488
1.35181183323042
1.35060103085091
1.34939214375421
1.34818517689695
1.34698013514887
1.34577702329321
1.34457584602714
1.34337660796217
1.34217931362456
1.34098396745575
1.33979057381273
1.33859913696852
1.33740966111251
1.33622215035093
1.33503660870726
1.33385304012261
1.33267144845615
1.33149183748554
1.33031421090734
1.32913857233741
1.32796492531133
1.32679327328482
1.32562361963416
1.32445596765658
1.3232903205707
1.32212668151693
1.3209650535579
1.31980543967884
1.31864784278804
1.3174922657172
1.31633871122193
1.31518718198207
1.31403768060218
1.31289020961189
1.31174477146634
1.31060136854663
1.30946000316013
1.308320677541
1.30718339385053
1.30604815417758
1.30491496053897
1.3037838148799
1.30265471907437
1.30152767492556
1.30040268416625
1.29927974845925
1.29815886939775
1.29704004850578
1.29592328723858
1.29480858698305
1.29369594905808
1.29258537471501
1.29147686513802
1.29037042144453
1.28926604468558
1.28816373584626
1.2870634958461
1.28596532553946
1.28486922571594
1.28377519710074
1.28268324035514
1.28159335607679
1.28050554480019
1.27941980699703
1.27833614307662
1.27725455338624
1.27617503821159
1.27509759777711
1.27402223224644
1.27294894172274
1.27187772624915
1.2708085858091
1.26974152032677
1.26867652966741
1.26761361363778
1.26655277198647
1.26549400440437
1.26443731052495
1.26338268992472
1.26233014212356
1.26127966658514
1.26023126271724
1.2591849298722
1.25814066734722
1.25709847438478
1.25605835017302
1.25502029384607
1.25398430448445
1.25295038111544
1.25191852271344
1.25088872820034
1.24986099644589
1.24883532626806
1.24781171643341
1.24679016565745
1.245770672605
1.24475323589055
1.24373785407863
1.24272452568417
1.24171324917284
1.24070402296141
1.23969684541813
1.23869171486305
1.23768862956841
1.23668758775894
1.23568858761228
1.23469162725926
1.2336967047843
1.23270381822574
1.23171296557618
1.23072414478281
1.2297373537478
1.22875259032862
1.22776985233835
1.22678913754606
1.22581044367716
1.22483376841368
1.22385910939465
1.22288646421646
1.22191583043312
1.22094720555665
1.2199805870574
1.21901597236439
1.2180533588656
1.21709274390835
1.21613412479959
1.21517749880624
1.21422286315552
1.21327021503527
1.21231955159425
1.21137086994251
1.21042416715167
1.20947944025522
1.20853668624893
1.20759590209103
1.20665708470267
1.20572023096811
1.2047853377351
1.2038524018152
1.20292141998404
1.20199238898166
1.20106530551282
1.20014016624731
1.19921696782023
1.19829570683231
1.19737637985024
1.19645898340691
1.19554351400177
1.19462996810109
1.1937183421383
1.19280863251422
1.19190083559744
1.19099494772455
1.19009096520044
1.18918888429864
1.18828870126155
1.18739041230078
1.18649401359741
1.18559950130226
1.18470687153624
1.18381612039058
1.18292724392711
1.18204023817859
1.18115509914896
1.18027182281361
1.17939040511968
1.17851084198633
1.17763312930504
1.17675726293983
1.1758832387276
1.17501105247834
1.17414069997548
1.17327217697606
1.17240547921111
1.17154060238582
1.17067754217989
1.16981629424774
1.16895685421878
1.16809921769771
1.16724338026477
1.16638933747596
1.16553708486337
1.16468661793537
1.16383793217694
1.16299102304987
1.16214588599302
1.16130251642263
1.1604609097325
1.15962106129431
1.15878296645782
1.15794662055115
1.15711201888102
1.15627915673299
1.15544802937175
1.1546186320413
1.15379095996524
1.15296500834702
1.15214077237014
1.15131824719844
1.15049742797633
1.14967830982898
1.14886088786265
1.14804515716484
1.14723111280458
1.14641874983266
1.14560806328183
1.14479904816709
1.14399169948586
1.14318601221827
1.14238198132736
1.14157960175929
1.14077886844362
1.1399797762935
1.13918232020591
1.13838649506187
1.13759229572671
1.13679971705021
1.13600875386692
1.13521940099631
1.13443165324302
1.13364550539707
1.13286095223411
1.13207798851557
1.13129660898894
1.13051680838798
1.12973858143289
1.12896192283057
1.1281868272748
1.12741328944648
1.12664130401383
1.1258708656326
1.12510196894625
1.12433460858622
1.12356877917208
1.12280447531177
1.1220416916018
1.12128042262742
1.12052066296289
1.11976240717162
1.11900564980641
1.11825038540961
1.11749660851339
1.11674431363987
1.11599349530133
1.11524414800046
1.11449626623049
1.11374984447541
1.1130048772102
1.11226135890095
1.11151928400513
1.11077864697172
1.11003944224144
1.10930166424693
1.10856530741294
1.10783036615649
1.10709683488712
1.10636470800701
1.10563397991122
1.10490464498784
1.10417669761818
1.10345013217697
1.10272494303254
1.10200112454697
1.10127867107631
1.10055757697075
1.09983783657479
1.09911944422742
1.09840239426231
1.09768668100797
1.09697229878794
1.09625924192097
1.09554750472115
1.09483708149817
1.09412796655741
1.09342015420015
1.09271363872374
1.09200841442177
1.09130447558423
1.09060181649769
1.08990043144546
1.08920031470779
1.08850146056197
1.08780386328257
1.08710751714156
1.08641241640848
1.08571855535061
1.08502592823316
1.08433452931938
1.08364435287077
1.0829553931472
1.0822676444071
1.08158110090762
1.08089575690477
1.08021160665359
1.07952864440831
1.07884686442249
1.07816626094921
1.07748682824119
1.07680856055096
1.07613145213102
1.07545549723399
1.07478069011275
1.0741070250206
1.07343449621144
1.07276309793985
1.07209282446133
1.07142367003238
1.07075562891067
1.07008869535519
1.06942286362643
1.06875812798645
1.0680944826991
1.06743192203013
1.06677044024733
1.06611003162071
1.06545069042259
1.0647924109278
1.06413518741377
1.06347901416071
1.06282388545174
1.06216979557301
1.06151673881387
1.06086470946699
1.06021370182852
1.05956371019818
1.05891472887946
1.05826675217972
1.05761977441031
1.05697378988676
1.05632879292885
1.0556847778608
1.05504173901137
1.054399670714
1.05375856730694
1.05311842313341
1.05247923254169
1.05184098988526
1.05120368952294
1.05056732581905
1.04993189314346
1.04929738587178
1.0486637983855
1.04803112507204
1.04739936032497
1.04676849854406
1.04613853413544
1.04550946151174
1.04488127509217
1.04425396930269
1.04362753857609
1.04300197735216
1.04237728007775
1.04175344120695
1.0411304552012
1.04050831652936
1.03988701966789
1.03926655910094
1.03864692932048
1.03802812482641
1.03741014012667
1.03679296973737
1.03617660818291
1.03556104999607
1.03494628971816
1.0343323218991
1.03371914109758
1.03310674188111
1.03249511882618
1.03188426651837
1.03127417955243
1.03066485253244
1.03005628007187
1.02944845679371
1.02884137733061
1.02823503632494
1.02762942842892
1.02702454830473
1.02642039062463
1.02581695007103
1.02521422133664
1.02461219912453
1.02401087814829
1.02341025313208
1.02281031881078
1.02221106993004
1.02161250124646
1.0210146075276
1.02041738355218
1.01982082411009
1.01922492400256
1.01862967804222
1.01803508105322
1.01744112787131
1.01684781334398
1.01625513233051
1.01566307970209
1.01507165034191
1.01448083914529
1.01389064101971
1.01330105088497
1.01271206367326
1.01212367432924
1.01153587781017
1.01094866908596
1.01036204313931
1.00977599496576
1.00919051957381
1.00860561198499
1.00802126723399
1.00743748036869
1.00685424645032
1.00627156055349
1.0056894177663
1.00510781319046
1.00452674194132
1.003946199148
1.00336617995347
1.00278667951462
1.00220769300235
1.00162921560169
1.00105124251184
1.00047376894626
0.999896790132782
0.999320301313677
0.998744297745731
0.998168774700338
0.997593727463576
0.997019151336293
0.996445041634184
0.99587139368787
0.995298202842986
0.994725464460251
0.99415317391555
0.993581326600016
0.993009917920101
0.992438943297659
0.99186839817002
0.991298277990065
0.990728578226307
0.990159294362958
0.989590421900012
0.989021956353312
0.98845389325463
0.987886228151735
0.987318956608468
0.986752074204813
0.986185576536972
0.985619459217429
0.985053717875027
0.984488348155037
0.983923345719224
0.983358706245919
0.982794425430087
0.982230498983393
0.981666922634273
0.981103692127998
0.980540803226741
0.979978251709643
0.979416033372878
0.978854144029719
0.978292579510601
0.977731335663185
0.977170408352422
0.976609793460614
0.97604948688748
0.97548948455021
0.974929782383537
0.974370376339788
0.973811262388948
0.973252436518722
0.972693894734587
0.972135633059861
0.97157764753575
0.971019934221412
0.970462489194013
0.969905308548783
0.969348388399069
0.968791724876397
0.968235314130521
0.967679152329479
0.967123235659646
0.966567560325791
0.966012122551124
0.965456918577354
0.964901944664735
0.964347197092121
0.963792672157016
0.963238366175623
0.962684275482893
0.962130396432578
0.961576725397273
0.961023258768471
0.960469992956602
0.959916924391089
0.959364049520388
0.958811364812037
0.958258866752699
0.957706551848206
0.957154416623609
0.956602457623215
0.956050671410631
0.955499054568812
0.954947603700096
0.954396315426249
0.953845186388509
0.953294213247619
0.952743392683872
0.952192721397149
0.95164219610696
0.951091813552477
0.950541570492578
0.949991463705878
0.949441489990771
0.948891646165463
0.948341929068007
0.947792335556342
0.947242862508321
0.946693506821752
0.946144265414426
0.945595135224152
0.945046113208789
0.944497196346277
0.94394838163467
0.943399666092165
0.942851046757132
0.942302520688143
0.941754084964006
0.941205736683785
0.940657472966835
0.940109290952824
0.939561187801766
0.93901316069404
0.938465206830422
0.937917323432106
0.93736950774073
0.936821757018402
0.93627406854772
0.935726439631795
0.935178867594278
0.934631349779377
0.934083883551881
0.933536466297177
0.932989095421277
0.932441768350831
0.93189448253315
0.931347235436221
0.93080002454873
0.930252847380075
0.929705701460385
0.929158584340535
0.928611493592164
0.928064426807688
0.927517381600315
0.926970355604061
0.926423346473762
0.925876351885085
0.925329369534546
0.924782397139517
0.924235432438239
0.923688473189832
0.923141517174309
0.922594562192579
0.922047606066463
0.921500646638699
0.920953681772948
0.920406709353809
0.919859727286817
0.919312733498455
0.918765725936159
0.918218702568323
0.917671661384302
0.917124600394419
0.916577517629967
0.916030411143212
0.915483279007398
0.914936119316746
0.914388930186455
0.913841709752708
0.913294456172666
0.912747167624473
0.912199842307251
0.911652478441104
0.911105074267109
0.910557628047321
0.910010138064765
0.909462602623436
0.908915020048293
0.908367388685255
0.907819706901194
0.907271973083933
0.90672418564224
0.906176343005818
0.905628443625297
0.905080485972231
0.904532468539088
0.903984389839239
0.903436248406951
0.902888042797374
0.902339771586537
0.901791433371329
0.901243026769493
0.900694550419611
0.900146002981095
0.899597383134169
0.89904868957986
0.898499921039981
0.897951076257117
0.89740215399461
0.896853153036544
0.896304072187726
0.895754910273672
0.895205666140591
0.894656338655361
0.894106926705518
0.893557429199231
0.893007845065288
0.89245817325307
0.891908412732537
0.891358562494202
0.890808621549113
0.890258588928828
0.889708463685395
0.889158244891327
0.88860793163958
0.888057523043529
0.887507018236941
0.886956416373953
0.886405716629046
0.885854918197017
0.885304020292952
0.884753022152203
0.884201923030358
0.88365072220321
0.883099418966733
0.882548012637053
0.881996502550412
0.881444888063147
0.880893168551652
0.880341343412351
0.879789412061665
0.87923737393598
0.878685228491617
0.878132975204792
0.877580613571593
0.877028143107936
0.876475563349536
0.875922873851872
0.87537007419015
0.874817163959267
0.874264142773775
0.873711010267845
0.87315776609523
0.872604409929224
0.872050941462629
0.87149736040771
0.870943666496163
0.870389859479068
0.869835939126855
0.86928190522926
0.868727757595284
0.868173496053154
0.867619120450278
0.867064630653206
0.866510026547584
0.865955308038112
0.8654004750485
0.864845527521426
0.864290465418487
0.86373528872016
0.863179997425749
0.862624591553345
0.86206907113978
0.861513436240574
0.860957686929894
0.860401823300505
0.859845845463719
0.859289753549351
0.858733547705665
0.858177228099329
0.857620794915365
0.857064248357094
0.856507588646093
0.855950816022137
0.855393930743153
0.854836933085162
0.854279823342236
0.853722601826435
0.853165268867762
0.852607824814107
0.852050270031191
0.851492604902514
0.850934829829301
0.850376945230447
0.849818951542459
0.849260849219403
0.848702638732848
0.848144320571807
0.847585895242682
0.847027363269209
0.846468725192394
0.845909981570463
0.845351132978797
0.844792180009877
0.844233123273224
0.84367396339534
0.843114701019646
0.842555336806427
0.841995871432766
0.841436305592485
0.840876639996086
0.840316875370688
0.839757012459964
0.83919705202408
0.838636994839633
0.838076841699588
0.837516593413213
0.836956250806018
0.83639581471969
0.83583528601203
0.835274665556887
0.834713954244093
0.834153152979399
0.833592262684411
0.833031284296523
0.832470218768848
0.831909067070157
0.83134783018481
0.830786509112687
0.830225104869127
0.829663618484852
0.829102051005906
0.828540403493585
0.827978677024368
0.827416872689849
0.826854991596668
0.826293034866441
0.825731003635694
0.825168899055788
0.824606722292854
0.82404447452772
0.823482156955842
0.82291977078723
0.822357317246383
0.821794797572213
0.821232213017976
0.820669564851197
0.820106854353603
0.819544082821048
0.81898125156344
0.818418361904669
0.817855415182536
0.817292412748676
0.816729355968491
0.816166246221067
0.815603084899112
0.815039873408871
0.814476613170059
0.813913305615785
0.813349952192475
0.8127865543598
0.8122231135906
0.81165963137081
0.811096109199382
0.810532548588212
0.809968951062064
0.809405318158492
0.808841651427767
0.808277952432797
0.807714222749056
0.807150463964502
0.806586677679502
0.806022865506757
0.805459029071222
0.804895170010032
0.804331289972421
0.803767390619647
0.803203473624915
0.802639540673294
0.802075593461647
0.801511633698545
0.800947663104195
0.800383683410359
0.799819696360273
0.799255703708573
0.798691707221214
0.79812770867539
0.797563709859457
0.796999712572854
0.796435718626022
0.795871729840325
0.795307748047972
0.794743775091937
0.794179812825877
0.793615863114057
0.793051927831264
0.792488008862735
0.791924108104069
0.791360227461152
0.790796368850074
0.790232534197052
0.789668725438346
0.789104944520182
0.788541193398668
0.787977474039718
0.787413788418966
0.786850138521691
0.786286526342731
0.785722953886408
0.785159423166441
0.78459593620587
0.784032495036974
0.783469101701186
0.782905758249021
0.782342466739984
0.781779229242498
0.78121604783382
0.780652924599956
0.780089861635587
0.779526861043982
0.77896392493692
0.778401055434608
0.777838254665601
0.777275524766717
0.776712867882961
0.776150286167441
0.775587781781287
0.775025356893569
0.77446301368122
0.77390075432895
0.773338581029165
0.772776495981892
0.772214501394691
0.771652599482575
0.771090792467935
0.770529082580451
0.769967472057016
0.769405963141654
0.768844558085437
0.768283259146408
0.767722068589498
0.767160988686443
0.766600021715709
0.766039169962406
0.76547843571821
0.764917821281282
0.764357328956186
0.763796961053812
0.763236719891291
0.762676607791921
0.76211662708508
0.761556780106149
0.760997069196434
0.76043749670308
0.759878064979
0.759318776382785
0.758759633278634
0.758200638036265
0.757641793030843
0.757083100642898
0.756524563258243
0.755966183267899
0.755407963068013
0.75484990505978
0.754292011649363
0.753734285247816
0.753176728271003
0.752619343139522
0.752062132278624
0.751505098118136
0.750948243092384
0.75039156964011
0.749835080204401
0.749278777232604
0.748722663176254
0.748166740490994
0.747611011636497
0.747055479076388
0.746500145278172
0.745945012713148
0.745390083856341
0.74483536118642
0.744280847185623
0.743726544339681
0.743172455137739
0.742618582072285
0.742064927639069
0.741511494337029
0.740958284668218
0.740405301137723
0.739852546253595
0.73930002252677
0.738747732470998
0.738195678602764
0.737643863441217
0.737092289508092
0.736540959327638
0.735989875426546
0.735439040333871
0.734888456580959
0.734338126701377
0.733788053230837
0.733238238707121
0.732688685670013
0.732139396661223
0.731590374224313
0.731041620904631
0.730493139249231
0.729944931806807
0.729397001127618
0.728849349763418
0.728301980267387
0.727754895194053
0.727208097099228
0.726661588539937
0.726115372074342
0.725569450261677
0.725023825662178
0.724478500837011
0.7239334783482
0.723388760758567
0.722844350631652
0.722300250531653
0.721756463023351
0.721212990672045
0.720669836043485
0.7201270017038
0.719584490219434
0.719042304157078
0.718500446083601
0.717958918565985
0.717417724171258
0.716876865466427
0.716336345018413
0.715796165393984
0.715256329159688
0.714716838881792
0.714177697126213
0.713638906458453
0.713100469443539
0.712562388645952
0.712024666629567
0.711487305957591
0.710950309192493
0.710413678895946
0.709877417628764
0.709341527950835
0.708806012421064
0.708270873597305
0.707736114036305
0.707201736293636
0.706667742923639
0.706134136479361
0.705600919512491
0.705068094573306
0.704535664210604
0.704003630971647
0.703471997402103
0.702940766045984
0.702409939445584
0.701879520141428
0.701349510672206
0.700819913574719
0.700290731383818
0.699761966632348
0.69923362185109
0.698705699568705
0.698178202311673
0.697651132604243
0.69712449296837
0.696598285923663
0.696072513987328
0.695547179674113
0.695022285496252
0.694497833963411
0.693973827582632
0.693450268858281
0.692927160291992
0.692404504382614
0.691882303626158
0.691360560515744
0.690839277541545
0.690318457190741
0.689798101947461
0.689278214292732
0.688758796704431
0.688239851657231
0.687721381622547
0.687203389068491
0.686685876459821
0.686168846257884
0.685652300920577
0.685136242902287
0.684620674653849
0.684105598622494
0.683591017251802
0.683076932981651
0.682563348248174
0.682050265483706
0.681537687116738
0.681025615571875
0.680514053269781
0.680003002627139
0.679492466056602
0.678982445966748
0.678472944762035
0.677963964842755
0.677455508604989
0.676947578440562
0.676440176737002
0.675933305877491
0.675426968240825
0.674921166201371
0.67441590212902
0.673911178389149
0.673406997342576
0.672903361345518
0.672400272749549
0.671897733901561
0.671395747143721
0.670894314813427
0.670393439243275
0.669893122761012
0.669393367689499
0.66889417634667
0.668395551045495
0.667897494093939
0.667400007794924
0.666903094446291
0.66640675634076
0.665910995765895
0.665415815004064
0.664921216332407
0.664427202022789
0.663933774341775
0.663440935550587
0.662948687905068
0.66245703365565
0.661965975047317
0.661475514319568
0.660985653706385
0.660496395436197
0.660007741731849
0.659519694810562
0.659032256883908
0.658545430157767
0.658059216832304
0.657573619101928
0.657088639155267
0.65660427917513
0.656120541338478
0.655637427816395
0.655154940774052
0.65467308237068
0.654191854759539
0.653711260087884
0.653231300496942
0.652751978121877
0.652273295091762
0.651795253529553
0.651317855552056
0.650841103269899
0.65036499878751
0.64988954420308
0.649414741608542
0.648940593089543
0.648467100725415
0.647994266589149
0.647522092747372
0.647050581260313
0.646579734181788
0.646109553559165
0.645640041433344
0.645171199838732
0.644703030803216
0.64423553634814
0.643768718488283
0.64330257923183
0.642837120580355
0.642372344528792
0.641908253065417
0.641444848171823
0.640982131822895
0.640520105986794
0.640058772624931
0.639598133691948
0.639138191135691
0.638678946897198
0.638220402910673
0.637762561103463
0.637305423396045
0.636848991702002
0.636393267928001
0.63593825397378
0.635483951732122
0.635030363088844
0.634577489922771
0.634125334105721
0.633673897502489
0.633223181970825
0.632773189361422
0.632323921517893
0.631875380276756
0.631427567467422
0.630980484912172
0.630534134426144
0.630088517817316
0.629643636886493
0.629199493427288
0.62875608922611
0.628313426062146
0.62787150570735
0.627430329926425
0.626989900476812
0.626550219108674
0.626111287564883
0.625673107581008
0.625235680885299
0.624799009198678
0.62436309423472
0.62392793769965
0.623493541292321
0.623059906704209
0.622627035619398
0.622194929714571
0.621763590658995
0.621333020114514
0.620903219735535
0.620474191169021
0.620045936054476
0.619618456023941
0.619191752701978
0.618765827705663
0.618340682644581
0.617916319120807
0.617492738728906
0.617069943055921
0.616647933681364
0.616226712177208
0.61580628010788
0.615386639030251
0.61496779049363
0.614549736039758
0.614132477202797
0.613716015509328
0.613300352478337
0.612885489621217
0.612471428441755
0.612058170436129
0.611645717092901
0.611234069893013
0.610823230309779
0.61041319980888
0.610003979848359
0.609595571878621
0.609187977342418
0.608781197674854
0.608375234303375
0.60797008864777
0.607565762120159
0.607162256124998
0.60675957205907
0.606357711311482
0.605956675263665
0.605556465289367
0.605157082754651
0.604758529017897
0.604360805429792
0.603963913333333
0.603567854063822
0.603172628948868
0.60277823930838
0.602384686454568
0.601991971691943
0.601600096317314
0.601209061619785
0.600818868880758
0.60042951937393
0.600041014365292
0.599653355113132
0.599266542868029
0.598880578872858
0.598495464362785
0.598111200565274
0.597727788700082
0.597345229979261
0.596963525607157
0.596582676780417
0.59620268468798
0.595823550511089
0.595445275423284
0.595067860590405
0.594691307170599
0.594315616314313
0.593940789164305
0.593566826855639
0.593193730515689
0.592821501264143
0.592450140213005
0.592079648466595
0.591710027121554
0.591341277266848
0.590973399983768
0.590606396345933
0.590240267419298
0.589875014262149
0.589510637925117
0.589147139451171
0.588784519875629
0.588422780226159
0.588061921522784
0.587701944777884
0.587342850996204
0.586984641174852
0.586627316303312
0.58627087736344
0.585915325329475
0.58556066116804
0.585206885838148
0.584854000291208
0.584502005471029
0.584150902313824
0.583800691748219
0.583451374695253
0.583102952068389
0.582755424773516
0.582408793708956
0.58206305976547
0.581718223826261
0.581374286766986
0.581031249455755
0.580689112753144
0.580347877512195
0.580007544578427
0.579668114789838
0.579329588976918
0.578991967962649
0.578655252562515
0.578319443584508
0.577984541829136
0.577650548089427
0.577317463150938
0.576985287791765
0.576654022782544
0.576323668886463
0.575994226859265
0.575665697449263
0.575338081397336
0.575011379436949
0.57468559229415
0.574360720687586
0.574036765328503
0.57371372692076
0.573391606160835
0.57307040373783
0.572750120333483
0.572430756622175
0.572112313270935
0.571794790939453
0.571478190280083
0.571162511937858
0.570847756550489
0.570533924748383
0.570221017154646
0.569909034385089
0.569597977048245
0.569287845745369
0.568978641070451
0.568670363610223
0.568363013944169
0.568056592644533
0.567751100276327
0.567446537397341
0.567142904558151
0.566840202302129
0.566538431165449
0.566237591677099
0.565937684358891
0.565638709725465
0.565340668284301
0.565043560535731
0.564747386972941
0.564452148081988
0.564157844341802
0.5638644762242
0.563572044193894
0.563280548708498
0.562989990218542
0.562700369167475
0.562411685991679
0.562123941120478
0.561837134976144
0.561551267973909
0.561266340521974
0.560982353021519
0.560699305866709
0.560417199444709
0.560136034135686
0.559855810312827
0.55957652834234
0.55929818858347
0.559020791388505
0.558744337102785
0.558468826064714
0.558194258605766
0.557920635050499
0.557647955716559
0.557376220914695
0.557105430948762
0.556835586115737
0.556566686705725
0.556298733001967
0.556031725280853
0.555765663811928
0.555500548857905
0.55523638067467
0.554973159511295
0.554710885610046
0.554449559206392
0.554189180529014
0.553929749799817
0.553671267233936
0.553413733039746
0.553157147418873
0.552901510566202
0.552646822669885
0.552393083911353
0.552140294465324
0.551888454499811
0.551637564176132
0.551387623648919
0.551138633066129
0.550890592569049
0.550643502292309
0.55039736236389
0.550152172905131
0.549907934030741
0.549664645848804
0.549422308460792
0.549180921961573
0.548940486439417
0.548701001976008
0.548462468646453
0.548224886519286
0.547988255656484
0.547752576113469
0.547517847939121
0.547284071175784
0.547051245859277
0.5468193720189
0.546588449677444
0.5463584788512
0.546129459549965
0.545901391777054
0.545674275529304
0.545448110797088
0.545222897564315
0.544998635808446
0.544775325500501
0.544552966605061
0.544331559080282
0.544111102877904
0.543891597943253
0.543673044215253
0.543455441626435
0.54323879010294
0.543023089564532
0.542808339924603
0.542594541090181
0.542381692961937
0.542169795434193
0.541958848394932
0.541748851725802
0.541539805302124
0.541331708992901
0.541124562660823
0.540918366162277
0.540713119347352
0.540508822059847
0.540305474137276
0.54010307541088
0.539901625705629
0.539701124840231
0.539501572627137
0.539302968872552
0.539105313376437
0.538908605932517
0.538712846328291
0.538518034345031
0.538324169757798
0.538131252335439
0.537939281840601
0.537748258029733
0.537558180653091
0.537369049454749
0.537180864172602
0.53699362453837
0.536807330277608
0.53662198110971
0.536437576747914
0.536254116899309
0.53607160126484
0.535890029539313
0.535709401411402
0.535529716563652
0.535350974672489
0.535173175408218
0.534996318435036
0.534820403411031
0.534645429988192
0.534471397812409
0.534298306523481
0.534126155755122
0.533954945134963
0.533784674284556
0.533615342819383
0.533446950348856
0.533279496476325
0.533112980799079
0.532947402908354
0.532782762389333
0.532619058821153
0.532456291776911
0.532294460823661
0.532133565522427
0.531973605428199
0.531814580089942
0.531656489050596
0.531499331847082
0.531343108010307
0.531187817065161
0.531033458530529
0.530880031919287
0.530727536738309
0.530575972488471
0.53042533866465
0.53027563475573
0.530126860244605
0.529979014608181
0.529832097317377
0.529686107837133
0.529541045626405
0.529396910138175
0.529253700819446
0.529111417111253
0.528970058448657
0.528829624260751
0.528690113970663
0.528551526995555
0.52841386274663
0.528277120629125
0.528141300042324
0.528006400379551
0.527872421028173
0.527739361369606
0.527607220779312
0.527475998626801
0.527345694275635
0.527216307083426
0.527087836401838
0.526960281576588
0.526833641947448
0.526707916848246
0.526583105606863
0.526459207545239
0.52633622197937
0.52621414821931
0.526092985569171
0.525972733327122
0.525853390785394
0.525734957230273
0.525617431942107
0.525500814195301
0.525385103258319
0.525270298393685
0.525156398857981
0.525043403901845
0.524931312769978
0.524820124701133
0.524709838928124
0.524600454677817
0.524491971171137
0.524384387623061
0.524277703242623
0.524171917232907
0.524067028791049
0.523963037108238
0.52385994136971
0.52375774075475
0.52365643443669
0.523556021582907
0.523456501354822
0.5233578729079
0.523260135391643
0.523163287949595
0.523067329719336
0.52297225983248
0.522878077414676
0.522784781585603
0.522692371458968
0.522600846142507
0.522510204737978
0.522420446341163
0.522331570041861
0.522243574923892
0.522156460065084
0.522070224537284
0.521984867406343
0.521900387732121
0.521816784568477
0.521734056963276
0.521652203958376
0.521571224589631
0.521491117886883
0.521411882873966
0.521333518568695
0.521256023982866
0.521179398122253
0.521103639986605
0.521028748569638
0.520954722859038
0.520881561836449
0.520809264477479
0.520737829751687
0.520667256622585
0.52059754404763
0.520528690978224
0.520460696359704
0.520393559131345
0.520327278226351
0.520261852571849
0.520197281088889
0.520133562692439
0.520070696291377
0.520008680788487
0.51994751508046
0.51988719805788
0.519827728605227
0.519769105600868
0.519711327917054
0.519654394419912
0.519598303969445
0.519543055419522
0.519488647617875
0.519435079406092
0.519382349619617
0.519330457087736
0.51927940063358
0.519229179074113
0.519179791220131
0.519131235876254
0.519083511840921
0.519036617906385
0.518990552858705
0.518945315477742
0.518900904537154
0.518857318804388
0.518814557040675
0.518772618001023
0.518731500434214
0.518691203082792
0.518651724683066
0.518613063965092
0.518575219652678
0.51853819046337
0.518501975108449
0.518466572292925
0.518431980715527
0.518398199068702
0.518365226038603
0.518333060305086
0.518301700541703
0.518271145415693
0.518241393587977
0.518212443713154
0.518184294439488
0.518156944408906
0.51813039225699
0.51810463661297
0.518079676099716
0.518055509333732
0.518032134925151
0.518009551477723
0.517987757588815
0.517966751849395
0.517946532844034
0.517927099150892
0.517908449341715
0.517890581981825
0.517873495630116
0.517857188839042
0.517841660154616
0.517826908116395
0.517812931257481
0.517799728104508
0.517787297177635
0.517775636990541
0.517764746050418
0.517754622857959
0.517745265907355
0.517736673686286
0.517728844675916
0.517721777350878
0.517715470179276
0.517709921622672
0.517705130136079
0.517701094167955
0.517697812160195
0.51769528254812
0.517693503760475
0.51769247421942
0.517692192340519
0.517692656532735
0.517693865198423
0.51769581673332
0.517698509526542
0.51770194196057
0.517706112411248
0.517711019247772
0.517716660832684
0.517723035521864
0.517730141664522
0.517737977603191
0.517746541673721
0.517755832205266
0.517765847520284
0.517776585934524
0.517788045757018
0.51780022529008
0.51781312282929
0.517826736663493
0.517841065074787
0.51785610633852
0.517871858723279
0.517888320490882
0.517905489896375
0.517923365188021
0.517941944607293
0.517961226388868
0.517981208760617
0.518001889943603
0.518023268152066
0.518045341593424
0.518068108468259
0.518091566970315
0.518115715286486
0.518140551596813
0.518166074074475
0.518192280885782
0.518219170190168
0.518246740140186
0.518274988881496
0.518303914552863
0.51833351528615
0.518363789206307
0.518394734431369
0.518426349072445
0.518458631233717
0.518491579012426
0.518525190498871
0.5185594637764
0.518594396921405
0.518629988003314
0.518666235084587
0.518703136220704
0.518740689460167
0.518778892844488
0.518817744408183
0.518857242178768
0.518897384176753
0.518938168415634
0.518979592901889
0.51902165563497
0.519064354607301
0.519107687804267
0.519151653204213
0.519196248778436
0.519241472491179
0.519287322299629
0.519333796153907
0.519380891997066
0.519428607765084
0.519476941386861
0.519525890784209
0.519575453871855
0.519625628557429
0.519676412741461
0.519727804317378
0.519779801171499
0.519832401183029
0.519885602224056
0.519939402159544
0.519993798847333
0.52004879013813
0.520104373875509
0.520160547895904
0.520217310028608
0.520274658095765
0.520332589912372
0.520391103286268
0.520450196018139
0.520509865901506
0.520570110722729
0.520630928261
0.520692316288338
0.520754272569591
0.520816794862431
0.520879880917349
0.520943528477656
0.521007735279477
0.521072499051751
0.521137817516228
0.521203688387466
0.521270109372832
0.521337078172493
0.521404592479423
0.521472649979396
0.521541248350985
0.52161038526556
0.521680058387291
0.52175026537314
0.521821003872865
0.521892271529019
0.521964065976944
0.522036384844778
0.522109225753449
0.522182586316674
0.522256464140964
0.52233085682562
0.522405761962732
0.522481177137183
0.522557099926647
0.522633527901588
0.522710458625265
0.522787889653728
0.522865818535822
0.522944242813186
0.523023160020258
0.523102567684271
0.523182463325258
0.523262844456054
0.523343708582294
0.523425053202421
0.523506875807683
0.523589173882139
0.523671944902657
0.523755186338922
0.523838895653435
0.523923070301518
0.524007707731316
0.524092805383801
0.524178360692775
0.524264371084875
0.524350833979574
0.52443774678919
0.524525106918884
0.524612911766669
0.524701158723415
0.524789845172848
0.524878968491561
0.524968526049019
0.525058515207559
0.525148933322401
0.525239777741651
0.525331045806308
0.525422734850269
0.525514842200336
0.525607365176223
0.525700301090562
0.52579364724891
0.525887400949754
0.525981559484525
0.526076120137597
0.526171080186298
0.526266436900923
0.526362187544732
0.526458329373967
0.526554859637859
0.52665177557863
0.526749074431512
0.526846753424749
0.526944809779608
0.527043240710391
0.527142043424441
0.527241215122156
0.527340752996995
0.527440654235493
0.527540916017269
0.527641535515035
0.527742509894612
0.527843836314938
0.527945511928081
0.528047533879248
0.528149899306803
0.528252605342272
0.528355649110361
0.528459027728967
0.52856273830919
0.528666777955346
0.528771143764984
0.528875832828896
0.528980842231133
0.529086169049015
0.529191810353153
0.529297763207458
0.529404024669156
0.529510591788806
0.529617461610312
0.529724631170944
0.529832097501346
0.529939857625561
0.53004790856104
0.530156247318663
0.530264870902754
0.530373776311098
0.530482960534962
0.530592420559107
0.53070215336181
0.530812155914881
0.530922425183681
0.531032958127141
0.531143751697783
0.531254802841736
0.531366108498758
0.531477665602252
0.531589471079292
0.531701521850639
0.531813814830763
0.531926346927862
0.532039115043888
0.532152116074562
0.5322653469094
0.532378804431735
0.532492485518735
0.532606387041432
0.53272050586474
0.532834838847477
0.532949382842394
0.533064134696195
0.533179091249559
0.533294249337169
0.533409605787731
0.533525157424006
0.533640901062826
0.533756833515126
0.533872951585969
0.533989252074569
0.534105731774319
0.534222387472816
0.534339215951892
0.534456213987634
0.534573378350419
0.534690705804936
0.534808193110217
0.534925837019662
0.535043634281072
0.535161581636675
0.535279675823155
0.535397913571683
0.535516291607943
0.535634806652167
0.535753455419164
0.535872234618347
0.535991140953768
0.536110171124147
0.536229321822905
0.536348589738193
0.53646797155293
0.536587463944826
0.536707063586426
0.536826767145132
0.536946571283245
0.537066472657993
0.537186467921569
0.537306553721163
0.537426726698994
0.53754698349235
0.537667320733622
0.537787735050336
0.537908223065191
0.538028781396097
0.538149406656207
0.538270095453959
0.538390844393107
0.538511650072765
0.538632509087437
0.538753418027063
0.53887437347705
0.538995372018316
0.539116410227326
0.539237484676131
0.539358591932409
0.539479728559505
0.539600891116468
0.539722076158095
0.539843280234972
0.53996449989351
0.540085731675991
0.54020697212061
0.540328217761514
0.540449465128845
0.540570710748785
0.540691951143596
0.540813182831665
0.540934402327546
0.541055606142007
0.54117679078207
0.541297952751057
0.541419088548638
0.541540194670871
0.54166126761025
0.541782303855752
0.54190329989288
0.542024252203712
0.542145157266946
0.542266011557947
0.542386811548796
0.542507553708336
0.542628234502221
0.542748850392962
0.542869397839978
0.542989873299644
0.543110273225341
0.543230594067503
0.543350832273669
0.543470984288532
0.543591046553991
0.543711015509199
0.543830887590617
0.543950659232062
0.544070326864762
0.544189886917405
0.544309335816193
0.544428669984896
0.544547885844899
0.544666979815263
0.544785948312772
0.54490478775199
0.545023494545315
0.54514206510303
0.545260495833365
0.545378783142541
0.545496923434837
0.545614913112638
0.545732748576491
0.545850426225166
0.545967942455707
0.546085293663493
0.546202476242292
0.54631948658432
0.546436321080297
0.546552976119507
0.546669448089856
0.546785733377928
0.546901828369045
0.547017729447329
0.547133432995756
0.547248935396222
0.547364233029594
0.547479322275781
0.547594199513785
0.547708861121769
0.547823303477112
0.547937522956476
0.548051515935861
0.548165278790675
0.548278807895788
0.5483920996256
0.548505150354102
0.548617956454938
0.54873051430147
0.54884282026684
0.548954870724034
0.549066662045949
0.54917819060545
0.549289452775444
0.549400444928937
0.549511163439104
0.549621604679351
0.549731765023384
0.549841640845272
0.549951228519514
0.550060524421107
0.550169524925608
0.550278226409207
0.55038662524879
0.550494717822009
0.550602500507345
0.550709969684182
0.550817121732871
0.550923953034799
0.551030459972459
0.551136638929517
0.551242486290882
0.551347998442775
0.551453171772799
0.551558002670009
0.551662487524981
0.551766622729881
0.551870404678539
0.551973829766517
0.55207689439118
0.552179594951767
0.552281927849466
0.552383889487477
0.552485476271095
0.552586684607771
0.552687510907191
0.552787951581348
0.552888003044609
0.552987661713796
0.553086924008252
0.553185786349917
0.553284245163402
0.55338229687606
0.553479937918064
0.553577164722474
0.55367397372532
0.553770361365668
0.553866324085699
0.553961858330783
0.554056960549553
0.55415162719398
0.554245854719448
0.554339639584832
0.554432978252569
0.554525867188736
0.554618302863126
0.554710281749324
0.554801800324783
0.554892855070898
0.554983442473087
0.555073559020863
0.555163201207913
0.555252365532174
0.555341048495911
0.555429246605795
0.555516956372977
0.555604174313166
0.55569089694671
0.555777120798671
0.555862842398903
0.555948058282129
0.556032764988021
0.556116959061276
0.556200637051696
0.556283795514268
0.556366431009235
0.556448540102185
0.55653011936412
0.556611165371543
0.556691674706529
0.556771643956811
0.556851069715854
0.556929948582936
0.557008277163229
0.557086052067874
0.557163269914065
0.557239927325125
0.557316020930586
0.557391547366271
0.55746650327437
0.557540885303523
0.557614690108898
0.55768791435227
0.557760554702104
0.557832607833631
0.55790407042893
0.557974939177008
0.55804521077388
0.55811488192265
0.558183949333587
0.55825240972421
0.558320259819365
0.558387496351308
0.558454116059783
0.558520115692101
0.558585492003223
0.558650241755841
0.558714361720453
0.558777848675449
0.558840699407188
0.558902910710078
0.558964479386659
0.559025402247681
0.559085676112184
0.559145297807578
0.559204264169726
0.559262572043021
0.559320218280467
0.559377199743758
0.559433513303363
0.559489155838596
0.559544124237709
0.55959841539796
0.5596520262257
0.559704953636449
0.55975719455498
0.559808745915393
0.559859604661201
0.559909767745402
0.559959232130566
0.560007994788908
0.560056052702374
0.560103402862714
0.560150042271563
0.560195967940522
0.560241176891237
0.560285666155472
0.560329432775197
0.560372473802659
0.560414786300465
0.560456367341658
0.560497214009795
0.560537323399028
0.56057669261418
0.560615318770824
0.560653198995357
0.560690330425086
0.560726710208295
0.560762335504331
0.560797203483676
0.560831311328029
0.560864656230376
0.560897235395074
0.560929046037921
0.560960085386241
0.560990350678949
0.561019839166638
0.561048548111648
0.561076474788143
0.56110361648219
0.56112997049183
0.561155534127156
0.561180304710387
0.561204279575941
0.561227456070514
0.561249831553151
0.561271403395319
0.561292168980987
0.561312125706692
0.561331270981618
0.561349602227667
0.561367116879533
0.561383812384774
0.561399686203885
0.561414735810371
0.561428958690818
0.561442352344965
0.561454914285777
0.561466642039514
0.561477533145804
0.561487585157715
0.56149679564182
0.561505162178275
0.561512682360882
0.561519353797165
0.561525174108432
0.561530140929853
0.561534251910522
0.561537504713528
0.561539897016025
0.561541426509294
0.561542090898821
0.561541887904352
0.561540815259972
0.561538870714163
0.561536052029872
0.561532356984583
0.561527783370376
0.561522328993994
0.56151599167691
0.561508769255392
0.561500659580564
0.561491660518473
0.561481769950154
0.561470985771687
0.56145930589427
0.561446728244272
0.5614332507633
0.561418871408263
0.561403588151428
0.561387398980485
0.561370301898608
0.561352294924514
0.561333376092523
0.561313543452618
0.561292795070506
0.561271129027673
0.561248543421447
0.561225036365052
0.56120060598767
0.561175250434493
0.561148967866786
0.561121756461937
0.561093614413518
0.56106453993134
0.561034531241504
0.561003586586461
0.560971704225063
0.560938882432618
0.560905119500946
0.560870413738425
0.560834763470052
0.560798167037489
0.560760622799118
0.560722129130089
0.560682684422375
0.560642287084819
0.560600935543186
0.56055862824021
0.560515363635644
0.56047114020631
0.560425956446145
0.560379810866248
0.56033270199493
0.560284628377756
0.560235588577595
0.560185581174665
0.560134604766576
0.560082657968374
0.56002973941259
0.559975847749277
0.55992098164606
0.55986513978817
0.559808320878494
0.559750523637613
0.559691746803842
0.559631989133274
0.559571249399814
0.559509526395224
0.559446818929162
0.559383125829215
0.559318445940942
0.559252778127909
0.559186121271725
0.559118474272082
0.559049836046786
0.558980205531795
0.558909581681253
0.558837963467523
0.558765349881223
0.558691739931255
0.558617132644841
0.558541527067554
0.558464922263348
0.558387317314588
0.558308711322085
0.55822910340512
0.558148492701474
0.55806687836746
0.557984259577946
0.557900635526387
0.557816005424847
0.55773036850403
0.5576437240133
0.557556071220712
0.557467409413031
0.557377737895759
0.557287055993157
0.557195363048268
0.557102658422939
0.557008941497842
0.556914211672494
0.556818468365282
0.556721711013474
0.556623939073246
0.556525152019696
0.556425349346864
0.556324530567747
0.556222695214319
0.556119842837542
0.556015973007387
0.555911085312844
0.555805179361938
0.555698254781745
0.5555903112184
0.555481348337112
0.555371365822177
0.555260363376987
0.555148340724041
0.555035297604953
0.554921233780465
0.554806149030453
0.554690043153936
0.554572915969081
0.554454767313213
0.554335597042819
0.554215405033553
0.554094191180244
0.553971955396895
0.553848697616692
0.553724417792001
0.553599115894377
0.553472791914559
0.553345445862477
0.553217077767247
0.553087687677174
0.552957275659751
0.552825841801656
0.552693386208749
0.552559909006074
0.55242541033785
0.552289890367468
0.552153349277489
0.552015787269636
0.55187720456479
0.55173760140298
0.55159697804338
0.551455334764298
0.551312671863168
0.551168989656541
0.551024288480074
0.550878568688524
0.550731830655729
0.550584074774605
0.550435301457124
0.550285511134312
0.550134704256224
0.549982881291938
0.549830042729535
0.549676189076087
0.549521320857638
0.549365438619187
0.549208542924674
0.549050634356957
0.548891713517794
0.548731781027829
0.548570837526564
0.548408883672343
0.54824592014233
0.548081947632485
0.547916966857544
0.547750978550995
0.54758398346505
0.547415982370629
0.547246976057324
0.547076965333383
0.546905951025677
0.546733933979677
0.546560915059422
0.546386895147494
0.546211875144988
0.546035855971484
0.545858838565011
0.545680823882025
0.545501812897369
0.545321806604246
0.545140806014185
0.544958812157006
0.54477582608079
0.544591848851839
0.544406881554646
0.544220925291854
0.544033981184225
0.543846050370598
0.543657134007856
0.543467233270882
0.543276349352527
0.543084483463563
0.54289163683265
0.542697810706291
0.54250300634879
0.542307225042215
0.542110468086349
0.541912736798653
0.541714032514217
0.541514356585721
0.541313710383384
0.541112095294925
0.540909512725512
0.540705964097718
0.540501450851472
0.540295974444014
0.540089536349841
0.539882138060667
0.539673781085365
0.539464466949919
0.539254197197379
0.5390429733878
0.5388307970982
0.538617669922499
0.538403593471474
0.538188569372699
0.537972599270495
0.537755684825873
0.53753782771648
0.537319029636544
0.537099292296817
0.536878617424517
0.536657006763271
0.536434462073061
0.53621098513016
0.535986577727076
0.535761241672493
0.535534978791208
0.535307790924076
0.535079679927943
0.534850647675586
0.534620696055655
0.534389826972604
0.534158042346634
0.533925344113624
0.533691734225072
0.533457214648025
0.533221787365018
0.532985454374008
0.532748217688306
0.532510079336509
0.532271041362439
0.532031105825069
0.531790274798459
0.531548550371685
0.531305934648771
0.53106242974862
0.530818037804942
0.530572760966189
0.530326601395474
0.530079561270511
0.529831642783537
0.529582848141238
0.529333179564682
0.529082639289242
0.528831229564523
0.528578952654289
0.528325810836386
0.528071806402671
0.527816941658934
0.527561218924821
0.527304640533763
0.527047208832892
0.526788926182972
0.526529794958314
0.526269817546705
0.526008996349324
0.525747333780667
0.525484832268466
0.525221494253612
0.524957322190072
0.524692318544811
0.524426485797711
0.52415982644149
0.52389234298162
0.523624037936245
0.523354913836103
0.523084973224436
0.522814218656914
0.522542652701549
0.522270277938613
0.521997096960549
0.521723112371896
0.521448326789196
0.521172742840913
0.520896363167347
0.520619190420549
0.520341227264235
0.5200624763737
0.51978294043573
0.519502622148516
0.519221524221569
0.518939649375629
0.518657000342581
0.518373579865363
0.51808939069788
0.517804435604917
0.517518717362046
0.517232238755539
0.516945002582282
0.516657011649677
0.516368268775562
0.51607877678811
0.515788538525749
0.515497556837066
0.515205834580713
0.514913374625321
0.514620179849408
0.514326253141285
0.514031597398963
0.513736215530066
0.513440110451732
0.513143285090526
0.512845742382343
0.512547485272319
0.512248516714731
0.511948839672914
0.511648457119155
0.511347372034608
0.511045587409197
0.510743106241522
0.510439931538763
0.510136066316588
0.509831513599055
0.509526276418521
0.509220357815542
0.508913760838783
0.508606488544919
0.508298543998537
0.507989930272047
0.507680650445581
0.507370707606897
0.507060104851286
0.506748845281471
0.506436932007516
0.506124368146725
0.505811156823545
0.505497301169473
0.505182804322955
0.504867669429293
0.504551899640543
0.504235498115422
0.503918468019207
0.50360081252364
0.50328253480683
0.502963638053154
0.502644125453161
0.502324000203473
0.502003265506688
0.501681924571281
0.501359980611505
0.501037436847297
0.500714296504176
0.500390562813145
0.500066239010594
0.499741328338204
0.499415834042842
0.499089759376469
0.49876310759604
0.498435881963402
0.498108085745202
0.497779722212782
0.497450794642085
0.497121306313554
0.496791260512036
0.496460660526679
0.496129509650839
0.495797811181978
0.495465568421566
0.495132784674984
0.494799463251423
0.494465607463788
0.494131220628598
0.493796306065889
0.493460867099114
0.493124907055045
0.492788429263676
0.492451437058124
0.49211393377453
0.491775922751963
0.49143740733232
0.491098390860226
0.490758876682943
0.490418868150264
0.49007836861442
0.489737381429982
0.48939590995376
0.489053957544711
0.488711527563836
0.488368623374086
0.488025248340262
0.48768140582892
0.487337099208275
0.4869923318481
0.486647107119632
0.486301428395475
0.485955299049501
0.485608722456758
0.485261701993368
0.484914241036435
0.484566342963948
0.484218011154682
0.483869248988106
0.483520059844285
0.483170447103784
0.482820414147576
0.482469964356941
0.482119101113375
0.481767827798494
0.48141614779394
0.481064064481283
0.48071158124193
0.48035870145703
0.480005428507377
0.479651765773321
0.479297716634669
0.478943284470595
0.478588472659544
0.47823328457914
0.477877723606093
0.477521793116108
0.477165496483787
0.476808837082541
0.476451818284497
0.476094443460405
0.475736715979545
0.47537863920964
0.475020216516759
0.474661451265228
0.474302346817541
0.473942906534266
0.473583133773956
0.47322303189306
0.47286260424583
0.472501854184232
0.47214078505786
0.471779400213841
0.47141770299675
0.471055696748519
0.470693384808351
0.470330770512628
0.469967857194825
0.469604648185422
0.469241146811817
0.468877356398238
0.468513280265656
0.468148921731696
0.467784284110557
0.467419370712919
0.467054184845858
0.466688729812766
0.466323008913258
0.465957025443092
0.465590782694082
0.465224283954016
0.464857532506568
0.464490531631215
0.464123284603157
0.46375579469323
0.463388065167823
0.463020099288797
0.462651900313402
0.462283471494194
0.461914816078954
0.461545937310607
0.46117683842714
0.460807522661519
0.460437993241615
0.460068253390116
0.459698306324452
0.459328155256714
0.458957803393575
0.458587253936209
0.458216510080216
0.457845575015541
0.457474451926399
0.457103143991193
0.456731654382439
0.456359986266691
0.455988142804463
0.455616127150148
0.455243942451952
0.454871591851809
0.454499078485313
0.454126405481636
0.45375357596346
0.453380593046899
0.453007459841428
0.452634179449806
0.452260754968006
0.45188718948514
0.451513486083389
0.451139647837928
0.450765677816859
0.450391579081133
0.450017354684487
0.449643007673365
0.449268541086856
0.448893957956617
0.44851926130681
0.448144454154027
0.447769539507226
0.44739452036766
0.44701939972881
0.446644180576317
0.446268865887916
0.445893458633365
0.445517961774387
0.445142378264595
0.44476671104943
0.444390963066098
0.444015137243501
0.443639236502175
0.443263263754226
0.442887221903263
0.44251111384434
0.442134942463889
0.441758710639656
0.441382421240646
0.441006077127053
0.440629681150203
0.440253236152493
0.439876744967328
0.439500210419063
0.439123635322943
0.438747022485041
0.438370374702202
0.437993694761985
0.437616985442599
0.437240249512853
0.436863489732092
0.436486708850143
0.43610990960726
0.435733094734062
0.435356266951485
0.434979428970719
0.434602583493157
0.43422573321034
0.433848880803903
0.43347202894552
0.433095180296849
0.432718337509485
0.432341503224899
0.431964680074394
0.431587870679046
0.431211077649657
0.430834303586704
0.430457551080284
0.430080822710072
0.42970412104526
0.429327448644517
0.428950808055938
0.428574201816991
0.428197632454472
0.42782110248446
0.427444614412264
0.427068170732379
0.42669177392844
0.426315426473174
0.425939130828356
0.425562889444761
0.425186704762123
0.424810579209086
0.424434515203166
0.424058515150698
0.423682581446802
0.423306716475333
0.422930922608846
0.422555202208544
0.422179557624246
0.42180399119434
0.421428505245741
0.421053102093857
0.420677784042542
0.420302553384059
0.419927412399044
0.41955236335646
0.419177408513565
0.418802550115869
0.418427790397101
0.418053131579169
0.417678575872121
0.417304125474114
0.416929782571372
0.416555549338156
0.416181427936724
0.415807420517298
0.415433529218029
0.415059756164966
0.414686103472016
0.414312573240917
0.413939167561202
0.413565888510165
0.413192738152832
0.412819718541929
0.412446831717849
0.412074079708621
0.411701464529881
0.411328988184841
0.41095665266426
0.410584459946412
0.410212411997061
0.40984051076943
0.409468758204171
0.409097156229343
0.408725706760378
0.408354411700058
0.407983272938488
0.407612292353068
0.407241471808468
0.406870813156603
0.406500318236608
0.406129988874813
0.405759826884716
0.405389834066965
0.405020012209329
0.404650363086676
0.404280888460954
0.403911590081161
0.403542469683332
0.40317352899051
0.402804769712727
0.402436193546985
0.402067802177235
0.401699597274352
0.401331580496123
0.400963753487221
0.40059611787919
0.400228675290423
0.399861427326147
0.399494375578403
0.399127521626029
0.398760867034643
0.398394413356625
0.398028162131102
0.397662114883932
0.397296273127685
0.396930638361634
0.396565212071732
0.396199995730605
0.395834990797532
0.395470198718435
0.39510562092586
0.394741258838972
0.394377113863534
0.394013187391901
0.393649480803002
0.393285995462333
0.392922732721944
0.392559693920425
0.392196880382901
0.391834293421016
0.391471934332927
0.391109804403292
0.390747904903261
0.390386237090469
0.390024802209024
0.3896636014895
0.389302636148933
0.388941907390806
0.388581416405049
0.388221164368025
0.38786115244253
0.387501381777783
0.387141853509422
0.386782568759497
0.386423528636463
0.386064734235182
0.38570618663691
0.385347886909297
0.384989836106386
0.384632035268603
0.384274485422758
0.383917187582042
0.383560142746023
0.383203351900643
0.382846816018221
0.382490536057446
0.382134512963376
0.381778747667444
0.381423241087446
0.381067994127554
0.380713007678302
0.380358282616601
0.380003819805726
0.379649620095327
0.379295684321427
0.378942013306422
0.378588607859084
0.378235468774567
0.377882596834404
0.377529992806512
0.3771776574452
0.376825591491162
0.376473795671494
0.376122270699687
0.375771017275638
0.375420036085654
0.375069327802455
0.37471889308518
0.374368732579397
0.374018846917102
0.37366923671673
0.373319902583163
0.372970845107733
0.372622064868233
0.372273562428921
0.371925338340531
0.371577393140281
0.37122972735188
0.370882341485538
0.370535236037976
0.370188411492432
0.369841868318676
0.369495606973017
0.369149627898312
0.36880393152398
0.368458518266012
0.368113388526981
0.367768542696056
0.36742398114901
0.367079704248237
0.366735712342762
0.366392005768252
0.366048584847033
0.365705449888103
0.36536260118714
0.365020039026525
0.364677763675349
0.36433577538943
0.363994074411329
0.363652660970365
0.363311535282629
0.362970697551001
0.362630147965164
0.362289886701625
0.361949913923727
0.361610229781667
0.361270834412515
0.360931727940232
0.360592910475682
0.36025438211666
0.3599161429479
0.359578193041101
0.359240532454944
0.35890316123511
0.3585660794143
0.358229287012256
0.357892784035782
0.35755657047876
0.357220646322176
0.356885011534138
0.356549666069898
0.356214609871874
0.355879842869672
0.355545364980107
0.355211176107227
0.354877276142334
0.354543664964011
0.354210342438138
0.353877308417925
0.353544562743928
0.353212105244078
0.352879935733702
0.352548054015551
0.352216459879824
0.351885153104193
0.351554133453827
0.351223400681423
0.350892954527227
0.350562794719062
0.350232920972357
0.349903332990173
0.349574030463227
0.349245013069925
0.348916280476388
0.348587832336478
0.348259668291831
0.347931787971881
0.347604190993893
0.347276876962991
0.346949845472188
0.346623096102414
0.34629662842255
0.345970441989456
0.345644536348003
0.345318911031103
0.344993565559744
0.344668499443015
0.344343712178147
0.344019203250537
0.343694972133786
0.343371018289731
0.343047341168476
0.342723940208427
0.342400814836329
0.342077964467294
0.341755388504842
0.341433086340929
0.341111057355987
0.34078930091896
0.340467816387334
0.34014660310718
0.339825660413185
0.33950498762869
0.339184584065729
0.338864449025064
0.338544581796221
0.338224981657533
0.337905647876173
0.337586579708194
0.33726777639857
0.33694923718123
0.336630961279104
0.336312947904155
0.335995196257425
0.335677705529074
0.335360474898419
0.335043503533974
0.334726790593496
0.33441033522402
0.334094136561905
0.333778193732878
0.333462505852069
0.333147072024063
0.332831891342935
0.332516962892298
0.332202285745347
0.3318878589649
0.331573681603445
0.331259752703183
0.330946071296073
0.33063263640388
0.330319447038217
0.330006502200594
0.329693800882461
0.329381342065258
0.32906912472046
0.328757147809625
0.328445410284442
0.328133911086775
0.32782264914872
0.327511623392643
0.327200832731238
0.326890276067569
0.326579952295127
0.326269860297871
0.325959998950288
0.325650367117436
0.325340963654998
0.325031787409334
0.324722837217532
0.324414111907457
0.32410561029781
0.323797331198174
0.32348927340907
0.323181435722012
0.322873816919555
0.322566415775357
0.322259231054228
0.321952261512184
0.321645505896506
0.321338962945794
0.321032631390021
0.320726509950592
0.320420597340398
0.320114892263875
0.31980939341706
0.319504099487648
0.319199009155052
0.318894121090459
0.318589433956893
0.318284946409266
0.317980657094448
0.317676564651316
0.317372667710822
0.317068964896052
0.316765454822283
0.31646213609705
0.316159007320201
0.315856067083966
0.315553313973015
0.315250746564522
0.314948363428227
0.314646163126502
0.314344144214413
0.314042305239784
0.313740644743264
0.313439161258388
0.313137853311646
0.312836719422549
0.312535758103692
0.312234967860823
0.31193434719291
0.311633894592207
0.311333608544321
0.311033487528286
0.310733530016622
0.310433734475413
0.31013409936437
0.309834623136905
0.309535304240197
0.309236141115265
0.308937132197041
0.308638275914437
0.308339570690417
0.308041014942074
0.307742607080697
0.307444345511846
0.307146228635425
0.306848254845759
0.306550422531661
0.306252730076513
0.305955175858339
0.305657758249877
0.305360475618661
0.305063326327091
0.304766308732514
0.3044694211873
0.304172662038915
0.303876029630006
0.303579522298473
0.303283138377553
0.302986876195894
0.302690734077637
0.302394710342495
0.302098803305836
0.301803011278758
0.301507332568178
0.301211765476903
0.300916308303724
0.300620959343488
0.300325716887188
0.300030579222041
0.299735544631575
0.299440611395712
0.299145777790853
0.298851042089959
0.298556402562643
0.298261857475252
0.29796740509095
0.297673043669813
0.297378771468906
0.297084586742379
0.296790487741549
0.29649647271499
0.296202539908624
0.295908687565806
0.295614913927418
0.295321217231954
0.295027595715615
0.294734047612397
0.294440571154183
0.294147164570833
0.29385382609028
0.293560553938619
0.293267346340201
0.292974201517727
0.292681117692339
0.29238809308372
0.29209512591018
0.29180221438876
0.291509356735321
0.291216551164643
0.290923795890519
0.290631089125856
0.290338429082766
0.290045813972668
0.289753242006385
0.289460711394242
0.289168220346164
0.288875767071776
0.288583349780503
0.288290966681671
0.287998615984603
0.287706295898725
0.287414004633666
0.287121740399355
0.28682950140613
0.286537285864838
0.286245091986934
0.28595291798459
0.285660762070797
0.285368622459466
0.285076497365535
0.284784385005076
0.284492283595395
0.284200191355144
0.283908106504421
0.283616027264881
0.283323951859841
0.283031878514387
0.282739805455482
0.282447730912074
0.282155653115206
0.281863570298122
0.281571480696378
0.281279382547952
0.280987274093352
0.280695153575729
0.280403019240984
0.280110869337882
0.279818702118165
0.279526515836658
0.279234308751387
0.278942079123688
0.278649825218323
0.278357545303589
0.278065237651435
0.277772900537576
0.277480532241603
0.277188131047105
0.276895695241777
0.276603223117539
0.276310712970652
0.27601816310183
0.275725571816362
0.275432937424225
0.275140258240201
0.274847532583996
0.274554758780357
0.274261935159188
0.273969060055672
0.273676131810387
0.273383148769425
0.27309010928451
0.272797011713123
0.272503854418613
0.272210635770324
0.271917354143714
0.271624007920473
0.271330595488646
0.271037115242754
0.270743565583916
0.270449944919967
0.270156251665585
0.26986248424241
0.269568641079168
0.269274720611793
0.268980721283549
0.268686641545156
0.268392479854909
0.268098234678806
0.267803904490669
0.267509487772271
0.267214983013456
0.266920388712267
0.26662570337507
0.266330925516677
0.266036053660474
0.265741086338545
0.265446022091795
0.265150859470081
0.264855597032331
0.264560233346677
0.264264766990576
0.263969196550939
0.263673520624255
0.26337773781672
0.263081846744362
0.262785846033169
0.262489734319217
0.262193510248792
0.261897172478523
0.261600719675506
0.261304150517435
0.261007463692722
0.260710657900633
0.260413731851411
0.260116684266405
0.259819513878196
0.259522219430728
0.259224799679433
0.258927253391361
0.258629579345306
0.258331776331936
0.258033843153919
0.257735778626053
0.257437581575391
0.257139250841375
0.256840785275956
0.256542183743728
0.256243445122056
0.255944568301198
0.25564555218444
0.255346395688221
0.255047097742259
0.254747657289681
0.254448073287151
0.254148344704997
0.253848470527338
0.253548449752212
0.253248281391701
0.252947964472065
0.252647498033861
0.252346881132074
0.252046112836245
0.251745192230595
0.251444118414154
0.251142890500885
0.25084150761981
0.250539968915142
0.250238273546402
0.249936420688552
0.249634409532116
0.249332239283308
0.249029909164155
0.248727418412623
0.248424766282742
0.24812195204473
0.247818974985116
0.247515834406865
0.247212529629501
0.246909059989232
0.24660542483907
0.246301623548955
0.245997655505879
0.245693520114005
0.245389216794791
0.245084744987111
0.244780104147376
0.244475293749654
0.244170313285789
0.243865162265524
0.243559840216621
0.243254346684975
0.242948681234737
0.242642843448432
0.242336832927075
0.242030649290291
0.241724292176428
0.24141776124268
0.241111056165194
0.240804176639196
0.240497122379096
0.24018989311861
0.239882488610872
0.239574908628546
0.239267152963939
0.238959221429117
0.238651113856012
0.238342830096537
0.238034370022698
0.237725733526699
0.237416920521055
0.237107930938702
0.236798764733104
0.236489421878361
0.236179902369316
0.235870206221661
0.235560333472047
0.235250284178181
0.234940058418941
0.23462965629447
0.234319077926288
0.234008323457387
0.233697393052337
0.233386286897388
0.233075005200566
0.232763548191776
0.232451916122903
0.232140109267902
0.231828127922906
0.231515972406313
0.231203643058888
0.230891140243856
0.230578464346996
0.230265615776732
0.229952594964233
0.229639402363496
0.22932603845144
0.229012503727999
0.228698798716207
0.228384923962289
0.228070880035745
0.227756667529442
0.227442287059693
0.227127739266347
0.226813024812868
0.226498144386424
0.226183098697963
0.225867888482295
0.225552514498174
0.225236977528377
0.22492127837978
0.224605417883434
0.224289396894645
0.223973216293047
0.223656876982674
0.223340379892037
0.223023725974191
0.22270691620681
0.222389951592256
0.222072833157645
0.221755561954918
0.221438139060908
0.2211205655774
0.220802842631204
0.220484971374209
0.220166952983456
0.219848788661187
0.219530479634915
0.21921202715748
0.218893432507102
0.218574696987446
0.218255821927669
0.217936808682483
0.2176176586322
0.217298373182789
0.216978953765926
0.216659401839041
0.216339718885373
0.216019906414009
0.215699965959935
0.21537989908408
0.215059707373362
0.214739392440725
0.214418955925185
0.214098399491868
0.213777724832049
0.213456933663191
0.213136027728977
0.212815008799354
0.212493878670555
0.212172639165141
0.211851292132029
0.211529839446521
0.211208283010334
0.210886624751629
0.210564866625034
0.210243010611672
0.209921058719182
0.209599012981746
0.209276875460104
0.208954648241579
0.208632333440094
0.208309933196187
0.207987449677031
0.207664885076447
0.207342241614917
0.207019521539596
0.206696727124324
0.206373860669635
0.206050924502766
0.205727920977663
0.205404852474987
0.205081721402119
0.204758530193162
0.204435281308945
0.20411197723702
0.203788620491667
0.203465213613885
0.203141759171394
0.202818259758629
0.202494717996732
0.202171136533549
0.201847518043618
0.201523865228161
0.201200180815072
0.200876467558907
0.200552728240868
0.200228965668791
0.199905182677125
0.199581382126922
0.199257566905814
0.198933739927992
0.19860990413419
0.198286062491658
0.197962217994142
0.197638373661859
0.197314532541468
0.196990697706049
0.196666872255068
0.196343059314352
0.196019262036061
0.195695483598647
0.195371727206833
0.195047996091568
0.194724293510002
0.194400622745441
0.194076987107316
0.193753389931139
0.193429834578472
0.193106324436874
0.192782862919873
0.192459453466911
0.192136099543308
0.191812804640215
0.191489572274568
0.19116640598904
0.190843309351994
0.190520285957435
0.19019733942496
0.189874473399705
0.189551691552295
0.189228997578792
0.188906395200641
0.188583888164614
0.188261480242755
0.187939175232326
0.187616976955749
0.187294889260546
0.186972916019281
0.186651061129505
0.186329328513687
0.186007722119163
0.185686245918067
0.18536490390727
0.185043700108319
0.184722638567372
0.184401723355131
0.184080958566784
0.183760348321929
0.183439896764516
0.183119608062778
0.182799486409161
0.182479536020259
0.182159761136745
0.181840166023299
0.181520754968544
0.181201532284973
0.180882502308877
0.18056366940028
0.180245037942863
0.179926612343895
0.17960839703416
0.179290396467888
0.178972615122682
0.178655057499443
0.178337728122302
0.178020631538544
0.177703772318538
0.177387155055663
0.177070784366233
0.17675466488943
0.176438801287226
0.176123198244312
0.175807860468027
0.175492792688282
0.175177999657491
0.174863486150496
0.174549256964498
0.174235316918981
0.173921670855647
0.173608323638337
0.173295280152966
0.172982545307451
0.17267012403164
0.172358021277243
0.172046242017765
0.171734791248434
0.171423673986135
0.171112895269342
0.170802460158056
0.170492373733729
0.170182641099211
0.169873267378676
0.169564257717564
0.169255617282515
0.16894735126131
0.168639464862811
0.168331963316897
0.168024851874407
0.167718135807088
0.167411820407528
0.167105910989112
0.166800412885959
0.166495331452875
0.1661906720653
0.165886440119256
0.165582641031303
0.165279280238488
0.164976363198301
0.164673895388631
0.164371882307726
0.164070329474147
0.163769242426736
0.163468626724575
0.163168487946951
0.162868831693324
0.162569663583297
0.162270989256584
0.161972814372984
0.16167514461236
0.16137798567461
0.161081343279651
0.160785223167398
0.160489631097753
0.160194572850586
0.159900054225729
0.159606081042967
0.159312659142029
0.15901979438259
0.158727492644269
0.158435759826633
0.158144601849198
0.157854024651447
0.157564034192832
0.157274636452797
0.156985837430791
0.15669764314629
0.156410059638826
0.156123092968008
0.155836749213561
0.155551034475356
0.155265954873452
0.154981516548134
0.154697725659967
0.154414588389838
0.154132110939015
0.153850299529203
0.153569160402608
0.153288699822001
0.153008924070791
0.152729839453098
0.152451452293834
0.152173768938786
0.151896795754705
0.151620539129398
0.151345005471828
0.151070201212215
0.150796132802145
0.150522806714684
0.150250229444491
0.149978407507949
0.149707347443285
0.149437055810712
0.149167539192564
0.148898804193441
0.148630857440361
0.148363705582919
0.148097355293445
0.147831813267176
0.14756708622243
0.147303180900788
0.147040104067279
0.146777862510577
0.146516463043198
0.146255912501712
0.145996217746951
0.145737385664236
0.145479423163601
0.145222337180029
0.144966134673695
0.144710822630215
0.144456408060905
0.144202898003044
0.143950299520147
0.143698619702247
0.143447865666184
0.1431980445559
0.142949163542743
0.142701229825787
0.142454250632146
0.142208233217312
0.141963184865488
0.141719112889945
0.141476024633371
0.141233927468246
0.140992828797214
0.140752736053472
0.140513656701162
0.140275598235783
0.140038568184604
0.139802574107086
0.13956762359533
0.139333724274511
0.139100883803347
0.138869109874561
0.138638410215365
0.138408792587949
0.138180264789987
0.137952834655147
0.13772651005362
0.137501298892659
0.13727720911713
0.137054248710069
0.136832425693268
0.136611748127853
0.136392224114891
0.136173861796006
0.135956669354002
0.135740655013508
0.135525827041635
0.13531219374864
0.135099763488619
0.134888544660196
0.134678545707243
0.134469775119607
0.134262241433852
0.134055953234022
0.13385091915241
0.133647147870356
0.133444648119051
0.13324342868036
0.133043498387665
0.132844866126724
0.132647540836543
0.132451531510272
0.132256847196113
0.132063496998256
0.131871490077818
0.131680835653817
0.131491543004156
0.131303621466627
0.131117080439938
0.130931929384759
0.130748177824789
0.130565835347839
0.130384911606947
0.130205416321501
0.130027359278396
0.129850750333206
0.129675599411382
0.129501916509471
0.129329711696359
0.12915899511454
0.128989776981409
0.128822067590574
0.1286558773132
0.128491216599379
0.128328095979518
0.128166526065763
0.128006517553441
0.127848081222541
0.127691227939209
0.127535968657281
0.127382314419846
0.127230276360826
0.127079865706603
0.126931093777665
0.126783971990283
0.126638511858228
0.12649472499451
0.126352623113158
0.126212218031027
0.126073521669642
0.125936546057078
0.125801303329872
0.125667805734971
0.125536065631719
0.12540609549388
0.125277907911694
0.125151515593984
0.125026931370285
0.124904168193028
0.124783239139757
0.124664157415389
0.124546936354516
0.12443158942375
0.124318130224115
0.124206572493475
0.124096930109021
0.123989217089789
0.123883447599239
0.123779635947873
0.123677796595905
0.123577944155983
0.12348009339596
0.123384259241715
0.123290456780032
0.123198701261529
0.123109008103643
0.123021392893673
0.122935871391878
0.122852459534633
0.12277117343765
0.122692029399248
0.122615043903704
0.122540233624643
0.122467615428515
0.122397206378125
0.122329023736232
0.122263084969217
0.122199407750827
0.122138009965978
0.122078909714642
0.1220221253158
0.12196767531148
0.121915578470861
0.121865853794467
0.121818520518432
0.121773598118853
0.121731106316228
0.121691065079972
0.121653494633029
0.121618415456572
0.121585848294786
0.121555814159756
0.121528334336441
0.121503430387751
0.121481124159717
0.121461437786772
0.121444393697122
0.121430014618238
0.121418323582441
0.121409343932611
0.121403099327998
0.121399613750153
0.121398911508981
0.121401017248902
0.121405955955147
0.121413752960176
0.12142443395022
0.121438024971961
0.12145455243934
0.121474043140506
0.121496524244907
0.121522023310515
0.121550568291211
0.121582187544309
0.121616909838238
0.12165476436038
0.121695780725066
0.121739988981741
0.121787419623292
0.12183810359455
0.121892072300962
0.121949357617454
0.122009991897464
0.122074007982172
0.122141439209919
0.122212319425821
0.122286682991589
0.12236456479555
0.12244600026288
0.122531025366055
0.12261967663552
0.122711991170585
0.12280800665055
0.122907761346074
0.123011294130777
0.123118644493098
0.123229852548398
0.123344959051337
0.123464005408502
0.123587033691321
0.123714086649247
0.123845207723234
0.123980441059504
0.124119831523615
0.124263424714837
0.124411266980842
0.124563405432717
0.124719887960311
0.124880763247918
0.125046080790308
0.125215890909115
0.12539024476959
0.125569194397726
0.125752792697771
0.125941093470129
0.126134151429669
0.12633202222444
0.12653476245482
0.126742429693089
0.12695508250345
0.127172780462516
0.127395584180251
0.127623555321398
0.127856756627405
0.128095251938846
0.128339106218368
0.128588385574167
0.12884315728401
0.129103489819814
0.129369452872806
0.129641117379267
0.129918555546881
0.130201840881706
0.130491048215785
0.130786253735405
0.13108753501003
0.131394971021926
0.131708642196487
0.132028630433294
0.132355019137916
0.132687893254474
0.133027339299001
0.133373445393596
0.13372630130142
0.134085998462535
0.134452630030622
0.134826290910597
0.135207077797155
0.135595089214248
0.135990425555558
0.136393189125957
0.136803484184001
0.137221416985482
0.137647095828067
0.138080631097051
0.138522135312268
0.138971723176171
0.13942951162313
0.139895619869985
0.140370169467871
0.140853284355369
0.141345090913012
0.14184571801919
0.142355297107481
0.14287396222547
0.14340185009508
0.14393910017446
0.144485854721495
0.145042258858952
0.145608460641344
0.14618461112353
0.146770864431129
0.14736737783278
0.147974311814315
0.148591830154898
0.149220100005181
0.149859291967548
0.150509580178502
0.151171142393254
0.151844160072593
0.152528818472097
0.153225306733743
0.153933817980019
0.154654549410577
0.155387702401535
0.156133482607481
0.156892100066291
0.157663769306811
0.158448709459521
0.159247144370259
0.160059302717099
0.160885418130475
0.161725729316671
0.162580480184751
0.163449919977065
0.164334303403423
0.165233890779056
0.166148948166489
0.167079747521439
0.168026566842871
0.168989690327338
0.169969408527752
0.170966018516705
0.17197982405451
0.173011135762091
0.17406027129889
0.17512755554595
0.176213320794332
0.17731790693905
0.178441661678696
0.179584940720934
0.180748107994072
0.18193153586488
0.183135605362899
0.18436070641141
0.185607238065316
0.186875608756151
0.188166236544443
0.189479549379701
0.190815985368248
0.192175993049187
0.193560031678756
0.194968571523365
0.1964020941616
0.197861092795491
0.19934607257138
0.200857550910684
0.202396057850914
0.203962136397293
0.205556342885325
0.207179247354712
0.208831433934988
0.210513501243291
0.212226062794687
0.213969747425479
0.215745199729955
0.217553080511056
0.219394067245427
0.221268854563388
0.22317815474432
0.225122698228032
0.22710323414267
0.229120530849756
0.231175376506958
0.233268579649249
0.23540096978909
0.237573398036336
0.239786737738571
0.242041885142619
0.244339760077986
0.246681306663051
0.249067494034813
0.251499317103085
0.253977797330006
0.256503983535829
