12.9409499436958
12.826478220283
12.7133350672837
12.6015025370893
12.4909629548869
12.3816989140978
12.2736932718986
12.1669291448227
12.061389904442
11.9570591731263
11.8539208198796
11.7519589562507
11.6511579323175
11.5515023327445
11.4529769729091
11.3555668950993
11.2592573647775
11.1640338669129
11.069882102378
10.9767879844099
10.8847376351341
10.793717382151
10.7037137551818
10.614713482775
10.5267034890697
10.4396708906181
10.3536029932622
10.2684872890669
10.1843114533059
10.1010633415019
10.0187309865178
9.93730259569942
9.85676654806735
9.77711139155953
9.6983258403205
9.62039877203866
9.54331922532943
9.46707639716465
9.39165964034595
9.31705846102228
9.24326251625014
9.17026161159662
9.09804569878325
9.02660487337091
8.95592937248407
8.88600957257516
8.81683598722642
8.74839926498997
8.68069018726459
8.61369966620944
8.54741874269275
8.48183858427598
8.41695048323189
8.35274585459717
8.28921623425734
8.22635327706466
8.16414875498762
8.1025945552923
8.04168267875393
7.98140523789905
7.9217544552769
7.86272266176059
7.80430229487625
7.7464858971606
7.6892661145457
7.63263569477145
7.57658748582395
7.52111443440046
7.4662095843995
7.41186607543674
7.35807714138512
7.30483610893948
7.25213639620469
7.19997151130783
7.14833505103273
7.09722069947743
7.04662222673354
6.99653348758794
6.94694842024525
6.89786104507157
6.84926546335894
6.80115585611005
6.75352648284277
6.70637168041427
6.65968586186444
6.61346351527818
6.56769920266619
6.5223875588639
6.47752329044852
6.43310117467359
6.38911605842066
6.34556285716815
6.30243655397679
6.25973219849153
6.21744490595948
6.17556985626358
6.13410229297211
6.09303752240317
6.05237091270445
6.0120978929474
5.97221395223629
5.93271463883127
5.89359555928553
5.85485237759613
5.81648081436837
5.77847664599367
5.74083570384021
5.7035538734565
5.66662709378764
5.63005135640401
5.593822704742
5.55793723335676
5.5223910871869
5.48718046083056
5.45230159783295
5.41775078998504
5.38352437663329
5.34961874400023
5.31603032451549
5.28275559615749
5.24979108180525
5.2171333486004
5.18477900731909
5.15272471175352
5.12096715810331
5.08950308437616
5.05832926979782
5.02744253423112
4.99683973760404
4.96651777934666
4.93647359783664
4.90670416985326
4.87720651003994
4.84797767037493
4.81901473965016
4.79031484295795
4.76187514118569
4.7336928305182
4.70576514194769
4.67808934079106
4.65066272621467
4.6234826307664
4.59654641991452
4.56985149159385
4.54339527575857
4.51717523394194
4.49118885882259
4.46543367379728
4.4399072325602
4.41460711868863
4.38953094523462
4.36467635432298
4.34004101675523
4.31562263161943
4.29141892590595
4.26742765412881
4.24364659795276
4.22007356582599
4.1967063926181
4.1735429392636
4.15058109241057
4.12781876407472
4.10525389129836
4.08288443581445
4.06070838371569
4.03872374512844
4.01692855389141
3.99532086723905
3.97389876548968
3.95266035173811
3.93160375155283
3.91072711267746
3.89002860473681
3.86950641894703
3.84915876783006
3.8289838849322
3.80898002454679
3.78914546144095
3.76947849058621
3.74997742689303
3.73064060494924
3.71146637876222
3.69245312150475
3.67359922526456
3.65490310079749
3.63636317728419
3.61797790209031
3.59974574053005
3.58166517563325
3.56373470791566
3.54595285515259
3.52831815215572
3.5108291505531
3.49348441857233
3.47628254082677
3.45922211810475
3.44230176716185
3.4255201205161
3.408875826246
3.39236754779147
3.37599396375755
3.35975376772095
3.34364566803921
3.3276683876626
3.31182066394868
3.29610124847939
3.28050890688078
3.26504241864516
3.24970057695581
3.23448218851418
3.2193860733693
3.2044110647498
3.18955600889809
3.17481976490692
3.16020120455822
3.14569921216407
3.13131268440995
3.11704053020021
3.1028816705055
3.08883503821246
3.07489957797536
3.06107424606991
3.04735801024893
3.0337498496001
3.02024875440557
3.00685372600363
2.99356377665211
2.9803779293937
2.96729521792315
2.95431468645627
2.94143538960058
2.92865639222791
2.91597676934857
2.90339560598731
2.89091199706095
2.87852504725757
2.86623387091746
2.85403759191562
2.84193534354579
2.82992626840609
2.81800951828623
2.80618425405611
2.79444964555609
2.78280487148853
2.77124911931089
2.75978158513031
2.74840147359944
2.73710799781377
2.7259003792103
2.71477784746753
2.70373964040681
2.69278500389498
2.68191319174826
2.67112346563749
2.66041509499454
2.64978735692004
2.63923953609217
2.62877092467689
2.6183808222391
2.6080685356551
2.59783337902619
2.58767467359337
2.57759174765317
2.56758393647454
2.5576505822169
2.5477910338492
2.53800464707001
2.52829078422872
2.51864881424772
2.50907811254557
2.4995780609612
2.49014804767906
2.48078746715529
2.47149572004474
2.46227221312906
2.45311635924559
2.44402757721724
2.43500529178327
2.42604893353092
2.4171579388279
2.40833174975582
2.39956981404442
2.39087158500662
2.38223652147442
2.37366408773564
2.36515375347141
2.35670499369452
2.34831728868846
2.33999012394732
2.33172299011644
2.32351538293371
2.31536680317178
2.30727675658081
2.2992447538321
2.29127031046234
2.28335294681859
2.2754921880039
2.26768756382373
2.25993860873291
2.25224486178331
2.24460586657221
2.23702117119125
2.22949032817602
2.22201289445634
2.21458843130707
2.2072165042996
2.1998966832539
2.1926285421912
2.18541165928718
2.17824561682587
2.17113000115397
2.16406440263584
2.15704841560897
2.1500816383401
2.14316367298173
2.13629412552931
2.12947260577884
2.12269872728506
2.11597210732016
2.1092923668329
2.10265913040831
2.09607202622791
2.0895306860303
2.08303474507231
2.07658384209065
2.0701776192639
2.06381572217512
2.05749779977476
2.05122350434414
2.04499249145931
2.03880441995532
2.03265895189099
2.02655575251407
2.02049449022679
2.01447483655188
2.00849646609893
2.0025590565312
1.99666228853285
1.99080584577647
1.98498941489111
1.97921268543057
1.97347534984218
1.96777710343589
1.96211764435374
1.95649667353964
1.95091389470966
1.94536901432246
1.93986174155026
1.93439178825001
1.928958868935
1.92356270074676
1.91820300342725
1.91287949929149
1.90759191320039
1.90233997253397
1.89712340716487
1.89194194943216
1.88679533411548
1.8816832984095
1.87660558189857
1.87156192653181
1.86655207659842
1.86157577870322
1.85663278174258
1.85172283688059
1.84684569752545
1.84200111930621
1.83718886004974
1.83240867975796
1.82766034058537
1.8229436068168
1.81825824484541
1.81360402315098
1.80898071227844
1.8043880848166
1.79982591537719
1.79529398057409
1.79079205900282
1.78631993122025
1.78187737972458
1.77746418893547
1.77308014517446
1.76872503664563
1.76439865341637
1.7601007873985
1.75583123232954
1.75158978375417
1.74737623900591
1.74319039718909
1.73903205916088
1.73490102751363
1.73079710655738
1.72672010230253
1.72266982244278
1.71864607633815
1.71464867499833
1.71067743106607
1.70673215880088
1.70281267406282
1.69891879429653
1.6950503385154
1.69120712728593
1.6873889827123
1.68359572842101
1.67982718954579
1.67608319271268
1.67236356602515
1.66866813904953
1.66499674280053
1.66134920972693
1.65772537369742
1.65412506998659
1.6505481352611
1.646994407566
1.64346372631117
1.63995593225791
1.63647086750574
1.63300837547922
1.62956830091508
1.6261504898493
1.62275478960451
1.6193810487774
1.61602911722634
1.61269884605907
1.6093900876206
1.60610269548115
1.60283652442433
1.59959143043534
1.59636727068936
1.59316390354005
1.58998118850817
1.58681898627034
1.58367715864787
1.58055556859578
1.57745408019188
1.574372558626
1.57131087018931
1.56826888226379
1.56524646331177
1.56224348286562
1.55925981151749
1.55629532090926
1.55334988372248
1.55042337366849
1.54751566547866
1.54462663489464
1.54175615865883
1.53890411450484
1.53607038114816
1.53325483827681
1.5304573665422
1.52767784755003
1.52491616385126
1.52217219893322
1.51944583721082
1.51673696401781
1.51404546559816
1.51137122909749
1.5087141425547
1.5060740948935
1.50345097591423
1.50084467628562
1.49825508753671
1.49568210204881
1.49312561304758
1.49058551459516
1.48806170158241
1.48555406972122
1.48306251553687
1.48058693636053
1.47812723032177
1.47568329634118
1.47325503412311
1.47084234414836
1.4684451276671
1.46606328669174
1.46369672398992
1.4613453430776
1.45900904821216
1.4566877443856
1.45438133731784
1.45208973345002
1.44981283993794
1.44755056464551
1.44530281613829
1.4430695036771
1.4408505372117
1.43864582737449
1.43645528547434
1.43427882349041
1.43211635406614
1.42996779050312
1.42783304675526
1.42571203742277
1.42360467774642
1.42151088360168
1.41943057149307
1.41736365854842
1.41531006251332
1.41326970174552
1.41124249520948
1.40922836247088
1.40722722369126
1.40523899962266
1.40326361160235
1.40130098154763
1.39935103195058
1.39741368587299
1.39548886694126
1.39357649934138
1.39167650781394
1.38978881764922
1.38791335468229
1.38605004528819
1.38419881637714
1.3823595953898
1.3805323102926
1.37871688957304
1.37691326223516
1.37512135779493
1.37334110627576
1.37157243820403
1.36981528460467
1.36806957699679
1.36633524738929
1.36461222827664
1.36290045263457
1.36119985391587
1.35951036604624
1.35783192342011
1.35616446089661
1.35450791379547
1.352862217893
1.35122730941817
1.34960312504862
1.34798960190677
1.34638667755598
1.34479428999671
1.34321237766275
1.34164087941741
1.34007973454989
1.33852888277154
1.33698826421222
1.33545781941672
1.33393748934114
1.33242721534939
1.33092693920967
1.32943660309096
1.32795614955962
1.32648552157597
1.3250246624909
1.32357351604253
1.32213202635292
1.32070013792473
1.31927779563803
1.31786494474705
1.31646153087698
1.31506750002083
1.31368279853629
1.31230737314263
1.31094117091763
1.30958413929451
1.30823622605897
1.30689737934614
1.30556754763766
1.30424667975875
1.30293472487527
1.3016316324909
1.30033735244423
1.29905183490596
1.29777503037613
1.2965068896813
1.29524736397183
1.29399640471916
1.29275396371312
1.29151999305924
1.2902944451761
1.28907727279274
1.28786842894604
1.28666786697816
1.28547554053397
1.28429140355853
1.28311541029461
1.28194751528018
1.28078767334597
1.27963583961303
1.27849196949031
1.27735601867229
1.27622794313658
1.27510769914161
1.27399524322428
1.27289053219765
1.27179352314869
1.27070417343597
1.26962244068745
1.26854828279827
1.26748165792852
1.26642252450104
1.26537084119934
1.26432656696536
1.2632896609974
1.26226008274803
1.26123779192195
1.260222748474
1.25921491260701
1.2582142447699
1.25722070565554
1.25623425619886
1.2552548575748
1.25428247119643
1.25331705871292
1.2523585820077
1.2514070031965
1.2504622846255
1.24952438886944
1.24859327872974
1.24766891723274
1.2467512676278
1.24584029338552
1.24493595819597
1.24403822596692
1.24314706082202
1.24226242709915
1.24138428934863
1.24051261233152
1.23964736101797
1.23878850058546
1.2379359964172
1.23708981410046
1.23624991942491
1.23541627838104
1.23458885715853
1.23376762214463
1.23295253992265
1.23214357727033
1.23134070115831
1.23054387874861
1.22975307739308
1.22896826463189
1.22818940819206
1.22741647598595
1.2266494361098
1.22588825684225
1.22513290664293
1.22438335415101
1.22363956818375
1.22290151773516
1.22216917197453
1.2214425002451
1.22072147206266
1.22000605711419
1.21929622525655
1.21859194651508
1.21789319108234
1.21719992931674
1.2165121317413
1.21582976904229
1.21515281206801
1.21448123182749
1.21381499948926
1.21315408638006
1.21249846398364
1.21184810393954
1.21120297804184
1.21056305823801
1.20992831662767
1.20929872546141
1.20867425713965
1.20805488421146
1.20744057937339
1.20683131546838
1.20622706548454
1.20562780255413
1.20503349995236
1.20444413109635
1.20385966954399
1.20328008899289
1.20270536327926
1.20213546637691
1.20157037239614
1.20101005558269
1.20045449031676
1.19990365111191
1.19935751261407
1.19881604960053
1.19827923697895
1.19774704978632
1.19721946318803
1.19669645247683
1.19617799307192
1.19566406051795
1.19515463048409
1.19464967876305
1.1941491812702
1.19365311404258
1.19316145323802
1.19267417513421
1.19219125612781
1.19171267273351
1.1912384015832
1.19076841942506
1.19030270312265
1.18984122965411
1.18938397611125
1.18893091969872
1.18848203773314
1.18803730764231
1.18759670696432
1.18716021334676
1.1867278045459
1.18629945842589
1.18587515295792
1.18545486621945
1.18503857639344
1.18462626176752
1.18421790073325
1.18381347178533
1.18341295352085
1.18301632463854
1.18262356393797
1.18223465031889
1.18184956278043
1.18146828042036
1.18109078243444
1.1807170481156
1.18034705685332
1.17998078813284
1.17961822153455
1.1792593367332
1.17890411349728
1.17855253168832
1.17820457126018
1.17786021225844
1.17751943481966
1.17718221917078
1.17684854562846
1.17651839459838
1.17619174657464
1.17586858213914
1.17554888196089
1.17523262679543
1.17491979748417
1.17461037495382
1.17430434021574
1.17400167436535
1.17370235858151
1.17340637412596
1.1731137023427
1.1728243246574
1.17253822257686
1.17225537768837
1.17197577165919
1.17169938623598
1.1714262032442
1.17115620458759
1.17088937224762
1.17062568828291
1.17036513482872
1.17010769409638
1.16985334837281
1.16960208001991
1.16935387147413
1.16910870524586
1.16886656391899
1.16862743015033
1.16839128666918
1.16815811627676
1.16792790184573
1.16770062631972
1.16747627271283
1.16725482410912
1.16703626366215
1.16682057459452
1.16660774019736
1.16639774382986
1.16619056891886
1.16598619895834
1.16578461750895
1.1655858081976
1.165389754717
1.16519644082518
1.16500585034511
1.16481796716419
1.16463277523387
1.1644502585692
1.16427040124841
1.16409318741246
1.16391860126468
1.16374662707028
1.16357724915599
1.16341045190964
1.16324621977975
1.16308453727511
1.16292538896443
1.16276875947589
1.1626146334968
1.16246299577316
1.16231383110932
1.16216712436758
1.1620228604678
1.16188102438706
1.16174160115926
1.16160457587474
1.16146993367996
1.1613376597771
1.16120773942371
1.16108015793237
1.16095490067032
1.16083195305911
1.16071130057428
1.16059292874497
1.16047682315364
1.16036296943566
1.16025135327905
1.16014196042411
1.16003477666307
1.15992978783982
1.15982697984954
1.15972633863842
1.15962785020328
1.15953150059135
1.15943727589986
1.15934516227581
1.1592551459156
1.15916721306479
1.15908135001775
1.15899754311737
1.15891577875481
1.15883604336913
1.15875832344707
1.15868260552272
1.15860887617726
1.15853712203867
1.15846732978144
1.1583994861263
1.15833357783996
1.15826959173481
1.15820751466867
1.15814733354452
1.15808903531022
1.15803260695829
1.15797803552559
1.1579253080931
1.15787441178566
1.15782533377171
1.15777806126306
1.15773258151461
1.1576888818241
1.15764694953192
1.15760677202082
1.15756833671567
1.15753163108325
1.15749664263199
1.15746335891177
1.15743176751363
1.15740185606962
1.1573736122525
1.15734702377557
1.1573220783924
1.15729876389665
1.15727706812185
1.15725697894114
1.15723848426712
1.15722157205157
1.15720623028529
1.15719244699788
1.15718021025752
1.15716950817079
1.15716032888244
1.15715266057519
1.15714649146958
1.15714180982369
1.15713860393304
1.15713686213031
1.15713657278521
1.15713772430427
1.15714030513063
1.1571443037439
1.15714970865994
1.15715650843069
1.15716469164399
1.1571742469234
1.15718516292803
1.15719742835235
1.15721103192603
1.15722596241377
1.1572422086151
1.15725975936426
1.15727860353
1.15729873001542
1.15732012775781
1.1573427857285
1.15736669293266
1.15739183840919
1.15741821123054
1.15744580050256
1.15747459536432
1.15750458498801
1.15753575857873
1.15756810537439
1.15760161464552
1.15763627569518
1.15767207785875
1.15770901050382
1.15774706303005
1.15778622486903
1.15782648548412
1.15786783437034
1.15791026105422
1.15795375509366
1.15799830607779
1.15804390362689
1.15809053739218
1.15813819705574
1.15818687233039
1.15823655295953
1.15828722871702
1.15833888940709
1.15839152486418
1.15844512495283
1.15849967956757
1.15855517863279
1.15861161210261
1.15866896996081
1.15872724222066
1.15878641892483
1.15884649014528
1.15890744598316
1.15896927656867
1.15903197206097
1.15909552264806
1.15915991854669
1.15922515000226
1.15929120728868
1.1593580807083
1.15942576059179
1.15949423729805
1.1595635012141
1.15963354275501
1.15970435236374
1.15977592051111
1.15984823769568
1.15992129444364
1.15999508130873
1.16006958887216
1.1601448077425
1.16022072855559
1.16029734197446
1.16037463868925
1.16045260941709
1.16053124490206
1.16061053591507
1.16069047325378
1.16077104774253
1.16085225023226
1.16093407160041
1.16101650275085
1.16109953461381
1.16118315814577
1.16126736432943
1.1613521441736
1.16143748871314
1.16152338900885
1.16160983614747
1.16169682124153
1.16178433542931
1.16187236987479
1.16196091576754
1.16204996432267
1.16213950678077
1.16222953440783
1.16232003849517
1.1624110103594
1.16250244134231
1.16259432281084
1.16268664615702
1.16277940279789
1.16287258417542
1.1629661817565
1.16306018703284
1.16315459152092
1.16324938676195
1.16334456432176
1.16344011579082
1.1635360327841
1.16363230694109
1.1637289299257
1.1638258934262
1.1639231891552
1.16402080884958
1.16411874427042
1.16421698720299
1.16431552945667
1.16441436286488
1.16451347928509
1.16461287059871
1.16471252871109
1.16481244555143
1.16491261307279
1.16501302325196
1.1651136680895
1.16521453960965
1.16531562986029
1.1654169309129
1.16551843486252
1.16562013382771
1.16572201995049
1.16582408539633
1.16592632235408
1.16602872303594
1.16613127967745
1.16623398453737
1.16633682989776
1.16643980806383
1.16654291136397
1.16664613214969
1.16674946279559
1.16685289569933
1.16695642328158
1.16706003798599
1.16716373227918
1.16726749865066
1.16737132961284
1.16747521770097
1.16757915547314
1.16768313551022
1.16778715041582
1.1678911928163
1.1679952553607
1.16809933072075
1.1682034115908
1.16830749068782
1.16841156075136
1.16851561454352
1.16861964484894
1.16872364447475
1.16882760625057
1.16893152302846
1.1690353876829
1.16913919311078
1.16924293223136
1.16934659798625
1.16945018333939
1.16955368127703
1.16965708480769
1.16976038696216
1.16986358079345
1.16996665937681
1.17006961580967
1.17017244321162
1.17027513472444
1.170377683512
1.17048008276031
1.17058232567747
1.17068440549365
1.17078631546107
1.17088804885399
1.1709895989687
1.17109095912348
1.17119212265859
1.17129308293628
1.17139383334072
1.17149436727804
1.17159467817626
1.17169475948533
1.17179460467707
1.17189420724518
1.1719935607052
1.17209265859453
1.17219149447239
1.17229006191981
1.17238835453962
1.17248636595645
1.17258408981668
1.17268151978847
1.17277864956171
1.17287547284804
1.17297198338081
1.17306817491509
1.17316404122764
1.17325957611692
1.17335477340305
1.17344962692783
1.1735441305547
1.17363827816875
1.17373206367672
1.17382548100695
1.1739185241094
1.17401118695564
1.17410346353883
1.17419534787372
1.17428683399663
1.17437791596544
1.17446858785962
1.17455884378015
1.17464867784957
1.17473808421197
1.17482705703294
1.1749155904996
1.17500367882057
1.175091316226
1.1751784969675
1.1752652153182
1.17535146557269
1.17543724204704
1.17552253907879
1.17560735102695
1.17569167227197
1.17577549721577
1.17585882028169
1.17594163591451
1.17602393858046
1.17610572276717
1.17618698298372
1.17626771376058
1.17634790964963
1.17642756522417
1.17650667507888
1.17658523382985
1.17666323611454
1.17674067659182
1.17681754994191
1.17689385086643
1.17696957408834
1.17704471435201
1.17711926642312
1.17719322508873
1.17726658515727
1.1773393414585
1.17741148884351
1.17748302218475
1.17755393637601
1.1776242263324
1.17769388699036
1.17776291330765
1.17783130026337
1.17789904285792
1.17796613611301
1.17803257507168
1.17809835479826
1.17816347037839
1.178227916919
1.17829168954832
1.17835478341589
1.17841719369252
1.1784789155703
1.17853994426262
1.17860027500415
1.17865990305082
1.17871882367983
1.17877703218969
1.17883452390011
1.17889129415213
1.17894733830801
1.17900265175126
1.17905722988668
1.17911106814029
1.17916416195936
1.17921650681241
1.17926809818921
1.17931893160075
1.17936900257925
1.17941830667818
1.17946683947223
1.1795145965573
1.17956157355053
1.17960776609026
1.17965316983605
1.17969778046868
1.17974159369012
1.17978460522355
1.17982681081335
1.1798682062251
1.17990878724557
1.1799485496827
1.17998748936565
1.18002560214472
1.18006288389143
1.18009933049844
1.1801349378796
1.1801697019699
1.18020361872552
1.18023668412378
1.18026889416315
1.18030024486327
1.1803307322649
1.18036035242995
1.18038910144147
1.18041697540362
1.18044397044172
1.18047008270219
1.18049530835256
1.18051964358149
1.18054308459873
1.18056562763515
1.18058726894271
1.18060800479445
1.1806278314845
1.1806467453281
1.18066474266152
1.18068181984213
1.18069797324835
1.18071319927968
1.18072749435664
1.18074085492083
1.18075327743486
1.1807647583824
1.18077529426813
1.18078488161776
1.18079351697802
1.18080119691664
1.18080791802236
1.18081367690491
1.180818470195
1.18082229454433
1.18082514662558
1.1808270231324
1.18082792077937
1.18082783630205
1.18082676645695
1.18082470802147
1.180821657794
1.18081761259381
1.18081256926108
1.18080652465692
1.18079947566332
1.18079141918316
1.18078235214018
1.18077227147902
1.18076117416517
1.18074905718494
1.18073591754553
1.18072175227494
1.18070655842201
1.18069033305637
1.18067307326848
1.18065477616958
1.18063543889169
1.1806150585876
1.18059363243088
1.18057115761584
1.18054763135752
1.18052305089171
1.1804974134749
1.18047071638431
1.18044295691782
1.18041413239404
1.18038424015222
1.18035327755229
1.1803212419748
1.18028813082098
1.18025394151264
1.18021867149224
1.18018231822281
1.18014487918799
1.18010635189197
1.18006673385952
1.18002602263595
1.1799842157871
1.17994131089934
1.17989730557952
1.17985219745502
1.17980598417366
1.17975866340376
1.17971023283405
1.17966069017373
1.17961003315239
1.17955825952004
1.17950536704707
1.17945135352426
1.17939621676274
1.17933995459396
1.17928256486972
1.17922404546213
1.17916439426358
1.17910360918675
1.17904168816457
1.17897862915023
1.17891443011711
1.17884908905884
1.17878260398923
1.17871497294224
1.17864619397203
1.17857626515285
1.1785051845791
1.17843295036529
1.17835956064597
1.17828501357581
1.17820930732949
1.17813244010173
1.17805441010723
1.17797521558073
1.17789485477688
1.17781332597033
1.17773062745562
1.17764675754721
1.17756171457946
1.17747549690658
1.17738810290263
1.1772995309615
1.17720977949688
1.17711884694224
1.17702673175082
1.17693343239558
1.17683894736922
1.17674327518412
1.17664641437233
1.17654836348557
1.17644912109517
1.17634868579205
1.17624705618675
1.17614423090933
1.17604020860941
1.1759349879561
1.17582856763802
1.17572094636323
1.17561212285923
1.17550209587295
1.1753908641707
1.17527842653814
1.17516478178029
1.17504992872148
1.1749338662053
1.17481659309465
1.17469810827163
1.17457841063756
1.17445749911294
1.17433537263744
1.17421203016985
1.17408747068807
1.17396169318907
1.17383469668887
1.17370648022252
1.17357704284405
1.17344638362648
1.17331450166175
1.17318139606072
1.17304706595311
1.17291151048752
1.17277472883137
1.17263672017086
1.17249748371097
1.17235701867541
1.17221532430661
1.17207239986566
1.1719282446323
1.17178285790489
1.17163623900039
1.1714883872543
1.17133930202065
1.17118898267197
1.17103742859923
1.17088463921186
1.17073061393769
1.1705753522229
1.17041885353202
1.17026111734787
1.17010214317157
1.16994193052245
1.16978047893806
1.16961778797414
1.16945385720454
1.16928868622124
1.16912227463429
1.16895462207178
1.16878572817981
1.16861559262245
1.1684442150817
1.16827159525748
1.16809773286758
1.16792262764762
1.16774627935101
1.16756868774895
1.16738985263035
1.16720977380181
1.16702845108762
1.16684588432966
1.16666207338741
1.16647701813791
1.1662907184757
1.16610317431281
1.16591438557869
1.16572435222022
1.16553307420164
1.16534055150451
1.16514678412769
1.1649517720873
1.16475551541667
1.16455801416631
1.16435926840387
1.1641592782141
1.16395804369882
1.16375556497688
1.16355184218411
1.16334687547329
1.16314066501409
1.16293321099309
1.16272451361366
1.16251457309597
1.16230338967697
1.16209096361027
1.16187729516618
1.16166238463165
1.16144623231018
1.16122883852186
1.16101020360327
1.16079032790743
1.16056921180384
1.16034685567834
1.16012325993312
1.15989842498669
1.1596723512738
1.15944503924541
1.15921648936869
1.1589867021269
1.15875567801942
1.15852341756167
1.15828992128505
1.15805518973697
1.1578192234807
1.15758202309544
1.1573435891762
1.15710392233375
1.15686302319466
1.15662089240115
1.15637753061113
1.15613293849811
1.15588711675116
1.1556400660749
1.15539178718941
1.15514228083019
1.15489154774817
1.15463958870959
1.15438640449601
1.15413199590423
1.15387636374627
1.15361950884931
1.15336143205565
1.15310213422265
1.15284161622272
1.15257987894322
1.15231692328648
1.15205275016968
1.15178736052486
1.15152075529886
1.15125293545326
1.15098390196433
1.15071365582301
1.15044219803485
1.15016952961994
1.14989565161289
1.14962056506278
1.1493442710331
1.14906677060172
1.14878806486082
1.14850815491686
1.14822704189051
1.14794472691663
1.14766121114421
1.14737649573632
1.14709058187006
1.1468034707365
1.14651516354066
1.14622566150143
1.14593496585156
1.14564307783756
1.1453499987197
1.14505572977192
1.1447602722818
1.14446362755052
1.1441657968928
1.14386678163684
1.14356658312428
1.14326520271016
1.14296264176285
1.142658901664
1.14235398380853
1.14204788960452
1.14174062047321
1.1414321778489
1.14112256317895
1.1408117779237
1.14049982355642
1.14018670156328
1.13987241344326
1.13955696070815
1.13924034488244
1.13892256750332
1.13860363012061
1.1382835342967
1.13796228160651
1.13763987363741
1.13731631198923
1.13699159827415
1.13666573411667
1.13633872115356
1.13601056103379
1.1356812554185
1.13535080598096
1.13501921440648
1.13468648239236
1.13435261164788
1.13401760389421
1.13368146086437
1.13334418430316
1.13300577596715
1.13266623762458
1.13232557105533
1.13198377805087
1.1316408604142
1.1312968199598
1.13095165851356
1.13060537791276
1.130257980006
1.12990946665312
1.12955983972521
1.12920910110449
1.1288572526843
1.12850429636903
1.12815023407406
1.12779506772572
1.12743879926125
1.12708143062869
1.12672296378689
1.12636340070544
1.12600274336458
1.12564099375518
1.1252781538787
1.12491422574709
1.12454921138278
1.12418311281858
1.12381593209769
1.12344767127357
1.12307833240996
1.12270791758076
1.12233642887004
1.12196386837193
1.12159023819058
1.12121554044013
1.12083977724465
1.12046295073804
1.12008506306405
1.11970611637615
1.11932611283754
1.11894505462106
1.11856294390914
1.11817978289374
1.11779557377633
1.11741031876778
1.11702402008835
1.11663667996763
1.11624830064445
1.11585888436688
1.11546843339212
1.11507694998651
1.11468443642539
1.11429089499312
1.113896327983
1.11350073769722
1.11310412644676
1.11270649655143
1.11230785033972
1.1119081901488
1.11150751832444
1.11110583722098
1.11070314920126
1.11029945663655
1.10989476190653
1.10948906739921
1.10908237551087
1.10867468864605
1.10826600921743
1.10785633964582
1.1074456823601
1.10703403979716
1.10662141440183
1.10620780862686
1.10579322493282
1.10537766578809
1.10496113366879
1.10454363105871
1.10412516044926
1.10370572433944
1.10328532523576
1.1028639656522
1.10244164811014
1.10201837513832
1.10159414927277
1.10116897305679
1.10074284904084
1.10031577978254
1.09988776784659
1.09945881580471
1.0990289262356
1.09859810172488
1.09816634486503
1.09773365825535
1.0973000445019
1.09686550621744
1.09643004602136
1.09599366653968
1.09555637040493
1.09511816025615
1.0946790387388
1.09423900850473
1.09379807221211
1.09335623252537
1.09291349211519
1.09246985365837
1.09202531983787
1.09157989334267
1.09113357686777
1.09068637311411
1.09023828478854
1.08978931460375
1.0893394652782
1.08888873953612
1.0884371401074
1.08798466972756
1.08753133113772
1.08707712708448
1.08662206031996
1.08616613360166
1.08570934969246
1.08525171136056
1.08479322137941
1.08433388252766
1.08387369758912
1.0834126693527
1.08295080061236
1.08248809416705
1.08202455282068
1.08156017938203
1.08109497666473
1.08062894748719
1.08016209467256
1.07969442104867
1.07922592944798
1.07875662270752
1.07828650366887
1.07781557517806
1.07734384008554
1.07687130124616
1.07639796151906
1.07592382376766
1.0754488908596
1.07497316566667
1.07449665106478
1.07401934993392
1.07354126515807
1.07306239962518
1.0725827562271
1.07210233785954
1.07162114742204
1.07113918781786
1.07065646195399
1.07017297274107
1.06968872309335
1.06920371592863
1.0687179541682
1.06823144073684
1.0677441785627
1.06725617057729
1.06676741971544
1.06627792891523
1.06578770111793
1.06529673926797
1.06480504631291
1.06431262520332
1.06381947889282
1.06332561033796
1.06283102249821
1.06233571833589
1.06183970081614
1.06134297290687
1.06084553757866
1.06034739780481
1.0598485565612
1.05934901682627
1.05884878158101
1.05834785380885
1.05784623649565
1.05734393262967
1.05684094520145
1.05633727720384
1.0558329316319
1.0553279114829
1.05482221975622
1.05431585945333
1.05380883357775
1.05330114513498
1.05279279713249
1.05228379257962
1.05177413448757
1.05126382586937
1.05075286973976
1.05024126911524
1.04972902701395
1.04921614645566
1.04870263046169
1.04818848205492
1.04767370425969
1.04715830010178
1.04664227260836
1.04612562480795
1.04560835973035
1.04509048040663
1.04457198986906
1.04405289115108
1.04353318728723
1.04301288131315
1.04249197626548
1.04197047518186
1.04144838110086
1.04092569706196
1.04040242610547
1.03987857127251
1.03935413560497
1.03882912214545
1.03830353393723
1.03777737402422
1.03725064545091
1.03672335126234
1.03619549450404
1.03566707822202
1.03513810546268
1.0346085792728
1.03407850269949
1.03354787879014
1.0330167105924
1.03248500115409
1.03195275352322
1.0314199707479
1.03088665587631
1.03035281195668
1.02981844203722
1.02928354916609
1.02874813639136
1.02821220676096
1.02767576332265
1.02713880912399
1.02660134721225
1.02606338063443
1.02552491243718
1.02498594566678
1.02444648336908
1.02390652858948
1.02336608437289
1.02282515376365
1.02228373980555
1.02174184554175
1.02119947401476
1.02065662826638
1.02011331133769
1.01956952626897
1.0190252760997
1.01848056386852
1.01793539261315
1.01738976537041
1.01684368517611
1.01629715506509
1.01575017807113
1.01520275722693
1.01465489556405
1.01410659611293
1.01355786190277
1.01300869596156
1.01245910131602
1.01190908099154
1.0113586380122
1.01080777540067
1.01025649617821
1.00970480336461
1.0091526999782
1.00860018903576
1.00804727355249
1.00749395654203
1.00694024101635
1.00638612998576
1.00583162645887
1.00527673344253
1.00472145394183
1.00416579096004
1.00360974749858
1.00305332655699
1.00249653113288
1.00193936422192
1.00138182881781
1.0008239279122
1.00026566449469
0.999707041552817
0.999148062071965
0.998588729035377
0.998029045424107
0.997469014216983
0.996908638390578
0.996347920919177
0.995786864774744
0.995225472926885
0.994663748342824
0.994101693987362
0.993539312822849
0.992976607809153
0.992413581903625
0.991850238061069
0.991286579233708
0.990722608371156
0.990158328420385
0.989593742325694
0.989028853028676
0.988463663468189
0.987898176580327
0.987332395298384
0.986766322552831
0.986199961271277
0.985633314378447
0.985066384796147
0.984499175443234
0.983931689235591
0.983363929086092
0.982795897904575
0.982227598597814
0.981659034069485
0.981090207220144
0.980521120947194
0.979951778144856
0.979382181704142
0.978812334512827
0.978242239455418
0.97767189941313
0.977101317263854
0.976530495882134
0.975959438139133
0.975388146902613
0.974816625036901
0.974244875402867
0.973672900857894
0.97310070425585
0.972528288447066
0.971955656278306
0.97138281059274
0.970809754229921
0.970236490025755
0.969663020812479
0.969089349418632
0.96851547866903
0.967941411384744
0.967367150383067
0.9667926984775
0.966218058477714
0.965643233189535
0.965068225414917
0.964493037951914
0.963917673594659
0.963342135133338
0.962766425354168
0.962190547039369
0.961614502967146
0.961038295911657
0.960461928643
0.95988540392718
0.959308724526093
0.958731893197495
0.958154912694989
0.957577785767994
0.957000515161725
0.956423103617172
0.955845553871076
0.955267868655908
0.954690050699844
0.954112102726748
0.953534027456145
0.952955827603204
0.952377505878712
0.951799064989058
0.951220507636207
0.950641836517681
0.950063054326538
0.949484163751352
0.948905167476191
0.948326068180597
0.947746868539567
0.947167571223532
0.946588178898334
0.946008694225212
0.945429119860778
0.944849458456998
0.944269712661175
0.943689885115926
0.943109978459166
0.942529995324086
0.94194993833914
0.941369810128017
0.940789613309631
0.940209350498099
0.939629024302722
0.939048637327968
0.938468192173455
0.93788769143393
0.937307137699256
0.936726533554388
0.936145881579363
0.935565184349278
0.934984444434271
0.934403664399511
0.933822846805175
0.933241994206434
0.932661109153434
0.932080194191283
0.931499251860033
0.930918284694664
0.930337295225065
0.929756285976024
0.929175259467209
0.928594218213152
0.928013164723232
0.927432101501665
0.926851031047483
0.926269955854525
0.925688878411414
0.92510780120155
0.924526726703092
0.923945657388941
0.923364595726732
0.922783544178814
0.922202505202237
0.921621481248741
0.921040474764739
0.920459488191305
0.919878523964159
0.919297584513656
0.918716672264769
0.918135789637079
0.917554939044762
0.916974122896573
0.916393343595836
0.915812603540432
0.915231905122783
0.914651250729843
0.914070642743084
0.913490083538486
0.912909575486519
0.912329120952141
0.911748722294777
0.911168381868313
0.910588102021082
0.910007885095854
0.909427733429823
0.908847649354598
0.908267635196191
0.907687693275007
0.907107825905832
0.906528035397823
0.905948324054497
0.905368694173722
0.904789148047707
0.904209687962989
0.903630316200426
0.903051035035186
0.902471846736739
0.901892753568844
0.901313757789543
0.900734861651148
0.900156067400236
0.899577377277638
0.898998793518428
0.898420318351918
0.897841954001646
0.89726370268537
0.896685566615057
0.896107547996876
0.895529649031192
0.894951871912552
0.894374218829682
0.893796691965479
0.893219293497001
0.892642025595458
0.892064890426211
0.891487890148756
0.890911026916724
0.89033430287787
0.889757720174066
0.889181280941296
0.888604987309646
0.888028841403301
0.887452845340537
0.886877001233712
0.886301311189264
0.885725777307702
0.885150401683597
0.884575186405586
0.884000133556352
0.883425245212632
0.882850523445199
0.882275970318867
0.881701587892479
0.881127378218902
0.880553343345026
0.879979485311752
0.879405806153995
0.878832307900673
0.878258992574703
0.877685862193001
0.877112918766469
0.876540164299999
0.875967600792464
0.875395230236713
0.87482305461957
0.874251075921829
0.873679296118246
0.873107717177543
0.872536341062395
0.871965169729434
0.871394205129242
0.870823449206347
0.870252903899221
0.869682571140276
0.869112452855862
0.868542550966263
0.867972867385693
0.867403404022295
0.866834162778138
0.866265145549212
0.86569635422543
0.86512779069062
0.864559456822527
0.86399135449281
0.863423485567037
0.862855851904685
0.86228845535914
0.861721297777692
0.861154381001533
0.860587706865759
0.860021277199363
0.859455093825239
0.858889158560177
0.858323473214862
0.857758039593876
0.857192859495693
0.856627934712677
0.856063267031087
0.855498858231071
0.854934710086667
0.854370824365802
0.85380720283029
0.853243847235837
0.852680759332032
0.852117940862355
0.85155539356417
0.850993119168731
0.850431119401176
0.849869395980532
0.849307950619712
0.848746785025517
0.848185900898634
0.84762529993364
0.847064983818998
0.846504954237062
0.845945212864075
0.845385761370169
0.844826601419369
0.844267734669591
0.843709162772643
0.843150887374228
0.842592910113945
0.842035232625287
0.841477856535645
0.840920783466311
0.840364015032476
0.839807552843232
0.839251398501576
0.838695553604409
0.83814001974254
0.837584798500687
0.837029891457477
0.83647530018545
0.835921026251064
0.835367071214689
0.834813436630618
0.834260124047063
0.833707135006162
0.833154471043977
0.832602133690501
0.832050124469657
0.831498444899302
0.830947096491229
0.830396080751174
0.829845399178811
0.829295053267763
0.8287450445056
0.828195374373843
0.827646044347968
0.827097055897411
0.826548410485565
0.826000109569793
0.825452154601421
0.824904547025751
0.824357288282056
0.823810379803591
0.823263823017593
0.822717619345283
0.822171770201875
0.821626276996576
0.821081141132592
0.820536364007128
0.819991947011398
0.819447891530626
0.818904198944051
0.818360870624929
0.81781790794054
0.817275312252194
0.81673308491523
0.816191227279024
0.815649740686996
0.815108626476609
0.814567885979379
0.814027520520875
0.813487531420729
0.812947919992636
0.812408687544362
0.811869835377749
0.811331364788719
0.810793277067278
0.810255573497525
0.809718255357652
0.809181323919955
0.808644780450834
0.808108626210804
0.807572862454495
0.807037490430661
0.806502511382183
0.805967926546079
0.805433737153504
0.804899944429761
0.804366549594303
0.80383355386074
0.803300958436846
0.802768764524565
0.802236973320013
0.801705586013491
0.801174603789484
0.800644027826674
0.800113859297938
0.799584099370362
0.799054749205244
0.7985258099581
0.797997282778672
0.79746916881093
0.796941469193086
0.796414185057594
0.795887317531161
0.795360867734748
0.794834836783583
0.794309225787166
0.793784035849273
0.793259268067964
0.792734923535592
0.792211003338808
0.791687508558567
0.791164440270139
0.790641799543111
0.790119587441397
0.789597805023244
0.789076453341242
0.788555533442325
0.788035046367786
0.787514993153279
0.786995374828825
0.786476192418827
0.785957446942068
0.785439139411726
0.784921270835377
0.784403842215004
0.783886854547004
0.783370308822198
0.782854206025833
0.782338547137597
0.781823333131622
0.781308564976492
0.780794243635251
0.780280370065413
0.779766945218968
0.77925397004239
0.778741445476643
0.778229372457193
0.777717751914014
0.777206584771596
0.776695871948951
0.776185614359626
0.775675812911705
0.775166468507824
0.774657582045172
0.774149154415504
0.77364118650515
0.773133679195019
0.772626633360609
0.772120049872018
0.771613929593949
0.77110827338572
0.770603082101271
0.770098356589175
0.769594097692644
0.769090306249539
0.768586983092379
0.768084129048346
0.767581744939298
0.767079831581776
0.766578389787011
0.766077420360936
0.76557692410419
0.765076901812133
0.764577354274849
0.764078282277157
0.763579686598621
0.763081568013557
0.762583927291042
0.762086765194923
0.76159008248383
0.761093879911175
0.760598158225172
0.76010291816884
0.759608160480011
0.759113885891342
0.758620095130325
0.758126788919291
0.757633967975426
0.757141633010771
0.756649784732242
0.756158423841629
0.755667551035612
0.755177167005767
0.754687272438577
0.754197868015438
0.753708954412673
0.753220532301537
0.752732602348227
0.752245165213895
0.751758221554653
0.751271772021583
0.750785817260748
0.7503003579132
0.74981539461499
0.749330927997177
0.748846958685839
0.748363487302079
0.747880514462037
0.747398040776899
0.746916066852907
0.746434593291366
0.745953620688657
0.745473149636243
0.744993180720683
0.744513714523636
0.744034751621874
0.743556292587292
0.743078337986914
0.742600888382907
0.742123944332589
0.741647506388436
0.741171575098096
0.740696151004394
0.740221234645345
0.739746826554164
0.739272927259273
0.73879953728431
0.738326657148145
0.737854287364882
0.737382428443872
0.736911080889725
0.736440245202314
0.73596992187679
0.735500111403591
0.735030814268448
0.734562030952399
0.734093761931796
0.733626007678315
0.73315876865897
0.732692045336115
0.73222583816746
0.73176014760608
0.73129497410042
0.730830318094313
0.730366180026982
0.729902560333053
0.729439459442567
0.728976877780985
0.728514815769203
0.728053273823557
0.727592252355835
0.72713175177329
0.726671772478642
0.726212314870098
0.725753379341351
0.725294966281599
0.724837076075549
0.724379709103431
0.723922865741004
0.723466546359567
0.723010751325972
0.72255548100263
0.722100735747521
0.721646515914208
0.72119282185184
0.72073965390517
0.720287012414557
0.719834897715982
0.719383310141055
0.718932250017023
0.718481717666785
0.718031713408898
0.717582237557588
0.717133290422757
0.716684872310001
0.716236983520608
0.71578962435158
0.715342795095633
0.714896496041214
0.714450727472506
0.714005489669439
0.713560782907703
0.713116607458754
0.712672963589824
0.712229851563935
0.711787271639903
0.711345224072353
0.710903709111724
0.710462727004285
0.710022277992137
0.709582362313231
0.709142980201372
0.708704131886229
0.70826581759335
0.707828037544166
0.707390791956004
0.706954081042095
0.706517905011585
0.706082264069546
0.705647158416981
0.70521258825084
0.704778553764026
0.704345055145405
0.703912092579816
0.703479666248081
0.703047776327017
0.702616422989441
0.702185606404182
0.701755326736094
0.701325584146059
0.700896378791003
0.700467710823903
0.700039580393794
0.699611987645784
0.699184932721061
0.698758415756903
0.698332436886686
0.697906996239896
0.697482093942137
0.697057730115144
0.696633904876786
0.696210618341083
0.695787870618211
0.695365661814513
0.694943992032507
0.6945228613709
0.694102269924591
0.693682217784688
0.693262705038511
0.692843731769604
0.692425298057747
0.692007403978961
0.691590049605522
0.691173235005966
0.690756960245103
0.690341225384022
0.689926030480104
0.68951137558703
0.689097260754791
0.688683686029698
0.688270651454387
0.687858157067835
0.687446202905365
0.687034788998657
0.686623915375759
0.686213582061089
0.685803789075456
0.68539453643606
0.684985824156503
0.684577652246803
0.684170020713398
0.683762929559158
0.683356378783393
0.682950368381863
0.682544898346788
0.682139968666855
0.681735579327229
0.681331730309563
0.680928421592004
0.680525653149205
0.680123424952334
0.67972173696908
0.679320589163668
0.678919981496863
0.678519913925979
0.678120386404893
0.67772139888405
0.677322951310472
0.676925043627769
0.676527675776148
0.676130847692418
0.675734559310006
0.675338810558961
0.674943601365961
0.674548931654331
0.67415480134404
0.673761210351721
0.673368158590671
0.672975645970865
0.672583672398967
0.67219223777833
0.671801342009014
0.67141098498779
0.671021166608151
0.670631886760318
0.670243145331254
0.669854942204665
0.669467277261017
0.669080150377539
0.668693561428235
0.668307510283888
0.667921996812077
0.667537020877177
0.667152582340373
0.666768681059666
0.666385316889883
0.666002489682687
0.665620199286581
0.665238445546921
0.664857228305923
0.664476547402672
0.664096402673127
0.663716793950136
0.663337721063441
0.662959183839683
0.662581182102417
0.662203715672117
0.661826784366183
0.661450387998955
0.661074526381712
0.660699199322692
0.660324406627088
0.659950148097069
0.659576423531776
0.659203232727341
0.658830575476888
0.658458451570542
0.658086860795444
0.657715802935749
0.657345277772642
0.656975285084344
0.656605824646119
0.656236896230281
0.655868499606206
0.655500634540339
0.655133300796199
0.65476649813439
0.654400226312609
0.654034485085652
0.653669274205425
0.653304593420949
0.652940442478369
0.652576821120964
0.652213729089151
0.651851166120498
0.651489131949725
0.65112762630872
0.65076664892654
0.650406199529422
0.650046277840793
0.649686883581271
0.64932801646868
0.648969676218053
0.648611862541644
0.648254575148931
0.647897813746627
0.647541578038685
0.647185867726309
0.646830682507959
0.646476022079362
0.646121886133513
0.645768274360691
0.645415186448458
0.645062622081675
0.644710580942503
0.644359062710413
0.644008067062195
0.643657593671963
0.643307642211162
0.64295821234858
0.642609303750348
0.642260916079955
0.641913048998251
0.641565702163454
0.641218875231161
0.64087256785435
0.640526779683394
0.640181510366061
0.639836759547527
0.639492526870379
0.639148811974627
0.638805614497705
0.638462934074486
0.63812077033728
0.637779122915849
0.63743799143741
0.637097375526643
0.636757274805699
0.636417688894204
0.636078617409272
0.635740059965504
0.635402016175003
0.635064485647374
0.634727467989737
0.634390962806729
0.634054969700514
0.63371948827079
0.633384518114793
0.633050058827305
0.632716110000664
0.632382671224768
0.632049742087079
0.631717322172637
0.631385411064059
0.631054008341553
0.630723113582918
0.630392726363555
0.630062846256473
0.629733472832294
0.629404605659261
0.629076244303245
0.62874838832775
0.628421037293922
0.628094190760552
0.627767848284086
0.627442009418631
0.627116673715958
0.626791840725514
0.626467509994423
0.626143681067496
0.625820353487237
0.625497526793849
0.625175200525238
0.624853374217025
0.624532047402544
0.624211219612859
0.623890890376761
0.623571059220776
0.623251725669178
0.622932889243987
0.622614549464978
0.62229670584969
0.621979357913428
0.621662505169272
0.621346147128081
0.621030283298501
0.620714913186972
0.620400036297729
0.620085652132814
0.61977176019208
0.619458359973194
0.619145450971648
0.618833032680761
0.618521104591687
0.618209666193422
0.617898716972807
0.617588256414534
0.617278284001156
0.616968799213087
0.616659801528615
0.616351290423899
0.616043265372984
0.615735725847799
0.615428671318167
0.615122101251812
0.614816015114359
0.614510412369347
0.614205292478228
0.613900654900378
0.613596499093098
0.613292824511625
0.612989630609132
0.612686916836737
0.612384682643509
0.612082927476471
0.611781650780607
0.611480851998868
0.611180530572178
0.610880685939436
0.610581317537526
0.610282424801319
0.609984007163681
0.609686064055477
0.609388594905576
0.609091599140857
0.608795076186216
0.608499025464567
0.608203446396853
0.607908338402047
0.607613700897159
0.607319533297239
0.607025835015388
0.606732605462756
0.606439844048552
0.606147550180048
0.605855723262584
0.605564362699574
0.605273467892509
0.604983038240963
0.604693073142601
0.60440357199318
0.604114534186556
0.603825959114689
0.603537846167648
0.603250194733615
0.602963004198893
0.602676273947907
0.602390003363212
0.602104191825497
0.601818838713588
0.601533943404456
0.601249505273222
0.600965523693158
0.600681998035696
0.600398927670431
0.600116311965127
0.599834150285718
0.599552441996319
0.599271186459225
0.598990383034921
0.598710031082082
0.598430129957579
0.598150679016489
0.597871677612089
0.597593125095872
0.597315020817545
0.597037364125034
0.596760154364491
0.596483390880298
0.59620707301507
0.595931200109663
0.595655771503174
0.595380786532948
0.595106244534584
0.594832144841937
0.594558486787125
0.594285269700529
0.594012492910804
0.593740155744877
0.593468257527957
0.593196797583535
0.592925775233391
0.592655189797599
0.592385040594528
0.59211532694085
0.591846048151543
0.591577203539893
0.591308792417505
0.591040814094298
0.590773267878517
0.590506153076736
0.590239468993857
0.58997321493312
0.589707390196107
0.589441994082741
0.589177025891298
0.588912484918403
0.588648370459042
0.588384681806559
0.588121418252666
0.587858579087443
0.587596163599346
0.587334171075207
0.587072600800242
0.586811452058051
0.586550724130626
0.586290416298353
0.586030527840017
0.585771058032804
0.585512006152309
0.585253371472535
0.584995153265901
0.584737350803245
0.584479963353827
0.584222990185333
0.583966430563881
0.583710283754021
0.583454549018745
0.583199225619484
0.582944312816117
0.582689809866973
0.582435716028835
0.582182030556944
0.581928752705002
0.581675881725177
0.581423416868107
0.581171357382903
0.580919702517154
0.580668451516928
0.580417603626779
0.580167158089749
0.579917114147374
0.579667471039683
0.579418228005207
0.579169384280981
0.578920939102545
0.578672891703952
0.578425241317769
0.578177987175081
0.577931128505495
0.577684664537145
0.577438594496693
0.577192917609336
0.576947633098804
0.576702740187371
0.576458238095854
0.576214126043617
0.575970403248576
0.5757270689272
0.575484122294518
0.575241562564121
0.574999388948164
0.574757600657375
0.574516196901048
0.574275176887059
0.574034539821862
0.573794284910492
0.573554411356574
0.573314918362321
0.573075805128541
0.572837070854638
0.572598714738617
0.572360735977088
0.572123133765267
0.571885907296984
0.571649055764679
0.571412578359415
0.571176474270871
0.570940742687356
0.570705382795803
0.570470393781779
0.570235774829485
0.57000152512176
0.569767643840086
0.56953413016459
0.569300983274045
0.569068202345879
0.568835786556174
0.56860373507967
0.568372047089769
0.568140721758538
0.567909758256714
0.567679155753704
0.567448913417592
0.567219030415137
0.566989505911784
0.56676033907166
0.566531529057582
0.566303075031058
0.56607497615229
0.565847231580179
0.565619840472328
0.565392801985043
0.565166115273339
0.564939779490943
0.564713793790294
0.56448815732255
0.56426286923759
0.564037928684017
0.56381333480916
0.56358908675908
0.563365183678572
0.563141624711166
0.562918408999133
0.562695535683488
0.562473003903991
0.562250812799153
0.562028961506238
0.561807449161265
0.561586274899011
0.561365437853019
0.561144937155594
0.560924771937811
0.560704941329518
0.560485444459336
0.560266280454665
0.560047448441686
0.559828947545365
0.559610776889455
0.559392935596501
0.559175422787839
0.558958237583605
0.558741379102733
0.558524846462962
0.558308638780835
0.558092755171708
0.557877194749745
0.55766195662793
0.557447039918062
0.557232443730766
0.557018167175489
0.556804209360507
0.556590569392927
0.556377246378691
0.556164239422578
0.555951547628208
0.555739170098044
0.555527105933397
0.555315354234425
0.555103914100143
0.554892784628419
0.554681964915981
0.55447145405842
0.554261251150192
0.55405135528462
0.5538417655539
0.553632481049103
0.553423500860177
0.553214824075951
0.553006449784137
0.552798377071335
0.552590605023035
0.552383132723621
0.552175959256371
0.551969083703463
0.551762505145981
0.551556222663909
0.551350235336144
0.551144542240492
0.550939142453676
0.550734035051336
0.550529219108032
0.550324693697251
0.550120457891404
0.549916510761833
0.549712851378817
0.549509478811567
0.549306392128237
0.549103590395921
0.548901072680661
0.548698838047447
0.548496885560223
0.548295214281885
0.548093823274291
0.547892711598258
0.547691878313569
0.547491322478974
0.547291043152195
0.547091039389926
0.54689131024784
0.546691854780591
0.546492672041815
0.546293761084135
0.546095120959163
0.545896750717507
0.545698649408768
0.545500816081547
0.545303249783448
0.545105949561082
0.544908914460066
0.544712143525031
0.544515635799623
0.544319390326505
0.544123406147363
0.543927682302908
0.543732217832879
0.543537011776045
0.543342063170209
0.543147371052215
0.542952934457944
0.542758752422324
0.542564823979328
0.542371148161983
0.542177724002364
0.54198455053161
0.541791626779915
0.54159895177654
0.541406524549811
0.541214344127126
0.541022409534953
0.54083071979884
0.540639273943415
0.540448070992388
0.540257109968555
0.540066389893805
0.539875909789117
0.539685668674568
0.539495665569335
0.539305899491699
0.539116369459047
0.538927074487876
0.538738013593796
0.538549185791535
0.53836059009494
0.538172225516982
0.537984091069759
0.537796185764499
0.537608508611565
0.537421058620455
0.53723383479981
0.537046836157414
0.536860061700199
0.536673510434245
0.536487181364792
0.536301073496234
0.536115185832126
0.535929517375191
0.535744067127317
0.535558834089567
0.535373817262177
0.535189015644564
0.535004428235325
0.534820054032246
0.5346358920323
0.534451941231654
0.534268200625674
0.534084669208922
0.533901345975168
0.533718229917387
0.533535320027767
0.533352615297709
0.533170114717834
0.532987817277985
0.532805721967228
0.532623827773863
0.532442133685419
0.532260638688665
0.532079341769608
0.531898241913502
0.531717338104845
0.531536629327391
0.531356114564146
0.531175792797377
0.530995663008615
0.530815724178655
0.530635975287564
0.530456415314685
0.530277043238636
0.530097858037319
0.529918858687922
0.529740044166923
0.529561413450091
0.529382965512497
0.529204699328508
0.529026613871802
0.528848708115362
0.528670981031486
0.528493431591788
0.528316058767205
0.528138861527997
0.527961838843755
0.527784989683401
0.527608313015195
0.527431807806739
0.527255473024979
0.52707930763621
0.526903310606082
0.5267274808996
0.526551817481132
0.526376319314411
0.526200985362541
0.526025814587997
0.525850805952635
0.525675958417691
0.525501270943789
0.525326742490942
0.525152372018559
0.524978158485447
0.524804100849818
0.524630198069289
0.52445644910089
0.524282852901067
0.524109408425688
0.523936114630042
0.523762970468851
0.523589974896267
0.523417126865883
0.523244425330731
0.523071869243291
0.522899457555494
0.522727189218726
0.522555063183834
0.522383078401128
0.522211233820386
0.522039528390862
0.521867961061286
0.521696530779869
0.521525236494311
0.521354077151803
0.521183051699031
0.521012159082183
0.520841398246951
0.520670768138538
0.52050026770166
0.520329895880553
0.520159651618976
0.519989533860219
0.519819541547102
0.519649673621986
0.519479929026771
0.519310306702908
0.519140805591398
0.518971424632802
0.518802162767239
0.518633018934397
0.518463992073536
0.518295081123491
0.518126285022679
0.517957602709104
0.51778903312036
0.517620575193639
0.517452227865732
0.517283990073036
0.517115860751562
0.516947838836935
0.516779923264401
0.516612112968832
0.516444406884734
0.516276803946247
0.516109303087152
0.515941903240879
0.515774603340509
0.515607402318778
0.515440299108087
0.515273292640503
0.515106381847767
0.514939565661296
0.514772843012192
0.514606212831244
0.514439674048936
0.51427322559545
0.514106866400673
0.513940595394204
0.513774411505353
0.513608313663153
0.513442300796365
0.513276371833478
0.513110525702721
0.512944761332062
0.512779077649222
0.51261347358167
0.51244794805664
0.512282500001125
0.512117128341892
0.511951832005484
0.511786609918223
0.51162146100622
0.511456384195379
0.511291378411402
0.511126442579796
0.510961575625876
0.510796776474777
0.51063204405145
0.510467377280679
0.510302775087078
0.5101382363951
0.509973760129045
0.509809345213061
0.509644990571156
0.509480695127198
0.509316457804925
0.50915227752795
0.508988153219765
0.508824083803751
0.508660068203179
0.508496105341221
0.508332194140952
0.50816833352536
0.508004522417349
0.507840759739745
0.507677044415305
0.507513375366723
0.507349751516631
0.507186171787611
0.507022635102201
0.506859140382897
0.506695686552163
0.506532272532436
0.506368897246134
0.506205559615658
0.506042258563404
0.505878993011766
0.505715761883142
0.505552564099944
0.505389398584601
0.505226264259565
0.505063160047322
0.504900084870394
0.504737037651348
0.504574017312802
0.504411022777432
0.504248052967976
0.504085106807245
0.503922183218127
0.503759281123595
0.503596399446711
0.503433537110636
0.503270693038636
0.503107866154088
0.502945055380486
0.502782259641452
0.502619477860735
0.502456708962228
0.502293951869967
0.50213120550814
0.501968468801096
0.501805740673351
0.501643020049594
0.501480305854693
0.501317597013706
0.501154892451886
0.500992191094686
0.500829491867768
0.500666793697012
0.500504095508521
0.500341396228627
0.500178694783901
0.500015990101158
0.499853281107468
0.499690566730156
0.499527845896818
0.499365117535323
0.499202380573819
0.499039633940748
0.498876876564843
0.498714107375145
0.498551325301003
0.498388529272088
0.498225718218394
0.498062891070251
0.49790004675833
0.497737184213649
0.497574302367584
0.497411400151877
0.497248476498636
0.497085530340355
0.496922560609911
0.496759566240577
0.496596546166028
0.49643349932035
0.496270424638046
0.496107321054046
0.495944187503712
0.49578102292285
0.495617826247714
0.495454596415015
0.49529133236193
0.495128033026108
0.494964697345679
0.494801324259265
0.494637912705982
0.494474461625452
0.494310969957811
0.494147436643715
0.493983860624351
0.493820240841442
0.493656576237258
0.493492865754621
0.493329108336918
0.493165302928103
0.49300144847271
0.492837543915861
0.492673588203272
0.492509580281261
0.492345519096759
0.492181403597318
0.492017232731118
0.491853005446974
0.491688720694348
0.491524377423356
0.491359974584775
0.491195511130053
0.491030986011319
0.490866398181387
0.490701746593769
0.490537030202681
0.490372247963054
0.490207398830539
0.490042481761519
0.489877495713117
0.489712439643204
0.489547312510406
0.489382113274116
0.489216840894503
0.489051494332516
0.488886072549898
0.488720574509192
0.488554999173751
0.488389345507747
0.488223612476178
0.48805779904488
0.487891904180532
0.487725926850671
0.487559866023692
0.487393720668867
0.487227489756347
0.487061172257172
0.486894767143285
0.486728273387534
0.486561689963686
0.486395015846434
0.486228250011408
0.486061391435183
0.485894439095286
0.485727391970209
0.485560249039417
0.485393009283356
0.485225671683464
0.485058235222178
0.484890698882947
0.484723061650236
0.484555322509543
0.484387480447398
0.484219534451384
0.484051483510137
0.48388332661336
0.483715062751832
0.483546690917416
0.483378210103072
0.483209619302861
0.48304091751196
0.482872103726667
0.482703176944415
0.482534136163777
0.48236498038448
0.482195708607411
0.482026319834631
0.481856813069377
0.481687187316082
0.481517441580375
0.481347574869098
0.481177586190311
0.481007474553305
0.480837238968609
0.480666878448002
0.480496392004522
0.480325778652475
0.480155037407446
0.479984167286309
0.479813167307237
0.47964203648971
0.479470773854527
0.479299378423816
0.479127849221041
0.478956185271015
0.478784385599912
0.478612449235271
0.478440375206009
0.478268162542434
0.478095810276251
0.477923317440572
0.47775068306993
0.477577906200285
0.477404985869037
0.477231921115033
0.477058710978582
0.47688535450146
0.476711850726923
0.476538198699717
0.476364397466089
0.476190446073794
0.476016343572108
0.47584208901184
0.475667681445337
0.475493119926499
0.475318403510787
0.475143531255234
0.474968502218457
0.474793315460663
0.474617970043663
0.474442465030883
0.47426679948737
0.474090972479809
0.473914983076526
0.473738830347504
0.473562513364393
0.473386031200515
0.473209382930884
0.473032567632206
0.472855584382898
0.472678432263093
0.472501110354655
0.472323617741185
0.472145953508035
0.471968116742316
0.471790106532913
0.471611921970489
0.471433562147501
0.471255026158208
0.471076313098683
0.470897422066824
0.470718352162362
0.470539102486873
0.470359672143791
0.470180060238416
0.470000265877925
0.469820288171383
0.469640126229754
0.469459779165913
0.469279246094653
0.4690985261327
0.468917618398721
0.468736522013335
0.468555236099126
0.468373759780651
0.468192092184451
0.468010232439065
0.467828179675038
0.46764593302493
0.467463491623333
0.467280854606874
0.467098021114234
0.466914990286152
0.466731761265439
0.466548333196988
0.466364705227787
0.466180876506927
0.465996846185614
0.46581261341718
0.465628177357095
0.465443537162974
0.465258691994594
0.465073641013899
0.464888383385015
0.464702918274259
0.46451724485015
0.464331362283419
0.464145269747025
0.463958966416158
0.463772451468257
0.463585724083017
0.463398783442399
0.463211628730646
0.46302425913429
0.462836673842163
0.462648872045409
0.462460852937496
0.462272615714224
0.462084159573739
0.461895483716543
0.461706587345503
0.461517469665864
0.461328129885262
0.46113856721373
0.460948780863712
0.460758770050075
0.460568533990117
0.46037807190358
0.460187383012662
0.459996466542023
0.459805321718804
0.45961394777263
0.459422343935625
0.459230509442425
0.459038443530183
0.458846145438585
0.45865361440986
0.45846084968879
0.458267850522719
0.45807461616157
0.45788114585785
0.457687438866664
0.457493494445725
0.457299311855365
0.457104890358546
0.456910229220871
0.456715327710595
0.456520185098638
0.456324800658591
0.45612917366673
0.455933303402029
0.455737189146168
0.455540830183542
0.455344225801277
0.455147375289239
0.454950277940043
0.454752933049064
0.454555339914453
0.454357497837139
0.454159406120849
0.453961064072112
0.453762471000275
0.453563626217509
0.453364529038825
0.453165178782079
0.452965574767988
0.452765716320138
0.452565602764997
0.452365233431923
0.452164607653175
0.451963724763928
0.451762584102279
0.451561185009258
0.451359526828844
0.451157608907969
0.450955430596532
0.45075299124741
0.450550290216469
0.450347326862572
0.450144100547592
0.449940610636424
0.449736856496991
0.44953283750026
0.449328553020248
0.449124002434037
0.448919185121779
0.448714100466713
0.448508747855172
0.448303126676592
0.448097236323527
0.447891076191656
0.447684645679794
0.447477944189905
0.447270971127109
0.447063725899695
0.446856207919129
0.446648416600068
0.446440351360368
0.446232011621093
0.446023396806529
0.445814506344192
0.445605339664839
0.445395896202478
0.445186175394378
0.444976176681082
0.444765899506412
0.444555343317485
0.444344507564718
0.444133391701843
0.443921995185915
0.44371031747732
0.44349835803979
0.443286116340408
0.443073591849621
0.442860784041253
0.442647692392506
0.44243431638398
0.442220655499678
0.442006709227016
0.441792477056833
0.441577958483403
0.441363153004445
0.441148060121127
0.440932679338086
0.440717010163427
0.440501052108743
0.440284804689116
0.440068267423132
0.43985143983289
0.439634321444011
0.439416911785647
0.439199210390493
0.438981216794794
0.438762930538356
0.438544351164556
0.43832547822035
0.438106311256284
0.437886849826504
0.437667093488764
0.437447041804434
0.437226694338514
0.437006050659639
0.436785110340093
0.436563872955811
0.436342338086397
0.436120505315127
0.43589837422896
0.435675944418549
0.435453215478247
0.43523018700612
0.435006858603953
0.434783229877259
0.43455930043529
0.434335069891045
0.434110537861281
0.433885703966517
0.433660567831047
0.43343512908295
0.433209387354095
0.43298334228015
0.432756993500596
0.432530340658729
0.432303383401674
0.43207612138039
0.431848554249681
0.431620681668203
0.431392503298474
0.431164018806882
0.430935227863693
0.43070613014306
0.43047672532303
0.430247013085555
0.430016993116499
0.429786665105646
0.429556028746707
0.429325083737333
0.429093829779117
0.428862266577607
0.42863039384231
0.428398211286704
0.428165718628244
0.42793291558837
0.427699801892515
0.427466377270114
0.427232641454611
0.426998594183464
0.42676423519816
0.426529564244214
0.426294581071185
0.426059285432676
0.425823677086347
0.425587755793922
0.425351521321192
0.42511497343803
0.42487811191839
0.424640936540321
0.424403447085971
0.424165643341597
0.423927525097568
0.423689092148376
0.423450344292642
0.423211281333122
0.422971903076715
0.42273220933447
0.422492199921595
0.422251874657459
0.422011233365603
0.421770275873746
0.421529002013791
0.42128741162183
0.421045504538156
0.420803280607264
0.420560739677861
0.420317881602872
0.420074706239444
0.419831213448955
0.419587403097022
0.4193432750535
0.419098829192499
0.41885406539238
0.418608983535769
0.418363583509557
0.418117865204911
0.417871828517276
0.417625473346383
0.417378799596258
0.417131807175219
0.416884495995892
0.41663686597521
0.416388917034421
0.416140649099093
0.41589206209912
0.415643155968729
0.415393930646483
0.415144386075286
0.414894522202391
0.414644338979405
0.41439383636229
0.414143014311376
0.413891872791358
0.413640411771305
0.413388631224666
0.413136531129274
0.412884111467347
0.412631372225501
0.412378313394746
0.412124934970498
0.411871236952578
0.411617219345221
0.411362882157078
0.41110822540122
0.410853249095145
0.41059795326078
0.410342337924486
0.410086403117064
0.409830148873756
0.409573575234252
0.409316682242691
0.409059469947668
0.408801938402237
0.408544087663914
0.408285917794681
0.408027428860991
0.40776862093377
0.407509494088423
0.407250048404834
0.406990283967373
0.406730200864896
0.406469799190753
0.406209079042787
0.405948040523338
0.405686683739248
0.405425008801865
0.40516301582704
0.404900704935137
0.404638076251033
0.404375129904119
0.404111866028307
0.403848284762028
0.403584386248239
0.403320170634423
0.403055638072591
0.402790788719287
0.402525622735588
0.402260140287108
0.401994341543999
0.401728226680953
0.401461795877205
0.401195049316537
0.400927987187274
0.400660609682293
0.40039291699902
0.400124909339432
0.399856586910062
0.399587949921998
0.399318998590885
0.399049733136926
0.398780153784885
0.398510260764087
0.398240054308419
0.397969534656333
0.397698702050845
0.397427556739537
0.397156098974559
0.396884329012628
0.39661224711503
0.396339853547621
0.396067148580827
0.395794132489645
0.395520805553642
0.39524716805696
0.39497322028831
0.394698962540978
0.394424395112821
0.394149518306273
0.393874332428336
0.39359883779059
0.393323034709185
0.393046923504845
0.392770504502869
0.392493778033127
0.392216744430061
0.391939404032687
0.39166175718459
0.391383804233929
0.391105545533431
0.390826981440394
0.390548112316685
0.390268938528739
0.389989460447558
0.389709678448709
0.389429592912328
0.389149204223111
0.388868512770319
0.388587518947773
0.388306223153857
0.38802462579151
0.38774272726823
0.387460527996071
0.38717802839164
0.386895228876098
0.386612129875153
0.386328731819065
0.386045035142637
0.38576104028522
0.385476747690704
0.38519215780752
0.384907271088639
0.384622087991565
0.384336608978335
0.384050834515516
0.383764765074206
0.383478401130023
0.383191743163113
0.382904791658138
0.382617547104276
0.382330009995221
0.382042180829178
0.381754060108856
0.381465648341471
0.38117694603874
0.380887953716876
0.380598671896588
0.380309101103073
0.380019241866017
0.379729094719589
0.379438660202437
0.379147938857684
0.378856931232927
0.378565637880227
0.378274059356113
0.37798219622157
0.37769004904204
0.377397618387415
0.377104904832033
0.376811908954676
0.376518631338563
0.376225072571343
0.375931233245096
0.375637113956325
0.375342715305951
0.375048037899307
0.374753082346138
0.374457849260588
0.374162339261202
0.373866552970918
0.373570491017061
0.373274154031336
0.372977542649827
0.37268065751299
0.372383499265643
0.372086068556965
0.371788366040491
0.371490392374101
0.371192148220018
0.370893634244801
0.370594851119338
0.370295799518841
0.36999648012284
0.369696893615173
0.369397040683986
0.369096922021721
0.36879653832511
0.368495890295172
0.368194978637202
0.367893804060766
0.367592367279696
0.367290669012078
0.36698870998025
0.366686490910792
0.366384012534518
0.366081275586474
0.365778280805923
0.365475028936342
0.365171520725415
0.364867756925025
0.364563738291241
0.36425946558432
0.36395493956869
0.363650161012946
0.363345130689845
0.36303984937629
0.362734317853331
0.362428536906148
0.362122507324051
0.361816229900463
0.361509705432921
0.361202934723057
0.3608959185766
0.360588657803359
0.360281153217217
0.359973405636125
0.359665415882087
0.359357184781158
0.359048713163427
0.358740001863017
0.358431051718067
0.358121863570729
0.357812438267154
0.357502776657488
0.357192879595854
0.356882747940353
0.356572382553044
0.356261784299943
0.355950954051006
0.355639892680124
0.35532860106511
0.355017080087691
0.354705330633496
0.354393353592047
0.35408114985675
0.353768720324881
0.353456065897577
0.353143187479829
0.352830085980464
0.352516762312143
0.352203217391344
0.351889452138354
0.351575467477254
0.351261264335917
0.350946843645986
0.350632206342871
0.350317353365734
0.350002285657479
0.34968700416474
0.34937150983787
0.34905580363093
0.348739886501677
0.34842375941155
0.348107423325665
0.347790879212794
0.347474128045363
0.34715717079943
0.346840008454682
0.346522641994417
0.346205072405536
0.345887300678528
0.345569327807457
0.345251154789954
0.344932782627199
0.344614212323914
0.344295444888348
0.343976481332261
0.34365732267092
0.343337969923075
0.343018424110957
0.342698686260259
0.342378757400123
0.342058638563129
0.341738330785283
0.341417835106
0.341097152568095
0.340776284217767
0.340455231104585
0.340133994281479
0.339812574804721
0.339490973733916
0.339169192131986
0.338847231065156
0.338525091602943
0.338202774818139
0.3378802817868
0.337557613588228
0.337234771304964
0.336911756022765
0.3365885688306
0.336265210820625
0.33594168308818
0.335617986731763
0.335294122853027
0.334970092556759
0.334645896950864
0.334321537146357
0.333997014257345
0.333672329401009
0.333347483697595
0.333022478270397
0.332697314245741
0.332371992752972
0.332046514924437
0.331720881895474
0.331395094804392
0.331069154792458
0.330743063003884
0.330416820585809
0.330090428688284
0.329763888464257
0.329437201069561
0.329110367662892
0.3287833894058
0.328456267462667
0.3281290030007
0.327801597189905
0.327474051203081
0.327146366215799
0.326818543406385
0.326490583955909
0.326162489048166
0.325834259869659
0.325505897609586
0.325177403459823
0.324848778614906
0.324520024272018
0.32419114163097
0.323862131894186
0.323532996266686
0.323203735956072
0.32287435217251
0.322544846128711
0.322215219039919
0.321885472123893
0.321555606600889
0.321225623693644
0.320895524627362
0.320565310629691
0.320234982930715
0.319904542762929
0.319573991361226
0.319243329962883
0.318912559807537
0.318581682137175
0.318250698196111
0.317919609230975
0.31758841649069
0.31725712122646
0.316925724691751
0.31659422814227
0.316262632835955
0.315930940032951
0.315599150995597
0.315267266988408
0.314935289278055
0.31460321913335
0.31427105782523
0.313938806626733
0.31360646681299
0.313274039661198
0.312941526450611
0.312608928462514
0.312276246980212
0.311943483289009
0.311610638676191
0.311277714431008
0.310944711844658
0.310611632210265
0.310278476822866
0.309945246979389
0.309611943978639
0.309278569121275
0.308945123709799
0.308611609048531
0.308278026443595
0.307944377202899
0.307610662636118
0.307276884054677
0.30694304277173
0.306609140102144
0.30627517736248
0.305941155870975
0.305607076947523
0.305272941913657
0.304938752092533
0.304604508808909
0.304270213389126
0.303935867161092
0.303601471454264
0.303267027599625
0.302932536929672
0.302598000778393
0.302263420481249
0.301928797375158
0.301594132798474
0.30125942809097
0.300924684593817
0.300589903649569
0.300255086602143
0.299920234796799
0.299585349580122
0.299250432300005
0.298915484305629
0.298580506947444
0.298245501577151
0.297910469547684
0.297575412213188
0.297240330929006
0.296905227051654
0.296570101938809
0.296234956949284
0.295899793443011
0.295564612781024
0.295229416325442
0.294894205439443
0.294558981487253
0.294223745834121
0.293888499846307
0.293553244891056
0.293217982336584
0.292882713552057
0.292547439907573
0.292212162774143
0.291876883523674
0.291541603528944
0.291206324163592
0.290871046802091
0.290535772819737
0.290200503592621
0.289865240497619
0.289529984912367
0.289194738215245
0.288859501785359
0.288524277002518
0.288189065247219
0.287853867900629
0.28751868634456
0.287183521961458
0.286848376134379
0.286513250246971
0.286178145683457
0.285843063828614
0.285508006067756
0.285172973786714
0.284837968371817
0.284502991209875
0.284168043688158
0.283833127194378
0.283498243116671
0.283163392843577
0.282828577764023
0.282493799267302
0.282159058743056
0.281824357581256
0.281489697172185
0.281155078906418
0.280820504174803
0.280485974368444
0.28015149087868
0.279817055097068
0.279482668415365
0.279148332225508
0.278814047919594
0.278479816889866
0.27814564052869
0.277811520228538
0.277477457381972
0.277143453381619
0.27680950962016
0.276475627490307
0.276141808384786
0.275808053696318
0.2754743648176
0.275140743141289
0.274807190059983
0.274473706966198
0.274140295252358
0.273806956310769
0.273473691533605
0.273140502312889
0.272807390040476
0.272474356108029
0.27214140190701
0.271808528828653
0.271475738263954
0.271143031603644
0.270810410238181
0.270477875557723
0.270145428952115
0.26981307181087
0.269480805523152
0.269148631477754
0.268816551063086
0.268484565667154
0.26815267667754
0.267820885481391
0.267489193465393
0.26715760201576
0.266826112518212
0.26649472635796
0.266163444919688
0.265832269587535
0.265501201745074
0.265170242775302
0.264839394060617
0.264508656982802
0.264178032923008
0.263847523261736
0.26351712937882
0.263186852653412
0.262856694463958
0.262526656188191
0.262196739203104
0.26186694488494
0.261537274609171
0.261207729750482
0.260878311682757
0.260549021779056
0.260219861411603
0.259890831951768
0.259561934770051
0.259233171236061
0.258904542718507
0.258576050585173
0.258247696202908
0.257919480937607
0.257591406154192
0.2572634732166
0.256935683487765
0.256608038329601
0.256280539102983
0.255953187167739
0.255625983882624
0.255298930605311
0.254972028692372
0.254645279499263
0.254318684380306
0.253992244688675
0.253665961776381
0.253339836994252
0.253013871691923
0.252688067217818
0.25236242491913
0.252036946141812
0.251711632230559
0.251386484528792
0.251061504378642
0.250736693120935
0.25041205209518
0.250087582639548
0.249763286090862
0.249439163784579
0.249115217054776
0.248791447234134
0.248467855653925
0.248144443643995
0.247821212532751
0.247498163647146
0.247175298312661
0.246852617853296
0.246530123591552
0.246207816848418
0.245885698943354
0.245563771194279
0.245242034917558
0.244920491427984
0.244599142038766
0.244277988061516
0.243957030806233
0.24363627158129
0.243315711693419
0.242995352447701
0.242675195147547
0.242355241094687
0.242035491589158
0.241715947929286
0.241396611411678
0.241077483331204
0.240758564980987
0.240439857652387
0.240121362634992
0.239803081216598
0.239485014683203
0.239167164318991
0.23884953140632
0.238532117225706
0.238214923055815
0.237897950173449
0.23758119985353
0.237264673369093
0.236948371991269
0.236632296989276
0.236316449630403
0.236000831180004
0.235685442901478
0.235370286056263
0.235055361903822
0.234740671701631
0.234426216705167
0.234111998167899
0.233798017341272
0.233484275474697
0.233170773815543
0.232857513609121
0.232544496098674
0.232231722525369
0.23191919412828
0.231606912144383
0.23129487780854
0.230983092353493
0.230671557009848
0.230360273006069
0.230049241568464
0.229738463921177
0.229427941286175
0.229117674883241
0.228807665929959
0.228497915641709
0.228188425231654
0.22787919591073
0.227570228887636
0.227261525368827
0.2269530865585
0.226644913658586
0.226337007868742
0.226029370386342
0.225722002406461
0.225414905121876
0.225108079723048
0.224801527398118
0.224495249332896
0.224189246710851
0.223883520713106
0.223578072518425
0.223272903303208
0.222968014241477
0.222663406504876
0.222359081262653
0.22205503968166
0.22175128292634
0.22144781215872
0.221144628538403
0.220841733222561
0.220539127365926
0.220236812120784
0.219934788636963
0.219633058061832
0.219331621540289
0.219030480214755
0.218729635225165
0.218429087708965
0.2181288388011
0.217828889634012
0.217529241337629
0.217229895039361
0.21693085186409
0.216632112934168
0.216333679369408
0.216035552287077
0.215737732801891
0.215440222026009
0.215143021069025
0.214846131037965
0.214549553037278
0.214253288168834
0.213957337531914
0.213661702223209
0.213366383336809
0.213071381964204
0.212776699194273
0.212482336113284
0.212188293804884
0.211894573350097
0.21160117582732
0.211308102312315
0.211015353878208
0.21072293159548
0.210430836531969
0.210139069752858
0.209847632320677
0.209556525295297
0.209265749733924
0.208975306691096
0.208685197218683
0.208395422365877
0.208105983179194
0.207816880702465
0.207528115976838
0.207239690040773
0.206951603930035
0.206663858677697
0.206376455314134
0.206089394867018
0.205802678361321
0.205516306819305
0.205230281260527
0.20494460270183
0.204659272157345
0.204374290638489
0.204089659153958
0.20380537870973
0.203521450309063
0.203237874952488
0.202954653637814
0.202671787360121
0.202389277111765
0.202107123882368
0.201825328658823
0.201543892425292
0.201262816163204
0.200982100851253
0.2007017474654
0.20042175697887
0.200142130362152
0.199862868583001
0.199583972606431
0.199305443394724
0.199027281907421
0.198749489101329
0.198472065930516
0.198195013346315
0.19791833229732
0.197642023729392
0.197366088585654
0.197090527806496
0.196815342329574
0.196540533089808
0.196266101019388
0.195992047047774
0.195718372101693
0.195445077105146
0.195172162979406
0.194899630643019
0.194627481011808
0.194355714998875
0.1940843335146
0.193813337466644
0.193542727759955
0.193272505296763
0.193002670976588
0.192733225696243
0.19246417034983
0.19219550582875
0.191927233021702
0.191659352814687
0.191391866091009
0.191124773731284
0.190858076613433
0.190591775612698
0.190325871601634
0.190060365450121
0.189795258025361
0.189530550191887
0.189266242811566
0.1890023367436
0.188738832844535
0.188475731968258
0.188213034966012
0.187950742686389
0.187688855975345
0.187427375676195
0.187166302629627
0.186905637673701
0.186645381643856
0.186385535372916
0.186126099691092
0.185867075425993
0.185608463402626
0.185350264443407
0.185092479368162
0.184835108994136
0.184578154135996
0.184321615605842
0.18406549421321
0.183809790765076
0.183554506065868
0.183299640917471
0.183045196119231
0.182791172467963
0.182537570757962
0.182284391781002
0.182031636326353
0.18177930518078
0.181527399128555
0.181275918951465
0.181024865428815
0.180774239337442
0.180524041451718
0.180274272543562
0.180024933382445
0.179776024735399
0.179527547367027
0.179279502039511
0.179031889512619
0.178784710543717
0.178537965887774
0.178291656297374
0.178045782522723
0.177800345311662
0.177555345409672
0.177310783559885
0.177066660503096
0.176822976977769
0.17657973372005
0.176336931463774
0.17609457094048
0.175852652879415
0.175611178007548
0.175370147049583
0.175129560727962
0.174889419762886
0.174649724872314
0.174410476771985
0.174171676175424
0.173933323793951
0.173695420336697
0.173457966510613
0.173220963020483
0.172984410568934
0.17274830985645
0.17251266158138
0.172277466439955
0.172042725126299
0.171808438332438
0.171574606748318
0.171341231061811
0.171108311958734
0.170875850122858
0.170643846235924
0.170412300977652
0.170181215025757
0.169950589055964
0.169720423742017
0.169490719755697
0.169261477766832
0.169032698443315
0.168804382451113
0.168576530454287
0.168349143115001
0.168122221093538
0.167895765048318
0.167669775635907
0.167444253511037
0.167219199326615
0.166994613733744
0.166770497381736
0.166546850918125
0.166323674988687
0.16610097023745
0.165878737306715
0.165656976837068
0.165435689467399
0.165214875834914
0.164994536575157
0.16477467232202
0.164555283707764
0.164336371363035
0.164117935916879
0.163899977996759
0.163682498228573
0.163465497236674
0.16324897564388
0.163032934071498
0.162817373139339
0.162602293465735
0.162387695667558
0.16217358036024
0.161959948157785
0.161746799672793
0.161534135516476
0.161321956298678
0.16111026262789
0.160899055111273
0.160688334354675
0.160478100962649
0.160268355538476
0.16005909868418
0.159850331000547
0.159642053087152
0.159434265542368
0.159226968963395
0.159020163946276
0.158813851085915
0.158608030976104
0.158402704209536
0.15819787137783
0.157993533071551
0.15778968988023
0.157586342392386
0.157383491195546
0.157181136876268
0.156979280020161
0.156777921211907
0.156577061035283
0.156376700073181
0.156176838907635
0.155977478119836
0.155778618290163
0.155580259998195
0.155382403822745
0.155185050341872
0.154988200132912
0.154791853772498
0.154596011836581
0.15440067490046
0.154205843538796
0.154011518325644
0.153817699834473
0.153624388638191
0.153431585309168
0.153239290419262
0.153047504539841
0.152856228241811
0.152665462095637
0.152475206671371
0.152285462538677
0.152096230266852
0.151907510424856
0.151719303581337
0.151531610304654
0.151344431162905
0.151157766723954
0.150971617555453
0.150785984224874
0.150600867299531
0.150416267346608
0.150232184933187
0.150048620626273
0.149865574992824
0.149683048599775
0.149501042014068
0.149319555802678
0.149138590532643
0.148958146771089
0.148778225085261
0.14859882604255
0.14841995021052
0.14824159815694
0.148063770449813
0.147886467657398
0.147709690348251
0.147533439091241
0.147357714455593
0.147182517010907
0.147007847327193
0.146833705974901
0.146660093524949
0.146487010548758
0.146314457618275
0.146142435306013
0.145970944185075
0.145799984829187
0.145629557812733
0.145459663710781
0.145290303099119
0.145121476554283
0.144953184653594
0.144785427975187
0.144618207098044
0.144451522602027
0.144285375067912
0.14411976507742
0.143954693213252
0.143790160059121
0.143626166199788
0.143462712221093
0.143299798709992
0.14313742625459
0.142975595444173
0.142814306869248
0.142653561121573
0.142493358794197
0.142333700481489
0.142174586779179
0.142016018284393
0.141857995595684
0.141700519313076
0.141543590038095
0.141387208373806
0.141231374924852
0.141076090297489
0.140921355099626
0.140767169940858
0.140613535432509
0.140460452187665
0.140307920821216
0.140155941949894
0.140004516192307
0.139853644168984
0.139703326502412
0.139553563817073
0.139404356739486
0.139255705898247
0.139107611924067
0.138960075449814
0.138813097110553
0.138666677543587
0.138520817388498
0.138375517287187
0.138230777883917
0.138086599825355
0.137942983760613
0.137799930341289
0.137657440221514
0.137515514057989
0.137374152510033
0.137233356239623
0.137093125911439
0.136953462192908
0.136814365754248
0.13667583726851
0.136537877411626
0.136400486862454
0.13626366630282
0.136127416417565
0.135991737894592
0.13585663142491
0.135722097702682
0.135588137425272
0.135454751293288
0.135321940010634
0.135189704284555
0.135058044825684
0.134926962348092
0.134796457569337
0.134666531210508
0.13453718399628
0.13440841665496
0.134280229918535
0.134152624522726
0.134025601207035
0.133899160714797
0.133773303793231
0.133648031193488
0.133523343670708
0.133399241984068
0.133275726896834
0.133152799176415
0.133030459594416
0.13290870892669
0.13278754795339
0.132666977459028
0.132546998232523
0.13242761106726
0.132308816761143
0.132190616116649
0.132073009940886
0.131955999045649
0.131839584247473
0.131723766367694
0.131608546232503
0.131493924673004
0.131379902525272
0.131266480630412
0.131153659834617
0.131041440989226
0.130929824950785
0.130818812581103
0.130708404747319
0.130598602321955
0.130489406182982
0.130380817213879
0.130272836303696
0.130165464347114
0.13005870224451
0.129952550902018
0.129847011231596
0.129742084151083
0.129637770584271
0.129534071460963
0.129430987717045
0.129328520294543
0.129226670141698
0.129125438213026
0.129024825469387
0.128924832878053
0.128825461412777
0.128726712053856
0.128628585788207
0.12853108360943
0.128434206517882
0.128337955520746
0.128242331632098
0.128147335872987
0.128052969271495
0.12795923286282
0.127866127689343
0.127773654800701
0.127681815253863
0.127590610113202
0.127500040450574
0.127410107345387
0.127320811884682
0.127232155163206
0.127144138283493
0.127056762355937
0.126970028498872
0.126883937838651
0.126798491509724
0.12671369065472
0.126629536424524
0.12654602997836
0.126463172483873
0.126380965117209
0.126299409063099
0.126218505514943
0.12613825567489
0.12605866075393
0.125979721971969
0.125901440557926
0.125823817749809
0.125746854794808
0.125670552949382
0.125594913479346
0.125519937659961
0.125445626776022
0.125371982121951
0.125299005001884
0.125226696729767
0.125155058629446
0.125084092034761
0.125013798289637
0.124944178748182
0.124875234774783
0.124806967744196
0.124739379041647
0.124672470062931
0.124606242214506
0.124540696913593
0.124475835588279
0.124411659677611
0.124348170631703
0.124285369911836
0.12422325899056
0.124161839351797
0.124101112490948
0.124041079914996
0.123981743142612
0.123923103704263
0.123865163142318
0.123807923011159
0.123751384877287
0.123695550319435
0.123640420928678
0.123585998308545
0.123532284075132
0.123479279857216
0.123426987296368
0.123375408047071
0.123324543776835
0.123274396166316
0.12322496690943
0.12317625771348
0.123128270299269
0.123081006401223
0.123034467767518
0.122988656160197
0.122943573355298
0.122899221142976
0.122855601327635
0.122812715728049
0.122770566177493
0.122729154523876
0.122688482629863
0.122648552373015
0.122609365645918
0.122570924356316
0.122533230427247
0.122496285797179
0.122460092420148
0.122424652265893
0.12238996732
0.12235603958404
0.122322871075708
0.122290463828973
0.122258819894216
0.122227941338378
0.122197830245106
0.122168488714901
0.122139918865268
0.122112122830864
0.122085102763652
0.122058860833053
0.122033399226101
0.122008720147597
0.121984825820269
0.121961718484924
0.121939400400617
0.121917873844802
0.121897141113504
0.121877204521475
0.121858066402362
0.121839729108877
0.12182219501296
0.12180546650595
0.12178954599876
0.121774435922043
0.121760138726371
0.121746656882411
0.121733992881098
0.121722149233816
0.12171112847258
0.121700933150216
0.121691565840544
0.121683029138565
0.121675325660647
0.121668458044712
0.121662428950429
0.121657241059404
0.121652897075375
0.121649399724403
0.121646751755076
0.121644955938702
0.121644015069514
0.121643931964869
0.121644709465453
0.121646350435489
0.121648857762944
0.121652234359739
0.121656483161958
0.121661607130069
0.12166760924913
0.121674492529016
0.121682260004632
0.121690914736139
0.121700459809175
0.121710898335081
0.121722233451132
0.121734468320763
0.121747606133803
0.121761650106711
0.121776603482809
0.121792469532522
0.121809251553621
0.121826952871464
0.121845576839242
0.121865126838226
0.121885606278019
0.121907018596806
0.121929367261611
0.121952655768553
0.121976887643106
0.12200206644036
0.122028195745287
0.12205527917301
0.122083320369068
0.122112323009689
0.122142290802071
0.12217322748465
0.122205136827387
0.12223802263205
0.122271888732495
0.122306738994959
0.122342577318349
0.122379407634537
0.122417233908655
0.122456060139394
0.12249589035931
0.122536728635126
0.12257857906804
0.12262144579404
0.122665332984214
0.122710244845071
0.122756185618858
0.122803159583888
0.122851171054862
0.122900224383204
0.122950323957388
0.123001474203283
0.123053679584483
0.12310694460266
0.123161273797903
0.123216671749073
0.123273143074153
0.123330692430607
0.123389324515742
0.123449044067068
0.123509855862671
0.123571764721578
0.123634775504139
0.123698893112404
0.123764122490501
0.123830468625029
0.123897936545445
0.12396653132446
0.124036258078438
0.124107121967793
0.124179128197405
0.124252282017023
0.124326588721681
0.124402053652121
0.124478682195211
0.124556479784379
0.124635451900036
0.124715604070023
0.124796941870044
0.124879470924112
0.124963196905004
0.125048125534712
0.125134262584901
0.125221613877375
0.125310185284548
0.125399982729911
0.125491012188518
0.125583279687465
0.125676791306379
0.125771553177912
0.125867571488242
0.125964852477572
0.126063402440644
0.12616322772725
0.126264334742755
0.12636672994862
0.126470419862932
0.126575411060943
0.126681710175612
0.126789323898151
0.126898258978578
0.127008522226278
0.127120120510569
0.127233060761273
0.127347349969289
0.127462995187183
0.127580003529775
0.127698382174731
0.127818138363173
0.127939279400283
0.128061812655916
0.128185745565227
0.128311085629298
0.128437840415772
0.128566017559493
0.128695624763162
0.128826669797984
0.128959160504338
0.129093104792445
0.129228510643045
0.129365386108081
0.129503739311393
0.129643578449416
0.12978491179189
0.129927747682571
0.13007209453996
0.130217960858025
0.13036535520695
0.130514286233871
0.13066476266364
0.130816793299585
0.130970387024279
0.131125552800324
0.131282299671138
0.131440636761754
0.131600573279622
0.131762118515431
0.131925281843926
0.132090072724747
0.132256500703267
0.132424575411449
0.132594306568703
0.132765703982759
0.132938777550548
0.13311353725909
0.1332899931864
0.133468155502393
0.133648034469807
0.133829640445136
0.134012983879568
0.134198075319941
0.134384925409703
0.134573544889889
0.134763944600102
0.134956135479513
0.135150128567865
0.135345935006493
0.135543566039357
0.135743033014078
0.135944347383
0.136147520704246
0.136352564642807
0.136559490971622
0.136768311572691
0.13697903843818
0.13719168367156
0.137406259488739
0.137622778219223
0.13784125230728
0.138061694313124
0.138284116914107
0.138508532905931
0.138734955203865
0.13896339684399
0.139193870984444
0.139426390906689
0.139660970016793
0.139897621846724
0.140136360055661
0.14037719843132
0.140620150891294
0.140865231484415
0.141112454392118
0.141361833929838
0.141613384548412
0.141867120835503
0.142123057517034
0.14238120945865
0.142641591667187
0.142904219292161
0.14316910762728
0.143436272111967
0.143705728332906
0.143977492025602
0.144251579075962
0.144528005521898
0.144806787554941
0.145087941521884
0.145371483926434
0.145657431430898
0.145945800857872
0.146236609191964
0.146529873581532
0.146825611340444
0.147123839949856
0.14742457706002
0.147727840492104
0.148033648240037
0.148342018472384
0.148652969534231
0.148966519949101
0.149282688420895
0.149601493835848
0.149922955264517
0.15024709196379
0.15057392337892
0.150903469145582
0.151235749091962
0.151570783240858
0.151908591811825
0.152249195223329
0.15259261409494
0.152938869249546
0.153287981715594
0.153639972729364
0.153994863737264
0.15435267639816
0.154713432585728
0.155077154390844
0.155443864123995
0.155813584317724
0.156186337729108
0.156562147342264
0.156941036370883
0.157323028260802
0.157708146692607
0.158096415584264
0.158487859093788
