0.0009765625
0.0146314431536969
0.027978554227255
0.0410261031603884
0.0537820509681244
0.066254120704466
0.0784498051366081
0.0903763741569339
0.102040882340014
0.113450175823046
0.124610898953362
0.135529501083682
0.146212242745971
0.156665201618232
0.166894278640402
0.176905203558707
0.186703540285823
0.196294692446689
0.205683908180594
0.214876285320679
0.223876776036814
0.232690191326609
0.24132120565415
0.249774361128363
0.258054071546008
0.266164626580511
0.274110195545235
0.281894831035977
0.289522472716912
0.296996950712611
0.304321988892245
0.311501208294424
0.318538130186913
0.325436179030039
0.332198685603221
0.338828889639371
0.345329942755133
0.351704911031817
0.357956777516394
0.36408844485427
0.370102737621993
0.37600240458842
0.381790121104022
0.387468491210771
0.393040049687954
0.3985072642224
0.403872537318196
0.409138208148975
0.414306554550442
0.419379794652543
0.424360088752162
0.429249540933044
0.434050200637815
0.438764064354343
0.443393077084703
0.447939133771132
0.452404080832577
0.456789717497665
0.461097797099052
0.465330028474642
0.469488077177969
0.473573566653861
0.477588079532546
0.481533158653635
0.485410308285775
0.489220995158754
0.492966649466498
0.496648665967414
0.500268404923188
0.503827193011395
0.507326324332025
0.510767061261953
0.514150635285833
0.517478247917564
0.5207510714785
0.523970249854403
0.527136899351746
0.530252109347081
0.533316943096293
0.536332438401418
0.539299608259574
0.542219441594083
0.545092903862749
0.547920937649986
0.550704463338191
0.553444379662938
0.556141564253593
0.558796874250323
0.561411146811131
0.563985199605716
0.566519831392601
0.569015822434541
0.571473935045423
0.573894914026664
0.576279487092497
0.578628365364553
0.580942243770983
0.583221801435545
0.585467702133487
0.587680594656788
0.58986111317029
0.592009877632278
0.594127494128863
0.596214555200143
0.598271640236306
0.600299315745055
0.602298135727987
0.604268641969563
0.606211364319123
0.608126821031428
0.610015519031582
0.611877954173641
0.613714611555707
0.615525965762911
0.617312481104677
0.619074611906502
0.620812802732918
0.622527488605268
0.624219095278538
0.625888039414057
0.627534728843254
0.629159562761033
0.630762931914749
0.632345218842862
0.633906798052583
0.635448036193532
0.636969292279391
0.638470917851163
0.639953257136822
0.641416647257338
0.642861418376778
0.644287893849131
0.6456963904153
0.647087218314538
0.648460681472638
0.649817077632529
0.651156698482076
0.652479829824292
0.65378675169751
0.655077738493046
0.656353059113862
0.657612977085216
0.658857750662996
0.660087632981768
0.661302872156661
0.66250371138317
0.663690389075391
0.664863138959875
0.666022190167592
0.667167767367453
0.668300090831131
0.669419376561042
0.670525836372237
0.671619677972702
0.672701105078948
0.67377031749151
0.674827511168982
0.67587287833628
0.676906607554244
0.677928883787929
0.678939888508068
0.679939799755269
0.680928792203008
0.681907037256515
0.682874703093487
0.683831954759127
0.684778954222252
0.685715860430382
0.686642829395455
0.687560014245586
0.688467565275917
0.689365630029185
0.690254353343488
0.691133877399218
0.692004341794859
0.692865883591065
0.693718637353987
0.694562735229839
0.695398306969614
0.696225480000943
0.697044379466649
0.697855128262677
0.698657847102754
0.699452654553984
0.70023966707185
0.70101899906124
0.701790762909288
0.702555069017692
0.703312025860343
0.704061740013628
0.704804316186269
0.705539857276572
0.706268464386477
0.706990236876875
0.70770527239411
0.708413666896087
0.709115514701931
0.709810908516433
0.710499939454149
0.711182697086427
0.711859269463961
0.712529743139019
0.713194203210021
0.713852733342336
0.714505415788786
0.715152331434388
0.71579355980328
0.716429179102064
0.717059266237958
0.717683896836702
0.718303145281365
0.718917084729054
0.719525787127429
0.720129323251584
0.720727762719439
0.721321174006946
0.72190962448318
0.722493180424504
0.723071907028567
0.723645868449892
0.724215127802039
0.724779747192174
0.725339787733375
0.725895309556816
0.726446371842608
0.726993032831109
0.727535349834116
0.72807337926429
0.728607176645538
0.729136796623286
0.72966229299258
0.730183718707598
0.730701125891079
0.731214565863115
0.731724089140151
0.732229745463022
0.732731583805162
0.733229652380744
0.733723998669616
0.734214669424805
0.734701710679953
0.735185167773201
0.735665085354026
0.736141507390039
0.73661447718986
0.737084037409355
0.737550230057822
0.738013096521689
0.738472677561416
0.738929013334621
0.739382143401383
0.739832106729524
0.740278941715104
0.740722686187221
0.741163377412797
0.741601052116268
0.742035746483922
0.742467496168217
0.742896336306717
0.743322301525993
0.743745425945514
0.744165743195869
0.744583286422258
0.744998088287987
0.745410180993577
0.745819596272078
0.74622636540777
0.746630519239046
0.747032088161294
0.747431102143402
0.747827590730305
0.748221583045539
0.748613107807165
0.749002193329998
0.749388867527864
0.749773157928965
0.750155091677824
0.750534695537251
0.750911995904622
0.751287018806409
0.751659789914148
0.752030334545942
0.752398677667999
0.752764843908659
0.75312885755967
0.753490742577479
0.753850522596817
0.754208220931746
0.75456386057673
0.754917464219792
0.755269054243353
0.7556186527251
0.755966281452049
0.756311961914613
0.756655715320425
0.75699756259486
0.757337524381591
0.757675621054703
0.758011872719049
0.758346299210631
0.758678920108361
0.759009754734256
0.759338822153663
0.759666141186677
0.759991730408191
0.760315608147974
0.760637792502987
0.760958301331195
0.761277152263691
0.761594362704519
0.761909949830529
0.762223930601969
0.762536321762185
0.762847139837357
0.763156401146806
0.76346412180258
0.763770317709075
0.764075004573075
0.764378197903231
0.764679913009574
0.764980165014438
0.765278968846156
0.76557633924983
0.765872290786647
0.766166837833232
0.766459994591031
0.766751775085541
0.767042193165572
0.767331262512406
0.767618996638942
0.767905408888881
0.768190512445666
0.76847432033155
0.768756845406706
0.769038100379024
0.769318097797788
0.769596850063353
0.769874369426097
0.770150667985418
0.770425757698136
0.770699650377393
0.770972357691578
0.77124389117255
0.771514262214479
0.77178348207271
0.772051561871817
0.77231851260438
0.772584345129805
0.772849070183206
0.773112698369123
0.773375240170304
0.773636705946411
0.773897105932749
0.774156450247882
0.77441474889229
0.77467201174706
0.774928248581347
0.775183469050993
0.775437682697172
0.775690898953713
0.775943127145678
0.776194376487969
0.776444656093461
0.776693974966805
0.776942342012472
0.777189766033281
0.777436255728944
0.777681819703035
0.777926466461477
0.778170204411066
0.778413041866307
0.778654987047878
0.778896048081122
0.779136233002769
0.779375549759366
0.779614006205749
0.779851610111648
0.780088369160092
0.780324290945858
0.780559382982854
0.780793652698056
0.781027107438825
0.781259754471287
0.781491600978738
0.781722654067961
0.781952920767583
0.782182408026465
0.782411122719919
0.782639071648044
0.7828662615341
0.783092699030631
0.78331839071778
0.783543343101655
0.783767562621196
0.783991055642246
0.784213828464373
0.784435887319171
0.784657238368586
0.784877887710804
0.785097841378533
0.785317105337325
0.785535685491368
0.785753587681768
0.78597081768485
0.786187381217879
0.786403283937322
0.786618531437147
0.786833129255269
0.787047082867752
0.787260397695209
0.787473079101057
0.787685132389798
0.787896562812527
0.788107375565185
0.788317575786822
0.788527168565049
0.788736158934267
0.788944551873937
0.789152352313954
0.789359565132877
0.789566195156186
0.789772247162377
0.789977725877281
0.790182635980116
0.790386982101715
0.790590768822769
0.790794000679035
0.790996682159553
0.791198817704889
0.791400411712282
0.791601468533854
0.791801992474857
0.792001987798753
0.792201458725427
0.792400409429425
0.792598844045737
0.792796766664243
0.792994181335465
0.793191092068776
0.793387502830629
0.793583417549501
0.793778840114095
0.793973774371573
0.794168224132442
0.794362193168762
0.794555685212371
0.794748703959724
0.794941253070099
0.795133336163823
0.795324956827789
0.795516118610025
0.795706825025188
0.795897079552759
0.796086885635283
0.796276246683067
0.796465166072391
0.796653647143735
0.796841693206444
0.79702930753693
0.797216493376906
0.797403253938003
0.797589592399977
0.797775511908938
0.797961015582634
0.79814610650514
0.798330787732119
0.798515062289031
0.798698933169362
0.798882403339135
0.799065475735122
0.799248153263074
0.799430438802195
0.79961233520335
0.799793845287308
0.799974971849161
0.800155717656553
0.800336085447907
0.800516077937505
0.800695697810298
0.800874947726959
0.801053830322103
0.801232348202532
0.801410503951564
0.801588300127255
0.80176573926065
0.801942823860073
0.802119556409358
0.802295939366093
0.802471975165887
0.802647666220598
0.802823014916582
0.802998023618925
0.803172694669676
0.803347030386098
0.80352103306553
0.803694704980323
0.803868048382688
0.804041065502932
0.804213758547715
0.804386129704197
0.804558181138283
0.804729914992881
0.804901333392024
0.805072438439112
0.805243232215176
0.80541371678297
0.805583894185223
0.805753766442898
0.805923335559902
0.80609260351813
0.806261572282149
0.806430243797461
0.806598619988765
0.806766702763987
0.806934494012527
0.807101995603546
0.807269209389947
0.807436137206646
0.807602780868849
0.807769142176016
0.80793522291013
0.80810102483398
0.808266549695728
0.808431799224047
0.808596775132673
0.808761479118684
0.808925912860784
0.809090078023204
0.809253976253985
0.809417609183266
0.809580978427163
0.809744085586051
0.809906932242863
0.81006951996694
0.810231850312322
0.810393924816047
0.810555745002594
0.810717312379112
0.810878628439853
0.811039694664463
0.811200512516291
0.811361083446184
0.811521408890788
0.811681490270853
0.811841328995015
0.812000926458093
0.812160284039406
0.812319403106529
0.812478285013595
0.812636931099621
0.812795342692835
0.812953521105993
0.813111467640696
0.813269183585709
0.813426670215283
0.813583928792861
0.81374096056939
0.813897766781657
0.814054348655968
0.814210707406471
0.814366844233494
0.8145227603272
0.814678456865924
0.814833935014504
0.814989195928519
0.815144240749678
0.815299070610042
0.815453686630359
0.815608089918411
0.815762281572626
0.815916262680422
0.81607003431655
0.816223597546697
0.816376953425829
0.816530102996541
0.816683047292642
0.816835787337499
0.816988324142398
0.817140658710686
0.817292792033232
0.817444725092565
0.817596458861224
0.817747994300128
0.817899332362108
0.818050473990269
0.818201420116357
0.818352171664285
0.81850272954849
0.818653094672309
0.818803267931488
0.818953250212543
0.819103042391143
0.819252645336166
0.819402059905233
0.819551286948763
0.819700327308342
0.819849181815111
0.81999785129323
0.820146336558258
0.820294638415538
0.820442757663655
0.82059069509281
0.820738451483222
0.820886027608557
0.821033424234319
0.821180642116248
0.821327682003738
0.821474544638235
0.82162123075163
0.821767741070231
0.821914076310377
0.822060237182395
0.822206224389002
0.822352038623708
0.822497680574205
0.82264315092077
0.822788450334674
0.822933579481558
0.823078539019838
0.82322332959912
0.823367951863562
0.823512406450284
0.823656693987788
0.823800815099849
0.823944770401203
0.824088560501429
0.824232186003369
0.824375647501553
0.824518945585527
0.824662080838271
0.824805053834636
0.824947865144651
0.825090515331951
0.825233004952214
0.82537533455646
0.825517504689479
0.825659515888277
0.825801368685892
0.82594306360715
0.826084601172476
0.826225981896337
0.826367206285685
0.826508274843227
0.826649188065863
0.826789946443139
0.826930550460503
0.82707100059775
0.827211297327476
0.827351441118321
0.827491432433422
0.827631271728868
0.827770959457463
0.827910496064535
0.828049881991689
0.828189117675263
0.828328203544797
0.82846714002624
0.828605927540419
0.828744566501502
0.8288830573202
0.829021400402235
0.829159596146813
0.829297644949812
0.829435547202253
0.829573303288778
0.829710913591347
0.829848378485111
0.8299856983421
0.830122873529702
0.830259904409147
0.830396791338669
0.830533534671983
0.830670134756776
0.830806591937857
0.83094290655564
0.831079078944636
0.831215109436593
0.831350998358985
0.831486746033507
0.831622352779719
0.831757818910966
0.831893144738021
0.832028330567575
0.832163376700738
0.832298283436159
0.832433051068515
0.832567679887023
0.832702170178542
0.832836522226072
0.832970736307269
0.833104812697531
0.83323875166851
0.833372553486622
0.833506218416638
0.83363974671766
0.833773138646703
0.833906394457212
0.834039514397577
0.834172498714202
0.83430534765002
0.834438061443019
0.834570640329295
0.834703084541574
0.834835394307743
0.834967569853888
0.835099611402828
0.835231519172637
0.835363293380191
0.835494934237188
0.835626441953685
0.835757816736624
0.835889058788376
0.836020168309758
0.836151145498565
0.836281990548117
0.836412703650267
0.836543284993941
0.83667373476368
0.836804053142648
0.836934240311165
0.837064296445268
0.837194221719693
0.837324016306425
0.837453680373254
0.837583214087242
0.837712617610825
0.837841891105275
0.837971034729255
0.838100048637381
0.838228932983185
0.838357687917673
0.838486313587889
0.838614810139873
0.838743177717218
0.838871416459644
0.838999526505937
0.839127507992522
0.83925536105203
0.83938308581672
0.839510682414629
0.839638150972987
0.839765491616788
0.839892704467371
0.840019789645337
0.84014674726913
0.840273577453617
0.840400280312997
0.840526855959387
0.840653304501403
0.840779626047065
0.840905820702381
0.841031888569936
0.841157829752263
0.841283644348045
0.841409332455481
0.841534894170874
0.84166032958723
0.841785638797135
0.841910821891348
0.842035878957404
0.842160810082483
0.842285615352004
0.842410294848235
0.842534848653148
0.842659276847025
0.842783579507062
0.842907756710696
0.843031808531852
0.843155735044264
0.843279536320082
0.843403212428485
0.843526763438518
0.843650189417705
0.843773490430667
0.843896666541949
0.844019717814635
0.844142644308973
0.844265446085189
0.844388123202112
0.844510675715794
0.844633103682789
0.844755407156454
0.844877586190219
0.84499964083621
0.845121571143884
0.845243377162825
0.84536505894137
0.845486616525247
0.845608049960365
0.845729359291439
0.845850544560639
0.845971605810362
0.84609254308187
0.846213356413936
0.846334045846069
0.846454611414867
0.846575053157238
0.846695371109047
0.846815565303763
0.846935635775213
0.847055582556231
0.847175405677311
0.847295105169356
0.847414681062322
0.847534133383882
0.847653462162161
0.847772667424391
0.847891749195572
0.848010707501652
0.848129542365931
0.848248253812234
0.848366841863575
0.848485306540822
0.848603647865412
0.848721865858017
0.848839960537215
0.848957931922196
0.849075780031428
0.849193504881337
0.849311106488999
0.849428584870817
0.849545940041198
0.849663172015685
0.849780280807414
0.849897266430238
0.850014128897406
0.850130868220255
0.850247484410875
0.850363977480797
0.850480347439683
0.850596594297988
0.850712718065648
0.850828718750774
0.850944596362311
0.85106035090872
0.851175982396686
0.851291490833759
0.851406876227048
0.851522138581927
0.851637277905107
0.851752294201153
0.851867187475552
0.851981957733417
0.852096604978194
0.852211129214284
0.852325530445753
0.852439808675037
0.852553963905564
0.852667996140459
0.852781905381258
0.852895691630522
0.853009354890543
0.853122895162064
0.853236312447312
0.853349606746561
0.853462778061154
0.853575826392224
0.853688751739422
0.853801554103499
0.853914233485026
0.854026789883131
0.854139223298066
0.85425153372994
0.854363721177453
0.854475785640456
0.854587727118691
0.854699545610521
0.854811241115916
0.854922813633069
0.855034263161371
0.85514558970015
0.855256793247417
0.855367873802405
0.855478831364313
0.855589665931056
0.855700377501798
0.855810966075694
0.855921431650648
0.856031774225837
0.856141993800457
0.856252090372486
0.856362063941609
0.856471914505897
0.856581642064728
0.856691246617546
0.856800728162625
0.85691008669957
0.857019322228077
0.8571284347467
0.857237424255348
0.857346290754042
0.857455034241694
0.857563654718586
0.857672152185141
0.857780526640698
0.857888778086396
0.857996906521898
0.85810491194827
0.858212794366756
0.858320553777563
0.858428190182317
0.858535703582847
0.858643093979967
0.858750361375932
0.858857505773217
0.85896452717331
0.859071425579156
0.859178200993942
0.859284853419892
0.859391382861105
0.859497789320328
0.859604072801793
0.859710233310004
0.859816270848544
0.859922185422492
0.860027977037223
0.86013364569721
0.860239191408437
0.860344614177204
0.860449914008928
0.860555090910554
0.860660144889358
0.860765075951758
0.860869884106106
0.860974569359515
0.861079131720643
0.861183571198508
0.861287887801303
0.861392081538781
0.861496152421069
0.861600100457492
0.861703925658944
0.861807628036707
0.861911207601282
0.86201466436475
0.862117998339594
0.862221209537535
0.862324297972274
0.862427263656367
0.862530106603967
0.862632826829656
0.862735424347278
0.862837899172284
0.862940251320568
0.863042480807302
0.863144587649274
0.863246571863726
0.863348433467198
0.863450172477851
0.863551788914312
0.863653282794521
0.863754654138051
0.863855902964948
0.863957029294589
0.864058033148371
0.864158914546644
0.864259673511404
0.864360310065135
0.86446082422968
0.864561216028526
0.864661485485665
0.864761632624457
0.864861657469914
0.864961560047561
0.865061340382305
0.86516099850071
0.865260534429862
0.865359948196241
0.865459239828365
0.865558409353778
0.865657456801689
0.865756382201839
0.865855185583388
0.865953866977162
0.866052426414529
0.866150863926286
0.866249179544899
0.866347373303384
0.866445445234196
0.866543395371462
0.866641223749868
0.866738930403545
0.866836515368672
0.86693397868051
0.867031320375999
0.867128540492642
0.867225639067412
0.867322616138955
0.867419471746492
0.867516205928717
0.867612818726005
0.867709310179305
0.867805680329052
0.867901929217359
0.86799805688692
0.868094063379922
0.868189948740594
0.868285713012299
0.868381356240076
0.868476878469555
0.86857227974587
0.868667560115835
0.868762719626853
0.868857758325841
0.868952676261392
0.869047473482697
0.869142150038463
0.869236705979075
0.869331141355513
0.869425456218284
0.869519650619929
0.869613724612156
0.869707678248349
0.869801511582492
0.869895224668106
0.869988817560381
0.870082290315109
0.870175642987625
0.870268875634931
0.870361988314633
0.870454981083882
0.870547854001496
0.870640607126896
0.870733240519055
0.870825754238956
0.870918148346789
0.871010422904398
0.871102577974235
0.871194613618309
0.871286529900286
0.871378326884434
0.871470004634587
0.871561563216227
0.871653002695441
0.871744323137883
0.871835524610852
0.871926607182252
0.872017570919555
0.87210841589222
0.87219914216893
0.872289749820008
0.872380238916377
0.872470609528535
0.872560861728611
0.872650995589337
0.87274101118302
0.872830908583593
0.872920687865588
0.873010349103119
0.873099892371915
0.873189317748306
0.8732786253082
0.87336781512946
0.87345688728919
0.873545841866102
0.873634678939505
0.873723398588287
0.873812000892943
0.873900485934555
0.873988853793791
0.874077104552914
0.874165238294776
0.874253255101814
0.874341155058051
0.874428938248097
0.874516604756148
0.87460415466798
0.87469158806995
0.874778905048002
0.874866105689984
0.874953190083
0.87504015831572
0.875127010477391
0.875213746656846
0.875300366944477
0.875386871431249
0.875473260207712
0.875559533365967
0.875645690998684
0.875731733198116
0.875817660058063
0.875903471672885
0.875989168136526
0.876074749544793
0.87616021599275
0.876245567576993
0.876330804394669
0.876415926542512
0.876500934118774
0.876585827222258
0.876670605951348
0.876755270405941
0.876839820686477
0.876924256892978
0.877008579126969
0.877092787490511
0.877176882085247
0.877260863014633
0.877344730381381
0.877428484289693
0.877512124844299
0.877595652149507
0.877679066311101
0.877762367435388
0.877845555628254
0.877928630997047
0.878011593649636
0.878094443693464
0.878177181237429
0.878259806390942
0.878342319262984
0.878424719964298
0.878507008604881
0.878589185296173
0.878671250150115
0.878753203278212
0.878835044793404
0.878916774809123
0.878998393438367
0.879079900795553
0.879161296995588
0.879242582152939
0.879323756383484
0.879404819803583
0.879485772529154
0.879566614677822
0.879647346366461
0.879727967713338
0.879808478837191
0.879888879856311
0.879969170890371
0.880049352059509
0.880129423483412
0.880209385283139
0.880289237580205
0.880368980495675
0.880448614151972
0.880528138671968
0.880607554178082
0.880686860794381
0.880766058644174
0.880845147852112
0.880924128543284
0.881003000842315
0.881081764875166
0.881160420768225
0.881238968647416
0.881317408639983
0.881395740873594
0.881473965475447
0.88155208257405
0.881630092298329
0.881707994776733
0.881785790139308
0.881863478515328
0.881941060035358
0.882018534830366
0.882095903030843
0.882173164768558
0.882250320175676
0.882327369383879
0.88240431252612
0.882481149735737
0.882557881145583
0.88263450688977
0.882711027102787
0.882787441918635
0.882863751472849
0.882939955900183
0.883016055336628
0.883092049918542
0.883167939781788
0.883243725063454
0.883319405900991
0.883394982431347
0.883470454792684
0.883545823123521
0.883621087561868
0.88369624824694
0.8837713053183
0.883846258914997
0.883921109177277
0.88399585624572
0.884070500260395
0.884145041362834
0.884219479693768
0.884293815395106
0.884368048609079
0.884442179477396
0.884516208142933
0.884590134748879
0.884663959437898
0.884737682353809
0.884811303640736
0.884884823442276
0.884958241903166
0.885031559168444
0.885104775382614
0.885177890691587
0.88525090524046
0.88532381917545
0.885396632643066
0.885469345789272
0.885541958761144
0.885614471706042
0.885686884770775
0.885759198103255
0.885831411851666
0.885903526163642
0.885975541187908
0.886047457073449
0.886119273968701
0.886190992023446
0.886262611386638
0.886334132208303
0.886405554638716
0.886476878827592
0.886548104925706
0.886619233084077
0.886690263453158
0.886761196184451
0.886832031429694
0.886902769340055
0.886973410067741
0.887043953765186
0.887114400584252
0.887184750678093
0.887255004199018
0.887325161300357
0.887395222135656
0.887465186857878
0.887535055620998
0.887604828579198
0.887674505886073
0.88774408769622
0.887813574164433
0.887882965444918
0.887952261692871
0.888021463063677
0.888090569712131
0.888159581794265
0.888228499465252
0.888297322881233
0.888366052198534
0.888434687572878
0.888503229160947
0.888571677119599
0.888640031605086
0.888708292774607
0.888776460785532
0.888844535794618
0.888912517959564
0.888980407438226
0.889048204387848
0.889115908966859
0.889183521332814
0.889251041644189
0.88931847005961
0.889385806737082
0.889453051835519
0.88952020551398
0.889587267930897
0.889654239245604
0.88972111961757
0.889787909205634
0.889854608169528
0.88992121666911
0.889987734863606
0.890054162913376
0.890120500977893
0.890186749217503
0.890252907792669
0.890318976863216
0.890384956589833
0.890450847133317
0.890516648653826
0.890582361312369
0.89064798527006
0.890713520687367
0.890778967725602
0.890844326546173
0.890909597309839
0.890974780178442
0.891039875312925
0.891104882875058
0.891169803026697
0.891234635929043
0.891299381744117
0.891364040634018
0.891428612760184
0.891493098284867
0.891557497370388
0.891621810178407
0.891686036871384
0.891750177611846
0.891814232561653
0.891878201883457
0.89194208573997
0.892005884293234
0.892069597706316
0.89213322614137
0.892196769761326
0.892260228729161
0.892323603207182
0.89238689335846
0.89245009934611
0.892513221332569
0.892576259481034
0.892639213954737
0.892702084916231
0.892764872528817
0.892827576955829
0.892890198359915
0.892952736904703
0.893015192752897
0.893077566067938
0.893139857013284
0.893202065751708
0.893264192446709
0.893326237261801
0.893388200359806
0.893450081904265
0.893511882058729
0.893573600986053
0.893635238849805
0.893696795813553
0.89375827204017
0.893819667693465
0.893880982936313
0.893942217932284
0.894003372844944
0.894064447837159
0.894125443072481
0.894186358714451
0.894247194925908
0.894307951870369
0.894368629711337
0.894429228611606
0.894489748734644
0.894550190243898
0.894610553302103
0.894670838072891
0.89473104471895
0.894791173403629
0.894851224290247
0.894911197541409
0.894971093320374
0.895030911790362
0.895090653113881
0.895150317454082
0.895209904974075
0.895269415836253
0.895328850203645
0.895388208239237
0.895447490105293
0.895506695964931
0.895565825980322
0.895624880314262
0.895683859129492
0.895742762588032
0.895801590852518
0.895860344085528
0.895919022448916
0.895977626105144
0.896036155216613
0.896094609944995
0.896152990452567
0.896211296901539
0.896269529453389
0.896327688270414
0.896385773513957
0.896443785345954
0.896501723928264
0.896559589422016
0.896617381988923
0.89667510179062
0.896732748988006
0.896790323742559
0.896847826215674
0.896905256568011
0.896962614960801
0.897019901555186
0.897077116511573
0.897134259991149
0.897191332154144
0.897248333161349
0.897305263173461
0.897362122350438
0.897418910852789
0.897475628840928
0.897532276474528
0.897588853913807
0.897645361318883
0.897701798849132
0.89775816666447
0.897814464924707
0.89787069378891
0.897926853416895
0.897982943967515
0.898038965600158
0.898094918474097
0.898150802747861
0.898206618580504
0.898262366130964
0.898318045557433
0.89837365701862
0.898429200673117
0.898484676678768
0.898540085193927
0.898595426376831
0.898650700384964
0.898705907376317
0.898761047508759
0.898816120939404
0.89887112782608
0.898926068325651
0.89898094259548
0.8990357507928
0.899090493074091
0.899145169596326
0.899199780516343
0.899254325990229
0.899308806174556
0.899363221225761
0.899417571299525
0.899471856552011
0.899526077139245
0.899580233216494
0.89963432493971
0.89968835246388
0.899742315944466
0.899796215536785
0.899850051395399
0.899903823675335
0.899957532531476
0.900011178117946
0.900064760589332
0.900118280100072
0.900171736803846
0.900225130854791
0.900278462406892
0.900331731613376
0.900384938628124
0.900438083604057
0.900491166694545
0.9005441880528
0.900597147831278
0.900650046182877
0.900702883260337
0.900755659215638
0.900808374201201
0.900861028369286
0.90091362187139
0.900966154859448
0.901018627485231
0.901071039899749
0.901123392254641
0.901175684700589
0.901227917388701
0.901280090469917
0.901332204094417
0.901384258412806
0.901436253575517
0.901488189732223
0.901540067033016
0.901591885627816
0.901643645665781
0.901695347296487
0.901746990669332
0.901798575932955
0.901850103236601
0.901901572728558
0.901952984557522
0.902004338872012
0.902055635819785
0.902106875549003
0.902158058207649
0.902209183942941
0.902260252902503
0.902311265233772
0.902362221083427
0.902413120598542
0.902463963926009
0.902514751211958
0.902565482603102
0.902616158245204
0.902666778284414
0.902717342866699
0.902767852137261
0.902818306241692
0.902868705325394
0.902919049533008
0.90296933900956
0.903019573899882
0.90306975434805
0.903119880498517
0.903169952495545
0.903219970482635
0.903269934603854
0.903319845002319
0.903369701821521
0.903419505204757
0.903469255294564
0.903518952233848
0.903568596165323
0.903618187230939
0.903667725573016
0.903717211333677
0.903766644654284
0.903816025676563
0.903865354542045
0.903914631391497
0.903963856366237
0.904013029606636
0.904062151253426
0.904111221447135
0.904160240327536
0.904209208034756
0.904258124708721
0.904306990488598
0.904355805513907
0.904404569923968
0.904453283857338
0.90450194745293
0.904550560849448
0.904599124184841
0.904647637597406
0.904696101225234
0.904744515205659
0.904792879676543
0.904841194774809
0.904889460637723
0.904937677402343
0.904985845204972
0.905033964182253
0.905082034470622
0.905130056205756
0.905178029523675
0.905225954560186
0.905273831450342
0.905321660329534
0.905369441332939
0.905417174594982
0.905464860250602
0.905512498433804
0.905560089278922
0.905607632920079
0.905655129490648
0.905702579124327
0.905749981954603
0.905797338114212
0.905844647736215
0.90589191095346
0.905939127898044
0.905986298702388
0.906033423498699
0.906080502418434
0.906127535593549
0.906174523155072
0.906221465234352
0.906268361962523
0.906315213469968
0.90636201988739
0.906408781345275
0.906455497973363
0.906502169901706
0.906548797260142
0.906595380177762
0.90664191878397
0.906688413207953
0.906734863578151
0.906781270023494
0.906827632671987
0.906873951651948
0.906920227091475
0.906966459117922
0.907012647858953
0.90705879344201
0.907104895993795
0.907150955641313
0.907196972511352
0.907242946729956
0.907288878423476
0.907334767718039
0.907380614739036
0.907426419612328
0.907472182462866
0.907517903415902
0.907563582596464
0.907609220128844
0.907654816137632
0.907700370747197
0.90774588408117
0.907791356263479
0.907836787417832
0.907882177667198
0.907927527134843
0.907972835943811
0.908018104216411
0.908063332075415
0.90810851964269
0.908153667040395
0.908198774390467
0.90824384181411
0.908288869432817
0.908333857367861
0.90837880573978
0.908423714669404
0.908468584277338
0.908513414683457
0.908558206007922
0.908602958370675
0.908647671890923
0.908692346688333
0.908736982881668
0.90878158058998
0.908826139932096
0.908870661026117
0.908915143990424
0.908959588943179
0.909003996001814
0.909048365284044
0.909092696907362
0.909136990988533
0.909181247644606
0.909225466992403
0.909269649148023
0.909313794228014
0.909357902348028
0.909401973623998
0.909446008171635
0.909490006105925
0.909533967542132
0.909577892595298
0.909621781379742
0.90966563401006
0.909709450600623
0.909753231265084
0.90979697611737
0.909840685271184
0.909884358839511
0.909927996935609
0.909971599672513
0.91001516716254
0.910058699518444
0.910102196852099
0.910145659275647
0.910189086901009
0.910232479839392
0.91027583820227
0.910319162100897
0.91036245164581
0.910405706947819
0.910448928117506
0.910492115264744
0.910535268499674
0.910578387932212
0.910621473671563
0.910664525827364
0.910707544508376
0.910750529823627
0.910793481881922
0.910836400791357
0.910879286660293
0.91092213959687
0.910964959708518
0.911007747102932
0.911050501887585
0.911093224169243
0.911135914054935
0.911178571651469
0.911221197064947
0.911263790401894
0.911306351767969
0.911348881269093
0.911391379010967
0.911433845098586
0.911476279637207
0.911518682731867
0.911561054486897
0.911603395006893
0.911645704396227
0.91168798275857
0.911730230197853
0.911772446817787
0.911814632721381
0.911856788012064
0.911898912792407
0.911941007165236
0.911983071233161
0.91202510509809
0.912067108862191
0.912109082627412
0.912151026495003
0.912192940566472
0.912234824943107
0.912276679725499
0.912318505014498
0.912360300910732
0.912402067514137
0.91244380492506
0.912485513243
0.912527192567708
0.912568842998718
0.91261046463487
0.91265205757526
0.912693621918766
0.912735157763573
0.912776665208121
0.912818144350632
0.912859595288639
0.912901018119925
0.91294241294206
0.912983779851922
0.913025118946799
0.913066430323135
0.913107714077627
0.913148970306755
0.913190199106311
0.91323140057234
0.913272574800669
0.913313721886441
0.913354841925049
0.913395935011672
0.913437001240802
0.913478040707184
0.913519053505345
0.913560039729131
0.913600999472791
0.913641932829741
0.913682839893645
0.913723720757948
0.913764575515421
0.913805404259079
0.913846207081724
0.913886984075479
0.913927735332715
0.913968460945589
0.914009161005579
0.914049835604412
0.914090484833601
0.914131108783982
0.914171707546792
0.914212281212439
0.91425282987158
0.914293353614656
0.914333852531434
0.91437432671193
0.914414776245943
0.914455201222602
0.914495601731282
0.914535977861144
0.914576329700677
0.914616657338618
0.914656960863489
0.914697240363144
0.914737495925833
0.914777727638986
0.914817935590275
0.914858119867164
0.914898280556446
0.914938417745161
0.914978531520134
0.915018621967527
0.915058689173745
0.915098733224981
0.915138754206762
0.915178752204862
0.915218727304841
0.915258679591596
0.915298609150268
0.915338516065787
0.915378400422421
0.91541826230483
0.915458101796863
0.91549791898261
0.915537713945955
0.915577486770116
0.915617237538558
0.915656966334534
0.915696673240639
0.915736358339709
0.915776021714372
0.915815663446598
0.915855283618599
0.915894882312376
0.915934459609277
0.915974015591039
0.916013550338591
0.916053063933108
0.916092556455553
0.916132027986236
0.916171478605707
0.916210908394312
0.916250317431738
0.916289705797917
0.916329073572573
0.916368420834776
0.916407747663837
0.916447054138864
0.916486340338308
0.916525606341012
0.91656485222502
0.916604078068615
0.916643283949873
0.916682469946224
0.916721636135334
0.916760782594667
0.916799909401037
0.916839016631497
0.916878104362899
0.916917172671441
0.916956221633568
0.916995251325516
0.917034261822875
0.917073253201624
0.917112225536947
0.917151178904268
0.917190113378806
0.917229029035138
0.917267925948079
0.91730680419224
0.91734566384159
0.917384504970336
0.917423327652484
0.917462131961394
0.91750091797067
0.91753968575371
0.917578435383271
0.917617166932498
0.917655880473745
0.917694576079607
0.917733253822476
0.917771913774107
0.91781055600649
0.917849180591416
0.917887787600039
0.917926377103748
0.917964949173735
0.918003503880551
0.918042041294988
0.918080561487637
0.918119064528452
0.918157550487773
0.918196019435154
0.918234471440391
0.91827290657308
0.91831132490218
0.91834972649689
0.918388111426211
0.918426479758508
0.918464831562385
0.918503166906247
0.918541485857868
0.918579788485258
0.91861807485623
0.918656345037964
0.918694599098024
0.918732837103197
0.918771059120507
0.918809265216782
0.91884745545822
0.918885629911256
0.918923788642127
0.918961931716444
0.919000059200052
0.919038171158603
0.919076267657117
0.919114348760856
0.919152414534883
0.919190465043634
0.919228500351928
0.91926652052381
0.919304525623566
0.919342515715285
0.919380490862431
0.919418451128703
0.919456396577609
0.919494327272029
0.919532243275084
0.919570144649696
0.919608031458168
0.919645903763036
0.919683761626646
0.919721605110719
0.919759434277212
0.919797249187892
0.919835049903902
0.919872836486765
0.91991060899724
0.919948367496322
0.919986112044815
0.920023842702901
0.920061559531
0.920099262589341
0.92013695193753
0.920174627635413
0.920212289742645
0.920249938318259
0.920287573421527
0.920325195111531
0.920362803446733
0.920400398485976
0.920437980287341
0.920475548909148
0.920513104409525
0.920550646845986
0.920588176276279
0.920625692757965
0.920663196347987
0.920700687103525
0.920738165081572
0.920775630338504
0.920813082930935
0.920850522915289
0.920887950347377
0.920925365283388
0.920962767778757
0.921000157889155
0.921037535670065
0.921074901176356
0.921112254463136
0.921149595585325
0.92118692459723
0.921224241553397
0.921261546508182
0.921298839515332
0.92133612062883
0.921373389902474
0.92141064738945
0.921447893143321
0.921485127216903
0.921522349663246
0.921559560535215
0.921596759885066
0.921633947765291
0.921671124228199
0.921708289325488
0.921745443109095
0.921782585630771
0.921819716941661
0.921856837093145
0.921893946136419
0.921931044122074
0.921968131101077
0.92200520712365
0.92204227224025
0.922079326501152
0.922116369956025
0.922153402654775
0.922190424647126
0.922227435982195
0.922264436709339
0.922301426877729
0.922338406535936
0.922375375732764
0.922412334516838
0.922449282936177
0.922486221039181
0.922523148873505
0.922560066487042
0.922596973927504
0.922633871241999
0.922670758477876
0.922707635682299
0.922744502901834
0.922781360183282
0.922818207573266
0.922855045117805
0.922891872863158
0.922928690855404
0.922965499140021
0.923002297762865
0.923039086769053
0.923075866203941
0.923112636112704
0.923149396539919
0.923186147530403
0.923222889128789
0.923259621379117
0.923296344325662
0.923333058012521
0.923369762483194
0.923406457781421
0.92344314395076
0.923479821034175
0.923516489075007
0.923553148115862
0.923589798199585
0.923626439368843
0.923663071665708
0.923699695132491
0.923736309811323
0.923772915743745
0.923809512971531
0.923846101536284
0.923882681479009
0.923919252840952
0.923955815663181
0.923992369986171
0.924028915850638
0.92406545329712
0.924101982365562
0.924138503096289
0.924175015528894
0.924211519703211
0.924248015658896
0.924284503435015
0.924320983070876
0.924357454605607
0.924393918077749
0.924430373526082
0.92446682098921
0.924503260505149
0.924539692112153
0.924576115848304
0.924612531751091
0.924648939858385
0.924685340207329
0.924721732835305
0.924758117779524
0.924794495076607
0.924830864763416
0.924867226876638
0.924903581452375
0.924939928526969
0.924976268136589
0.925012600316816
0.925048925103474
0.925085242532213
0.925121552638097
0.925157855456569
0.925194151022351
0.925230439370403
0.925266720535513
0.925302994551887
0.925339261453971
0.925375521276038
0.92541177405178
0.925448019815127
0.925484258599842
0.925520490439101
0.925556715366323
0.925592933414756
0.925629144617068
0.925665349006302
0.925701546614784
0.925737737475083
0.925773921619594
0.925810099080136
0.925846269888765
0.925882434077371
0.925918591677262
0.925954742719989
0.925990887236933
0.926027025258895
0.92606315681692
0.926099281941883
0.926135400664081
0.926171513014189
0.926207619022166
0.926243718718218
0.926279812132377
0.926315899294102
0.926351980233092
0.92638805497888
0.926424123560422
0.926460186006916
0.926496242347393
0.92653229261031
0.926568336824365
0.926604375018089
0.926640407219439
0.926676433456751
0.926712453757651
0.926748468150005
0.926784476661517
0.926820479319315
0.92685647615077
0.92689246718309
0.926928452442907
0.926964431957098
0.927000405752376
0.927036373854879
0.927072336290992
0.927108293086934
0.927144244268352
0.927180189861273
0.927216129891018
0.92725206438315
0.927287993363071
0.927323916855612
0.927359834885845
0.927395747478685
0.927431654658472
0.927467556449793
0.927503452877074
0.927539343964168
0.927575229735176
0.927611110214037
0.92764698542412
0.927682855389176
0.927718720132253
0.927754579676642
0.927790434045476
0.927826283261319
0.927862127346981
0.927897966325113
0.927933800217796
0.927969629047361
0.928005452835977
0.928041271605248
0.928077085377022
0.928112894172992
0.928148698014282
0.928184496922265
0.928220290918154
0.928256080022598
0.928291864256628
0.928327643640576
0.928363418195021
0.928399187940386
0.928434952896529
0.928470713083555
0.928506468521414
0.92854221922949
0.928577965227419
0.928613706534679
0.928649443170183
0.928685175153097
0.928720902502428
0.928756625236623
0.928792343374512
0.92882805693423
0.928863765934162
0.928899470392536
0.92893517032702
0.928970865755534
0.929006556695842
0.929042243165147
0.929077925180904
0.929113602760414
0.929149275920417
0.929184944677907
0.929220609049723
0.929256269052145
0.92929192470184
0.929327576014781
0.929363223007196
0.929398865695158
0.929434504094182
0.929470138220037
0.929505768088341
0.929541393714152
0.929577015112785
0.929612632299399
0.929648245288602
0.929683854095251
0.929719458734055
0.929755059219168
0.929790655565131
0.929826247785796
0.929861835895271
0.929897419907512
0.929932999835922
0.929968575694159
0.930004147495732
0.930039715253595
0.930075278980961
0.930110838690891
0.930146394395895
0.930181946108739
0.93021749384204
0.930253037607866
0.930288577418672
0.930324113286231
0.93035964522257
0.930395173239572
0.930430697348567
0.930466217561143
0.930501733888744
0.93053724634226
0.930572754932844
0.930608259671499
0.930643760568683
0.930679257635109
0.930714750881348
0.930750240317421
0.930785725953743
0.930821207800049
0.93085668586633
0.930892160162436
0.93092763069767
0.930963097481593
0.930998560523625
0.931034019832639
0.93106947541777
0.93110492728801
0.931140375451805
0.931175819917863
0.931211260694751
0.931246697790491
0.931282131213501
0.931317560971522
0.931352987072555
0.931388409524464
0.931423828334568
0.931459243510448
0.931494655059547
0.931530062988766
0.931565467305269
0.93160086801608
0.931636265127685
0.931671658646831
0.931707048580127
0.931742434933644
0.93177781771385
0.931813196926541
0.931848572577774
0.931883944673475
0.931919313219026
0.931954678220079
0.931990039682147
0.932025397610206
0.932060752009498
0.932096102885131
0.932131450241675
0.932166794083968
0.932202134416711
0.932237471244072
0.932272804570486
0.932308134400253
0.932343460737138
0.93237878358531
0.932414102948269
0.932449418829782
0.932484731233486
0.932520040162484
0.932555345620147
0.932590647609716
0.9326259461339
0.932661241195675
0.93269653279789
0.932731820942861
0.932767105633174
0.932802386871287
0.932837664659125
0.932872938999019
0.932908209892639
0.932943477341923
0.932978741348684
0.933014001914204
0.933049259040039
0.933084512727615
0.933119762977833
0.933155009791866
0.933190253170761
0.933225493115037
0.933260729625488
0.933295962702782
0.933331192347061
0.933366418558875
0.933401641338116
0.933436860684951
0.933472076599424
0.933507289081052
0.933542498129631
0.933577703744831
0.933612905925802
0.933648104671968
0.933683299982631
0.933718491856573
0.933753680292851
0.933788865290402
0.933824046847642
0.933859224963397
0.933894399635842
0.933929570863428
0.933964738644489
0.933999902976838
0.934035063858569
0.934070221287654
0.934105375261551
0.934140525777995
0.934175672834605
0.934210816428481
0.934245956557007
0.934281093217448
0.934316226406553
0.934351356121486
0.934386482358764
0.934421605115187
0.934456724387437
0.934491840171684
0.93452695246438
0.934562061261866
0.934597166559965
0.934632268354787
0.934667366642329
0.934702461418075
0.934737552677794
0.934772640417144
0.934807724631269
0.934842805315736
0.934877882465467
0.934912956075671
0.934948026141446
0.934983092657381
0.935018155618354
0.935053215019131
0.935088270853971
0.935123323117422
0.935158371803924
0.935193416907408
0.935228458422097
0.935263496342103
0.935298530661036
0.935333561372927
0.935368588471169
0.935403611949449
0.935438631801346
0.935473648019934
0.935508660598582
0.935543669530553
0.935578674808605
0.935613676425793
0.935648674375065
0.935683668648868
0.935718659239946
0.935753646140936
0.935788629343978
0.935823608841637
0.935858584625848
0.935893556688841
0.935928525022744
0.93596348961919
0.935998450470104
0.936033407567315
0.936068360902153
0.936103310466246
0.936138256251122
0.936173198247816
0.936208136447659
0.936243070841886
0.936278001421236
0.936312928176748
0.936347851099365
0.936382770179536
0.936417685408143
0.936452596775443
0.936487504271996
0.936522407888266
0.936557307614225
0.936592203440148
0.936627095356217
0.936661983352123
0.936696867417861
0.936731747543333
0.936766623717953
0.936801495931438
0.936836364173416
0.936871228433024
0.936906088699841
0.936940944962823
0.936975797211235
0.937010645434251
0.937045489620562
0.937080329759163
0.937115165838963
0.937149997848386
0.937184825776165
0.937219649610945
0.937254469340888
0.937289284954467
0.937324096440067
0.937358903785594
0.937393706979393
0.9374285060092
0.937463300863061
0.937498091528936
0.937532877994309
0.937567660246974
0.937602438274643
0.93763721206455
0.937671981604241
0.937706746881184
0.937741507882367
0.937776264595093
0.937811017006586
0.937845765103594
0.937880508873311
0.937915248302326
0.937949983377547
0.937984714085798
0.938019440413435
0.938054162347128
0.938088879873472
0.938123592978589
0.938158301648922
0.938193005870834
0.93822770563022
0.938262400913296
0.938297091706201
0.938331777994606
0.938366459764634
0.938401137001809
0.938435809691977
0.938470477820909
0.938505141373912
0.938539800336614
0.938574454694572
0.93860910443288
0.938643749536952
0.938678389992133
0.938713025783307
0.93874765689568
0.938782283314389
0.93881690502411
0.938851522009976
0.938886134256527
0.93892074174863
0.938955344471085
0.938989942408232
0.939024535544739
0.939059123865208
0.939093707353784
0.939128285994939
0.939162859773082
0.939197428672164
0.939231992676469
0.939266551770213
0.939301105937161
0.939335655161538
0.939370199426984
0.93940473871747
0.939439273016908
0.939473802308755
0.939508326576802
0.93954284580478
0.93957735997597
0.939611869073986
0.939646373082383
0.939680871984266
0.939715365763077
0.939749854402199
0.939784337884569
0.939818816193589
0.939853289312082
0.93988775722321
0.93992221991008
0.939956677355352
0.939991129542024
0.940025576453042
0.940060018070907
0.940094454378459
0.940128885358486
0.940163310993332
0.940197731265684
0.940232146158175
0.940266555652999
0.940300959732691
0.940335358379736
0.940369751576179
0.940404139304538
0.940438521546763
0.940472898285146
0.940507269501931
0.940541635178927
0.940575995298286
0.940610349842115
0.940644698792083
0.940679042130207
0.940713379838458
0.940747711898374
0.940782038291839
0.940816359000694
0.940850674006346
0.940884983290681
0.940919286835024
0.940953584621046
0.940987876630381
0.941022162844229
0.941056443244141
0.94109071781163
0.941124986527777
0.941159249374017
0.941193506331746
0.94122775738193
0.941262002505892
0.941296241684914
0.941330474899854
0.941364702132052
0.941398923362295
0.941433138571723
0.941467347741441
0.941501550852132
0.941535747884834
0.941569938820549
0.941604123639862
0.941638302323709
0.941672474853
0.941706641208218
0.94174080137021
0.941774955319788
0.941809103037346
0.941843244503768
0.94187737969939
0.941911508604906
0.941945631200983
0.941979747467872
0.942013857386184
0.942047960936502
0.942082058098997
0.942116148854199
0.942150233182614
0.942184311064333
0.942218382479812
0.942252447409482
0.942286505833362
0.942320557731964
0.94235460308526
0.942388641873588
0.942422674077263
0.942456699676192
0.942490718650645
0.942524730980875
0.942558736646725
0.942592735628405
0.942626727906107
0.942660713459615
0.942694692269084
0.942728664314648
0.942762629576037
0.942796588033481
0.942830539666676
0.942864484455689
0.942898422380569
0.942932353420966
0.942966277556899
0.943000194768374
0.943034105034995
0.943068008336739
0.943101904653569
0.943135793965051
0.943169676251122
0.943203551491708
0.943237419666338
0.943271280755043
0.943305134737331
0.943338981593084
0.943372821302173
0.943406653844076
0.943440479198647
0.94347429734573
0.943508108264778
0.94354191193562
0.943575708338077
0.943609497451579
0.943643279255936
0.94367705373095
0.943710820856033
0.943744580611105
0.943778332975569
0.943812077929208
0.943845815451801
0.94387954552274
0.943913268121797
0.943946983228742
0.943980690822959
0.944014390884215
0.944048083392275
0.944081768326518
0.94411544566671
0.944149115392612
0.944182777483607
0.944216431919459
0.944250078679935
0.944283717744419
0.944317349092808
0.944350972704494
0.94438458855925
0.944418196636857
0.944451796916714
0.944485389378607
0.94451897400233
0.944552550767295
0.944586119653305
0.944619680640168
0.944653233707316
0.94468677883457
0.944720316001758
0.944753845188334
0.944787366374268
0.944820879539032
0.944854384662485
0.944887881724498
0.944921370704568
0.944954851582587
0.944988324338451
0.945021788951694
0.945055245402235
0.945088693670008
0.94512213373458
0.945155565575906
0.945188989173959
0.945222404508342
0.94525581155918
0.945289210306105
0.945322600729143
0.945355982808334
0.945389356523356
0.945422721854281
0.945456078781196
0.945489427283828
0.945522767342296
0.945556098936741
0.945589422046939
0.945622736653064
0.945656042735309
0.945689340273506
0.945722629248013
0.945755909638702
0.945789181425842
0.945822444589724
0.945855699110281
0.945888944967846
0.945922182142772
0.945955410615059
0.945988630365103
0.946021841373325
0.946055043619793
0.946088237084973
0.946121421749356
0.946154597593081
0.946187764596813
0.94622092274074
0.946254072005451
0.946287212371564
0.946320343819342
0.946353466329454
0.946386579882596
0.946419684459113
0.946452780039755
0.9464858666053
0.946518944136177
0.946552012613222
0.946585072017298
0.946618122328922
0.946651163529143
0.946684195598537
0.946717218518088
0.94675023226881
0.946783236831373
0.946816232186855
0.946849218316363
0.946882195200664
0.946915162820931
0.946948121158372
0.94698107019385
0.947014009908641
0.94704694028405
0.947079861301047
0.947112772941131
0.947145675185341
0.947178568015124
0.947211451411962
0.947244325357
0.947277189831793
0.947310044817934
0.947342890296677
0.94737572624969
0.947408552658677
0.947441369505006
0.94747417677046
0.947506974436856
0.947539762485681
0.947572540898957
0.94760530965825
0.947638068745538
0.947670818142838
0.947703557831837
0.947736287794636
0.947769008013376
0.947801718469869
0.947834419146339
0.947867110025055
0.947899791087954
0.947932462317391
0.947965123695761
0.947997775205133
0.948030416827992
0.948063048546866
0.948095670343956
0.948128282202004
0.948160884103302
0.948193476030558
0.948226057966527
0.948258629893638
0.948291191794737
0.948323743652718
0.94835628545015
0.948388817170022
0.948421338795368
0.948453850308901
0.948486351693753
0.948518842933101
0.948551324009807
0.948583794907269
0.948616255608446
0.948648706096712
0.948681146355495
0.948713576367901
0.948745996117458
0.948778405587742
0.948810804762014
0.948843193623953
0.948875572157291
0.948907940345442
0.948940298172241
0.948972645621577
0.949004982677022
0.949037309322692
0.949069625542265
0.949101931319841
0.949134226639574
0.949166511485305
0.949198785841296
0.949231049691862
0.949263303021008
0.949295545813161
0.949327778052802
0.949359999724102
0.949392210811653
0.949424411300105
0.949456601173796
0.949488780417612
0.949520949016004
0.949553106953848
0.949585254216077
0.949617390787317
0.949649516652616
0.94968163179708
0.949713736205508
0.949745829863125
0.949777912755211
0.949809984866743
0.949842046183122
0.949874096689806
0.94990613637195
0.949938165215256
0.949970183204998
0.950002190326876
0.95003418656665
0.950066171909778
0.95009814634214
0.950130109849682
0.950162062418043
0.950194004033291
0.950225934681554
0.950257854348658
0.950289763020858
0.950321660684468
0.950353547325503
0.950385422930526
0.950417287485677
0.950449140977525
0.950480983392701
0.950512814717536
0.950544634938791
0.950576444043287
0.950608242017551
0.950640028848534
0.950671804523253
0.950703569028428
0.950735322351205
0.950767064478797
0.95079879539812
0.950830515096637
0.950862223561396
0.950893920779873
0.950925606739609
0.950957281427851
0.950988944832274
0.951020596940618
0.951052237740332
0.95108386721929
0.951115485365435
0.951147092166417
0.951178687610314
0.951210271685271
0.951241844379141
0.951273405680326
0.951304955576817
0.951336494057031
0.951368021109456
0.951399536722287
0.951431040884149
0.951462533583736
0.951494014809451
0.951525484550128
0.951556942794667
0.951588389531681
0.951619824750212
0.95165124843937
0.951682660587979
0.95171406118529
0.951745450220625
0.951776827683019
0.951808193562054
0.951839547846905
0.951870890527179
0.951902221592549
0.951933541032408
0.951964848836572
0.951996144994931
0.952027429497091
0.952058702333083
0.952089963493013
0.9521212129667
0.952152450744395
0.952183676816417
0.952214891172804
0.952246093804139
0.952277284700607
0.952308463852816
0.952339631251451
0.952370786886913
0.95240193075003
0.952433062831705
0.952464183122559
0.95249529161364
0.95252638829607
0.95255747316069
0.95258854619877
0.952619607401651
0.952650656760397
0.952681694266614
0.952712719911514
0.952743733686735
0.952774735583989
0.952805725594709
0.952836703710755
0.952867669924062
0.952898624226288
0.952929566609516
0.952960497065904
0.952991415587332
0.95302232216611
0.953053216794619
0.953084099464965
0.953114970169797
0.953145828901372
0.953176675652372
0.953207510415554
0.953238333183401
0.95326914394882
0.953299942704795
0.953330729444034
0.953361504159671
0.953392266844915
0.953423017492703
0.953453756096395
0.953484482649426
0.953515197144961
0.953545899576704
0.953576589937968
0.953607268222493
0.953637934424096
0.953668588536318
0.953699230553127
0.953729860468566
0.953760478276406
0.953791083970843
0.953821677546149
0.953852258996323
0.953882828315789
0.953913385499047
0.953943930540327
0.953974463434396
0.954004984175637
0.954035492758854
0.95406598917893
0.954096473430475
0.954126945508524
0.954157405408187
0.954187853124305
0.954218288652142
0.954248711987037
0.954279123124061
0.954309522058708
0.954339908786545
0.954370283302874
0.954400645603532
0.954430995683972
0.954461333540069
0.954491659167776
0.954521972562775
0.954552273721171
0.954582562639146
0.954612839312611
0.954643103737903
0.95467335591143
0.954703595829335
0.954733823488183
0.954764038884613
0.954794242014998
0.954824432876244
0.954854611464877
0.954884777777843
0.954914931812162
0.954945073564591
0.954975203032303
0.955005320212549
0.955035425102313
0.955065517698998
0.955095598000083
0.955125666002782
0.955155721704724
0.955185765103619
0.955215796196908
0.955245814982451
0.955275821458182
0.955305815621772
0.955335797471423
0.955365767004956
0.955395724220611
0.955425669116702
0.955455601691279
0.955485521942809
0.955515429869833
0.955545325470629
0.955575208743889
0.955605079688382
0.955634938302612
0.955664784585498
0.955694618536036
0.955724440152954
0.955754249435511
0.955784046382589
0.955813830993482
0.95584360326756
0.955873363203931
0.955903110802113
0.955932846061702
0.955962568982029
0.955992279562839
0.956021977803949
0.956051663704916
0.956081337265707
0.956110998486363
0.956140647366666
0.956170283906916
0.956199908107043
0.956229519967384
0.956259119488352
0.956288706670098
0.956318281513181
0.956347844018237
0.956377394185636
0.956406932016159
0.956436457510663
0.956465970669737
0.956495471494386
0.956524959985681
0.956554436144437
0.956583899971985
0.956613351469283
0.956642790637698
0.956672217478669
0.956701631993373
0.956731034183393
0.956760424050385
0.956789801595745
0.956819166821273
0.956848519728841
0.956877860320061
0.956907188596949
0.956936504561594
0.956965808215821
0.956995099561973
0.957024378602021
0.957053645338337
0.957082899773368
0.957112141909296
0.957141371748708
0.957170589294263
0.957199794548356
0.957228987513787
0.957258168193424
0.957287336589877
0.957316492706154
0.957345636545336
0.957374768110241
0.957403887404198
0.957432994430166
0.957462089191504
0.957491171691639
0.957520241933738
0.957549299921367
0.957578345658162
0.957607379147496
0.957636400393142
0.957665409398942
0.957694406168474
0.957723390705718
0.957752363014719
0.957781323099262
0.957810270963638
0.957839206611767
0.957868130047966
0.95789704127662
0.957925940301852
0.95795482712818
0.957983701760189
0.958012564202203
0.958041414458942
0.95807025253519
0.958099078435471
0.958127892164702
0.958156693727868
0.958185483129689
0.958214260375391
0.958243025469826
0.95827177841824
0.958300519225944
0.958329247897988
0.958357964439811
0.958386668856919
0.958415361154556
0.958444041338356
0.958472709414016
0.958501365386974
0.958530009263054
0.958558641048147
0.958587260747879
0.958615868368268
0.958644463915392
0.958673047395069
0.958701618813611
0.958730178176961
0.958758725491449
0.958787260763467
0.958815783999144
0.958844295204997
0.958872794387601
0.958901281553273
0.958929756708711
0.958958219860678
0.958986671015671
0.959015110180573
0.959043537362326
0.959071952567612
0.9591003558036
0.959128747077092
0.959157126395271
0.959185493765378
0.959213849194394
0.959242192689678
0.959270524258652
0.959298843908471
0.959327151646673
0.959355447480852
0.959383731418341
0.959412003466851
0.959440263634151
0.959468511927746
0.959496748355627
0.959524972925414
0.959553185645105
0.959581386522753
0.959609575566151
0.959637752783464
0.959665918182915
0.959694071772464
0.959722213560445
0.959750343555248
0.959778461764998
0.959806568198196
0.959834662863396
0.959862745768887
0.959890816923441
0.959918876335456
0.959946924013703
0.959974959967007
0.960002984203929
0.9600309967334
0.960058997564406
0.960086986705664
0.960114964166266
0.960142929955354
0.960170884081805
0.960198826554864
0.960226757383829
0.960254676577733
0.960282584146082
0.960310480098009
0.960338364443017
0.960366237190659
0.96039409835022
0.960421947931353
0.960449785943761
0.960477612396879
0.960505427300509
0.9605332306645
0.960561022498437
0.960588802812267
0.960616571615986
0.960644328919322
0.960672074732473
0.960699809065264
0.960727531927881
0.960755243330558
0.960782943283261
0.960810631796319
0.960838308880106
0.960865974544726
0.960893628800647
0.96092127165838
0.960948903128168
0.960976523220613
0.961004131946364
0.961031729315797
0.961059315339755
0.961086890028703
0.961114453393467
0.961142005444914
0.961169546193643
0.961197075650609
0.961224593826809
0.96125210073297
0.961279596380176
0.96130708077955
0.961334553941948
0.961362015878576
0.961389466600685
0.961416906119254
0.961444334445717
0.961471751591135
0.96149915756692
0.961526552384524
0.96155393605513
0.961581308590267
0.961608670001507
0.961636020300149
0.961663359497842
0.961690687606272
0.961718004636854
0.961745310601352
0.961772605511566
0.961799889379025
0.961827162215603
0.961854424033213
0.961881674843495
0.961908914658535
0.961936143490047
0.961963361350086
0.961990568250745
0.962017764203843
0.962044949221542
0.96207212331604
0.962099286499259
0.962126438783465
0.962153580180957
0.962180710703761
0.962207830364243
0.962234939174802
0.962262037147563
0.962289124295092
0.96231620062958
0.962343266163553
0.962370320909574
0.962397364879927
0.962424398087233
0.962451420544147
0.962478432263045
0.962505433256642
0.962532423537682
0.962559403118631
0.962586372012294
0.962613330231503
0.962640277788811
0.96266721469721
0.962694140969313
0.962721056618064
0.962747961656437
0.962774856097127
0.962801739953162
0.962828613237595
0.962855475963202
0.962882328143091
0.962909169790394
0.962936000917966
0.962962821538988
0.962989631666672
0.963016431313945
0.963043220494167
0.963069999220315
0.963096767505697
0.963123525363641
0.963150272807196
0.963177009849738
0.963203736504665
0.963230452785094
0.963257158704469
0.963283854276254
0.963310539513631
0.963337214430108
0.963363879039213
0.963390533354191
0.963417177388713
0.963443811156064
0.963470434669854
0.96349704794371
0.963523650990976
0.963550243825319
0.963576826460423
0.963603398909687
0.963629961186833
0.963656513305599
0.963683055279436
0.963709587122118
0.963736108847432
0.963762620468883
0.963789122000392
0.963815613455494
0.963842094848042
0.963868566191902
0.963895027500656
0.9639214787882
0.963947920068444
0.963974351355013
0.964000772661845
0.964027184002891
0.964053585391815
0.964079976842593
0.964106358369216
0.964132729985383
0.964159091705209
0.964185443542417
0.964211785511043
0.964238117625133
0.964264439898444
0.964290752345042
0.964317054979004
0.964343347814117
0.964369630864475
0.964395904144184
0.964422167667056
0.964448421447212
0.964474665498781
0.9645008998356
0.964527124471913
0.964553339421572
0.964579544698733
0.964605740317561
0.964631926291926
0.964658102636004
0.964684269363976
0.964710426489729
0.964736574027454
0.964762711991344
0.964788840395303
0.964814959253531
0.964841068580235
0.964867168389328
0.964893258695021
0.964919339511528
0.964945410852769
0.964971472733061
0.964997525166328
0.96502356816679
0.96504960174867
0.965075625925894
0.965101640712684
0.965127646123262
0.965153642171556
0.965179628871785
0.965205606238171
0.965231574284636
0.965257533025398
0.96528348247467
0.965309422646371
0.965335353554809
0.965361275213895
0.965387187637832
0.965413090840821
0.965438984836761
0.965464869639845
0.965490745264257
0.965516611723887
0.965542469032908
0.965568317205492
0.96559415625551
0.965619986197118
0.965645807044468
0.96567161881141
0.965697421512179
0.965723215160611
0.965748999770828
0.96577477535694
0.96580054193276
0.965826299512383
0.965852048109893
0.965877787739075
0.965903518413994
0.965929240148706
0.965954952956963
0.965980656852799
0.966006351850236
0.966032037962993
0.966057715205167
0.966083383590451
0.96610904313282
0.966134693846233
0.966160335744347
0.966185968841095
0.966211593150396
0.966237208685864
0.96626281546139
0.966288413490848
0.966314002787809
0.966339583366115
0.966365155239595
0.966390718421769
0.96641627292653
0.966441818767364
0.966467355958033
0.966492884512277
0.966518404443533
0.966543915765505
0.96656941849188
0.966594912636038
0.966620398211625
0.966645875232272
0.966671343711297
0.966696803662288
0.966722255098811
0.966747698034125
0.966773132481849
0.966798558455197
0.96682397596765
0.966849385032665
0.966874785663388
0.966900177873231
0.966925561675582
0.966950937083517
0.966976304110375
0.967001662769472
0.967027013073809
0.967052355036652
0.967077688671241
0.967103013990499
0.967128331007711
0.967153639735749
0.967178940187745
0.967204232376807
0.967229516315724
0.967254792017546
0.967280059495296
0.967305318761679
0.967330569829659
0.967355812712171
0.967381047421831
0.967406273971514
0.967431492374065
0.967456702642009
0.967481904788224
0.967507098825175
0.967532284765579
0.967557462622123
0.967582632407174
0.967607794133353
0.967632947813248
0.967658093459127
0.96768323108351
0.967708360698882
0.967733482317408
0.967758595951505
0.967783701613554
0.967808799315613
0.967833889069992
0.967858970888963
0.967884044784477
0.967909110768827
0.967934168853891
0.96795921905179
0.967984261374611
0.968009295834115
0.968034322442311
0.968059341211167
0.968084352152328
0.968109355277683
0.968134350599081
0.968159338128048
0.968184317876349
0.968209289855712
0.968234254077538
0.968259210553563
0.968284159295104
0.968309100313719
0.968334033620922
0.968358959227901
0.968383877146084
0.968408787386854
0.968433689961267
0.968458584880617
0.968483472156152
0.968508351798795
0.968533223819701
0.968558088229984
0.968582945040425
0.968607794262136
0.968632635905807
0.968657469982359
0.96868229650267
0.968707115477282
0.968731926916976
0.968756730832481
0.968781527234193
0.968806316132745
0.968831097538717
0.968855871462356
0.968880637914142
0.968905396904504
0.968930148443537
0.968954892541659
0.968979629208862
0.969004358455367
0.96902908029134
0.969053794726617
0.969078501771256
0.969103201435266
0.969127893728319
0.969152578660312
0.969177256241088
0.969201926480156
0.969226589387248
0.969251244972039
0.969275893243871
0.969300534212399
0.96932516788685
0.969349794276673
0.969374413391259
0.969399025239662
0.969423629831157
0.969448227174959
0.969472817279946
0.969497400155216
0.969521975809806
0.969546544252415
0.96957110549196
0.969595659537296
0.96962020639694
0.969644746079719
0.969669278594025
0.969693803948467
0.969718322151593
0.969742833211607
0.969767337136931
0.969791833935921
0.969816323616593
0.969840806187175
0.969865281655831
0.969889750030382
0.969914211318862
0.969938665529239
0.969963112669138
0.969987552746487
0.970011985768777
0.97003641174371
0.970060830678921
0.9700852425817
0.970109647459545
0.970134045319886
0.970158436169809
0.970182820016605
0.970207196867498
0.970231566729364
0.970255929609286
0.970280285514277
0.970304634451003
0.970328976426426
0.970353311447068
0.970377639519658
0.970401960650851
0.970426274846953
0.970450582114475
0.970474882459852
0.970499175889173
0.970523462408727
0.970547742024729
0.970572014743044
0.970596280569737
0.970620539510801
0.970644791571874
0.970669036758795
0.970693275077328
0.970717506532884
0.970741731131165
0.970765948877428
0.970790159777127
0.970814363835641
0.970838561057993
0.970862751449404
0.970886935015015
0.970911111759615
0.970935281688185
0.97095944480563
0.970983601116498
0.97100775062553
0.97103189333739
0.971056029256383
0.9710801583871
0.971104280733684
0.971128396300469
0.97115250509171
0.971176607111301
0.971200702363329
0.971224790851799
0.971248872580356
0.971272947552835
0.971297015772989
0.971321077244209
0.971345131970078
0.971369179954093
0.971393221199389
0.971417255709383
0.971441283487041
0.971465304535513
0.971489318857864
0.9715133264568
0.971537327335211
0.971561321495897
0.971585308941302
0.971609289674049
0.971633263696676
0.971657231011358
0.971681191620453
0.971705145526229
0.971729092730593
0.971753033235724
0.971776967043345
0.971800894155365
0.971824814573597
0.971848728299494
0.971872635334687
0.971896535680717
0.971920429338757
0.971944316310163
0.971968196596196
0.971992070197751
0.972015937115904
0.972039797351633
0.972063650905554
0.972087497778549
0.972111337971042
0.972135171483636
0.972158998316834
0.972182818470778
0.972206631945781
0.97223043874206
0.972254238859466
0.972278032298023
0.972301819057658
0.97232559913793
0.972349372538571
0.972373139259215
0.972396899299126
0.972420652657831
0.972444399334398
0.972468139328065
0.972491872637973
0.97251559926289
0.972539319201755
0.972563032453409
0.97258673901632
0.972610438889125
0.972634132070361
0.972657818558194
0.972681498350958
0.972705171446884
0.972728837843833
0.972752497539922
0.972776150532804
0.972799796820303
0.972823436400136
0.972847069269648
0.972870695426351
0.972894314867651
0.972917927590583
0.972941533592343
0.972965132870026
0.972988725420351
0.973012311240201
0.973035890326352
0.973059462675209
0.973083028283425
0.973106587147193
0.973130139262864
0.973153684626685
0.973177223234525
0.973200755082417
0.973224280166284
0.973247798481675
0.973271310024298
0.973294814789753
0.973318312773264
0.973341803970214
0.973365288375876
0.973388765985148
0.973412236793085
0.973435700794634
0.973459157984362
0.973482608357084
0.97350605190715
0.973529488629064
0.97355291851722
0.973576341565634
0.973599757768481
0.973623167119818
0.973646569613331
0.973669965242855
0.973693354002117
0.973716735884463
0.973740110883394
0.973763478992298
0.973786840204184
0.973810194512304
0.973833541909441
0.97385688238853
0.973880215942393
0.973903542563473
0.973926862244364
0.973950174977546
0.97397348075512
0.973996779569336
0.97402007141233
0.97404335627586
0.97406663415183
0.974089905032033
0.974113168907879
0.974136425771015
0.974159675612622
0.974182918424028
0.974206154196443
0.9742293829207
0.974252604587778
0.974275819188538
0.974299026713463
0.974322227153181
0.974345420498204
0.974368606738662
0.974391785864832
0.974414957866873
0.974438122734563
0.974461280457913
0.974484431026466
0.97450757442991
0.974530710657813
0.974553839699363
0.974576961543892
0.974600076180614
0.974623183598361
0.974646283786107
0.97466937673271
0.974692462426645
0.974715540856529
0.974738612010862
0.974761675877759
0.974784732445568
0.974807781702165
0.974830823635572
0.974853858233687
0.974876885484028
0.974899905374255
0.974922917891905
0.974945923024138
0.974968920758249
0.974991911081418
0.975014893980439
0.975037869442249
0.975060837453662
0.975083798001112
0.97510675107126
0.975129696650295
0.97515263472455
0.975175565280234
0.975198488303175
0.975221403779339
0.975244311694573
0.97526721203434
0.975290104784242
0.975312989929761
0.975335867455995
0.975358737348182
0.975381599591438
0.975404454170497
0.975427301070317
0.975450140275389
0.975472971770341
0.975495795539679
0.975518611567529
0.975541419838152
0.975564220335689
0.975587013043898
0.975609797946676
0.975632575027796
0.975655344270652
0.975678105658772
0.975700859175566
0.975723604804058
0.975746342527499
0.975769072328671
0.975791794190494
0.975814508095763
0.975837214026896
0.975859911966445
0.97588260189684
0.975905283800132
0.975927957658508
0.975950623454031
0.975973281168386
0.975995930783394
0.976018572280753
0.976041205641782
0.976063830848021
0.976086447880547
0.976109056720569
0.976131657349179
0.976154249747086
0.976176833895137
0.976199409774056
0.97622197736419
0.976244536646021
0.976267087599908
0.976289630205835
0.97631216444392
0.97633469029416
0.976357207736174
0.976379716749718
0.976402217314425
0.976424709409554
0.976447193014581
0.976469668108524
0.976492134670535
0.976514592679645
0.976537042114509
0.97655948295392
0.976581915176548
0.976604338760689
0.976626753684775
0.976649159927118
0.976671557465656
0.976693946278462
0.97671632634349
0.976738697638321
0.976761060140755
0.976783413828135
0.976805758677941
0.976828094667531
0.976850421773896
0.976872739974158
0.976895049245323
0.976917349564027
0.976939640907039
0.976961923251013
0.976984196572232
0.977006460847114
0.977028716051963
0.977050962162709
0.977073199155508
0.977095427006059
0.977117645690198
0.977139855183647
0.977162055461759
0.977184246500024
0.977206428273817
0.977228600758145
0.977250763928154
0.977272917758874
0.977295062224971
0.977317197301247
0.977339322962391
0.977361439182727
0.977383545936801
0.97740564319871
0.977427730942692
0.97744980914287
0.977471877773005
0.977493936806998
0.977515986218636
0.977538025981347
0.977560056068695
0.977582076454138
0.977604087110768
0.977626088011821
0.977648079130421
0.977670060439334
0.97769203191155
0.977713993519614
0.977735945236217
0.977757887033939
0.977779818885001
0.97780174076177
0.977823652636502
0.977845554481099
0.977867446267605
0.977889327967957
0.977911199553739
0.977933060996677
0.977954912268392
0.977976753340152
0.977998584183451
0.97802040476935
0.978042215069052
0.978064015053659
0.97808580469392
0.978107583960731
0.978129352824886
0.978151111256829
0.978172859227149
0.978194596706337
0.978216323664534
0.97823804007203
0.978259745899013
0.978281441115327
0.978303125691045
0.978324799595814
0.978346462799429
0.978368115271588
0.978389756981644
0.978411387899102
0.978433007993369
0.978454617233513
0.97847621558875
0.978497803028202
0.978519379520652
0.978540945035035
0.978562499540192
0.978584043004625
0.978605575397073
0.978627096685856
0.978648606839445
0.978670105826223
0.978691593614238
0.978713070171692
0.978734535466697
0.978755989467034
0.978777432140639
0.97879886345536
0.978820283378715
0.978841691878378
0.978863088921938
0.978884474476654
0.978905848509946
0.978927210989146
0.978948561881262
0.978969901153542
0.978991228772827
0.97901254470612
0.97903384892034
0.979055141382085
0.979076422058115
0.979097690915108
0.979118947919425
0.979140193037585
0.979161426236034
0.979182647480897
0.979203856738464
0.979225053974948
0.979246239156247
0.979267412248505
0.979288573217471
0.97930972202906
0.979330858649116
0.979351983043169
0.979373095176918
0.979394195015991
0.979415282525707
0.979436357671553
0.97945742041895
0.979478470733009
0.979499508579013
0.979520533922179
0.979541546727418
0.979562546959895
0.979583534584392
0.979604509565863
0.979625471869201
0.979646421458999
0.979667358300023
0.979688282356981
0.979709193594279
0.979730091976505
0.979750977468186
0.979771850033551
0.979792709637013
0.979813556242926
0.97983438981535
0.979855210318606
0.979876017716647
0.979896811973607
0.979917593053565
0.979938360920315
0.979959115537834
0.979979856870048
0.980000584880597
0.980021299533309
0.980042000791962
0.980062688620053
0.980083362981264
0.980104023839234
0.980124671157322
0.980145304899154
0.980165925028001
0.980186531507324
0.980207124300545
0.980227703370808
0.980248268681451
0.980268820195775
0.980289357876805
0.980309881687767
0.980330391591844
0.980350887551955
0.980371369531213
0.9803918374927
0.98041229139923
0.980432731213894
0.980453156899442
0.980473568418826
0.980493965734968
0.980514348810529
0.980534717608372
0.980555072091334
0.980575412221996
0.98059573796314
0.980616049277529
0.980636346127667
0.980656628476268
0.980676896286025
0.980697149519376
0.98071738813905
0.980737612107448
0.980757821387183
0.980778015940852
0.980798195730804
0.980818360719604
0.9808385108698
0.980858646143701
0.98087876650383
0.980898871912698
0.980918962332578
0.980939037725962
0.980959098055332
0.980979143282935
0.980999173371315
0.981019188282706
0.981039187979566
0.981059172424349
0.981079141579277
0.981099095406798
0.981119033869361
0.981138956929187
0.981158864548723
0.98117875669042
0.981198633316507
0.98121849438944
0.981238339871683
0.981258169725478
0.981277983913301
0.981297782397637
0.981317565140753
0.981337332105227
0.981357083253349
0.981376818547646
0.981396537950656
0.98141624142471
0.981435928932377
0.981455600436242
0.981475255898685
0.981494895282326
0.981514518549806
0.981534125663564
0.981553716586282
0.981573291280664
0.981592849709218
0.981612391834772
0.981631917619882
0.981651427027355
0.981670920020024
0.981690396560532
0.981709856611771
0.981729300136666
0.981748727097952
0.981768137458619
0.98178753118169
0.981806908230005
0.98182626856666
0.981845612154788
0.981864938957342
0.981884248937607
0.981903542058616
0.981922818283665
0.98194207757609
0.981961319899055
0.981980545215989
0.981999753490363
0.982018944685481
0.982038118764914
0.982057275692279
0.98207641543103
0.982095537944888
0.982114643197629
0.982133731152865
0.982152801774552
0.982171855026414
0.982190890872449
0.982209909276715
0.982228910203111
0.982247893615815
0.982266859479066
0.982285807756951
0.982304738413836
0.982323651414153
0.982342546722184
0.982361424302497
0.982380284119726
0.98239912613836
0.982417950323246
0.982436756639017
0.982455545050595
0.982474315522973
0.98249306802101
0.982511802509853
0.982530518954725
0.982549217320719
0.982567897573217
0.982586559677685
0.982605203599458
0.982623829304167
0.982642436757528
0.982661025925128
0.982679596772927
0.982698149266691
0.982716683372482
0.982735199056458
0.982753696284654
0.98277217502341
0.982790635239159
0.982809076898218
0.982827499967212
0.982845904412862
0.982864290201777
0.982882657300877
0.98290100567718
0.9829193352976
0.982937646129428
0.982955938139785
0.982974211296104
0.982992465565924
0.983010700916683
0.983028917316137
0.98304711473215
0.983065293132491
0.983083452485247
0.983101592758619
0.983119713920715
0.983137815939966
0.983155898784917
0.983173962424026
0.983192006826147
0.983210031959974
0.983228037794534
0.98324602429897
0.983263991442349
0.983281939194062
0.983299867523629
0.983317776400492
0.983335665794424
0.983353535675326
0.983371386013028
0.983389216777694
0.983407027939617
0.983424819469025
0.983442591336481
0.983460343512683
0.983478075968265
0.983495788674268
0.983513481601601
0.983531154721517
0.983548808005409
0.983566441424612
0.983584054950804
0.983601648555808
0.983619222211392
0.983636775889673
0.983654309562911
0.98367182320332
0.98368931678346
0.983706790276045
0.983724243653739
0.983741676889625
0.983759089956678
0.983776482828223
0.983793855477745
0.983811207878685
0.983828540004843
0.983845851830177
0.983863143328609
0.98388041447442
0.983897665242053
0.983914895605919
0.98393210554079
0.983949295021603
0.983966464023268
0.983983612521123
0.984000740490413
0.984017847906751
0.984034934745919
0.984052000983677
0.984069046596153
0.984086071559649
0.984103075850449
0.984120059445206
0.98413702232075
0.984153964453896
0.984170885821833
0.984187786401929
0.98420466617154
0.984221525108463
0.984238363190419
0.984255180395508
0.984271976702013
0.984288752088214
0.984305506532768
0.98432224001452
0.984338952512315
0.984355644005376
0.984372314473119
0.984388963894963
0.984405592250706
0.984422199520344
0.984438785683877
0.984455350721752
0.984471894614362
0.984488417342486
0.984504918887103
0.9845213992292
0.984537858350157
0.984554296231551
0.984570712854977
0.984587108202419
0.984603482256065
0.984619834998122
0.984636166411189
0.984652476478073
0.9846687651816
0.984685032505054
0.984701278431682
0.984717502945125
0.984733706029236
0.984749887667894
0.984766047845378
0.984782186546178
0.984798303754817
0.984814399456215
0.984830473635508
0.98484652627787
0.984862557368872
0.984878566894304
0.984894554839995
0.984910521192235
0.984926465937295
0.984942389061849
0.984958290552793
0.984974170397066
0.984990028582011
0.985005865095199
0.985021679924243
0.985037473057167
0.985053244482218
0.985068994187695
0.985084722162304
0.985100428394981
0.985116112874713
0.985131775590957
0.985147416533164
0.985163035691196
0.985178633055148
0.985194208615172
0.985209762361831
0.985225294285926
0.985240804378314
0.985256292630268
0.985271759033298
0.985287203578977
0.98530262625929
0.985318027066465
0.985333405992793
0.985348763030982
0.98536409817398
0.985379411414805
0.985394702746949
0.985409972163915
0.985425219659625
0.985440445228246
0.985455648864016
0.985470830561592
0.985485990315879
0.985501128121855
0.98551624397492
0.985531337870722
0.985546409804984
0.985561459773852
0.985576487773722
0.98559149380107
0.985606477852851
0.985621439926042
0.985636380018047
0.985651298126518
0.985666194249195
0.985681068384239
0.985695920530066
0.985710750685179
0.985725558848503
0.985740345019221
0.985755109196603
0.985769851380346
0.985784571570402
0.985799269766815
0.98581394597011
0.985828600180849
0.985843232400018
0.985857842628865
0.985872430868732
0.985886997121386
0.985901541388856
0.985916063673268
0.985930563977175
0.98594504230339
0.985959498654827
0.985973933034828
0.985988345446996
0.986002735895036
0.986017104383135
0.986031450915527
0.986045775496875
0.986060078132107
0.986074358826254
0.986088617584777
0.986102854413401
0.986117069317959
0.986131262304711
0.986145433380187
0.98615958255102
0.986173709824276
0.986187815207288
0.986201898707497
0.986215960332828
0.986230000091262
0.986244017991208
0.986258014041348
0.986271988250473
0.986285940627805
0.986299871182835
0.986313779925168
0.986327666864841
0.986341532012158
0.986355375377541
0.98636919697184
0.986382996806177
0.986396774891793
0.986410531240407
0.986424265863804
0.9864379787742
0.986451669984081
0.986465339506055
0.986478987353157
0.986492613538697
0.986506218076105
0.986519800979238
0.98653336226223
0.986546901939335
0.986560420025236
0.986573916534891
0.98658739148338
0.986600844886262
0.98661427675917
0.986627687118164
0.986641075979578
0.986654443359874
0.986667789275939
0.986681113744938
0.98669441678416
0.986707698411321
0.986720958644417
0.986734197501566
0.986747415001315
0.98676061116249
0.98677378600404
0.986786939545394
0.986800071806057
0.986813182805962
0.986826272565318
0.986839341104464
0.986852388444164
0.98686541460546
0.986878419609523
0.98689140347795
0.986904366232616
0.986917307895525
0.986930228489107
0.98694312803607
0.986956006559253
0.986968864081918
0.986981700627606
0.98699451621999
0.987007310883216
0.987020084641512
0.98703283751953
0.987045569542201
0.987058280734588
0.987070971122176
0.987083640730729
0.987096289586145
0.987108917714743
0.98712152514312
0.987134111898008
0.98714667800656
0.987159223496205
0.98717174839451
0.987184252729509
0.987196736529322
0.987209199822491
0.987221642637835
0.987234065004309
0.987246466951287
0.98725884850842
0.987271209705497
0.987283550572724
0.987295871140585
0.9873081714397
0.987320451501108
0.987332711356125
0.987344951036203
0.987357170573259
0.987369369999301
0.987381549346752
0.987393708648313
0.987405847936823
0.987417967245536
0.987430066607984
0.987442146057836
0.987454205629176
0.987466245356367
0.987478265273906
0.987490265416709
0.987502245819965
0.987514206519005
0.987526147549615
0.987538068947679
0.98754997074949
0.98756185299162
0.98757371571078
0.987585558944092
0.987597382728954
0.987609187102906
0.987620972103896
0.987632737770149
0.987644484140033
0.987656211252323
0.98766791914607
0.987679607860468
0.987691277435162
0.987702927909898
0.987714559324827
0.987726171720376
0.987737765137117
0.987749339616024
0.987760895198352
0.987772431925495
0.987783949839256
0.98779544898171
0.987806929395079
0.987818391121988
0.987829834205337
0.987841258688173
0.987852664613988
0.987864052026376
0.987875420969337
0.987886771487144
0.987898103624216
0.987909417425375
0.987920712935718
0.987931990200487
0.987943249265329
0.987954490176163
0.987965712979056
0.987976917720478
0.98798810444717
0.987999273206026
0.988010424044377
0.988021557009667
0.988032672149734
0.988043769512697
0.988054849146819
0.988065911100765
0.988076955423477
0.988087982164042
0.988098991371952
0.98810998309697
0.988120957389012
0.988131914298392
0.9881428538757
0.988153776171678
0.988164681237506
0.988175569124478
0.988186439884285
0.988197293568895
0.988208130230427
0.988218949921402
0.988229752694613
0.988240538603011
0.988251307699944
0.988262060039036
0.988272795674067
0.988283514659216
0.988294217048939
0.988304902897848
0.988315572260953
0.988326225193544
0.988336861751065
0.988347481989405
0.988358085964564
0.988368673732946
0.988379245351234
0.988389800876268
0.98840034036529
0.98841086387582
0.988421371465541
0.988431863192534
0.988442339115164
0.988452799291956
0.988463243781835
0.988473672644011
0.988484085937856
0.988494483723184
0.988504866059934
0.988515233008446
0.988525584629347
0.988535920983428
0.988546242131885
0.988556548136198
0.988566839058018
0.988577114959397
0.988587375902677
0.988597621950369
0.98860785316539
0.988618069610945
0.988628271350413
0.988638458447619
0.98864863096652
0.988658788971486
0.988668932527173
0.988679061698419
0.988689176550468
0.988699277148859
0.98870936355931
0.98871943584795
0.988729494081205
0.988739538325681
0.988749568648399
0.988759585116677
0.98876958779802
0.988779576760382
0.98878955207187
0.988799513801005
0.98880946201661
0.988819396787702
0.988829318183713
0.988839226274382
0.988849121129641
0.988859002819844
0.988868871415652
0.988878726987927
0.98888856960795
0.988898399347316
0.988908216277824
0.988918020471731
0.988927812001466
0.988937590939883
0.988947357360155
0.988957111335664
0.988966852940222
0.988976582247964
0.988986299333238
0.988996004270824
0.989005697135833
0.989015378003587
0.989025046949853
0.989034704050725
0.989044349382518
0.989053983022028
0.989063605046241
0.989073215532586
0.989082814558831
0.989092402202976
0.98910197854347
0.989111543659104
0.989121097628908
0.989130640532363
0.989140172449302
0.989149693459798
0.989159203644383
0.989168703083947
0.989178191859624
0.98918767005305
0.989197137746079
0.989206595021032
0.989216041960597
0.989225478647717
0.989234905165813
0.989244321598676
0.989253728030361
0.989263124545406
0.989272511228725
0.989281888165507
0.989291255441426
0.989300613142544
0.989309961355199
0.989319300166264
0.989328629662858
0.989337949932605
0.989347261063522
0.989356563143921
0.989365856262623
0.989375140508853
0.989384415972138
0.989393682742521
0.98940294091046
0.989412190566723
0.989421431802603
0.989430664709816
0.989439889380397
0.989449105906917
0.989458314382378
0.989467514900111
0.989476707554027
0.989485892438338
0.989495069647807
0.989504239277644
0.989513401423409
0.98952255618122
0.989531703647656
0.989540843919653
0.989549977094719
0.989559103270833
0.989568222546342
0.989577335020179
0.989586440791756
0.989595539960869
0.989604632627942
0.989613718893755
0.989622798859693
0.98963187262764
0.989640940299886
0.989650001979337
0.989659057769414
0.989668107773956
0.98967715209743
0.989686190844834
0.989695224121597
0.989704252033792
0.989713274688036
0.989722292191392
0.989731304651615
0.989740312176884
0.989749314876045
0.989758312858513
0.989767306234179
0.989776295113615
0.989785279607981
0.989794259828927
0.989803235888803
0.989812207900561
0.989821175977664
0.989830140234291
0.989839100785241
0.989848057745842
0.989857011232188
0.989865961360883
0.989874908249274
0.989883852015365
0.989892792777715
0.989901730655656
0.989910665769188
0.989919598238893
0.989928528186141
0.989937455732997
0.989946381002126
0.989955304117002
0.989964225201817
0.989973144381386
0.989982061781388
0.989990977528109
0.989999891748684
0.990008804571
0.990017716123608
0.990026626535934
0.99003553593818
0.990044444461237
0.990053352236896
0.990062259397751
0.990071166077111
0.990080072409209
0.990088978529111
0.990097884572625
0.990106790676545
0.990115696978389
0.990124603616649
0.990133510730697
0.990142418460694
0.990151326947803
0.990160236334096
0.990169146762469
0.990178058376848
0.990186971322102
0.990195885743952
0.990204801789185
0.990213719605565
0.990222639341738
0.990231561147489
0.990240485173473
0.990249411571471
0.990258340494299
0.990267272095716
0.990276206530643
0.990285143955072
0.990294084525976
0.990303028401531
0.99031197574102
0.990320926704748
0.990329881454261
0.990338840152255
0.990347802962491
0.990356770050043
0.990365741581044
0.990374717722937
0.990383698644388
0.990392684515201
0.990401675506534
0.990410671790813
0.99041967354165
0.990428680934057
0.990437694144365
0.990446713350134
0.99045573873038
0.990464770465484
0.990473808737109
0.990482853728422
0.990491905624012
0.990500964609802
0.990510030873306
0.990519104603379
0.99052818599047
0.990537275226542
0.990546372504987
0.99055547802085
0.99056459197075
0.990573714552795
0.990582845966808
0.990591986414247
0.990601136098121
0.99061029522322
0.990619463996032
0.990628642624664
0.990637831319103
0.990647030290966
0.990656239753763
0.990665459922818
0.99067469101519
0.990683933249903
0.990693186847869
0.990702452031809
0.990711729026484
0.990721018058622
0.990730319356836
0.99073963315186
0.990748959676474
0.990758299165425
0.990767651855701
0.990777017986278
0.990786397798398
0.990795791535487
0.990805199443086
0.990814621769089
0.990824058763668
0.990833510679202
0.990842977770515
0.99085246029481
0.990861958511587
0.990871472682898
0.990881003073269
0.990890549949626
0.990900113581588
0.990909694241207
0.990919292203263
0.990928907745188
0.990938541146999
0.990948192691548
0.990957862664459
0.990967551354051
0.990977259051602
0.990986986051278
0.990996732650063
0.991006499148024
0.991016285848243
0.991026093056747
0.991035921082812
0.991045770238715
0.991055640840033
0.991065533205585
0.991075447657361
0.991085384520797
0.991095344124712
0.991105326801242
0.99111533288612
0.991125362718612
0.991135416641453
0.991145495001132
0.991155598147831
0.991165726435363
0.991175880221496
0.991186059867704
0.991196265739493
0.991206498206344
0.991216757641657
0.991227044423045
0.991237358932275
0.991247701555219
0.991258072682149
0.991268472707687
0.991278902030749
0.991289361054853
0.991299850188066
0.991310369842955
0.991320920436938
0.991331502392035
0.991342116135219
0.991352762098378
0.991363440718261
0.991374152436802
0.991384897701079
0.991395676963267
0.991406490680967
0.991417339317165
0.991428223340198
0.991439143224076
0.991450099448458
0.991461092498608
0.991472122865778
0.991483191046972
0.991494297545323
0.991505442870072
0.991516627536534
0.991527852066451
0.991539116987966
0.991550422835597
0.991561770150603
0.991573159480952
0.991584591381311
0.991596066413408
0.991607585146017
0.991619148154943
0.991630756023399
0.991642409341995
0.991654108708726
0.991665854729403
0.991677648017426
0.991689489194224
0.991701378889249
0.991713317739978
0.991725306392312
0.991737345500586
0.991749435727568
0.991761577744877
0.991773772232994
0.991786019881268
0.991798321388347
0.991810677462197
0.991823088820113
0.991835556189212
0.991848080306217
0.991860661917956
0.99187330178139
0.991886000663645
0.991898759342469
0.991911578606275
0.991924459254177
0.991937402096469
0.991950407954666
0.991963477661557
0.991976612061697
0.991989812011457
0.992003078379087
0.992016412045275
0.992029813902955
0.992043284857885
0.992056825828716
0.992070437747069
0.992084121558069
0.992097878220434
0.992111708706558
0.992125614003072
0.992139595110938
0.992153653045547
0.9921677888373
0.992182003531715
0.992196298189541
0.992210673887412
0.992225131717697
0.992239672789174
0.992254298227162
0.992269009173654
0.992283806787963
0.992298692246866
0.992313666744762
0.992328731494332
0.99234388772671
0.992359136691653
0.992374479658232
0.992389917915017
0.992405452770269
0.992421085552719
0.992436817611481
0.992452650316846
0.992468585060512
0.992484623255799
0.992500766338429
0.992517015766768
0.99253337302207
0.992549839609288
0.992566417057343
0.992583106919393
0.99259991077368
0.992616830223826
0.992633866899126
0.992651022455504
0.992668298575508
0.992685696969286
0.992703219374934
0.992720867558838
0.992738643316632
0.992756548473578
0.992774584884941
0.992792754436997
0.992811059047441
0.992829500665803
0.992848081274507
0.992866802889314
0.992885667559777
0.992904677370425
0.99292383444089
0.992943140927124
0.992962599021917
0.992982210955423
0.99300197899637
0.99302190545262
0.993041992671746
0.993062243042303
0.993082658994443
0.99310324300054
0.993123997576532
0.99314492528259
0.993166028723802
0.993187310551665
0.993208773464413
0.993230420208569
0.993252253579711
0.993274276423257
0.993296491636024
0.99331890216706
0.993341511018501
0.993364321247216
0.993387335965719
0.993410558343095
0.993433991606747
0.993457639043381
0.993481504000025
0.993505589885867
0.993529900173343
0.993554438399226
0.993579208166689
0.993604213146001
0.993629457076667
0.993654943768663
0.993680677103702
0.993706661037402
0.993732899600635
0.993759396900898
0.993786157124626
0.993813184538656
0.993840483491718
0.993868058416897
0.993895913833224
0.993924054347302
0.993952484656034
0.993981209547819
0.994010233905392
0.994039562707658
0.994069201031557
0.994099154054992
0.994129427058816
0.994160025428867
0.994190954659091
0.994222220353709
0.994253828229428
0.994285784118784
0.994318093972497
0.99435076386188
0.994383799982541
0.994417208656323
0.994450996335175
0.994485169603864
0.994519735182747
0.994554699931794
0.994590070853537
0.994625855096092
0.994662059957475
0.994698692888815
0.994735761497646
0.994773273552544
0.994811236986626
0.994849659901141
0.994888550570596
0.994927917445844
0.994967769159463
0.995008114529798
0.9950489625651
0.99509032246917
0.995132203645765
0.995174615703111
0.995217568459992
0.995261071950552
0.995305136429222
0.995349772377287
0.995394990508133
0.99544080177262
0.995487217366353
0.995534248734527
0.995581907579568
0.995630205867206
0.995679155832707
0.995728769988951
0.995779061133068
0.995830042353249
0.99588172703749
0.99593412888085
0.995987261892897
0.996041140407184
0.996095779089187
0.99615119294445
0.996207397329077
0.996264407957352
0.996322240912798
0.996380912657404
0.996440440041105
0.996500840313565
0.99656213113429
0.996624330583007
0.996687457172483
0.996751529859597
0.996816568056731
0.996882591645704
0.996949620989931
0.997017676946901
0.997086780883628
0.997156954688668
0.997228220788457
0.997300602161496
0.997374122352935
0.997448805492122
0.997524676308175
0.997601760146014
0.99768008298551
0.997759671458607
0.997840552866944
0.997922755202775
0.998006307167807
0.998091238192579
0.998177578459672
0.998265358922796
0.998354611331414
0.998445368252837
0.998537663094976
0.998631530132968
0.99872700453352
0.998824122379979
0.998922920701523
0.9990234375
