0.0140228796215358
0.038899573191773
0.0331034778673395
0.0147572178128462
-0.00498397316738977
0.0027092561713586
-0.00552208374090863
-0.0214504316057285
-0.016733785786214
0.0750349015577877
0.158130875775221
0.185319324656626
0.176874630130861
0.293044357387922
0.372032751657631
0.411923940836195
0.408978452378656
0.460117696331511
0.561814142733725
0.574130055145429
0.564997712108916
0.556755060264662
0.574154502403809
0.578867291515181
0.571060883559526
0.595350114315899
0.611197688261759
0.599424565268893
0.661167548959083
0.647424916604844
0.645697316828386
0.682525546222944
0.719180497189878
0.740749066238878
0.72020976830792
0.759364325339216
0.7421986684793
0.742148151457168
0.766382343160006
0.763037443446764
0.762082826142557
0.746213270247464
0.789575126676012
0.776239881278506
0.763708699319819
0.973642095483863
1.00615698087877
0.992724913640458
1.06359306517246
1.1470785453657
1.22639921544007
1.2086339648644
1.19232977761076
1.22129000674629
1.30146506946022
1.4074941520637
1.44667791913258
1.43628846402177
1.43267150359981
1.43379450949037
1.43609927744771
1.46059562734441
1.46952558893903
1.46307435912479
1.53152736040264
1.54608544082816
1.60502493752499
1.61455366544601
1.64887509904391
1.65276052414553
1.66779269365432
1.71953190335608
1.77307732858953
1.76557106206253
1.75226705320879
1.73587944506688
1.79495708085052
1.81109665216529
1.83589999094709
1.83641241176565
1.92192176126484
1.97743230692257
1.98906529758243
1.96843669660983
2.02812654483019
2.06184293033009
2.10259017837665
2.08055360707474
2.14967759767026
2.15132948871161
2.18419411902882
2.17350510545809
2.19324948988776
2.21159581488098
2.23233817428025
2.21612273877209
2.28826700353623
2.26847894631997
2.30227300158522
2.28120341939497
2.26125389985273
2.2424346376854
2.22980398646448
2.20949358964491
2.20012466023168
2.20539311404814
2.20345144537204
2.20151288215023
2.27200283279246
2.28694704931244
2.29998818635542
2.41629769896561
2.44066305513496
2.42205036517962
2.43276890164293
2.43118505082733
2.44076701882929
2.42661659439776
2.4167091412144
2.40089952241244
2.38565352001313
2.37323086978278
2.40243591698838
2.38085867300424
2.37718540804322
2.38198447036219
2.39257830038532
2.37177511972028
2.36702806585752
2.36854249302628
2.34756975030558
2.33742043727354
2.32962717266409
2.39607989929637
2.38995421646171
2.39622915729948
2.42997292766493
2.43102545661535
2.41115920241135
2.4491058213939
2.52648898859133
2.55971657787742
2.53853435742629
2.53895071791278
2.51768300287319
2.50356198681091
2.50560941752552
2.49142007399671
2.47694574819243
2.53349969464116
2.5294817492507
2.5940980673672
2.57353204312733
2.56190992205049
2.55973828677271
2.54153386888588
2.52478013079411
2.51461627866705
2.59185115902836
2.57895103826556
2.59434177099012
2.57905251390965
2.56669458751333
2.65389924863583
2.65056511908404
2.63138214635658
2.63689277784634
2.62225605686969
2.6679537100274
2.64702160697507
2.62915750838775
2.6348384899805
2.6257219937333
2.65557351349093
2.64825883280278
2.6366883536919
2.666237413581
2.70515367727233
2.7746560832679
2.8860355960827
2.91093533045726
2.88953628765321
2.87314749579237
2.87496712991633
2.88273080255772
2.86165709787568
2.93237438029929
2.91819547778391
2.91100663607172
2.89465544553462
2.98776559043876
2.97750680639143
3.00374365731451
2.99984393573205
2.99766549754849
2.99984406670594
3.00665958842146
3.06414000638053
3.10717269252117
3.10234250238814
3.13625518239401
3.13514107555858
3.1136655294952
3.09481600917698
3.12524001961063
3.14460205011401
3.18549286172994
3.17806773608716
3.1780849737552
3.16837312037156
3.19454767284694
3.25101375339043
3.2921549539613
3.32081604187461
3.32358060199257
3.33315157189784
3.35445464993415
3.40104115641189
3.41539159868599
3.39579607394691
3.53713190717855
3.5366581667589
3.53368398394967
3.52426813630202
3.54603707856985
3.55702648943772
3.61514233725581
3.62030328210795
3.63192747530177
3.72382685479023
3.7129609938529
3.73341143801818
3.72169166010841
3.77461529021988
3.7625396977152
3.80389955748614
3.80727937318284
3.92760765201541
3.92846380026661
3.96033128946092
3.95980327740542
3.99546030113733
4.01395056097636
4.00968021845751
4.01010001149352
4.13030643411999
4.11860006759982
4.14175102554378
4.13391468814205
4.12819514925185
4.14483126011941
4.22091496138616
4.23674830325962
4.21979729888234
4.26841783246018
4.26817100762588
4.28273067808852
4.27396960795442
4.28854113377515
4.39796368498195
4.38971275653481
4.38976188220705
4.39458071906464
4.39071287502988
4.45193947137583
4.43295759685503
4.49063369309483
4.4955399801749
4.51711516832646
4.54163992778708
4.53035283730899
4.60298334191805
4.63081361269159
4.65797579471644
4.64917213115995
4.63198936333371
4.65696934115123
4.65517459887242
4.65491954506566
4.64166645031701
4.62433321682695
4.61344968250423
4.61812591808802
4.94422731519878
5.0279025647913
5.01145431998169
5.00126999735633
5.0610251319585
5.04069904459045
5.04913169493206
5.03056982816499
5.05887873722296
5.05385754405083
5.07350712704916
5.051961460419
5.16838460809265
5.18360153588434
5.20521840467781
5.24190733896636
5.32286050973969
5.33344314396808
5.36859002111118
5.43730232854002
5.42038694358022
5.56215053691499
5.59220821272875
5.59127721383013
5.62647291986067
5.61033380089997
5.6956299667803
5.6889057910914
5.67885424595247
5.67416621830462
5.68092101601219
5.74504311714813
5.74993127347312
5.74141313761632
5.72994624982131
5.77564750013916
5.76335291435068
5.77461876309741
5.82172915929046
5.84712063752855
5.91420297782235
5.91584671854513
5.89406644012294
5.91584669472614
5.89496825074207
5.94881182615359
5.93946559958011
5.98355334857056
5.98703923597557
6.12385820112223
6.109121968612
6.12700411504281
6.12157979333421
6.14378994609044
6.13416527313103
6.13131322741527
6.12601716084735
6.1704141495203
6.17515537544414
6.19172967769748
6.20248146739884
6.18764010725266
6.19214634166192
6.20355156161784
6.29038312124125
6.33774029527704
6.35805088918814
6.37761480113051
6.36106581873723
6.48390130035957
6.49841024518714
6.66231134641621
6.70163289837157
6.71170864921528
6.75091175623507
6.74573090196995
6.78448774535479
6.77155121382939
6.82030824729431
6.82197369964057
6.81122783089517
6.81466874355536
6.8027972071979
6.79004659014662
6.81292462307387
6.8082958912189
6.82601720606652
6.85703695084938
6.87294450203893
6.86876311257816
6.85712901019627
6.86586250101259
6.85716917104328
6.88059569001064
6.87826183808173
6.91149056040616
6.93555972457333
6.97765921595697
6.96275312219404
6.94247461901143
6.9470417590701
6.93800091443513
6.93003097291243
6.92547964005576
6.92241323356671
6.93685376278114
6.92827070811194
6.9398081208116
6.96100151087274
6.9583909237131
6.96202474136951
6.95346710219271
6.94595795452522
6.96110129196325
6.95691536261693
6.94661155040493
6.95883709326838
6.97244047378043
7.06054796604157
7.06619714475514
7.07004302349746
7.08631244830153
7.09461439072491
7.07253864409611
7.08349976293196
7.07912796591714
7.18438135150795
7.18832448840886
7.28445982887195
7.26511780437919
7.39792227023942
7.38763098353628
7.37371899361717
7.37451907104065
7.37875991474756
7.39929573454127
7.39434288162292
7.43293744586686
7.42870672081123
7.43009855118201
7.44730205430079
7.43557014846459
7.44777621770359
7.44699674303674
7.47263486522156
7.51444447266696
7.50241807163701
7.51574635605552
7.50077656471674
7.50219416182787
7.5035787818115
7.54437177594651
7.54424942803493
7.53694797151173
7.52613810659304
7.5204845684243
7.62124617962357
7.62411936275383
7.65564438181138
7.65840121708498
7.66873962594569
7.66022604901519
7.64713213105911
7.63347007431998
7.68249727010083
7.67314529379929
7.78260380546632
7.83259163655912
7.85668821914296
7.8497642691336
7.84720981267236
7.83312906919721
7.82707088532718
7.81705774512749
7.88832441943697
7.95106437499501
7.93345043460922
7.97642679173206
8.05158005000489
8.10280747343411
8.0985930574233
8.09671818070923
8.14263530627401
8.12566875827824
8.10590325177396
8.16309725526232
8.17302505594291
8.1732670739718
8.26517517673788
8.24544289805479
8.23409821037097
8.30085009981112
8.32725683655467
8.3965582917491
8.37571320015895
8.39916921316177
8.40567696316753
8.39587106406649
8.41010631272706
8.42416531658566
8.40253112132334
8.44395163691771
8.45121689859152
8.46910752137661
8.56086838244042
8.54479562184747
8.54994789430381
8.55198766052725
8.64076123348609
8.64724406943254
8.72569044576949
8.73625117588051
8.71487525299392
8.69620571821474
8.68760597086177
8.67571683814664
8.67696635318437
8.68352116809578
8.66960188440993
8.68590003670905
8.68787040393623
8.75642835544602
8.74304406969712
8.72645305442266
8.71918676086831
8.77500481652552
8.76695796729017
8.80804958201741
8.79729069414393
8.8772227846528
8.98483579744261
8.9793242976568
8.97491152080569
9.1562971651029
9.13657803058897
9.19568659399805
9.20096820335556
9.21702339009969
9.20052857600714
9.19492893264914
9.25944600431953
9.28401248478129
9.30035227179969
9.45409912529791
9.48227676969154
9.48861459282268
9.50081690131632
9.48589105364412
9.50444303682712
9.49719935953976
9.48701485327273
9.4723307767342
9.63356754672327
9.64494112227243
9.62438090679878
9.6956223023928
9.71845336220136
9.75331208920257
9.75056127850108
9.729036182893
9.72920062642542
9.79922359619797
9.78185006682613
9.76778012071333
9.80677818380569
9.81946845016981
9.81967940399917
9.82169069741839
9.86202575403219
9.8807218001705
9.88736596103226
9.86529121331909
9.85335680305372
9.8563733275926
9.87047162296663
9.85453103892759
9.84647172189613
9.83812080678928
9.8650800387935
9.8905224295184
9.90227186786735
9.88115423436198
9.98108906048284
9.97649452583126
9.95915544246097
10.0144109592799
10.0985646224081
10.113047581978
10.1341326894533
10.1432973130641
10.1540882014892
10.2224654192939
10.2414521916393
10.2517059968581
10.2928907972276
10.2748755143208
10.2729482251035
10.2691680329391
10.2617841655961
10.247693793712
10.3143028532189
10.2973730379716
10.3350021664531
10.3544186245578
10.3378945001172
10.37091328876
10.395581116398
10.3795007012548
10.3998241779004
10.4364855452948
10.444294597964
10.4401200876895
10.4237696286413
10.4442366228576
10.5029072665387
10.4940157651656
10.537595965839
10.5458122628619
10.6828311175795
10.6740560274083
10.6957841911125
10.6796316980008
10.725592814189
10.7115767343262
10.7393643343878
10.7182075555844
10.7495513520812
10.7344037247845
10.7131031704837
10.7247837406424
10.7506252146898
10.7344840457431
10.7151394747978
10.7027443726467
10.6832771690549
10.7331082297772
10.7272346553342
10.7148212254115
10.726841559126
10.7279306467875
10.7281223076468
10.7152641774226
10.7428166876711
10.7384825826597
10.719673737943
10.697702752975
10.681758628364
10.671192935563
10.6797852828692
10.6940498722481
10.7520021554587
10.7662463811915
10.7723623188222
10.8035260918638
10.7934402606383
10.866475994934
10.9357661010682
11.0148235241349
11.0776350468583
11.1088694931928
11.0973103784987
11.0928695707242
11.1400587832198
11.1390117057614
11.1864239063006
11.1750024590511
11.1993847766633
11.2015570960677
11.28335923401
11.2822812921288
11.2637220936959
11.2558792636247
11.2544526484142
11.2422582889425
11.2255513075467
11.2525047156484
11.2484767893356
11.3104446533817
11.3081260855867
11.303637435455
11.3025343685257
11.3938306413268
11.458128339745
11.4580340056378
11.5182660861159
11.5462953523602
11.5457992524252
11.6811713135885
11.6933025591242
11.6977348124894
11.6879956907709
11.6868463733258
11.7509759149123
11.7498132362924
11.7449699838829
11.7701410422797
11.8144135776505
11.8021752762785
11.7803869299141
11.7900869106204
11.8000135895214
11.8083591402035
11.8153103096505
11.8076633769072
11.815301301332
11.8351839833976
11.9731467574892
11.9798137044987
11.9730627768844
11.9666790367003
11.9876383418847
12.0231123535988
12.0481978161513
12.0446041813225
12.0581043041353
12.0413522719439
12.1291080424677
12.197627448056
12.1788935386564
12.2758184687572
12.333388336132
12.3280679503296
12.3357608019929
12.3241566157579
12.3040993993952
12.3409333271244
12.3435637477703
12.3525317346768
12.3776469369719
12.6236953367526
12.7336058932415
12.7662628111676
12.7443432565824
12.7555733492517
12.7534625494717
12.7499812265072
12.7601677125114
12.7605493956814
12.7765380696938
12.7699324354478
12.7847304341111
12.7961438218241
12.7885452685534
12.7896532775788
12.8080584343525
12.8130756433509
12.7974172188153
12.7896026923918
12.770469849043
12.9034613831175
13.0111707449638
13.0969047790637
13.0774167437499
13.0716055592112
13.0789045308385
13.0643713962319
13.0640982018217
13.0455213386883
13.0340179837225
13.0125721837281
13.0234601003741
13.0093516160821
13.0359749753186
13.169193266806
13.2172172516644
13.2129475348372
13.256623410992
13.2476911639141
13.2456038689819
13.2561247200045
13.3752769902887
13.3756193485409
13.3924321286353
13.3780011328256
13.3948326253959
13.4142641961947
13.4275034099487
13.4388613239757
13.4361299436512
13.4253437515235
13.4142946557016
13.4527892110595
13.4331472704283
13.4149851643711
13.3943461917218
13.5428898418024
13.5230626289281
13.5021407054103
13.5755976415115
13.555093747504
13.6642565610403
13.6719142708061
13.6563190451711
13.6509834242251
13.6298786069422
13.6313412325681
13.7321105732064
13.7180198663037
13.6969433753993
13.6813901791402
13.6631896734955
13.6432063308463
13.6698015277556
13.7113510950759
13.7063721038822
13.6936162740534
13.6795125122853
13.8775999016029
13.8633411438731
13.9268505961504
13.9055615398079
13.9132558212033
13.8987797516164
13.8941189923415
13.8937199192589
13.9627521070442
13.9492887630001
13.9378996612813
13.9646010054934
13.971060942218
14.0447249402874
14.0474561700978
14.056918684103
14.1761593345141
14.1637895297728
14.2435727132419
14.2565830789277
14.4074764877361
14.3966166715257
14.3762876127323
14.3690691050313
14.3556799069972
14.3562360784361
14.4165363539927
14.5338161484653
14.5514135324952
14.5455256364365
14.530638921116
14.5360770781891
14.5255843879172
14.525603579104
14.531181825287
14.5131731354581
14.5464921049015
14.5272263007802
14.5242759542085
14.5165408398822
14.5064671894578
14.5027300332019
14.5185127190795
14.5346888309176
14.5333486534618
14.5358173307559
14.5358884010349
14.5545815886733
14.5667564199799
14.5579831817908
14.5529124975304
14.5792704610624
14.5912292146886
14.679461700177
14.7365406935649
14.716375174303
14.7653888260919
14.7571588622848
14.7956495344947
14.7751301548166
14.8044996575523
14.8574273509638
14.851630202642
14.8744236832679
14.8540567048851
14.8348620664268
14.835822400176
14.81733257097
14.8772815924263
14.8596787647105
14.9059696214672
14.9133400303748
14.9040244687518
14.9177560609706
14.8972833403134
14.9321169252337
14.9164153929056
14.9051471863526
14.973261726423
14.9547030260638
14.945838100174
14.9346416302162
14.9732722737605
14.9782668618134
14.9789057134603
15.0515367976412
15.029990992762
15.0253102068839
15.0178465472728
15.0042619279555
15.0625249523476
15.0810965640776
15.1317368786859
15.132253831408
15.1353126837479
15.1200753565019
15.1129872770119
15.2287945110649
15.2890979247893
15.2716353528844
15.2871407329402
15.2795294497746
15.3307875698144
15.3490794985584
15.3332579176412
15.3525494940215
15.3399612736178
15.3195954634489
15.3189751595461
15.3380721284525
15.3326647818608
15.3492161219216
15.3279945765942
15.3162305675128
15.3076104317732
15.362822116086
15.5079127345898
15.4973091211886
15.5135141389414
15.5425398899797
15.6114848772876
15.6185041908279
15.632737357143
15.6431968544049
15.6288986346807
15.6222632145682
15.6045568690159
15.5989892411201
15.6223843292034
15.6091669285296
15.593044388682
15.6233002744729
15.6729087890411
15.6942784215941
15.6947271805263
15.7099959406327
15.7005532845157
15.7817010058943
15.9296705256278
15.9142845844189
15.9149047343656
15.9132792430524
15.9342874973428
15.9310587340792
15.9549177016092
15.9651180995694
15.965275056992
15.9493428887409
15.9319306516311
15.9169344838431
15.8952557259522
15.8868933174436
15.8939495217669
15.9143380234964
15.9166593642589
15.9493527619803
15.9281382774362
15.9280413562298
15.9402583907106
15.9221837262969
15.9030656946561
15.8880831343886
15.867572116361
15.8500545271036
15.8598652278416
15.8969464834453
15.8927103219278
15.937356149515
15.9799241631292
16.0971447127124
16.171962343252
16.1632818512291
16.1731304105377
16.1594273825278
16.197661187825
16.187335077966
16.2140941264979
16.2091123627494
16.1968418155837
16.1810664102582
16.3137331914146
16.3652679175778
16.3436755207936
16.3460518561882
16.3316998778506
16.335310984989
16.3574524570122
16.3451838126703
16.3752913439283
16.413159295036
16.4152738576711
16.4753688663221
16.4576268094588
16.447685171855
16.4739535312909
16.4655597123108
16.5865181699226
16.5815250642308
16.6405644808699
16.6205120711145
16.6411860007852
16.6257265522376
16.7039217042542
16.7548796060658
16.7807623519712
16.7605285922336
16.7464264802139
16.7260930315417
16.7052272507748
16.7013847293091
16.7025838442362
16.7859752598949
16.7896949760335
16.7758499173213
16.8255842382364
16.8072414748098
16.8436456522738
16.8307573365241
16.8253329007929
16.8075461751856
16.8253604750887
16.8204378295167
16.8307395711145
16.8292711756545
16.8151131194837
16.7961933522272
16.7924735893427
16.9231362945025
16.9164216163824
16.9112249468901
16.9079244003067
16.9175561688786
16.8985845825274
16.9195156043691
16.9076953898434
16.8889519155641
16.9115068996283
16.8915106981793
16.9080951979498
16.9766347182198
17.0164131424708
17.0361402494251
17.0375334008623
17.0372391134507
17.0255184523732
17.0179101238462
17.1581602653352
17.2070437948198
17.2193543324494
17.2020363015008
17.1850035047667
17.2394555722871
17.2201956409108
17.2241126026191
17.205692569588
17.238226446153
17.2282095820339
17.2093611558546
17.2056525869762
17.1886024896933
17.1828328338047
17.1814186918119
17.1743734523639
17.1525982712164
17.1616672713187
17.1770234115295
17.1719377960023
17.1684482885549
17.2430062743011
17.2258734414011
17.2127084732586
17.2078867810406
17.2550359654862
17.2389090203679
17.2188237394917
17.2064042925426
17.2265089266212
17.2726457344921
17.3168030959042
17.3704470849797
17.3802756310905
17.4052212968048
17.4068219452916
17.3889889095768
17.37669966646
17.5058669730157
17.532628666542
17.607699646549
17.6945503484867
17.6784818287877
17.7453892044166
17.7271130530118
17.7163326863842
17.7332178183994
17.7172128840119
17.7221118458903
17.7035539281074
17.7776409765025
17.7950038756506
17.7926048993207
17.7725106308199
17.7533689996492
17.7323008686523
17.7184051767295
17.7149953899057
17.6982507484712
17.6861156363873
17.704613625369
17.7209838002776
17.7061532346365
17.7728470347887
17.7684019727254
17.7665876031935
17.7702213179859
17.7934011813806
17.7756659137935
17.7576076668187
17.7428337054051
17.7553792770876
17.7332967544466
17.7260063908394
17.7245158495085
17.7259684868279
17.7506680747846
17.7471137730878
17.7318780475623
17.731072820429
17.7156696557255
17.7881889464729
17.7926941018583
17.7785067623349
17.7782530687278
17.7608397617463
17.7547276630153
17.7360797912181
17.714379593072
17.6954578653775
17.6755775182565
17.6709189889666
17.7055766562552
17.6937867123379
17.675325735789
17.6546148387915
17.6328217040392
17.6299377740304
17.626389672555
17.6669544017353
17.6557948221559
17.6343389461728
17.640719355079
17.6403195960821
17.6550021247666
17.644629259647
17.6658034858351
17.6598119375804
17.6402801632347
17.6332477661985
17.6180018495584
17.6018319232742
17.5922589345069
17.5888618864073
17.5785079684167
17.5567356767678
17.5802137503045
17.5793123175841
17.5707862593987
17.5593288050778
17.5431843795564
17.5377293411208
17.5238228026698
17.5032241289909
17.5248210411565
17.5309830351384
17.5264158972005
17.5155866871386
17.5081620125686
17.4996991090147
17.5143220286191
17.4954419942813
17.4999227685066
17.4903434704857
17.483068875921
17.463988496496
17.4473478085966
17.4302502014856
17.4200695936415
17.4193160184567
17.4258522757318
17.416264874084
17.4355238677242
17.4329881587161
17.4118174942959
17.4052557503828
17.3915820773335
17.37813393982
17.3670729036541
17.3559720487609
17.3615097575755
17.3525234593703
17.3319229408414
17.3197731516191
17.3094599905106
17.2946668456142
17.2753190024064
17.2564909637778
17.2383862289695
17.2224689727599
17.2158877579034
17.1957924965181
17.177005646769
17.1696286892305
17.1590403865584
17.1555787039704
17.163955606995
17.1431707474374
17.1393506291953
17.1380555906342
17.119718412769
17.1130653206373
17.0911403427176
17.0794386565347
17.0863479107201
17.083263811026
17.0791481017939
17.0686190787678
17.0525486921112
17.0563014252233
17.0384922386037
17.0377336827278
17.0192554169113
17.0272718493114
17.0139024134603
17.0207070335689
17.004269854785
16.9912534392744
16.9808222025765
16.9588086596385
16.9620749673525
16.9580993339193
16.9492434222532
16.9416670249903
16.9303775860162
16.9175135373543
16.8961436416275
16.8801340180105
16.8581339115067
16.8376262956823
16.8210395155271
16.802737136433
16.7872554927653
16.8042265432072
16.7868408671996
16.7882715712309
16.7731769585529
16.7513308895921
16.7296105301618
16.7203354991058
16.6994989919762
16.6777210429398
16.6645907814349
16.6476640384395
16.6348653133237
16.615889989067
16.6036358771365
16.5876606613044
16.5707913100176
16.5500447613868
16.5344372624377
16.51508459013
16.5038163725422
16.4959980649938
16.4768855716824
16.477654347789
16.4683605505819
16.4575066906131
16.454362684855
16.4362435367628
16.42958459381
16.4228734560245
16.4010309151736
16.3790078620241
16.3649850617888
16.3501695767013
16.3326121480773
16.3169188730851
16.298358437884
16.3049785164233
16.2867186291552
16.2654384492219
16.2573370564416
16.2398473767047
16.2205781054819
16.2204364437699
16.2037068851917
16.2117620051769
16.1899319180041
16.1696473089642
16.1502998670702
16.1312264226897
16.1124212869151
16.0921208430208
16.0769296107058
16.0592999586425
16.0386415229775
16.0165742115381
16.0098023964135
15.9893736355957
15.9692583778742
15.9530967984924
15.9419313271693
15.930277388987
15.9151379314356
15.8973734795549
15.8793272938626
15.8611485732928
15.8484441289401
15.8307956091618
15.8155834895694
15.795533034886
15.7808874828276
15.772312432374
15.7508858619055
15.7298775508068
15.7173423100553
15.697648148045
15.6781550273321
15.659634183331
15.6388859576935
15.6210869959197
15.6148810292294
15.5957077187575
15.5839078474423
15.5709993918214
15.5628040554736
15.5557552822707
15.5356404751286
15.5342430452918
15.5208028952541
15.5022051639833
15.4811448749115
15.4600575096624
15.4400182749429
15.4203837014272
15.4021397751651
15.391187946979
15.369525599556
15.3499191164629
15.3318826503531
15.3122494410818
15.295161208368
15.2736135184552
15.2612167929013
15.2428052262942
15.2316359085306
15.2100859908996
15.1897389492283
15.1725716110273
15.1554232389693
15.1363918073938
15.1212498103969
15.1041202716099
15.0833330849101
15.0630408789383
15.0429256349091
15.0245225938315
15.0062786987414
14.9851589923453
14.9701630137228
14.9484219729532
14.9280180567061
14.907772900593
14.8889896092449
14.8686985183944
14.8493295544884
14.8291134776479
14.8152245032039
14.7944711518769
14.7731388048417
14.7639525591092
14.7462658812684
14.7366205147808
14.7164133472276
14.6949111592891
14.6786779621928
14.6582117721974
14.6482373666836
14.6284367160861
14.6089178988207
14.5928751628586
14.573674403741
14.5525200652477
14.5320362969233
14.5103625868692
14.4903220590854
14.4695420756695
14.4522034893853
14.4304245059111
14.4108471558604
14.391094261254
14.3698205351715
14.3542668628635
14.3349367905991
14.316211911916
14.2942936894698
14.2724425784361
14.250654652877
14.2336399014873
14.2146512410375
14.1926352285234
14.1747903841837
14.1581571952532
14.1382422928531
14.1169531595937
14.0951415495839
14.0756080598774
14.0580658885532
14.044230438481
14.0229711536545
14.0016716515627
13.9814202201011
13.9607057937769
13.9398080575965
13.923003227195
13.9043436895427
13.8871951715683
13.8663200666118
13.8442229527448
13.8221392876117
13.8013981389857
13.7869631066331
13.7683617220659
13.7476090591316
13.7276155962365
13.7061297589391
13.6840865657204
13.662447017361
13.6425826518531
13.6205369478792
13.5991470448458
13.5771199854444
13.5556641110421
13.533871019594
13.5130701737698
13.4946433550646
13.4752472333378
13.454173739896
13.4337747939447
13.4122035942402
13.3904696343678
13.3699615975826
13.3479191964989
13.3272562655551
13.3070390956383
13.2864426282861
13.2647429370263
13.2428541178644
13.2217328638449
13.2000059619353
13.1786513398715
13.158540216648
13.1370332232256
13.1150448408537
13.0931730780756
13.0715339212413
13.0504697694485
13.0286237327123
13.0066799234466
12.9846610466127
12.9636435994505
12.9429194236839
12.9226986480685
12.9008491574089
12.880284882253
12.8583444668226
12.8366154289384
12.8149460925896
12.7929207806676
12.7716011384984
12.7501726070612
12.7282091144602
12.7064600920443
12.6845932803442
12.6627304078675
12.6406902764023
12.6190183677412
12.5970702686483
12.5759156788624
12.5550646349629
12.5332870505876
12.511763885749
12.4902540134083
12.4687046741793
12.4468806796757
12.4258836288563
12.4038795819576
12.3818098979588
12.3607653681988
12.3386803208054
12.3170575748771
12.2952039890103
12.2732753916003
12.2511724094177
12.2299229067301
12.207859798511
12.1860925267381
12.1640753804867
12.142436759341
12.1212856610186
12.0995159671773
12.0775221272283
12.0559192724607
12.0341793832459
12.0131617914908
11.9912101597184
11.9692229140171
11.9473903376907
11.9257999567305
11.9037965951934
11.8818183692795
11.8598011860175
11.8376934023675
11.8157118123449
11.7936326749005
11.7715298432883
11.749916297905
11.727885633919
11.7057878470156
11.6838748833506
11.6617711915131
11.6396918926107
11.6175935944448
11.5955059525171
11.5734066796892
11.5513182134714
11.5292187934036
11.5071283606452
11.4850321826783
11.4629244548553
11.4408226872693
11.4187173060859
11.396614561114
11.374507503436
11.3524019351444
11.3302946716086
11.3081868550541
11.2860790441965
11.2639711624203
11.2418632806441
11.2197553988679
11.1976475170916
11.1755396353154
11.1534317535392
11.131323871763
11.1092159899867
11.0871081082105
11.0650002264343
11.042892344658
11.0207844628818
10.9986765811056
10.9765686993294
10.9544608175531
10.9323529357769
10.9102450540007
10.8881371722244
10.8660292904482
10.843921408672
10.8218135268958
10.7997056451195
10.7775977633433
10.7554898815671
10.7333819997908
10.7112741180146
10.6891662362384
10.6670583544622
10.6449504726859
10.6228425909097
10.6007347091335
10.5786268273572
10.556518945581
10.5344110638048
10.5123031820286
10.4901953002523
10.4680874184761
10.4459795366999
10.4238716549237
10.4017637731474
10.3796558913712
10.357548009595
10.3354401278187
10.3133322460425
10.2912243642663
10.2691164824901
10.2470086007138
10.2249007189376
10.2027928371614
10.1806849553851
10.1585770736089
10.1364691918327
10.1143613100565
10.0922534282802
10.070145546504
10.0480376647278
10.0259297829515
10.0038219011753
9.98171401939909
9.95960613762286
9.93749825584663
9.9153903740704
9.89328249229418
9.87117461051795
9.84906672874172
9.82695884696549
9.80485096518926
9.78274308341304
9.76063520163681
9.73852731986058
9.71641943808435
9.69431155630812
9.6722036745319
9.65009579275566
9.62798791097944
9.60588002920321
9.58377214742698
9.56166426565075
9.53955638387453
9.5174485020983
9.49534062032207
9.47323273854584
9.45112485676961
9.42901697499339
9.40690909321716
9.38480121144093
9.3626933296647
9.34058544788847
9.31847756611225
9.29636968433601
9.27426180255979
9.25215392078356
9.23004603900733
9.2079381572311
9.18583027545487
9.16372239367865
9.14161451190242
9.11950663012619
9.09739874834996
9.07529086657373
9.05318298479751
9.03107510302128
9.00896722124505
8.98685933946882
8.9647514576926
8.94264357591636
8.92053569414014
8.89842781236391
8.87631993058768
8.85421204881145
8.83210416703522
8.809996285259
8.78788840348277
8.76578052170654
8.74367263993031
8.72156475815408
8.69945687637786
8.67734899460163
8.6552411128254
8.63313323104917
8.61102534927294
8.58891746749671
8.56680958572049
8.54470170394426
8.52259382216803
8.5004859403918
8.47837805861557
8.45627017683935
8.43416229506312
8.41205441328689
8.38994653151066
8.36783864973443
8.34573076795821
8.32362288618198
8.30151500440575
8.27940712262952
8.25729924085329
8.23519135907706
8.21308347730084
8.19097559552461
8.16886771374838
8.14675983197215
8.12465195019592
8.1025440684197
8.08043618664347
8.05832830486724
8.03622042309101
8.01411254131478
7.99200465953856
7.96989677776233
7.9477888959861
7.92568101420987
7.90357313243364
7.88146525065741
7.85935736888119
7.83724948710496
7.81514160532873
7.7930337235525
7.77092584177627
7.74881796000005
7.72671007822382
7.70460219644759
7.68249431467136
7.66038643289513
7.63827855111891
7.61617066934267
7.59406278756645
7.57195490579022
7.54984702401399
7.52773914223776
7.50563126046153
7.48352337868531
7.46141549690908
7.43930761513285
7.41719973335662
7.3950918515804
7.37298396980417
7.35087608802794
7.32876820625171
7.30666032447548
7.28455244269926
7.26244456092302
7.2403366791468
7.21822879737057
7.19612091559434
7.17401303381811
7.15190515204188
7.12979727026566
7.10768938848943
7.0855815067132
7.06347362493697
7.04136574316074
7.01925786138452
6.99714997960829
6.97504209783206
6.95293421605583
6.9308263342796
6.90871845250337
6.88661057072715
6.86450268895092
6.84239480717469
6.82028692539846
6.79817904362223
6.77607116184601
6.75396328006978
6.73185539829355
6.70974751651732
6.68763963474109
6.66553175296487
6.64342387118864
6.62131598941241
6.59920810763618
6.57710022585995
6.55499234408372
6.5328844623075
6.51077658053127
6.48866869875504
6.46656081697881
6.44445293520258
6.42234505342636
6.40023717165013
6.3781292898739
6.35602140809767
6.33391352632144
6.31180564454522
6.28969776276898
6.26758988099276
6.24548199921653
6.2233741174403
6.20126623566407
6.17915835388785
6.15705047211162
6.13494259033539
6.11283470855916
6.09072682678293
6.06861894500671
6.04651106323048
6.02440318145425
6.00229529967802
5.98018741790179
5.95807953612557
5.93597165434933
5.91386377257311
5.89175589079688
5.86964800902065
5.84754012724442
5.82543224546819
5.80332436369197
5.78121648191574
5.75910860013951
5.73700071836328
5.71489283658705
5.69278495481083
5.6706770730346
5.64856919125837
5.62646130948214
5.60435342770592
5.58224554592968
5.56013766415346
5.53802978237723
5.515921900601
5.49381401882477
5.47170613704854
5.44959825527232
5.42749037349609
5.40538249171986
5.38327460994363
5.3611667281674
5.33905884639118
5.31695096461495
5.29484308283872
5.27273520106249
5.25062731928626
5.22851943751003
5.20641155573381
5.18430367395758
5.16219579218135
5.14008791040512
5.11798002862889
5.09587214685267
5.07376426507644
5.05165638330021
5.02954850152398
5.00744061974775
4.98533273797153
4.96322485619529
4.94111697441907
4.91900909264284
4.89690121086661
4.87479332909038
4.85268544731416
4.83057756553793
4.8084696837617
4.78636180198547
4.76425392020924
4.74214603843302
4.72003815665679
4.69793027488056
4.67582239310433
4.6537145113281
4.63160662955188
4.60949874777564
4.58739086599942
4.56528298422319
4.54317510244696
4.52106722067073
4.4989593388945
4.47685145711828
4.45474357534205
4.43263569356582
4.41052781178959
4.38841993001337
4.36631204823714
4.34420416646091
4.32209628468468
4.29998840290845
4.27788052113223
4.25577263935599
4.23366475757977
4.21155687580354
4.18944899402731
4.16734111225108
4.14523323047485
4.12312534869863
4.1010174669224
4.07890958514617
4.05680170336994
4.03469382159371
4.01258593981749
3.99047805804126
3.96837017626503
3.9462622944888
3.92415441271258
3.90204653093634
3.87993864916012
3.85783076738389
3.83572288560766
3.81361500383143
3.7915071220552
3.76939924027898
3.74729135850275
3.72518347672652
3.70307559495029
3.68096771317406
3.65885983139784
3.63675194962161
3.61464406784538
3.59253618606915
3.57042830429292
3.54832042251669
3.52621254074047
3.50410465896424
3.48199677718801
3.45988889541178
3.43778101363555
3.41567313185933
3.3935652500831
3.37145736830687
3.34934948653064
3.32724160475441
3.30513372297819
3.28302584120195
3.26091795942573
3.2388100776495
3.21670219587327
3.19459431409704
3.17248643232082
3.15037855054459
3.12827066876836
3.10616278699213
3.0840549052159
3.06194702343968
3.03983914166345
3.01773125988722
2.99562337811099
2.97351549633476
2.95140761455854
2.9292997327823
2.90719185100608
2.88508396922985
2.86297608745362
2.84086820567739
2.81876032390116
2.79665244212494
2.77454456034871
2.75243667857248
2.73032879679625
2.70822091502002
2.6861130332438
2.66400515146757
2.64189726969134
2.61978938791511
2.59768150613889
2.57557362436265
2.55346574258643
2.5313578608102
2.50924997903397
2.48714209725774
2.46503421548151
2.44292633370529
2.42081845192906
2.39871057015283
2.3766026883766
2.35449480660037
2.33238692482415
2.31027904304792
2.28817116127169
2.26606327949546
2.24395539771924
2.221847515943
2.19973963416678
2.17763175239055
2.15552387061432
2.13341598883809
2.11130810706186
2.08920022528564
2.06709234350941
2.04498446173318
2.02287657995695
2.00076869818072
1.9786608164045
1.95655293462827
1.93444505285204
1.91233717107581
1.89022928929958
1.86812140752335
1.84601352574713
1.8239056439709
1.80179776219467
1.77968988041844
1.75758199864221
1.73547411686599
1.71336623508976
1.69125835331353
1.6691504715373
1.64704258976107
1.62493470798485
1.60282682620861
1.58071894443239
1.55861106265616
1.53650318087993
1.5143952991037
1.49228741732748
1.47017953555125
1.44807165377502
1.42596377199879
1.40385589022256
1.38174800844634
1.35964012667011
1.33753224489388
1.31542436311765
1.29331648134142
1.2712085995652
NaN
NaN
NaN
NaN
NaN
NaN
NaN
NaN
NaN
NaN
NaN
NaN
NaN
NaN
NaN
NaN
NaN
NaN
NaN
NaN
NaN
NaN
NaN
NaN
NaN
NaN
NaN
NaN
NaN
NaN
NaN
NaN
NaN
NaN
NaN
NaN
NaN
NaN
NaN
NaN
NaN
NaN
NaN
NaN
NaN
NaN
NaN
NaN
NaN
NaN
NaN
NaN
NaN
NaN
NaN
NaN
NaN
