0.0017650949877881
0.00190827481496058
0.0020273200929626
0.00209375127895724
0.00287878328278202
0.00308639575688455
0.00312909804203299
0.0037473603191311
0.00487345954435337
0.00550534452415749
0.00550715307449034
0.00581998142846187
0.00601652393834906
0.00614505314296225
0.00707575871938418
0.00752287323762304
0.00777000158744019
0.00785409594238793
0.00822627388702993
0.00831644725537591
0.0090713446101858
0.00930939187243556
0.00945102975137095
0.00955199243157617
0.00988357778449625
0.0100462950820068
0.0118415468735951
0.0118494292743562
0.0123281988220895
0.0126271577527609
0.0136124943136259
0.0145210935385742
0.0147013358480925
0.0151802348888044
0.0153514056003457
0.0167366236774808
0.0167555670812535
0.0169428836248796
0.0177070097444075
0.017780571627706
0.0195525756281365
0.0195627418055086
0.0200886554557244
0.0201122648184443
0.020346119047812
0.0210157872146237
0.0214119838536988
0.0215250557178304
0.022433148916269
0.0225831311273201
0.0227298500078917
0.0227730224419922
0.0230832938315218
0.0241753616015301
0.0243080965683848
0.0248572200365884
0.0252868357043281
0.0263054756100407
0.0266418413632902
0.0271267057703458
0.0287326319905404
0.0290105169635944
0.0302471469692761
0.0305533700318346
0.0305854815436497
0.0316248312963183
0.0322493175412266
0.0324825813119002
0.0324837392890872
0.0328974905896484
0.0340813447372674
0.0343620525835793
0.0351756492549714
0.0353992418283873
0.0357885434795681
0.0372017072593121
0.0372035523592587
0.037817913187497
0.0385368020435961
0.038629230951323
0.0392926487909118
0.0398501009357356
0.040379436937726
0.0405486377465905
0.0414066317407664
0.0419676166856751
0.0435831128662993
0.0436587531857508
0.044107922163178
0.0448998346183962
0.0453714559637929
0.0454663275071992
0.046014760079305
0.0462163483870433
0.0463768797950667
0.0466158990364885
0.0477378314400202
0.0478304077943394
0.047876296290184
0.048527599257628
0.0485825033394776
0.0485915559725349
0.0485942380523412
0.0487181363234034
0.048957277074776
0.0492433896313471
0.0493961156369305
0.049602567983129
0.0497634157380695
0.0498853973143429
0.0499560174716285
0.0502789991716042
0.050961603074707
0.0520050294181073
0.0524739534765678
0.0525780021871974
0.0525978051697598
0.0535172090758888
0.0539783551136701
0.0542917771426413
0.0542943061831099
0.0548707645648
0.0556218380184679
0.0557227137165146
0.0560390799665611
0.0565076655694824
0.0569261317697788
0.0572869488586229
0.0582031940124678
0.0589104204819187
0.0598613395113877
0.0600844332807172
0.060633773250824
0.0615858742017681
0.0616362465851928
0.0619580879442779
0.0620945773386474
0.062668320602612
0.0636400247821299
0.0640556455006533
0.0641283444263201
0.0645110318166161
0.0647314040707545
0.0670832606176495
0.0674280921759532
0.0674317146916265
0.0676462611693336
0.0692480143885782
0.0695660829599908
0.0703433769570833
0.0721524713969603
0.0721650816662396
0.0731538714948436
0.0733330200426655
0.0736072867361941
0.0736471404781988
0.0740413817084969
0.0754513850014172
0.0767060983469953
0.0768835982195252
0.0775393057662531
0.0787939466533188
0.0792236357080903
0.079428705323144
0.0809755170319611
0.0811373124520182
0.0816001756618553
0.0828627501873526
0.0830617346417094
0.0836628047763276
0.0837190357940949
0.0837990143039882
0.0838178762662694
0.0839464428518403
0.0853836748841361
0.0853933271631433
0.08540588778333
0.0857684611440072
0.0860153957247621
0.0860493962817044
0.0861347485834431
0.0866115434586823
0.0866327388612765
0.0867086379507473
0.0873752845662418
0.0873798539557658
0.0878078124232106
0.0884274262040831
0.088574360413832
0.0887092647612755
0.0888932449123296
0.0889802273507704
0.0890201325511518
0.0900952787478344
0.0909095593984028
0.0912025654989556
0.0926163814014523
0.09275646221126
0.0938032319687986
0.0941908004477985
0.0943851478826429
0.0948805986905867
0.0949326080328863
0.0949376819106109
0.0951687168712983
0.0959639898644424
0.0973045441378935
0.0991642209622658
0.099303542161434
0.0993329766885832
0.100051673793311
0.1007345194817
0.101430836304901
0.102430297438871
0.103685641017047
0.104707080960986
0.104790546108683
0.104985070522815
0.105185735678774
0.105728105293657
0.106037714438102
0.107316485649971
0.107380287194142
0.107655774838528
0.107960450999073
0.10806498321004
0.108163840123736
0.109969637299142
0.110004210253865
0.11089354266452
0.111279572739796
0.111430249068842
0.112109215360061
0.11228139390796
0.112328660544492
0.113715391613137
0.114240463115141
0.115165590497955
0.11559796730161
0.11637492477896
0.117258314495914
0.117471145013479
0.118768872092481
0.11895163069181
0.119442030740137
0.119852388112574
0.119939073639147
0.120390582598588
0.12087552823868
0.121007570773962
0.121092751762321
0.121656086639745
0.123229735794202
0.12326573619352
0.124230936933768
0.1246312391344
0.124777131189004
0.127207820096897
0.127734939733274
0.127862627728279
0.128378577403544
0.128484745256672
0.130389768942443
0.130451683092837
0.130891683470188
0.130941555458959
0.131727093465579
0.13255725927835
0.133020234857088
0.13333437504347
0.133373971080334
0.133889850744205
0.135013006104127
0.136877996756273
0.137126137203427
0.13745737884119
0.13797413615067
0.140021973362334
0.14038520086745
0.140967993748102
0.141715629381008
0.141762208485199
0.142975511571204
0.145150003292171
0.145322729433177
0.145758170848127
0.146642261592616
0.147662089017884
0.147956576612593
0.148081288300828
0.148242320800831
0.148359042657406
0.148362878561656
0.148461038872174
0.148638133500221
0.148976277501605
0.149120615490621
0.149710280697032
0.150636898196199
0.150808365608062
0.151236768012268
0.151350103606892
0.151917134412104
0.152009002941187
0.152758841559511
0.152783845552417
0.152929943560196
0.153000452430387
0.154391417713592
0.154648311645018
0.154980644179169
0.155180380098729
0.155190419554898
0.155902077456443
0.15614446906748
0.156342380138572
0.157298417452387
0.158236268810075
0.158628917414703
0.158801629754717
0.159576803848785
0.159873620930853
0.159982056431976
0.160185666667804
0.160347309713345
0.16045315218211
0.162274134565688
0.163063269004015
0.164780896715983
0.165629541952913
0.165646879394231
0.165653255562743
0.166040147965332
0.166226326453222
0.16662959038317
0.166812775064466
0.166884721316895
0.168386661041261
0.168802125265239
0.169576584201051
0.169780868004448
0.170116312185028
0.170807798509916
0.171389820713657
0.171488031295697
0.171770646458088
0.172169424342697
0.172322817878976
0.173307761588241
0.175097784658077
0.175126199355125
0.175217629303157
0.176329585157619
0.178077183767435
0.17810594203177
0.178687794995511
0.17869351850596
0.178756673448379
0.178826068055399
0.178995504066287
0.179668854650006
0.17979445735558
0.180369011512038
0.181048289496769
0.181827238110165
0.183204938518378
0.183627006605729
0.183660961591367
0.183759167488953
0.184204930835811
0.18433643073336
0.184768490476853
0.185522233574652
0.185855964345959
0.186808318107956
0.187519961634914
0.18770283459464
0.187753544444975
0.188204787088875
0.188278983926505
0.188368465668082
0.188393350208149
0.188989393662335
0.189133222836215
0.190568803900559
0.190866673716322
0.190909068825908
0.191262709186373
0.191482614714531
0.191874551875915
0.19324817452064
0.194256153408493
0.194524646431748
0.194543712978208
0.194594491332216
0.195596293113318
0.195608939675375
0.195664604584596
0.196583087069672
0.197632480807078
0.197748457862785
0.19841821001081
0.1984626057624
0.198515411869661
0.198857937320042
0.198891558383489
0.199294204409996
0.199305944718492
0.199539920007541
0.200047930092536
0.200055593758567
0.200462404154082
0.200549250773391
0.200696919488724
0.200873324766439
0.200908181935767
0.202439267259493
0.202835601503665
0.20369349034878
0.203736851696778
0.204565426848438
0.204657728039063
0.204894062593144
0.20504301595399
0.20624318405052
0.206545761071232
0.206709113901858
0.206842354327389
0.207104329253065
0.207303505701517
0.207570287261514
0.209335044788444
0.209766926400999
0.210408353406523
0.210473536152581
0.21159353820338
0.212740226489594
0.213485792866785
0.213518416987322
0.214073989364812
0.214646838880787
0.214902709411542
0.214943663912144
0.215504705486737
0.216079654847956
0.216103974691281
0.21615170013877
0.216297031577532
0.216537905556723
0.216722963950265
0.217031978625347
0.21764465838308
0.217838195182277
0.218742508012536
0.218862866737042
0.218881393213887
0.218937525920239
0.219418342836903
0.22034108950543
0.221032289612996
0.221193035909676
0.222163785867277
0.222240915360244
0.222645821682587
0.22269580663875
0.22360350863927
0.224891760476128
0.225592378121606
0.226602910875175
0.226743962081673
0.226946093207169
0.227288732967626
0.227403364164764
0.227513372364737
0.227545819230682
0.227614890703752
0.228039754490959
0.228570348586904
0.228837053357356
0.229012886027989
0.229392126326147
0.230482080530274
0.230640178692733
0.230919501786615
0.23136232630694
0.23158991960601
0.232114803905916
0.233368688151355
0.23532500473532
0.235342807283575
0.235370536381716
0.235748214728286
0.236363955797275
0.236667769710306
0.237142527851713
0.238689495929554
0.23973511920253
0.240295680950895
0.240389509908419
0.242456281965172
0.242703446027236
0.243245280992198
0.243444183584556
0.244133631059739
0.244536998402242
0.245370351175586
0.245448568169234
0.245991780567441
0.246408391531203
0.246437326158002
0.246775434629342
0.247377492270767
0.247863301208653
0.247916207053287
0.248259256489517
0.249418049941356
0.249800121012852
0.249975760858904
0.250037922804057
0.250462782152141
0.250619054666904
0.250708279461624
0.250773950176012
0.251043085982923
0.25109686799041
0.251988542719637
0.252702845951055
0.253541532149051
0.253737703239435
0.253773729327873
0.254183791534078
0.254932238726605
0.255565099308846
0.255571390097026
0.25584664266933
0.256063318457737
0.256091831061759
0.25714560524611
0.257454012263195
0.258095605576126
0.258168248413826
0.258529561954933
0.258555810452497
0.259631444538984
0.259652539412723
0.259959600520824
0.260025301029546
0.260941013750308
0.261253646953748
0.262172272181507
0.262279496826036
0.263163988101897
0.263234186899688
0.264994304084465
0.265392334830629
0.265610714674582
0.265679019525439
0.265766676096151
0.266285602871174
0.266459109150861
0.266994341532008
0.267237978557521
0.267653050163391
0.269371173793177
0.269894829933461
0.271009529358279
0.271030170728142
0.272062099546745
0.272450356214232
0.274357038202489
0.274600300831117
0.275547181864331
0.275599238543132
0.276749025743391
0.276921687051317
0.279257296148887
0.279942542161577
0.281576920085262
0.282095829292618
0.283316132425742
0.284180700348531
0.285784415154325
0.285909704571326
0.286771856870196
0.287200181715829
0.287503928007806
0.287552862324098
0.288504268205987
0.28922946320666
0.28983651490652
0.290307199054555
0.29288465378309
0.292992963857397
0.293717811608129
0.294619423904996
0.295139507780598
0.2951804668404
0.295196670529889
0.295405345312729
0.295919201107992
0.296339508511549
0.29644063613843
0.296475979381368
0.296687802574151
0.297748220827683
0.297801183300793
0.298490922425214
0.298998575071194
0.299953298152122
0.300195415527752
0.300392859462735
0.302502612619981
0.303170514319385
0.303289562468225
0.304548519991951
0.306696146886059
0.307960968347125
0.308153595867905
0.308468132741869
0.308482840734431
0.308718778766001
0.310293114533375
0.310549995333532
0.310685054375603
0.310918989471915
0.312099289337743
0.31225949407517
0.312649922056465
0.313261837292762
0.31569253520663
0.316471303267696
0.316780210794115
0.316793513425581
0.316973880892953
0.317594946667663
0.317653806037434
0.317971537284569
0.318019641892913
0.318422529655839
0.318773245890431
0.31891805295298
0.318935402684124
0.320638133637025
0.321129217802145
0.321513828145255
0.322501017603519
0.322701135017602
0.323116696416889
0.323470557709442
0.324914153554869
0.324959483921432
0.324963841995176
0.325519538804073
0.325796902330859
0.326960535390802
0.327429500180186
0.329040177596711
0.329072971110747
0.330994908866671
0.331405195070433
0.333351963015636
0.333399172575023
0.333751208169068
0.333837247971054
0.334143339465996
0.334842245318997
0.334911949460845
0.33501810653382
0.336663745724021
0.337244418399498
0.337852034835637
0.338231503505968
0.338692390094401
0.338804158919237
0.339094600497234
0.340416200479648
0.340671014961915
0.34070049921583
0.341195424561119
0.3416659512482
0.342326544499417
0.342376721825476
0.34273258457331
0.343450609567002
0.345075877254987
0.345510501001725
0.345553510985223
0.345753746757433
0.346349434775283
0.34637102184317
0.346426444591535
0.347507919224898
0.348208477480759
0.348981547773079
0.349156502985354
0.349266695550186
0.349351945633844
0.349991120915716
0.350002682752698
0.350279896288233
0.350748497801848
0.350774920089702
0.350927904986476
0.351199737835417
0.351463705398701
0.35153605945369
0.351655054788531
0.353098115109661
0.353124339941295
0.353528080411915
0.354027964131598
0.356084812029061
0.358012453167393
0.358114749613448
0.35847348564623
0.358717139285854
0.358794167924265
0.359275970825658
0.35975912902683
0.360128686219599
0.360147017111843
0.360204472927091
0.360678033772025
0.361419543249641
0.362187301844973
0.362753556243285
0.362801075246086
0.362886467174312
0.36347422356364
0.364032184646722
0.364037361680623
0.364333345834327
0.364843226490606
0.365794467186097
0.366226446852423
0.366864280131623
0.36725556573828
0.36735481911792
0.368165666661807
0.368312215423029
0.368347283442532
0.36839923789264
0.369591259283396
0.370576735937877
0.370991686097519
0.371304089300623
0.371414358549545
0.371601376081981
0.371828302829057
0.371970436991319
0.372515541426643
0.372670140938098
0.373101859289274
0.373502472219114
0.373517349527725
0.373680855496508
0.374908198810637
0.375663721824436
0.37592292556161
0.376092358576304
0.376217933845148
0.376235937624623
0.376392216419755
0.376658382939669
0.377307746267548
0.377358187983268
0.377888429492966
0.378005518175716
0.378218371689102
0.379001793344664
0.379508853148934
0.380434254862367
0.380864425922759
0.380898431415988
0.381281805820512
0.381422270503752
0.381552946351438
0.38157181278731
0.38166029635316
0.382321089432627
0.382334725074514
0.382373813129723
0.382478159720171
0.383367018067244
0.385019236317956
0.385348009908928
0.385690798662094
0.385849806212302
0.386297521341426
0.386695956721124
0.387304895562049
0.388470797224648
0.388708099857227
0.388956616189798
0.389343411845384
0.390233640675303
0.390306421522133
0.390616999893933
0.390996354330148
0.391113592734634
0.391135471369081
0.391369052896239
0.391630149618688
0.391890197473339
0.392677035149588
0.393134967902267
0.39395918589008
0.394769354386081
0.394947080049962
0.395018556940782
0.395119685820443
0.397138758991714
0.397188268911119
0.397516838919611
0.397777129839002
0.398076432538983
0.398076900670007
0.398212034342158
0.398528610451034
0.398600147658123
0.398822109132563
0.39933082373647
0.399761784030802
0.399784496832191
0.400252187223251
0.400725405231809
0.401147899942953
0.401344918931866
0.401509150893093
0.402904533640144
0.403120242500671
0.403437068948949
0.403502058606662
0.403528730819773
0.404477719604389
0.405168096161046
0.405172856443123
0.405520922080135
0.406357668795862
0.406836290041567
0.407542918853305
0.407569111560985
0.40768682926391
0.40792649894734
0.408629739448201
0.408659421459109
0.408753524156196
0.408811978745486
0.408981410859546
0.409908194349953
0.409990693416117
0.410135064132987
0.410148224118857
0.41049963315119
0.410607835606021
0.410720300283073
0.411805144454037
0.411991661473205
0.412136413111134
0.41277830925069
0.412891335543445
0.413802549221342
0.414394937925704
0.414914279134982
0.415097268774232
0.415206689633487
0.415756651663883
0.415910096331128
0.415995335283302
0.416541896620596
0.416734498975893
0.417271472411137
0.417327994528141
0.417747740912709
0.418133865634807
0.418500239786587
0.419296819345738
0.419458472330375
0.41960263031266
0.41965902407919
0.420357489465018
0.420657930009593
0.420814696273679
0.42097248918612
0.42230958427736
0.422891820594907
0.424089977672559
0.424977041409714
0.426213471360449
0.426623202603176
0.426783844805619
0.426896690448072
0.427459562814635
0.428067983427087
0.42811680658666
0.428132828872381
0.428548838421832
0.428739739235569
0.429027101968949
0.429352629239734
0.429636166457944
0.430563053834808
0.43116857179572
0.431179946069787
0.43204465776034
0.432584251921401
0.433697891299278
0.434014635271596
0.434355140387174
0.434396425936605
0.434586176681316
0.4348105637391
0.434893583476746
0.435106908123949
0.436214305690287
0.436463684310741
0.43735122433145
0.437840773201072
0.438625287994651
0.439217604424574
0.440085822083216
0.440176798613124
0.440491552034586
0.440571134689043
0.441311070999545
0.441668546984712
0.442137484787483
0.442388126067286
0.442752200162517
0.444813864210476
0.445198208396617
0.44548545629438
0.446215872245684
0.446966023226603
0.44811005183818
0.448338193095108
0.448457856256184
0.448678580112141
0.449284538135785
0.449488283186853
0.451194912320587
0.451248401291371
0.451988074895856
0.45252242405809
0.453420882303542
0.453717127973359
0.45388267758207
0.454334963725894
0.455139199605801
0.456349572305969
0.456908189926858
0.45710458177211
0.457233016189334
0.45727567592175
0.457518879023962
0.457686369964892
0.457825058805487
0.457970514861749
0.45855904434736
0.458720894879245
0.458906646804647
0.459975172851576
0.460304117211018
0.460495473395256
0.460525939911804
0.460593807064639
0.461594776679977
0.462460983183276
0.462950753345061
0.464009241917986
0.464159072373452
0.464571626164394
0.464961915639306
0.465009595743764
0.465396592226295
0.466295940559347
0.466402877937815
0.466936791293086
0.467076900293464
0.467560571691483
0.468595843433358
0.468870789550837
0.46914717560974
0.469306107689435
0.469817590555375
0.470102863300259
0.470576554310357
0.471821160127971
0.472621735310371
0.472929026900543
0.473137478453051
0.474598896689327
0.474748185275328
0.475225428372821
0.475848929724326
0.477057171419868
0.477124696896411
0.478876667034508
0.479262090833959
0.47926502317913
0.479839594685254
0.481043094158264
0.481491976026232
0.481581433864374
0.481711648223631
0.481773551462048
0.483092426128949
0.485563117246553
0.486034944459694
0.486605945032871
0.487438563472624
0.487949747214183
0.488831848065536
0.489423877626631
0.491583383302719
0.49189583889175
0.492375378111638
0.492497268549249
0.494131607646852
0.49416993991723
0.494170763911239
0.495009724220914
0.495025881131173
0.495212074017909
0.496799048240952
0.497511476095495
0.499186213927223
0.499402979138474
0.499729911906858
0.500511733785054
0.500669895157577
0.501318740261175
0.501979199107235
0.502089732856514
0.502393151643405
0.50240625856067
0.502419889072396
0.5030099877435
0.504701118385688
0.505025096039669
0.50517549137466
0.505531488044686
0.505676810660093
0.505951708605095
0.507487780906637
0.507682849307304
0.50809779717979
0.509249182242001
0.509523399264205
0.509705517084134
0.510809218651413
0.51084251310211
0.511579165330604
0.511590743393114
0.5129654270508
0.513294514487749
0.513959327625992
0.514975551275746
0.51573624277183
0.51596048892334
0.516179148025287
0.516642559520847
0.517785104076426
0.517870683450778
0.518575463574025
0.518686911949573
0.519315054494956
0.519671473305827
0.519867538590922
0.520076249914202
0.52066880134885
0.520847161617336
0.52090948903004
0.521202056650595
0.521512842222946
0.522031311554759
0.52213380679509
0.523020026805286
0.524198166897421
0.524659214034349
0.524841283138848
0.525546215998774
0.526428556879579
0.526828225668527
0.527432620490075
0.527923154113691
0.528383257215218
0.528598824687355
0.530416573915929
0.530467562972397
0.53088337564862
0.531122417745025
0.531622982544883
0.531639063983511
0.532387447879913
0.532926122837965
0.533670090279379
0.534242317385819
0.535245773716748
0.53638460754109
0.536495690870468
0.537575230548057
0.538023698272222
0.53835032959843
0.538787461511041
0.539099690816325
0.539477829002846
0.539783067279657
0.54004982216535
0.540851470488532
0.541995237130068
0.54265204767593
0.542702396105574
0.543484135994024
0.544375653028635
0.544610675562779
0.545263738449261
0.545629901726876
0.54579393463759
0.545936925223739
0.546106865172366
0.546451154265714
0.546680147787893
0.547814727359108
0.548083251891244
0.54825214045171
0.54901169597252
0.549416604991415
0.549539103327125
0.549927443626163
0.550143381288085
0.551064797578314
0.552805267918137
0.554015360824145
0.554354818708495
0.555456701361577
0.55551577984679
0.555818176278706
0.556979436730767
0.557116511783892
0.557176455455455
0.557665383405316
0.557801711371355
0.558037081953463
0.558159519492723
0.558513052904731
0.558955372333094
0.559222649514309
0.559882872241371
0.55993695277451
0.560032023662332
0.561297625497802
0.561356043899163
0.561721588292159
0.561830523493561
0.563208314754505
0.563950315080802
0.563976026344467
0.56430816052483
0.564753094374668
0.565092095026952
0.565303976743451
0.565350660250715
0.565405366935273
0.565868937267121
0.566437688453567
0.567633016255638
0.567781293083878
0.56782410590612
0.5683827922185
0.570118465263273
0.57056413540068
0.570826300845164
0.571998612967203
0.572186435763219
0.572270003307889
0.573241782849493
0.573493852867319
0.574437047727546
0.574544445404522
0.57497289840221
0.575694174930297
0.576118583310509
0.576679527469454
0.577349598066347
0.578009913346
0.578153651031202
0.579046881923533
0.579465808056617
0.579666689588671
0.579734254715118
0.579738268117533
0.579769107538141
0.581948292032659
0.582345555417561
0.582565772571934
0.582630824650212
0.582715962669326
0.583441832442889
0.584252320005233
0.585513887363152
0.585588211790288
0.586377952586976
0.586537460832864
0.58744453285498
0.587619323473881
0.588383823972632
0.589695585278827
0.590046637280492
0.590220765968529
0.590249372470532
0.591930442646652
0.592849898813337
0.593517580492341
0.593827075927406
0.593948840998944
0.594881890465017
0.595649670878238
0.595730190117991
0.596252410739418
0.59645575253311
0.596468354860591
0.59737482893619
0.598159446978523
0.598301007981655
0.598605815212754
0.599668446843524
0.600126841014952
0.600418116192724
0.603244122994956
0.603759862789884
0.603840170275093
0.604163049777002
0.605335574610232
0.605466280369856
0.60622927377923
0.606285583212175
0.608718989849436
0.608895832289365
0.609705040875971
0.609818145545165
0.611464083973829
0.612571126455137
0.612717824461362
0.613006216442239
0.61352339898481
0.613612105740283
0.615921573572929
0.617364729260532
0.617808605229997
0.618830435528862
0.619552808648429
0.619630709266493
0.621215967026849
0.621312971933705
0.621387640522681
0.621658344441785
0.621975279054582
0.622223254495812
0.622274405571826
0.622597775496986
0.62366814732544
0.623670771501533
0.623819210088495
0.624566227910139
0.624902306477822
0.625340252986794
0.626309947650075
0.626777111329357
0.62744747069123
0.628343998935396
0.628728279291468
0.629082140276538
0.629106625750164
0.629232852600008
0.629454497207804
0.63078207172764
0.63118446139507
0.631956663183663
0.632617018671571
0.633197981555692
0.634326316880441
0.634389905891661
0.634474578870816
0.635445828673866
0.635541875221758
0.635901957014952
0.638131337477439
0.639747605382675
0.640018954242048
0.641046415654136
0.641177970966208
0.641497975924155
0.641870609052868
0.641944858856663
0.642086356586392
0.642636916506899
0.642688849589588
0.642908221704951
0.643383975561794
0.643809019345136
0.643898506238485
0.644184733811566
0.644406975447653
0.644428249836912
0.644659083115574
0.644695415324813
0.644975704861654
0.645552465282562
0.645712799296523
0.645826519875446
0.646442898431025
0.646623790320043
0.646928139641494
0.647082730224944
0.647195892669017
0.647366013902938
0.647721399750428
0.647856232374411
0.648160836109725
0.648211085926555
0.648906517083978
0.649516876470705
0.649808826670659
0.650235978409508
0.650311944198108
0.65057459591252
0.650858843744926
0.650988372998902
0.651125800252885
0.651529065017585
0.652252975720293
0.652391299212393
0.652487067585954
0.653008797951005
0.654528036588747
0.654543710181054
0.654943643970079
0.655328154954171
0.655423434126669
0.655857072414187
0.65613034189379
0.656184797031119
0.656275826260985
0.656295533301343
0.656551648068867
0.657605684043619
0.660031957129655
0.660992541086189
0.661524069140483
0.664557170844147
0.664650190664769
0.665022981840787
0.665039649782909
0.665236884756514
0.666522538197747
0.666788811588248
0.667367481281316
0.667938338500141
0.668209938661437
0.668292991490399
0.668338291419853
0.66887139648822
0.669011285706061
0.669048182116676
0.669063818704152
0.670063833073352
0.671085681579452
0.671560804224824
0.671618107600406
0.67258247775771
0.673321514506705
0.673436743593939
0.673517495979521
0.674565176561526
0.675013568535093
0.675708080969562
0.675826387094914
0.676133952296543
0.67697233867852
0.677136411269702
0.677591233441436
0.67759593827061
0.677600500480839
0.677721129448033
0.677868862251568
0.677946952256042
0.678085202570852
0.678780346567016
0.679246164368759
0.679399110432098
0.680828478078218
0.680886291278587
0.681051927563607
0.682460915750935
0.682567012129039
0.682959932582139
0.683419840397799
0.683469522208322
0.683799413672211
0.683852333537476
0.684352709733886
0.684597574263274
0.684900644370127
0.687112613322
0.687162073496775
0.687580050339628
0.688478834518726
0.688538648673125
0.688546190311565
0.688801502853881
0.688954775803566
0.689018539028078
0.689475890433957
0.689634831741177
0.689643554941067
0.690233677915498
0.690758999670433
0.691073843084176
0.691330366925836
0.691387859977412
0.691902531487696
0.691937134790193
0.692661887669729
0.692706624084976
0.693275880672895
0.693999623069959
0.694068816586528
0.694077944617607
0.694509943781163
0.695458560602157
0.695693185732819
0.696275203356385
0.696639032114776
0.696941243476265
0.697094518495993
0.697211572814736
0.697357936729939
0.699274779571247
0.69949398750509
0.699842524053797
0.700110602714826
0.700256369304872
0.700663471401809
0.700735687473759
0.700923760954961
0.701482825872641
0.701831194851986
0.701929060715891
0.702352912313292
0.702818672701125
0.703281470293545
0.703508783113309
0.704636948007481
0.704768688033867
0.705064973746185
0.705080420086501
0.705261598824072
0.70546169993761
0.705870160177821
0.706032064631775
0.70625833835306
0.707196845211736
0.708656161332928
0.708858217788942
0.709506462125024
0.710096654085315
0.71022287991566
0.710321332227478
0.710619679220132
0.710688569174171
0.710798654971815
0.710850252015374
0.711103272906763
0.711423737623802
0.712185025183744
0.712590655694737
0.712882963505503
0.713305730951338
0.713498777801859
0.714308300063981
0.714525057900272
0.715211178853011
0.716520247040968
0.717196460686377
0.717436369050743
0.71757275410815
0.717606966834436
0.717855137595385
0.717982355352399
0.718301633160576
0.718798812617917
0.71902114104374
0.719427259460237
0.719465918196104
0.719578992045768
0.720677713348235
0.722585233807697
0.722704615536871
0.722882255593886
0.72327392856323
0.723403125758259
0.723632478020191
0.723662336621243
0.723792908770916
0.724326255628063
0.72433825566742
0.725505084266481
0.725521469685951
0.726218183726837
0.726528619676591
0.726719592838698
0.730147201872372
0.730238090539797
0.730246643532687
0.731877261950827
0.732032695992277
0.732251517655094
0.732284205581875
0.732318840863373
0.732502919384524
0.732663084550469
0.73268196952707
0.735447854412345
0.736619476852282
0.736638198788189
0.736953554553631
0.737080308220131
0.738490711748208
0.738796019300093
0.738944170745223
0.739096778405316
0.739226064900568
0.739353446253584
0.739362311447527
0.740862982231334
0.741706551201468
0.74175731293157
0.74299910442535
0.743045867439983
0.743142512636188
0.744702274425129
0.744886050670073
0.746023435779017
0.746193793642173
0.746955604999865
0.74715856190029
0.747263926414169
0.74770982402744
0.74785901356413
0.748585326497732
0.748596778920109
0.752114708521824
0.752748037622601
0.752855728514398
0.753207602749482
0.754607910217529
0.754658721957691
0.754693847534828
0.755280063291279
0.7555841636181
0.75719235356573
0.758157620687206
0.759329204118604
0.759362394453762
0.760664347997856
0.761025972085109
0.761611627921656
0.761908995171393
0.762071845815765
0.762216841768492
0.762876997210147
0.763325212301776
0.763591738553239
0.7638488451601
0.764989032817593
0.765111926447641
0.765121709770754
0.765813851278937
0.765826131043839
0.766043129229271
0.767983417370895
0.7684587898646
0.768636416913802
0.770106718030681
0.77018727061099
0.770876387049104
0.770964735110127
0.771241058212302
0.771393808891808
0.77254361503004
0.773286339377291
0.77397608633803
0.7751023467307
0.775217404610097
0.775614923208653
0.776313273379107
0.776757283806549
0.777244054181258
0.777595865149934
0.777820491783784
0.780077003130926
0.780292395491403
0.780716523752625
0.783672469907001
0.784668604550734
0.785721798654837
0.787273245558116
0.787631905993055
0.787835340986217
0.78790094006442
0.788269581165047
0.789745215844876
0.789764967499265
0.790350096435673
0.790692156859936
0.791291218321565
0.79141274461589
0.791423912133113
0.792131720061774
0.793386766071101
0.793413834122871
0.794589757158668
0.794708887612633
0.797054680454871
0.797252622468877
0.797383994367291
0.79814637333119
0.798477551244951
0.798542837021507
0.800093662124909
0.800307058943787
0.801075229358233
0.801675381806393
0.801693987439464
0.802352846985884
0.804543495988338
0.804757466255146
0.804935648970641
0.809335361637915
0.810162359985502
0.811282016338782
0.811970758957198
0.812662346442999
0.81282271792327
0.812905400558689
0.813403422552653
0.81426205188748
0.814465827953862
0.814506655638772
0.815188563155664
0.816282221358227
0.817876089492337
0.818011094618329
0.818913020435908
0.821883233162695
0.821940017375618
0.822608914431968
0.822928263870584
0.823025685504325
0.824017109843628
0.824076755938357
0.824564386258528
0.824817984510598
0.825072453962872
0.825501025002666
0.827261106125637
0.827267680499178
0.8279418368202
0.828134632696338
0.828287917405604
0.829164665145624
0.829268000280835
0.829548067720311
0.829908444191128
0.8299380384828
0.830173981192828
0.830272999121916
0.830611363932403
0.831076796819532
0.831887606616799
0.832292228132981
0.832652087106672
0.832802529213954
0.833969592751678
0.835326551049506
0.835437486755168
0.835566721892468
0.836439941431235
0.837063900704174
0.838203326495173
0.83833809244193
0.83906214513445
0.839811278569268
0.84024237637194
0.841564149111879
0.842235711096471
0.843098110821884
0.843246368081001
0.844012119252602
0.84412005859415
0.844256925392765
0.84494038227186
0.846248654063751
0.84695918411409
0.847362791079061
0.847543756413977
0.847820695491974
0.848203022053492
0.84873083082754
0.849005572455687
0.850750837137041
0.851483225413445
0.851541609619616
0.851765774948515
0.852517879045295
0.852762775673961
0.852779447947942
0.852844249833971
0.855179793340693
0.856630582488737
0.858207572584955
0.858237460933011
0.858251042140874
0.858611568066922
0.858759586015284
0.859240425425846
0.859442485204275
0.859546484620421
0.859866377629997
0.859949766110783
0.859952313843521
0.860282483318985
0.860305793951005
0.860387452511372
0.860676510001394
0.861237075930168
0.861453668626598
0.861918534578169
0.862153451836353
0.86292398684131
0.863128817270619
0.863192894464404
0.863773513369963
0.863885728162432
0.864216774137477
0.86463629442969
0.865106138283141
0.865265140833208
0.865357625246693
0.865901162346133
0.865956866590605
0.866288542128355
0.866351681645117
0.866402246302857
0.866593108077076
0.866818331134839
0.866925593706253
0.866989441415389
0.867041199955509
0.867073986119469
0.867165309248109
0.867167507374301
0.867169175291664
0.867786669425271
0.868144309863007
0.868208483627376
0.868318062136778
0.868873003743632
0.869081043052366
0.869122266645421
0.869444868866339
0.869613145797475
0.869678920756006
0.869692066676999
0.870457649842353
0.870549220725384
0.870664824232139
0.870884484057874
0.87097395217462
0.870982282494789
0.871062733385251
0.871337382747834
0.871671684059074
0.872486110182424
0.872676381902557
0.873139742818403
0.873276202191209
0.873560821885422
0.874483727670002
0.874505477876875
0.874589043103613
0.875031360877265
0.875300638273394
0.876224156124136
0.876406271348337
0.876777680597467
0.87701515141168
0.877148968341533
0.877407652059312
0.878344265007479
0.878520178674224
0.878524040135988
0.878894859463146
0.878968417373128
0.879127054824761
0.879242567904959
0.879322936307172
0.879496301600741
0.879818903170666
0.880496201930705
0.881046484202817
0.881264089587991
0.8813116921738
0.88138402707266
0.881860900142131
0.882046832239616
0.882052953921475
0.882262154838287
0.882403399544139
0.882665037762652
0.88272272986457
0.88367478837838
0.883771007709556
0.883827597569782
0.884928266159746
0.885123210435679
0.885169763764585
0.88594498211514
0.886672666090713
0.886815058050938
0.886847997807642
0.887048861747714
0.887360640117197
0.888057380888245
0.888444355003169
0.888720991313503
0.889975592118012
0.890355079016989
0.890424812769586
0.890854771533748
0.891318417393389
0.891588727431691
0.89321568389778
0.893740608428526
0.893769008065228
0.893774672964278
0.894148414889412
0.894901996745022
0.895012680785814
0.89532108710508
0.895455100400204
0.895497176340278
0.896175604847354
0.896184539450313
0.896526654498756
0.896611848195508
0.89682194974249
0.897094835995565
0.897990518668114
0.898638845536473
0.898848617997911
0.899469962089332
0.900314935032498
0.901071373600901
0.901524703977124
0.901670520819507
0.901783351008609
0.902288065538625
0.902360952005833
0.902400601353249
0.90274310005678
0.903173115134953
0.903206385720121
0.903210346520278
0.903272453543724
0.903279562148813
0.903331497625136
0.903758045423941
0.904138003343177
0.904167885687605
0.904801360756191
0.90535445006085
0.905548488297029
0.905566247598712
0.90657627126807
0.906602607166861
0.906677250965998
0.907180630091457
0.907197038836549
0.907267960574541
0.908847606138135
0.909865527078015
0.910755914708663
0.911052667910001
0.912066947455134
0.912171373376863
0.91294737961146
0.913066131416437
0.913114327078973
0.91519798908888
0.915893786459584
0.918548879906778
0.918777043362088
0.918855321848365
0.919329910013653
0.919518830987738
0.919996888975499
0.92051386943998
0.920583125297271
0.920848597650806
0.921551577326102
0.923457861909509
0.923494416370443
0.923638203842674
0.924715660106048
0.925104899437903
0.925881164476005
0.92655856533345
0.927326171485141
0.927475520899971
0.928599383841503
0.93064455402068
0.931836127076962
0.932736016248675
0.932834313516516
0.933104473402616
0.933737974487277
0.93525333515934
0.936107768556738
0.937047571963491
0.937495410149123
0.938205607342696
0.942022357246065
0.94287984814158
0.943377454991284
0.943894435570785
0.94439116781994
0.945055959677876
0.945063923018011
0.945408990979953
0.946359277620161
0.946443971328039
0.949998183436514
0.952176754479351
0.953484693550843
0.954143011731257
0.955018923964671
0.956415327028221
0.956499278983043
0.956662885069349
0.956972773607334
0.957858208293608
0.958080168680602
0.95882097630646
0.959134061456329
0.959278331072652
0.959580911918595
0.96130889176022
0.961633025377045
0.961724263156624
0.961726801447375
0.961967235205096
0.963335926342032
0.966343828957179
0.966627915151777
0.968828482566779
0.969675929280139
0.970268579204082
0.971410062245388
0.97188385987276
0.97209556574582
0.973715264536921
0.974265864071319
0.974339910679464
0.974566545357253
0.975719457173288
0.97652425898143
0.976779854863592
0.978128799056961
0.978270778449204
0.978926121246112
0.978994244933643
0.979245636145043
0.979348808046916
0.979702982862632
0.979922594276575
0.980126520672565
0.981299261553458
0.981492079797937
0.982966930840156
0.983419594409309
0.9837607594458
0.983769321801121
0.983793242626904
0.98552415757142
0.985733909311056
0.986475310282031
0.987233813890193
0.987445716763221
0.987578215808087
0.988247018239068
0.988377317245866
0.989279882593455
0.991162527868843
0.991662435760918
0.99179109489102
0.991893991490088
0.991992635803133
0.99202189890094
0.993055705641148
0.993628378362218
0.99376100262649
0.993804846696989
0.994272568356554
0.994541353437991
0.994844147641456
0.994872441265368
0.99549281369496
0.995919358533082
0.996748725031446
0.997131838760356
0.997180036224073
0.997229998755065
0.997297341945576
0.997717147098757
0.997791213498118
0.997969827026664
0.998015829360519
0.9985766322277
0.998614920293536
0.99868806522206
0.9987736367597
0.998822872512224
0.999132796720869
0.999179264138113
0.999198939508721
0.99923084800259
0.999245054061662
0.999258016034487
0.999284189473073
0.999317848749279
0.999324568981129
0.999353093946901
0.999464052472434
0.999536854061949
