-0.00199483841424808
0.0133634185767733
0.0287216755095869
0.0440799325006083
0.0594381894334219
0.0747964463662356
0.0901547033572569
0.105512960290071
0.120871217222884
0.136229474213906
0.151587731146719
0.166945988079533
0.182304245070554
0.197662502003368
0.213020758936182
0.228379015927203
0.243737272860017
0.259095529851038
0.274453786783852
0.289812043716665
0.305170300707687
0.3205285576405
0.335886814573314
0.351245071564335
0.366603328497149
0.381961585429963
0.397319842420984
0.412678099353798
0.428036356286611
0.443394613277633
0.458752870210446
0.47411112714326
0.489469384134281
0.504827641067095
0.520185898058116
0.53554415499093
0.550902411923744
0.566260668914765
0.581618925847579
0.596977182780392
0.612335439771414
0.627693696704227
0.643051953637041
0.658410210628062
0.673768467560876
0.68912672449369
0.704484981484711
0.719843238417525
0.735201495408546
0.75055975234136
0.765918009274174
0.781276266265195
0.796634523198009
0.811992780130822
0.827351037121844
0.842709294054657
0.858067550987471
0.873425807978492
0.888784064911306
0.90414232184412
0.919500578835141
0.934858835767955
0.950217092758976
0.96557534969179
0.980933606624603
0.996291863615625
1.01165012054844
1.02700837748125
1.04236663447227
1.05772489140509
1.0730831483379
1.08844140532892
1.10379966226174
1.11915791919455
1.13451617618557
1.14987443311838
1.16523269010941
1.18059094704222
1.19594920397503
1.21130746096605
1.22666571789887
1.24202397483168
1.2573822318227
1.27274048875552
1.28809874568833
1.30345700267935
1.31881525961217
1.33417351654498
1.349531773536
1.36489003046881
1.38024828745984
1.39560654439265
1.41096480132546
1.42632305831648
1.4416813152493
1.45703957218211
1.47239782917313
1.48775608610595
1.50311434303876
1.51847260002978
1.5338308569626
1.54918911389541
1.56454737088643
1.57990562781924
1.59526388481027
1.61062214174308
1.62598039867589
1.64133865566691
1.65669691259973
1.67205516953254
1.68741342652356
1.70277168345638
1.71812994038919
1.73348819738021
1.74884645431302
1.76420471124584
1.77956296823686
1.79492122516967
1.81027948216069
1.82563773909351
1.84099599602632
1.85635425301734
1.87171250995016
1.88707076688297
1.90242902387399
1.91778728080681
1.93314553773962
1.94850379473064
1.96386205166345
1.97922030859627
1.99457856558729
2.0099368225201
2.02529507951112
2.04065333644394
2.05601159337675
2.07136985036777
2.08672810730059
2.1020863642334
2.11744462122442
2.13280287815724
2.14816113509005
2.16351939208107
2.17887764901388
2.1942359059467
2.20959416293772
2.22495241987053
2.24031067680335
2.25566893379437
2.27102719072718
2.2863854477182
2.30174370465102
2.31710196158383
2.33246021857485
2.34781847550767
2.36317673244048
2.3785349894315
2.39389324636431
2.40925150329713
2.42460976028815
2.43996801722096
2.45532627415378
2.4706845311448
2.48604278807761
2.50140104506863
2.51675930200145
2.53211755893426
2.54747581592528
2.5628340728581
2.57819232979091
2.59355058678193
2.60890884371474
2.62426710064756
2.63962535763858
2.65498361457139
2.67034187150421
2.68570012849523
2.70105838542804
2.71641664241906
2.73177489935188
2.74713315628469
2.76249141327571
2.77784967020852
2.79320792714134
2.80856618413236
2.82392444106517
2.83928269799799
2.85464095498901
2.86999921192182
2.88535746885464
2.90071572584566
2.91607398277847
2.93143223976949
2.94679049670231
2.96214875363512
2.97750701062614
2.99286526755895
3.00822352449177
3.02358178148279
3.0389400384156
3.05429829534842
3.06965655233944
3.08501480927225
3.10037306620507
3.11573132319609
3.1310895801289
3.14644783711992
3.16180609405274
3.17716435098555
3.19252260797657
3.20788086490938
3.2232391218422
3.23859737883322
3.25395563576603
3.26931389269885
3.28467214968987
3.30003040662268
3.3153886635555
3.33074692054652
3.34610517747933
3.36146343447035
3.37682169140317
3.39217994833598
3.407538205327
3.42289646225981
3.43825471919263
3.45361297618365
3.46897123311646
3.48432949004928
3.4996877470403
3.51504600397311
3.53040426090593
3.54576251789695
3.56112077482976
3.57647903182078
3.5918372887536
3.60719554568641
3.62255380267743
3.63791205961024
3.65327031654306
3.66862857353408
3.68398683046689
3.69934508739971
3.71470334439073
3.73006160132354
3.74541985825635
3.76077811524738
3.77613637218019
3.79149462917121
3.80685288610402
3.82221114303684
3.83756940002786
3.85292765696067
3.86828591389349
3.88364417088451
3.89900242781732
3.91436068475014
3.92971894174116
3.94507719867397
3.96043545560678
3.97579371259781
3.99115196953062
4.00651022646343
4.02186848345445
4.03722674038727
4.05258499737829
4.0679432543111
4.08330151124392
4.09865976823494
4.11401802516775
4.12937628210057
4.14473453909159
4.1600927960244
4.17545105295721
4.19080930994824
4.20616756688105
4.22152582381386
4.23688408080488
4.2522423377377
4.26760059472872
4.28295885166153
4.29831710859435
4.31367536558537
4.32903362251818
4.344391879451
4.35975013644202
4.37510839337483
4.39046665030764
4.40582490729867
4.42118316423148
4.43654142116429
4.45189967815531
4.46725793508813
4.48261619207915
4.49797444901196
4.51333270594478
4.5286909629358
4.54404921986861
4.55940747680143
4.57476573379245
4.59012399072526
4.60548224765807
4.6208405046491
4.63619876158191
4.65155701851472
4.66691527550574
4.68227353243856
4.69763178942958
4.71299004636239
4.72834830329521
4.74370656028623
4.75906481721904
4.77442307415185
4.78978133114288
4.80513958807569
4.8204978450085
4.83585610199952
4.85121435893234
4.86657261586515
4.88193087285617
4.89728912978899
4.91264738678001
4.92800564371282
4.94336390064564
4.95872215763666
4.97408041456947
4.98943867150228
5.00479692849331
5.02015518542612
5.03551344235893
5.05087169934995
5.06622995628277
5.08158821321558
5.0969464702066
5.11230472713942
5.12766298413044
5.14302124106325
5.15837949799607
5.17373775498709
5.1890960119199
5.20445426885271
5.21981252584374
5.23517078277655
5.25052903970936
5.26588729670038
5.2812455536332
5.29660381056601
5.31196206755703
5.32732032448985
5.34267858148087
5.35803683841368
5.3733950953465
5.38875335233752
5.40411160927033
5.41946986620314
5.43482812319417
5.45018638012698
5.46554463705979
5.48090289405081
5.49626115098363
5.51161940791644
5.52697766490746
5.54233592184028
5.5576941788313
5.57305243576411
5.58841069269693
5.60376894968795
5.61912720662076
5.63448546355357
5.6498437205446
5.66520197747741
5.68056023441022
5.69591849140124
5.71127674833406
5.72663500526687
5.74199326225789
5.75735151919071
5.77270977612352
5.78806803311454
5.80342629004735
5.81878454703838
5.83414280397119
5.849501060904
5.86485931789503
5.88021757482784
5.89557583176065
5.91093408875167
5.92629234568449
5.9416506026173
5.95700885960832
5.97236711654114
5.98772537347395
6.00308363046497
6.01844188739778
6.03380014438881
6.04915840132162
6.06451665825443
6.07987491524545
6.09523317217827
6.11059142911108
6.1259496861021
6.14130794303492
6.15666619996773
6.17202445695875
6.18738271389157
6.20274097082438
6.2180992278154
6.23345748474821
6.24881574173924
6.26417399867205
6.27953225560486
6.29489051259588
6.3102487695287
6.32560702646151
6.34096528345253
6.35632354038535
6.37168179731816
6.38704005430918
6.402398311242
6.41775656817481
6.43311482516583
6.44847308209864
6.46383133908967
6.47918959602248
6.49454785295529
6.50990610994631
6.52526436687913
6.54062262381194
6.55598088080296
6.57133913773578
6.58669739466859
6.60205565165961
6.61741390859243
6.63277216552524
6.64813042251626
6.66348867944907
6.6788469364401
6.69420519337291
6.70956345030572
6.72492170729674
6.74027996422956
6.75563822116237
6.77099647815339
6.78635473508621
6.80171299201902
6.81707124901004
6.83242950594286
6.84778776287567
6.86314601986669
6.8785042767995
6.89386253379053
6.90922079072334
6.92457904765615
6.93993730464717
6.95529556157999
6.9706538185128
6.98601207550382
7.00137033243664
7.01672858936945
7.03208684636047
7.04744510329328
7.0628033602261
7.07816161721712
7.09351987414993
7.10887813114095
7.12423638807377
7.13959464500658
7.1549529019976
7.17031115893042
7.18566941586323
7.20102767285425
7.21638592978707
7.23174418671988
7.2471024437109
7.26246070064371
7.27781895757653
7.29317721456755
7.30853547150036
7.32389372849138
7.3392519854242
7.35461024235701
7.36996849934803
7.38532675628085
7.40068501321366
7.41604327020468
7.4314015271375
7.44675978407031
7.46211804106133
7.47747629799414
7.49283455492696
7.50819281191798
7.52355106885079
7.53890932578361
7.55426758277463
7.56962583970744
7.58498409669846
7.60034235363128
7.61570061056409
7.63105886755511
7.64641712448793
7.66177538142074
7.67713363841176
7.69249189534457
7.70785015227739
7.72320840926841
7.73856666620122
7.75392492313404
7.76928318012506
7.78464143705787
7.79999969404889
7.81535795098171
7.83071620791452
7.84607446490554
7.86143272183836
7.87679097877117
7.89214923576219
7.907507492695
7.92286574962782
7.93822400661884
7.95358226355165
7.96894052048447
7.98429877747549
7.9996570344083
8.01501529139932
8.03037354833214
8.04573180526495
8.06109006225597
8.07644831918878
8.0918065761216
8.10716483311262
8.12252309004543
8.13788134697825
8.15323960396927
8.16859786090208
8.1839561178349
8.19931437482592
8.21467263175873
8.23003088874975
8.24538914568257
8.26074740261538
8.2761056596064
8.29146391653921
8.30682217347203
8.32218043046305
8.33753868739586
8.35289694432868
8.3682552013197
8.38361345825251
8.39897171518533
8.41432997217635
8.42968822910916
8.44504648610018
8.460404743033
8.47576299996581
8.49112125695683
8.50647951388964
8.52183777082246
8.53719602781348
8.55255428474629
8.56791254167911
8.58327079867013
8.59862905560294
8.61398731253576
8.62934556952678
8.64470382645959
8.66006208345061
8.67542034038343
8.69077859731624
8.70613685430726
8.72149511124007
8.73685336817289
8.75221162516391
8.76756988209672
8.78292813902954
8.79828639602056
8.81364465295337
8.82900290988619
8.84436116687721
8.85971942381002
8.87507768080104
8.89043593773386
8.90579419466667
8.92115245165769
8.9365107085905
8.95186896552332
8.96722722251434
8.98258547944715
8.99794373637997
9.01330199337099
9.0286602503038
9.04401850723661
9.05937676422764
9.07473502116045
9.09009327815147
9.10545153508428
9.1208097920171
9.13616804900812
9.15152630594093
9.16688456287375
9.18224281986477
9.19760107679758
9.2129593337304
9.22831759072142
9.24367584765423
9.25903410458704
9.27439236157807
9.28975061851088
9.30510887544369
9.32046713243471
9.33582538936753
9.35118364635855
9.36654190329136
9.38190016022418
9.3972584172152
9.41261667414801
9.42797493108083
9.44333318807185
9.45869144500466
9.47404970193747
9.4894079589285
9.50476621586131
9.52012447279412
9.53548272978514
9.55084098671796
9.56619924370898
9.58155750064179
9.59691575757461
9.61227401456563
9.62763227149844
9.64299052843126
9.65834878542228
9.67370704235509
9.6890652992879
9.70442355627893
9.71978181321174
9.73514007014455
9.75049832713557
9.76585658406839
9.78121484105941
9.79657309799222
9.81193135492504
9.82728961191606
9.84264786884887
9.85800612578169
9.87336438277271
9.88872263970552
9.90408089663833
9.91943915362936
9.93479741056217
9.95015566749498
9.965513924486
9.98087218141882
9.99623043840984
10.0115886953427
10.0269469522755
10.0423052092665
10.0576634661993
10.0730217231321
10.0883799801231
10.1037382370559
10.1190964939888
10.1344547509798
10.1498130079126
10.1651712648454
10.1805295218364
10.1958877787692
10.2112460357603
10.2266042926931
10.2419625496259
10.2573208066169
10.2726790635497
10.2880373204825
10.3033955774736
10.3187538344064
10.3341120913392
10.3494703483302
10.364828605263
10.3801868621958
10.3955451191869
10.4109033761197
10.4262616331107
10.4416198900435
10.4569781469763
10.4723364039673
10.4876946609002
10.503052917833
10.518411174824
10.5337694317568
10.5491276886896
10.5644859456806
10.5798442026135
10.5952024595463
10.6105607165373
10.6259189734701
10.6412772304611
10.6566354873939
10.6719937443268
10.6873520013178
10.7027102582506
10.7180685151834
10.7334267721744
10.7487850291072
10.7641432860401
10.7795015430311
10.7948597999639
10.8102180568967
10.8255763138877
10.8409345708205
10.8562928278116
10.8716510847444
10.8870093416772
10.9023675986682
10.917725855601
10.9330841125338
10.9484423695249
10.9638006264577
10.9791588833905
10.9945171403815
11.0098753973143
11.0252336542471
11.0405919112382
11.055950168171
11.0713084251038
11.0866666820948
11.1020249390276
11.1173831960186
11.1327414529514
11.1480997098843
11.1634579668753
11.1788162238081
11.1941744807409
11.2095327377319
11.2248909946647
11.2402492515976
11.2556075085886
11.2709657655214
11.2863240224542
11.3016822794452
11.317040536378
11.3323987933691
11.3477570503019
11.3631153072347
11.3784735642257
11.3938318211585
11.4091900780913
11.4245483350824
11.4399065920152
11.455264848948
11.470623105939
11.4859813628718
11.5013396198046
11.5166978767957
11.5320561337285
11.5474143907195
11.5627726476523
11.5781309045851
11.5934891615761
11.608847418509
11.6242056754418
11.6395639324328
11.6549221893656
11.6702804462984
11.6856387032894
11.7009969602223
11.7163552171551
11.7317134741461
11.7470717310789
11.7624299880699
11.7777882450027
11.7931465019356
11.8085047589266
11.8238630158594
11.8392212727922
11.8545795297832
11.869937786716
11.8852960436489
11.9006543006399
11.9160125575727
11.9313708145055
11.9467290714965
11.9620873284293
11.9774455854204
11.9928038423532
12.008162099286
12.023520356277
12.0388786132098
12.0542368701426
12.0695951271337
12.0849533840665
12.1003116409993
12.1156698979903
12.1310281549231
12.1463864118559
12.1617446688469
12.1771029257798
12.1924611827708
12.2078194397036
12.2231776966364
12.2385359536274
12.2538942105602
12.2692524674931
12.2846107244841
12.2999689814169
12.3153272383497
12.3306854953407
12.3460437522735
12.3614020092064
12.3767602661974
12.3921185231302
12.4074767801212
12.422835037054
12.4381932939868
12.4535515509779
12.4689098079107
12.4842680648435
12.4996263218345
12.5149845787673
12.5303428357001
12.5457010926912
12.561059349624
12.5764176065568
12.5917758635478
12.6071341204806
12.6224923774716
12.6378506344045
12.6532088913373
12.6685671483283
12.6839254052611
12.6992836621939
12.7146419191849
12.7300001761178
12.7453584330506
12.7607166900416
12.7760749469744
12.7914332039072
12.8067914608982
12.8221497178311
12.8375079747639
12.8528662317549
12.8682244886877
12.8835827456787
12.8989410026115
12.9142992595444
12.9296575165354
12.9450157734682
12.960374030401
12.975732287392
12.9910905443248
13.0064488012576
13.0218070582487
13.0371653151815
13.0525235721143
13.0678818291053
13.0832400860381
13.0985983430292
13.113956599962
13.1293148568948
13.1446731138858
13.1600313708186
13.1753896277514
13.1907478847424
13.2061061416753
13.2214643986081
13.2368226555991
13.2521809125319
13.2675391694647
13.2828974264557
13.2982556833886
13.3136139403796
13.3289721973124
13.3443304542452
13.3596887112362
13.375046968169
13.3904052251019
13.4057634820929
13.4211217390257
13.4364799959585
13.4518382529495
13.4671965098823
13.4825547668152
13.4979130238062
13.513271280739
13.52862953773
13.5439877946628
13.5593460515956
13.5747043085867
13.5900625655195
13.6054208224523
13.6207790794433
13.6361373363761
13.6514955933089
13.6668538503
13.6822121072328
13.6975703641656
13.7129286211566
13.7282868780894
13.7436451350804
13.7590033920133
13.7743616489461
13.7897199059371
13.8050781628699
13.8204364198027
13.8357946767937
13.8511529337266
13.8665111906594
13.8818694476504
13.8972277045832
13.912585961516
13.927944218507
13.9433024754399
13.9586607324309
13.9740189893637
13.9893772462965
14.0047355032875
14.0200937602203
14.0354520171531
14.0508102741442
14.066168531077
14.0815267880098
14.0968850450008
14.1122433019336
14.1276015588664
14.1429598158575
14.1583180727903
14.1736763297813
14.1890345867141
14.2043928436469
14.219751100638
14.2351093575708
14.2504676145036
14.2658258714946
14.2811841284274
14.2965423853602
14.3119006423512
14.3272588992841
14.3426171562169
14.3579754132079
14.3733336701407
14.3886919271317
14.4040501840645
14.4194084409974
14.4347666979884
14.4501249549212
14.465483211854
14.480841468845
14.4961997257778
14.5115579827107
14.5269162397017
14.5422744966345
14.5576327535673
14.5729910105583
14.5883492674911
14.603707524424
14.619065781415
14.6344240383478
14.6497822953388
14.6651405522716
14.6804988092044
14.6958570661955
14.7112153231283
14.7265735800611
14.7419318370521
14.7572900939849
14.7726483509177
14.7880066079088
14.8033648648416
14.8187231217744
14.8340813787654
14.8494396356982
14.8647978926892
14.8801561496221
14.8955144065549
14.9108726635459
14.9262309204787
14.9415891774115
14.9569474344025
14.9723056913354
14.9876639482682
15.0030222052592
15.018380462192
15.0337387191248
15.0490969761158
15.0644552330486
15.0798134900397
15.0951717469725
15.1105300039053
15.1258882608963
15.1412465178291
15.1566047747619
15.171963031753
15.1873212886858
15.2026795456186
15.2180378026096
15.2333960595424
15.2487543164752
15.2641125734663
15.2794708303991
15.2948290873901
15.3101873443229
15.3255456012557
15.3409038582467
15.3562621151796
15.3716203721124
15.3869786291034
15.4023368860362
15.417695142969
15.43305339996
15.4484116568929
15.4637699138257
15.4791281708167
15.4944864277495
15.5098446847405
15.5252029416733
15.5405611986062
15.5559194555972
15.57127771253
15.5866359694628
15.6019942264538
15.6173524833866
15.6327107403195
15.6480689973105
15.6634272542433
15.6787855111761
15.6941437681671
15.7095020250999
15.724860282091
15.7402185390238
15.7555767959566
15.7709350529476
15.7862933098804
15.8016515668132
15.8170098238043
15.8323680807371
15.8477263376699
15.8630845946609
15.8784428515937
15.8938011085265
15.9091593655176
15.9245176224504
15.9398758794414
15.9552341363742
15.970592393307
15.985950650298
16.0013089072309
16.0166671641637
16.0320254211547
16.0473836780875
16.0627419350203
16.0781001920113
16.0934584489441
16.108816705877
16.124174962868
16.1395332198008
16.1548914767918
16.1702497337246
16.1856079906574
16.2009662476485
16.2163245045813
16.2316827615141
16.2470410185051
16.2623992754379
16.2777575323707
16.2931157893618
16.3084740462946
16.3238323032274
16.3391905602184
16.3545488171512
16.369907074084
16.3852653310751
16.4006235880079
16.4159818449989
16.4313401019317
16.4466983588645
16.4620566158555
16.4774148727884
16.4927731297212
16.5081313867122
16.523489643645
16.5388479005778
16.5542061575688
16.5695644145017
16.5849226714345
16.6002809284255
16.6156391853583
16.6309974423493
16.6463556992821
16.661713956215
16.677072213206
16.6924304701388
16.7077887270716
16.7231469840626
16.7385052409954
16.7538634979283
16.7692217549193
16.7845800118521
16.7999382687849
16.8152965257759
16.8306547827087
16.8460130396998
16.8613712966326
16.8767295535654
16.8920878105564
16.9074460674892
16.922804324422
16.9381625814131
16.9535208383459
16.9688790952787
16.9842373522697
16.9995956092025
17.0149538661353
17.0303121231264
17.0456703800592
17.0610286370502
17.076386893983
17.0917451509158
17.1071034079068
17.1224616648396
17.1378199217725
17.1531781787635
17.1685364356963
17.1838946926291
17.1992529496201
17.2146112065529
17.2299694634858
17.2453277204768
17.2606859774096
17.2760442344006
17.2914024913334
17.3067607482662
17.3221190052573
17.3374772621901
17.3528355191229
17.3681937761139
17.3835520330467
17.3989102899795
17.4142685469706
17.4296268039034
17.4449850608362
17.4603433178272
17.47570157476
17.491059831751
17.5064180886839
17.5217763456167
17.5371346026077
17.5524928595405
17.5678511164733
17.5832093734643
17.5985676303972
17.61392588733
17.629284144321
17.6446424012538
17.6600006581866
17.6753589151776
17.6907171721105
17.7060754291015
17.7214336860343
17.7367919429671
17.7521501999581
17.7675084568909
17.7828667138238
17.7982249708148
17.8135832277476
17.8289414846804
17.8442997416714
17.8596579986042
17.875016255537
17.8903745125281
17.9057327694609
17.9210910264519
17.9364492833847
17.9518075403175
17.9671657973086
17.9825240542414
17.9978823111742
18.0132405681652
18.028598825098
18.0439570820308
18.0593153390219
18.0746735959547
18.0900318528875
18.1053901098785
18.1207483668113
18.1361066237441
18.1514648807351
18.166823137668
18.182181394659
18.1975396515918
18.2128979085246
18.2282561655156
18.2436144224484
18.2589726793813
18.2743309363723
18.2896891933051
18.3050474502379
18.3204057072289
18.3357639641617
18.3511222210946
18.3664804780856
18.3818387350184
18.3971969920094
18.4125552489422
18.427913505875
18.4432717628661
18.4586300197989
18.4739882767317
18.4893465337227
18.5047047906555
18.5200630475883
18.5354213045794
18.5507795615122
18.566137818445
18.581496075436
18.5968543323688
18.6122125893598
18.6275708462927
18.6429291032255
18.6582873602165
18.6736456171493
18.6890038740821
18.7043621310731
18.719720388006
18.7350786449388
18.7504369019298
18.7657951588626
18.7811534157954
18.7965116727864
18.8118699297193
18.8272281867103
18.8425864436431
18.8579447005759
18.8733029575669
18.8886612144997
18.9040194714325
18.9193777284236
18.9347359853564
18.9500942422892
18.9654524992802
18.980810756213
18.9961690131458
19.0115272701369
19.0268855270697
19.0422437840607
19.0576020409935
19.0729602979263
19.0883185549174
19.1036768118502
19.119035068783
19.134393325774
19.1497515827068
19.1651098396396
19.1804680966306
19.1958263535635
19.2111846104963
19.2265428674873
19.2419011244201
19.2572593814111
19.2726176383439
19.2879758952768
19.3033341522678
19.3186924092006
19.3340506661334
19.3494089231244
19.3647671800572
19.3801254369901
19.3954836939811
19.4108419509139
19.4262002078467
19.4415584648377
19.4569167217705
19.4722749787616
19.4876332356944
19.5029914926272
19.5183497496182
19.533708006551
19.5490662634838
19.5644245204749
19.5797827774077
19.5951410343405
19.6104992913315
19.6258575482643
19.6412158051971
19.6565740621882
19.671932319121
19.687290576112
19.7026488330448
19.7180070899776
19.7333653469686
19.7487236039015
19.7640818608343
19.7794401178253
19.7947983747581
19.8101566316909
19.8255148886819
19.8408731456148
19.8562314025476
19.8715896595386
19.8869479164714
19.9023061734042
19.9176644303952
19.933022687328
19.9483809443191
19.9637392012519
19.9790974581847
19.9944557151757
20.0098139721085
20.0251722290413
20.0405304860324
20.0558887429652
20.071246999898
20.086605256889
20.1019635138218
20.1173217707546
20.1326800277457
20.1480382846785
20.1633965416695
20.1787547986023
20.1941130555351
20.2094713125261
20.224829569459
20.2401878263918
20.2555460833828
20.2709043403156
20.2862625972484
20.3016208542394
20.3169791111723
20.3323373681051
20.3476956250961
20.3630538820289
20.3784121390199
20.3937703959527
20.4091286528856
20.4244869098766
20.4398451668094
20.4552034237422
20.4705616807332
20.485919937666
20.5012781945989
20.5166364515899
20.5319947085227
20.5473529654555
20.5627112224465
20.5780694793793
20.5934277363704
20.6087859933032
20.624144250236
20.639502507227
20.6548607641598
20.6702190210926
20.6855772780837
20.7009355350165
20.7162937919493
20.7316520489403
20.7470103058731
20.7623685628059
20.777726819797
20.7930850767298
20.8084433337208
20.8238015906536
20.8391598475864
20.8545181045774
20.8698763615103
20.8852346184431
20.9005928754341
20.9159511323669
20.9313093892997
20.9466676462907
20.9620259032235
20.9773841601564
20.9927424171474
21.0081006740802
21.0234589310712
21.038817188004
21.0541754449368
21.0695337019279
21.0848919588607
21.1002502157935
21.1156084727845
21.1309667297173
21.1463249866501
21.1616832436412
21.177041500574
21.1923997575068
21.2077580144978
21.2231162714306
21.2384745284216
21.2538327853545
21.2691910422873
21.2845492992783
21.2999075562111
21.3152658131439
21.3306240701349
21.3459823270678
21.3613405840006
21.3766988409916
21.3920570979244
21.4074153548572
21.4227736118482
21.4381318687811
21.4534901257721
21.4688483827049
21.4842066396377
21.4995648966287
21.5149231535615
21.5302814104944
21.5456396674854
21.5609979244182
21.576356181351
21.591714438342
21.6070726952748
21.6224309522077
21.6377892091987
21.6531474661315
21.6685057230643
21.6838639800553
21.6992222369881
21.7145804939792
21.729938750912
21.7452970078448
21.7606552648358
21.7760135217686
21.7913717787014
21.8067300356925
21.8220882926253
21.8374465495581
21.8528048065491
21.8681630634819
21.8835213204147
21.8988795774058
21.9142378343386
21.9295960913296
21.9449543482624
21.9603126051952
21.9756708621862
21.991029119119
22.0063873760519
22.0217456330429
22.0371038899757
22.0524621469085
22.0678204038995
22.0831786608323
22.0985369177652
22.1138951747562
22.129253431689
22.14461168868
22.1599699456128
22.1753282025456
22.1906864595367
22.2060447164695
22.2214029734023
22.2367612303933
22.2521194873261
22.2674777442589
22.28283600125
22.2981942581828
22.3135525151156
22.3289107721066
22.3442690290394
22.3596272860304
22.3749855429633
22.3903437998961
22.4057020568871
22.4210603138199
22.4364185707527
22.4517768277437
22.4671350846766
22.4824933416094
22.4978515986004
22.5132098555332
22.528568112466
22.543926369457
22.5592846263899
22.5746428833809
22.5900011403137
22.6053593972465
22.6207176542375
22.6360759111703
22.6514341681032
22.6667924250942
22.682150682027
22.6975089389598
22.7128671959508
22.7282254528836
22.7435837098164
22.7589419668075
22.7743002237403
22.7896584807313
22.8050167376641
22.8203749945969
22.835733251588
22.8510915085208
22.8664497654536
22.8818080224446
22.8971662793774
22.9125245363102
22.9278827933013
22.9432410502341
22.9585993071669
22.9739575641579
22.9893158210907
23.0046740780817
23.0200323350145
23.0353905919474
23.0507488489384
23.0661071058712
23.081465362804
23.096823619795
23.1121818767278
23.1275401336607
23.1428983906517
23.1582566475845
23.1736149045173
23.1889731615083
23.2043314184411
23.2196896754322
23.235047932365
23.2504061892978
23.2657644462888
23.2811227032216
23.2964809601544
23.3118392171455
23.3271974740783
23.3425557310111
23.3579139880021
23.3732722449349
23.3886305018677
23.4039887588588
23.4193470157916
23.4347052727244
23.4500635297154
23.4654217866482
23.4807800436392
23.4961383005721
23.5114965575049
23.5268548144959
23.5422130714287
23.5575713283615
23.5729295853525
23.5882878422854
23.6036460992182
23.6190043562092
23.634362613142
23.6497208700748
23.6650791270658
23.6804373839987
23.6957956409897
23.7111538979225
23.7265121548553
23.7418704118463
23.7572286687791
23.7725869257119
23.787945182703
23.8033034396358
23.8186616965686
23.8340199535596
23.8493782104924
23.8647364674252
23.8800947244163
23.8954529813491
23.9108112383401
23.9261694952729
23.9415277522057
23.9568860091968
23.9722442661296
23.9876025230624
24.0029607800534
24.0183190369862
24.033677293919
24.04903555091
24.0643938078429
24.0797520647757
24.0951103217667
24.1104685786995
24.1258268356905
24.1411850926233
24.1565433495562
24.1719016065472
24.18725986348
24.2026181204128
24.2179763774038
24.2333346343366
24.2486928912695
24.2640511482605
24.2794094051933
24.2947676621261
24.3101259191171
24.3254841760499
24.340842433041
24.3562006899738
24.3715589469066
24.3869172038976
24.4022754608304
24.4176337177632
24.4329919747543
24.4483502316871
24.4637084886199
24.4790667456109
24.4944250025437
24.5097832594765
24.5251415164676
24.5404997734004
24.5558580303914
24.5712162873242
24.586574544257
24.601932801248
24.6172910581809
24.6326493151137
24.6480075721047
24.6633658290375
24.6787240859703
24.6940823429613
24.7094405998942
24.724798856827
24.740157113818
24.7555153707508
24.7708736277418
24.7862318846746
24.8015901416074
24.8169483985985
24.8323066555313
24.8476649124641
24.8630231694551
24.8783814263879
24.8937396833207
24.9090979403118
24.9244561972446
24.9398144541774
24.9551727111684
24.9705309681012
24.9858892250923
25.0012474820251
25.0166057389579
25.0319639959489
25.0473222528817
25.0626805098145
25.0780387668055
25.0933970237384
25.1087552806712
25.1241135376622
25.139471794595
25.1548300515278
25.1701883085188
25.1855465654517
25.2009048223845
25.2162630793755
25.2316213363083
25.2469795932993
25.2623378502321
25.277696107165
25.293054364156
25.3084126210888
25.3237708780216
25.3391291350126
25.3544873919454
25.3698456488783
25.3852039058693
25.4005621628021
25.4159204197349
25.4312786767259
25.4466369336587
25.4619951906498
25.4773534475826
25.4927117045154
25.5080699615064
25.5234282184392
25.538786475372
25.5541447323631
25.5695029892959
25.5848612462287
25.6002195032197
25.6155777601525
25.6309360170853
25.6462942740764
25.6616525310092
25.6770107880002
25.692369044933
25.7077273018658
25.7230855588568
25.7384438157897
25.7538020727225
25.7691603297135
25.7845185866463
25.7998768435791
25.8152351005701
25.8305933575029
25.8459516144358
25.8613098714268
25.8766681283596
25.8920263853506
25.9073846422834
25.9227428992162
25.9381011562073
25.9534594131401
25.9688176700729
25.9841759270639
25.9995341839967
26.0148924409295
26.0302506979206
26.0456089548534
26.0609672117862
26.0763254687772
26.09168372571
26.107041982701
26.1224002396339
26.1377584965667
26.1531167535577
26.1684750104905
26.1838332674233
26.1991915244143
26.2145497813472
26.22990803828
26.245266295271
26.2606245522038
26.2759828091366
26.2913410661276
26.3066993230605
26.3220575800515
26.3374158369843
26.3527740939171
26.3681323509081
26.3834906078409
26.3988488647738
26.4142071217648
26.4295653786976
26.4449236356304
26.4602818926214
26.4756401495542
26.4909984064871
26.5063566634781
26.5217149204109
26.5370731774019
26.5524314343347
26.5677896912675
26.5831479482586
26.5985062051914
26.6138644621242
26.6292227191152
26.644580976048
26.6599392329808
26.6752974899719
26.6906557469047
26.7060140038375
26.7213722608285
26.7367305177613
26.7520887747523
26.7674470316852
26.782805288618
26.798163545609
26.8135218025418
26.8288800594746
26.8442383164656
26.8595965733984
26.8749548303313
26.8903130873223
26.9056713442551
26.9210296011879
26.9363878581789
26.9517461151117
26.9671043721028
26.9824626290356
26.9978208859684
27.0131791429594
27.0285373998922
27.043895656825
27.0592539138161
27.0746121707489
27.0899704276817
27.1053286846727
27.1206869416055
27.1360451985383
27.1514034555294
27.1667617124622
27.182119969395
27.197478226386
27.2128364833188
27.2281947403098
27.2435529972427
27.2589112541755
27.2742695111665
27.2896277680993
27.3049860250321
27.3203442820231
27.335702538956
27.3510607958888
27.3664190528798
27.3817773098126
27.3971355667454
27.4124938237364
27.4278520806693
27.4432103376603
27.4585685945931
27.4739268515259
27.4892851085169
27.5046433654497
27.5200016223826
27.5353598793736
27.5507181363064
27.5660763932392
27.5814346502302
27.596792907163
27.6121511640958
27.6275094210869
27.6428676780197
27.6582259350107
27.6735841919435
27.6889424488763
27.7043007058674
27.7196589628002
27.735017219733
27.750375476724
27.7657337336568
27.7810919905896
27.7964502475807
27.8118085045135
27.8271667614463
27.8425250184373
27.8578832753701
27.8732415323611
27.8885997892939
27.9039580462268
27.9193163032178
27.9346745601506
27.9500328170834
27.9653910740744
27.9807493310072
27.9961075879401
28.0114658449311
28.0268241018639
28.0421823587967
28.0575406157877
28.0728988727205
28.0882571297116
28.1036153866444
28.1189736435772
28.1343319005682
28.149690157501
28.1650484144338
28.1804066714249
28.1957649283577
28.2111231852905
28.2264814422815
28.2418396992143
28.2571979561471
28.2725562131382
28.287914470071
28.303272727062
28.3186309839948
28.3339892409276
28.3493474979186
28.3647057548515
28.3800640117843
28.3954222687753
28.4107805257081
28.4261387826409
28.4414970396319
28.4568552965648
28.4722135534976
28.4875718104886
28.5029300674214
28.5182883244124
28.5336465813452
28.5490048382781
28.5643630952691
28.5797213522019
28.5950796091347
28.6104378661257
28.6257961230585
28.6411543799913
28.6565126369824
28.6718708939152
28.687229150848
28.702587407839
28.7179456647718
28.7333039217629
28.7486621786957
28.7640204356285
28.7793786926195
28.7947369495523
28.8100952064851
28.8254534634762
28.840811720409
28.8561699773418
28.8715282343328
28.8868864912656
28.9022447481984
28.9176030051894
28.9329612621223
28.9483195190551
28.9636777760461
28.9790360329789
28.9943942899699
29.0097525469027
29.0251108038356
29.0404690608266
29.0558273177594
29.0711855746922
29.0865438316832
29.101902088616
29.1172603455489
29.1326186025399
29.1479768594727
29.1633351164055
29.1786933733965
29.1940516303293
29.2094098873204
29.2247681442532
29.240126401186
29.255484658177
29.2708429151098
29.2862011720426
29.3015594290337
29.3169176859665
29.3322759428993
29.3476341998903
29.3629924568231
29.3783507137559
29.393708970747
29.4090672276798
29.4244254846708
29.4397837416036
29.4551419985364
29.4705002555274
29.4858585124603
29.5012167693931
29.5165750263841
29.5319332833169
29.5472915402497
29.5626497972407
29.5780080541736
29.5933663111064
29.6087245680974
29.6240828250302
29.6394410820212
29.654799338954
29.6701575958868
29.6855158528779
29.7008741098107
29.7162323667435
29.7315906237345
29.7469488806673
29.7623071376001
29.7776653945912
29.793023651524
29.8083819084568
29.8237401654478
29.8390984223806
29.8544566793717
29.8698149363045
29.8851731932373
29.9005314502283
29.9158897071611
29.9312479640939
29.9466062210849
29.9619644780178
29.9773227349506
29.9926809919416
30.0080392488744
30.0233975058072
30.0387557627982
30.0541140197311
30.0694722767221
30.0848305336549
30.1001887905877
30.1155470475787
30.1309053045115
30.1462635614444
30.1616218184354
30.1769800753682
30.192338332301
30.207696589292
30.2230548462248
30.2384131031577
30.2537713601487
30.2691296170815
30.2844878740725
30.2998461310053
30.3152043879381
30.3305626449292
30.345920901862
30.3612791587948
30.3766374157858
30.3919956727186
30.4073539296514
30.4227121866425
30.4380704435753
30.4534287005081
30.4687869574991
30.4841452144319
30.4995034714229
30.5148617283558
30.5302199852886
30.5455782422796
30.5609364992124
30.5762947561452
30.5916530131362
30.6070112700691
30.6223695270019
30.6377277839929
30.6530860409257
30.6684442978585
30.6838025548495
30.6991608117823
30.7145190687152
30.7298773257062
30.745235582639
30.76059383963
30.7759520965628
30.7913103534956
30.8066686104867
30.8220268674195
30.8373851243523
30.8527433813433
30.8681016382761
30.8834598952089
30.8988181522
30.9141764091328
30.9295346660656
30.9448929230566
30.9602511799894
30.9756094369804
30.9909676939133
31.0063259508461
31.0216842078371
31.0370424647699
31.0524007217027
31.0677589786937
31.0831172356266
31.0984754925594
31.1138337495504
31.1291920064832
31.144550263416
31.159908520407
31.1752667773399
31.1906250343309
31.2059832912637
31.2213415481965
31.2366998051875
31.2520580621203
31.2674163190532
31.2827745760442
31.298132832977
31.3134910899098
31.3288493469008
31.3442076038336
31.3595658607665
31.3749241177575
31.3902823746903
31.4056406316813
31.4209988886141
31.4363571455469
31.451715402538
31.4670736594708
31.4824319164036
31.4977901733946
31.5131484303274
31.5285066872602
31.5438649442513
31.5592232011841
31.5745814581169
31.5899397151079
31.6052979720407
31.6206562290317
31.6360144859646
31.6513727428974
31.6667309998884
31.6820892568212
31.697447513754
31.712805770745
31.7281640276778
31.7435222846107
31.7588805416017
31.7742387985345
31.7895970554673
31.8049553124583
31.8203135693911
31.8356718263822
31.851030083315
31.8663883402478
31.8817465972388
31.8971048541716
31.9124631111044
31.9278213680955
31.9431796250283
31.9585378819611
31.9738961389521
31.9892543958849
32.0046126528177
32.0199709098088
32.0353291667416
32.0506874237326
32.0660456806654
32.0814039375982
32.0967621945892
32.1121204515221
32.1274787084549
32.1428369654459
32.1581952223787
32.1735534793115
32.1889117363025
32.2042699932354
32.2196282501682
32.2349865071592
32.250344764092
32.265703021083
32.2810612780158
32.2964195349487
32.3117777919397
32.3271360488725
32.3424943058053
32.3578525627963
32.3732108197291
32.388569076662
32.403927333653
32.4192855905858
32.4346438475186
32.4500021045096
32.4653603614424
32.4807186183752
32.4960768753663
32.5114351322991
32.5267933892901
32.5421516462229
32.5575099031557
32.5728681601468
32.5882264170796
32.6035846740124
32.6189429310034
32.6343011879362
32.649659444869
32.6650177018601
32.6803759587929
32.6957342157257
32.7110924727167
32.7264507296495
32.7418089866405
32.7571672435733
32.7725255005062
32.7878837574972
32.80324201443
32.8186002713628
32.8339585283538
32.8493167852866
32.8646750422195
32.8800332992105
32.8953915561433
32.9107498130761
32.9261080700671
32.9414663269999
32.956824583991
32.9721828409238
32.9875410978566
33.0028993548476
33.0182576117804
33.0336158687132
33.0489741257043
33.0643323826371
33.0796906395699
33.0950488965609
33.1104071534937
33.1257654104265
33.1411236674176
33.1564819243504
33.1718401813414
33.1871984382742
33.202556695207
33.217914952198
33.2332732091309
33.2486314660637
33.2639897230547
33.2793479799875
33.2947062369203
33.3100644939113
33.3254227508442
33.340781007777
33.356139264768
33.3714975217008
33.3868557786918
33.4022140356246
33.4175722925575
33.4329305495485
33.4482888064813
33.4636470634141
33.4790053204051
33.4943635773379
33.5097218342707
33.5250800912618
33.5404383481946
33.5557966051274
33.5711548621184
33.5865131190512
33.6018713760423
33.6172296329751
33.6325878899079
33.6479461468989
33.6633044038317
33.6786626607645
33.6940209177556
33.7093791746884
33.7247374316212
33.7400956886122
33.755453945545
33.7708122024778
33.7861704594688
33.8015287164017
33.8168869733927
33.8322452303255
33.8476034872583
33.8629617442493
33.8783200011821
33.893678258115
33.909036515106
33.9243947720388
33.9397530289716
33.9551112859626
33.9704695428954
33.9858277998283
34.0011860568193
34.0165443137521
34.0319025707431
34.0472608276759
34.0626190846087
34.0779773415998
34.0933355985326
34.1086938554654
34.1240521124564
34.1394103693892
34.154768626322
34.1701268833131
34.1854851402459
34.2008433971787
34.2162016541697
34.2315599111025
34.2469181680353
34.2622764250264
34.2776346819592
34.2929929389502
34.308351195883
34.3237094528158
34.3390677098068
34.3544259667397
34.3697842236725
34.3851424806635
34.4005007375963
34.4158589945291
34.4312172515201
34.446575508453
34.4619337653858
34.4772920223768
34.4926502793096
34.5080085363006
34.5233667932334
34.5387250501662
34.5540833071573
34.5694415640901
34.5847998210229
34.6001580780139
34.6155163349467
34.6308745918795
34.6462328488706
34.6615911058034
34.6769493627362
34.6923076197272
34.70766587666
34.7230241336511
34.7383823905839
34.7537406475167
34.7690989045077
34.7844571614405
34.7998154183733
34.8151736753643
34.8305319322972
34.84589018923
34.861248446221
34.8766067031538
34.8919649600866
34.9073232170776
34.9226814740105
34.9380397310015
34.9533979879343
34.9687562448671
34.9841145018581
34.9994727587909
35.0148310157238
35.0301892727148
35.0455475296476
35.0609057865804
35.0762640435714
35.0916223005042
35.1069805574371
35.1223388144281
35.1376970713609
35.1530553283519
35.1684135852847
35.1837718422175
35.1991300992086
35.2144883561414
35.2298466130742
35.2452048700652
35.260563126998
35.2759213839308
35.2912796409219
35.3066378978547
35.3219961547875
35.3373544117785
35.3527126687113
35.3680709257023
35.3834291826352
35.398787439568
35.414145696559
35.4295039534918
35.4448622104246
35.4602204674156
35.4755787243485
35.4909369812813
35.5062952382723
35.5216534952051
35.5370117521379
35.5523700091289
35.5677282660617
35.5830865230528
35.5984447799856
35.6138030369184
35.6291612939094
35.6445195508422
35.659877807775
35.6752360647661
35.6905943216989
35.7059525786317
35.7213108356227
35.7366690925555
35.7520273494883
35.7673856064794
35.7827438634122
35.7981021204032
35.813460377336
35.8288186342688
35.8441768912598
35.8595351481927
35.8748934051255
35.8902516621165
35.9056099190493
35.9209681759821
35.9363264329731
35.951684689906
35.9670429468388
35.9824012038298
35.9977594607626
36.0131177176954
36.0284759746864
36.0438342316193
36.0591924886103
36.0745507455431
36.0899090024759
36.1052672594669
36.1206255163997
36.1359837733326
36.1513420303236
36.1667002872564
36.1820585441892
36.1974168011802
36.212775058113
36.2281333150459
36.2434915720369
36.2588498289697
36.2742080859607
36.2895663428935
36.3049245998263
36.3202828568174
36.3356411137502
36.350999370683
36.366357627674
36.3817158846068
36.3970741415396
36.4124323985307
36.4277906554635
36.4431489123963
36.4585071693873
36.4738654263201
36.4892236833111
36.504581940244
36.5199401971768
36.5352984541678
36.5506567111006
36.5660149680334
36.5813732250244
36.5967314819572
36.6120897388901
36.6274479958811
36.6428062528139
36.6581645097467
36.6735227667377
36.6888810236705
36.7042392806616
36.7195975375944
36.7349557945272
36.7503140515182
36.765672308451
36.7810305653838
36.7963888223749
36.8117470793077
36.8271053362405
36.8424635932315
36.8578218501643
36.8731801070971
36.8885383640882
36.903896621021
36.919254878012
36.9346131349448
36.9499713918776
36.9653296488686
36.9806879058015
36.9960461627343
37.0114044197253
37.0267626766581
37.0421209335909
37.0574791905819
37.0728374475148
37.0881957044476
37.1035539614386
37.1189122183714
37.1342704753624
37.1496287322952
37.1649869892281
37.1803452462191
37.1957035031519
37.2110617600847
37.2264200170757
37.2417782740085
37.2571365309414
37.2724947879324
37.2878530448652
37.303211301798
37.318569558789
37.3339278157218
37.3492860727129
37.3646443296457
37.3800025865785
37.3953608435695
37.4107191005023
37.4260773574351
37.4414356144262
37.456793871359
37.4721521282918
37.4875103852828
37.5028686422156
37.5182268991484
37.5335851561395
37.5489434130723
37.5643016700633
37.5796599269961
37.5950181839289
37.6103764409199
37.6257346978527
37.6410929547856
37.6564512117766
37.6718094687094
37.6871677256422
37.7025259826332
37.717884239566
37.7332424964989
37.7486007534899
37.7639590104227
37.7793172673555
37.7946755243465
37.8100337812793
37.8253920382704
37.8407502952032
37.856108552136
37.871466809127
37.8868250660598
37.9021833229926
37.9175415799837
37.9328998369165
37.9482580938493
37.9636163508403
37.9789746077731
37.9943328647059
38.009691121697
38.0250493786298
38.0404076356208
38.0557658925536
38.0711241494864
38.0864824064774
38.1018406634103
38.1171989203431
38.1325571773341
38.1479154342669
38.1632736911997
38.1786319481907
38.1939902051236
38.2093484620564
38.2247067190474
38.2400649759802
38.2554232329712
38.270781489904
38.2861397468369
38.3014980038279
38.3168562607607
38.3322145176935
38.3475727746845
38.3629310316173
38.3782892885501
38.3936475455412
38.409005802474
38.4243640594068
38.4397223163978
38.4550805733306
38.4704388303217
38.4857970872545
38.5011553441873
38.5165136011783
38.5318718581111
38.5472301150439
38.562588372035
38.5779466289678
38.5933048859006
38.6086631428916
38.6240213998244
38.6393796567572
38.6547379137482
38.6700961706811
38.6854544276721
38.7008126846049
38.7161709415377
38.7315291985287
38.7468874554615
38.7622457123944
38.7776039693854
38.7929622263182
38.808320483251
38.823678740242
38.8390369971748
38.8543952541077
38.8697535110987
38.8851117680315
38.9004700250225
38.9158282819553
38.9311865388881
38.9465447958792
38.961903052812
38.9772613097448
38.9926195667358
39.0079778236686
39.0233360806014
39.0386943375925
39.0540525945253
39.0694108514581
39.0847691084491
39.1001273653819
39.1154856223729
39.1308438793058
39.1462021362386
39.1615603932296
39.1769186501624
39.1922769070952
39.2076351640862
39.2229934210191
39.2383516779519
39.2537099349429
39.2690681918757
39.2844264488085
39.2997847057995
39.3151429627324
39.3305012197234
39.3458594766562
39.361217733589
39.37657599058
39.3919342475128
39.4072925044456
39.4226507614367
39.4380090183695
39.4533672753023
39.4687255322933
39.4840837892261
39.4994420461589
39.51480030315
39.5301585600828
39.5455168170156
39.5608750740066
39.5762333309394
39.5915915879305
39.6069498448633
39.6223081017961
39.6376663587871
39.6530246157199
39.6683828726527
39.6837411296437
39.6990993865766
39.7144576435094
39.7298159005004
39.7451741574332
39.760532414366
39.775890671357
39.7912489282899
39.8066071852809
39.8219654422137
39.8373236991465
39.8526819561375
39.8680402130703
39.8833984700032
39.8987567269942
39.914114983927
39.9294732408598
39.9448314978508
39.9601897547836
39.9755480117165
39.9909062687075
40.0062645256403
40.0216227826313
40.0369810395641
40.0523392964969
40.067697553488
40.0830558104208
40.0984140673536
40.1137723243446
40.1291305812774
40.1444888382102
40.1598470952013
40.1752053521341
40.1905636090669
40.2059218660579
40.2212801229907
40.2366383799817
40.2519966369146
40.2673548938474
40.2827131508384
40.2980714077712
40.313429664704
40.328787921695
40.3441461786279
40.3595044355607
40.3748626925517
40.3902209494845
40.4055792064173
40.4209374634083
40.4362957203411
40.4516539773322
40.467012234265
40.4823704911978
40.4977287481888
40.5130870051216
40.5284452620544
40.5438035190455
40.5591617759783
40.5745200329111
40.5898782899021
40.6052365468349
40.6205948037677
40.6359530607588
40.6513113176916
40.6666695746826
40.6820278316154
40.6973860885482
40.7127443455392
40.7281026024721
40.7434608594049
40.7588191163959
40.7741773733287
40.7895356302615
40.8048938872525
40.8202521441854
40.8356104011182
40.8509686581092
40.866326915042
40.881685172033
40.8970434289658
40.9124016858987
40.9277599428897
40.9431181998225
40.9584764567553
40.9738347137463
40.9891929706791
41.004551227612
41.019909484603
41.0352677415358
41.0506259984686
41.0659842554596
41.0813425123924
41.0967007693835
41.1120590263163
41.1274172832491
41.1427755402401
41.1581337971729
41.1734920541057
41.1888503110968
41.2042085680296
41.2195668249624
41.2349250819534
41.2502833388862
41.265641595819
41.2809998528101
41.2963581097429
41.3117163666757
41.3270746236667
41.3424328805995
41.3577911375905
41.3731493945234
41.3885076514562
41.4038659084472
41.41922416538
41.4345824223128
41.4499406793038
41.4652989362366
41.4806571931695
41.4960154501605
41.5113737070933
41.5267319640261
41.5420902210171
41.5574484779499
41.572806734941
41.5881649918738
41.6035232488066
41.6188815057976
41.6342397627304
41.6495980196632
41.6649562766543
41.6803145335871
41.6956727905199
41.7110310475109
41.7263893044437
41.7417475613765
41.7571058183676
41.7724640753004
41.7878223322914
41.8031805892242
41.818538846157
41.833897103148
41.8492553600809
41.8646136170137
41.8799718740047
41.8953301309375
41.9106883878703
41.9260466448613
41.9414049017942
41.956763158727
41.972121415718
41.9874796726508
42.0028379296418
42.0181961865746
42.0335544435075
42.0489127004985
42.0642709574313
42.0796292143641
42.0949874713551
42.1103457282879
42.1257039852208
42.1410622422118
42.1564204991446
42.1717787560774
42.1871370130684
42.2024952700012
42.2178535269923
42.2332117839251
42.2485700408579
42.2639282978489
42.2792865547817
42.2946448117145
42.3100030687056
42.3253613256384
42.3407195825712
42.3560778395622
42.371436096495
42.3867943534278
42.4021526104189
42.4175108673517
42.4328691243427
42.4482273812755
42.4635856382083
42.4789438951993
42.4943021521321
42.509660409065
42.525018666056
42.5403769229888
42.5557351799216
42.5710934369126
42.5864516938454
42.6018099507783
42.6171682077693
42.6325264647021
42.6478847216931
42.6632429786259
42.6786012355587
42.6939594925498
42.7093177494826
42.7246760064154
42.7400342634064
42.7553925203392
42.770750777272
42.7861090342631
42.8014672911959
42.8168255481287
42.8321838051197
42.8475420620525
42.8629003190435
42.8782585759764
42.8936168329092
42.9089750899002
42.924333346833
42.9396916037658
42.9550498607568
42.9704081176897
42.9857663746225
43.0011246316135
43.0164828885463
43.0318411454791
43.0471994024701
43.062557659403
43.0779159163358
43.0932741733268
43.1086324302596
43.1239906872506
43.1393489441834
43.1547072011163
43.1700654581073
43.1854237150401
43.2007819719729
43.2161402289639
43.2314984858967
43.2468567428296
43.2622149998206
43.2775732567534
43.2929315136862
43.3082897706772
43.32364802761
43.3390062846011
43.3543645415339
43.3697227984667
43.3850810554577
43.4004393123905
43.4157975693233
43.4311558263144
43.4465140832472
43.46187234018
43.477230597171
43.4925888541038
43.5079471110366
43.5233053680276
43.5386636249605
43.5540218819515
43.5693801388843
43.5847383958171
43.6000966528081
43.6154549097409
43.6308131666738
43.6461714236648
43.6615296805976
43.6768879375304
43.6922461945214
43.7076044514542
43.7229627083871
43.7383209653781
43.7536792223109
43.7690374793019
43.7843957362347
43.7997539931675
43.8151122501586
43.8304705070914
43.8458287640242
43.8611870210152
43.876545277948
43.8919035348808
43.9072617918719
43.9226200488047
43.9379783057375
43.9533365627285
43.9686948196613
43.9840530766523
43.9994113335852
44.014769590518
44.030127847509
44.0454861044418
44.0608443613746
44.0762026183656
44.0915608752985
44.1069191322313
44.1222773892223
44.1376356461551
44.1529939030879
44.1683521600789
44.1837104170118
44.1990686740028
44.2144269309356
44.2297851878684
44.2451434448594
44.2605017017922
44.2758599587251
44.2912182157161
44.3065764726489
44.3219347295817
44.3372929865727
44.3526512435055
44.3680095004383
44.3833677574294
44.3987260143622
44.4140842713532
44.429442528286
44.4448007852188
44.4601590422099
44.4755172991427
44.4908755560755
44.5062338130665
44.5215920699993
44.5369503269321
44.5523085839231
44.567666840856
44.5830250977888
44.5983833547798
44.6137416117126
44.6290998687036
44.6444581256364
44.6598163825693
44.6751746395603
44.6905328964931
44.7058911534259
44.7212494104169
44.7366076673497
44.7519659242826
44.7673241812736
44.7826824382064
44.7980406951392
44.8133989521302
44.828757209063
44.8441154659959
44.8594737229869
44.8748319799197
44.8901902369107
44.9055484938435
44.9209067507763
44.9362650077674
44.9516232647002
44.966981521633
44.982339778624
44.9976980355568
45.0130562924896
45.0284145494807
45.0437728064135
45.0591310633463
45.0744893203373
45.0898475772701
45.1052058342611
45.120564091194
45.1359223481268
45.1512806051178
45.1666388620506
45.1819971189834
45.1973553759744
45.2127136329073
45.2280718898401
45.2434301468311
45.2587884037639
45.2741466606967
45.2895049176877
45.3048631746206
45.3202214316116
45.3355796885444
45.3509379454772
45.3662962024682
45.381654459401
45.3970127163338
45.4123709733249
45.4277292302577
45.4430874871905
45.4584457441815
45.4738040011143
45.4891622580471
45.5045205150382
45.519878771971
45.535237028962
45.5505952858948
45.5659535428276
45.5813117998186
45.5966700567515
45.6120283136843
45.6273865706753
45.6427448276081
45.6581030845409
45.6734613415319
45.6888195984648
45.7041778553976
45.7195361123886
45.7348943693214
45.7502526263124
45.7656108832452
45.7809691401781
45.7963273971691
45.8116856541019
45.8270439110347
45.8424021680257
45.8577604249585
45.8731186818914
45.8884769388824
45.9038351958152
45.919193452748
45.934551709739
45.9499099666718
45.9652682236629
45.9806264805957
45.9959847375285
46.0113429945195
46.0267012514523
46.0420595083851
46.0574177653762
46.072776022309
46.0881342792418
46.1034925362328
46.1188507931656
46.1342090500984
46.1495673070895
46.1649255640223
46.1802838210133
46.1956420779461
46.2110003348789
46.2263585918699
46.2417168488028
46.2570751057356
46.2724333627266
46.2877916196594
46.3031498765922
46.3185081335832
46.3338663905161
46.3492246474489
46.3645829044399
46.3799411613727
46.3952994183637
46.4106576752965
46.4260159322293
46.4413741892204
46.4567324461532
46.472090703086
46.487448960077
46.5028072170098
46.5181654739426
46.5335237309337
46.5488819878665
46.5642402447993
46.5795985017903
46.5949567587231
46.6103150156559
46.625673272647
46.6410315295798
46.6563897865708
46.6717480435036
46.6871063004364
46.7024645574274
46.7178228143603
46.7331810712931
46.7485393282841
46.7638975852169
46.7792558421497
46.7946140991407
46.8099723560736
46.8253306130064
46.8406888699974
46.8560471269302
46.8714053839212
46.886763640854
46.9021218977869
46.9174801547779
46.9328384117107
46.9481966686435
46.9635549256345
46.9789131825673
46.9942714395002
47.0096296964912
47.024987953424
47.0403462103568
47.0557044673478
47.0710627242806
47.0864209812717
47.1017792382045
47.1171374951373
47.1324957521283
47.1478540090611
47.1632122659939
47.178570522985
47.1939287799178
47.2092870368506
47.2246452938416
47.2400035507744
47.2553618077072
47.2707200646983
47.2860783216311
47.3014365786221
47.3167948355549
47.3321530924877
47.3475113494787
47.3628696064116
47.3782278633444
47.3935861203354
47.4089443772682
47.424302634201
47.439660891192
47.4550191481248
47.4703774050577
47.4857356620487
47.5010939189815
47.5164521759725
47.5318104329053
47.5471686898381
47.5625269468292
47.577885203762
47.5932434606948
47.6086017176858
47.6239599746186
47.6393182315514
47.6546764885425
47.6700347454753
47.6853930024081
47.7007512593991
47.7161095163319
47.7314677733229
47.7468260302558
47.7621842871886
47.7775425441796
47.7929008011124
47.8082590580452
47.8236173150362
47.8389755719691
47.8543338289019
47.8696920858929
47.8850503428257
47.9004085997585
47.9157668567495
47.9311251136824
47.9464833706734
47.9618416276062
47.977199884539
47.99255814153
48.0079163984628
48.0232746553957
48.0386329123867
48.0539911693195
48.0693494262523
48.0847076832433
48.1000659401761
48.115424197109
48.1307824541
48.1461407110328
48.1614989680238
48.1768572249566
48.1922154818894
48.2075737388805
48.2229319958133
48.2382902527461
48.2536485097371
48.2690067666699
48.2843650236027
48.2997232805938
48.3150815375266
48.3304397944594
48.3457980514504
48.3611563083832
48.376514565316
48.3918728223071
48.4072310792399
48.4225893362309
48.4379475931637
48.4533058500965
48.4686641070875
48.4840223640203
48.4993806209532
48.5147388779442
48.530097134877
48.5454553918098
48.5608136488008
48.5761719057336
48.5915301626665
48.6068884196575
48.6222466765903
48.6376049335813
48.6529631905141
48.6683214474469
48.683679704438
48.6990379613708
48.7143962183036
48.7297544752946
48.7451127322274
48.7604709891602
48.7758292461513
48.7911875030841
48.8065457600169
48.8219040170079
48.8372622739407
48.8526205309317
48.8679787878646
48.8833370447974
48.8986953017884
48.9140535587212
48.929411815654
48.944770072645
48.9601283295779
48.9754865865107
48.9908448435017
49.0062031004345
49.0215613573673
49.0369196143583
49.0522778712912
49.0676361282822
49.082994385215
49.0983526421478
49.1137108991388
49.1290691560716
49.1444274130045
49.1597856699955
49.1751439269283
49.1905021838611
49.2058604408521
49.2212186977849
49.2365769547177
49.2519352117088
49.2672934686416
49.2826517256326
49.2980099825654
49.3133682394982
49.3287264964893
49.3440847534221
49.3594430103549
49.3748012673459
49.3901595242787
49.4055177812115
49.4208760382026
49.4362342951354
49.4515925520682
49.4669508090592
49.482309065992
49.497667322983
49.5130255799158
49.5283838368487
49.5437420938397
49.5591003507725
49.5744586077053
49.5898168646963
49.6051751216291
49.620533378562
49.635891635553
49.6512498924858
49.6666081494186
49.6819664064096
49.6973246633424
49.7126829203335
49.7280411772663
49.7433994341991
49.7587576911901
49.7741159481229
49.7894742050557
49.8048324620468
49.8201907189796
49.8355489759124
49.8509072329034
49.8662654898362
49.881623746769
49.8969820037601
49.9123402606929
49.9276985176839
49.9430567746167
49.9584150315495
49.9737732885405
49.9891315454734
50.0044898024062
50.0198480593972
50.03520631633
50.0505645732628
50.0659228302538
50.0812810871867
50.0966393441195
50.1119976011105
50.1273558580433
50.1427141149761
50.1580723719671
50.1734306289
50.188788885891
50.2041471428238
50.2195053997566
50.2348636567476
50.2502219136804
50.2655801706132
50.2809384276043
50.2962966845371
50.3116549414699
50.3270131984609
50.3423714553937
50.3577297123265
50.3730879693176
50.3884462262504
50.4038044832414
50.4191627401742
50.434520997107
50.4498792540981
50.4652375110309
50.4805957679637
50.4959540249547
50.5113122818875
50.5266705388203
50.5420287958113
50.5573870527442
50.572745309677
50.588103566668
50.6034618236008
50.6188200805918
50.6341783375246
50.6495365944575
50.6648948514485
50.6802531083813
50.6956113653141
50.7109696223051
50.7263278792379
50.7416861361708
50.7570443931618
50.7724026500946
50.7877609070274
50.8031191640184
50.8184774209512
50.8338356779423
50.8491939348751
50.8645521918079
50.8799104487989
50.8952687057317
50.9106269626645
50.9259852196556
50.9413434765884
50.9567017335212
50.9720599905122
50.987418247445
51.0027765043778
51.0181347613689
51.0334930183017
51.0488512752927
51.0642095322255
51.0795677891583
51.0949260461493
51.1102843030822
51.125642560015
51.141000817006
51.1563590739388
51.1717173308716
51.1870755878626
51.2024338447955
51.2177921017283
51.2331503587193
51.2485086156521
51.2638668726431
51.2792251295759
51.2945833865087
51.3099416434998
51.3252999004326
51.3406581573654
51.3560164143564
51.3713746712892
51.386732928222
51.4020911852131
51.4174494421459
51.4328076990787
51.4481659560697
51.4635242130025
51.4788824699936
51.4942407269264
51.5095989838592
51.5249572408502
51.540315497783
51.5556737547158
51.5710320117068
51.5863902686397
51.6017485255725
51.6171067825635
51.6324650394963
51.6478232964291
51.6631815534201
51.678539810353
51.693898067344
51.7092563242768
51.7246145812096
51.7399728382006
51.7553310951334
51.7706893520663
51.7860476090573
51.8014058659901
51.8167641229229
51.8321223799139
51.8474806368467
51.8628388937796
51.8781971507706
51.8935554077034
51.9089136646362
51.9242719216272
51.93963017856
51.9549884355511
51.9703466924839
51.9857049494167
52.0010632064077
52.0164214633405
52.0317797202733
52.0471379772644
52.0624962341972
52.07785449113
52.093212748121
52.1085710050538
52.1239292619866
52.1392875189777
52.1546457759105
52.1700040329015
52.1853622898343
52.2007205467671
52.2160788037581
52.231437060691
52.2467953176238
52.2621535746148
52.2775118315476
52.2928700884804
52.3082283454714
52.3235866024042
52.3389448593371
52.3543031163281
52.3696613732609
52.3850196302519
52.4003778871847
52.4157361441175
52.4310944011086
52.4464526580414
52.4618109149742
52.4771691719652
52.492527428898
52.5078856858308
52.5232439428219
52.5386021997547
52.5539604566875
52.5693187136785
52.5846769706113
52.6000352276023
52.6153934845352
52.630751741468
52.646109998459
52.6614682553918
52.6768265123246
52.6921847693156
52.7075430262485
52.7229012831813
52.7382595401723
52.7536177971051
52.7689760540379
52.7843343110289
52.7996925679618
52.8150508249528
52.8304090818856
52.8457673388184
52.8611255958094
52.8764838527422
52.8918421096751
52.9072003666661
52.9225586235989
52.9379168805317
52.9532751375227
52.9686333944555
52.9839916513884
52.9993499083794
53.0147081653122
53.0300664223032
53.045424679236
53.0607829361688
53.0761411931599
53.0914994500927
53.1068577070255
53.1222159640165
53.1375742209493
53.1529324778821
53.1682907348732
53.183648991806
53.1990072487388
53.2143655057298
53.2297237626626
53.2450820196536
53.2604402765865
53.2757985335193
53.2911567905103
53.3065150474431
53.3218733043759
53.3372315613669
53.3525898182997
53.3679480752326
53.3833063322236
53.3986645891564
53.4140228460892
53.4293811030802
53.444739360013
53.4600976170041
53.4754558739369
53.4908141308697
53.5061723878607
53.5215306447935
53.5368889017263
53.5522471587174
53.5676054156502
53.582963672583
53.598321929574
53.6136801865068
53.6290384434396
53.6443967004307
53.6597549573635
53.6751132142963
53.6904714712873
53.7058297282201
53.7211879852111
53.736546242144
53.7519044990768
53.7672627560678
53.7826210130006
53.7979792699334
53.8133375269244
53.8286957838573
53.8440540407901
53.8594122977811
53.8747705547139
53.8901288116467
53.9054870686377
53.9208453255706
53.9362035825616
53.9515618394944
53.9669200964272
53.9822783534182
53.997636610351
54.0129948672839
54.0283531242749
54.0437113812077
54.0590696381405
54.0744278951315
54.0897861520643
54.1051444089971
54.1205026659882
54.135860922921
54.151219179912
54.1665774368448
54.1819356937776
54.1972939507687
54.2126522077015
54.2280104646343
54.2433687216253
54.2587269785581
54.2740852354909
54.289443492482
54.3048017494148
54.3201600063476
54.3355182633386
54.3508765202714
54.3662347772624
54.3815930341952
54.3969512911281
54.4123095481191
54.4276678050519
54.4430260619847
54.4583843189757
54.4737425759085
54.4891008328414
54.5044590898324
54.5198173467652
54.535175603698
54.550533860689
54.5658921176218
54.5812503746129
54.5966086315457
54.6119668884785
54.6273251454695
54.6426834024023
54.6580416593351
54.6733999163262
54.688758173259
54.7041164301918
54.7194746871828
54.7348329441156
54.7501912010484
54.7655494580395
54.7809077149723
54.7962659719633
54.8116242288961
54.8269824858289
54.8423407428199
54.8576989997528
54.8730572566856
54.8884155136766
54.9037737706094
54.9191320275422
54.9344902845332
54.9498485414661
54.9652067983989
54.9805650553899
54.9959233123227
55.0112815693137
55.0266398262465
55.0419980831794
55.0573563401704
55.0727145971032
55.088072854036
55.103431111027
55.1187893679598
55.1341476248926
55.1495058818837
55.1648641388165
55.1802223957493
55.1955806527403
55.2109389096731
55.2262971666642
55.241655423597
55.2570136805298
55.2723719375208
55.2877301944536
55.3030884513864
55.3184467083775
55.3338049653103
55.3491632222431
55.3645214792341
55.3798797361669
55.3952379930997
55.4105962500907
55.4259545070236
55.4413127639564
55.4566710209474
55.4720292778802
55.4873875348712
55.502745791804
55.5181040487369
55.5334623057279
55.5488205626607
55.5641788195935
55.5795370765845
55.5948953335173
55.6102535904502
55.6256118474412
55.640970104374
55.6563283613068
55.6716866182978
55.6870448752306
55.7024031322217
55.7177613891545
55.7331196460873
55.7484779030783
55.7638361600111
55.7791944169439
55.794552673935
55.8099109308678
55.8252691878006
55.8406274447916
55.8559857017244
55.8713439586572
55.8867022156483
55.9020604725811
55.9174187295721
55.9327769865049
55.9481352434377
55.9634935004287
55.9788517573616
55.9942100142944
56.0095682712854
56.0249265282182
56.040284785151
56.055643042142
56.0710012990749
56.0863595560077
56.1017178129987
56.1170760699315
56.1324343269225
56.1477925838553
56.1631508407881
56.1785090977792
56.193867354712
56.2092256116448
56.2245838686358
56.2399421255686
56.2553003825014
56.2706586394925
56.2860168964253
56.3013751533581
56.3167334103491
56.3320916672819
56.347449924273
56.3628081812058
56.3781664381386
56.3935246951296
56.4088829520624
56.4242412089952
56.4395994659862
56.4549577229191
56.4703159798519
56.4856742368429
56.5010324937757
56.5163907507085
56.5317490076995
56.5471072646324
56.5624655216234
56.5778237785562
56.593182035489
56.60854029248
56.6238985494128
56.6392568063457
56.6546150633367
56.6699733202695
56.6853315772023
56.7006898341933
56.7160480911261
56.731406348059
56.74676460505
56.7621228619828
56.7774811189738
56.7928393759066
56.8081976328394
56.8235558898305
56.8389141467633
56.8542724036961
56.8696306606871
56.8849889176199
56.9003471745527
56.9157054315438
56.9310636884766
56.9464219454094
56.9617802024004
56.9771384593332
56.9924967163242
57.0078549732571
57.0232132301899
57.0385714871809
57.0539297441137
57.0692880010465
57.0846462580375
57.1000045149704
57.1153627719032
57.1307210288942
57.146079285827
57.1614375427598
57.1767957997508
57.1921540566836
57.2075123136747
57.2228705706075
57.2382288275403
57.2535870845313
57.2689453414641
57.2843035983969
57.299661855388
57.3150201123208
57.3303783692536
57.3457366262446
57.3610948831774
57.3764531401102
57.3918113971013
57.4071696540341
57.4225279109669
57.4378861679579
57.4532444248907
57.4686026818817
57.4839609388146
57.4993191957474
57.5146774527384
57.5300357096712
57.545393966604
57.560752223595
57.5761104805279
57.5914687374607
57.6068269944517
57.6221852513845
57.6375435083173
57.6529017653083
57.6682600222412
57.6836182792322
57.698976536165
57.7143347930978
57.7296930500888
57.7450513070216
57.7604095639545
57.7757678209455
57.7911260778783
57.8064843348111
57.8218425918021
57.8372008487349
57.8525591056678
57.8679173626588
57.8832756195916
57.8986338765826
57.9139921335154
57.9293503904482
57.9447086474393
57.9600669043721
57.9754251613049
57.9907834182959
58.0061416752287
58.0214999321615
58.0368581891526
58.0522164460854
58.0675747030182
58.0829329600092
58.098291216942
58.113649473933
58.1290077308659
58.1443659877987
58.1597242447897
58.1750825017225
58.1904407586553
58.2057990156463
58.2211572725791
58.236515529512
58.251873786503
58.2672320434358
58.2825903003686
58.2979485573596
58.3133068142924
58.3286650712835
58.3440233282163
58.3593815851491
58.3747398421401
58.3900980990729
58.4054563560057
58.4208146129968
58.4361728699296
58.4515311268624
58.4668893838534
58.4822476407862
58.497605897719
58.5129641547101
58.5283224116429
58.5436806686339
58.5590389255667
58.5743971824995
58.5897554394905
58.6051136964234
58.6204719533562
58.6358302103472
58.65118846728
58.6665467242128
58.6819049812038
58.6972632381367
58.7126214950695
58.7279797520605
58.7433380089933
58.7586962659843
58.7740545229171
58.78941277985
58.804771036841
58.8201292937738
58.8354875507066
58.8508458076976
58.8662040646304
58.8815623215633
58.8969205785543
58.9122788354871
58.9276370924199
58.9429953494109
58.9583536063437
58.9737118633348
58.9890701202676
59.0044283772004
59.0197866341914
59.0351448911242
59.050503148057
59.0658614050481
59.0812196619809
59.0965779189137
59.1119361759047
59.1272944328375
59.1426526897703
59.1580109467614
59.1733692036942
59.188727460627
59.204085717618
59.2194439745508
59.2348022315418
59.2501604884746
59.2655187454075
59.2808770023985
59.2962352593313
59.3115935162641
59.3269517732551
59.3423100301879
59.3576682871208
59.3730265441118
59.3883848010446
59.4037430579774
59.4191013149684
59.4344595719012
59.4498178288923
59.4651760858251
59.4805343427579
59.4958925997489
59.5112508566817
59.5266091136145
59.5419673706056
59.5573256275384
59.5726838844712
59.5880421414622
59.603400398395
59.6187586553278
59.6341169123189
59.6494751692517
59.6648334262427
59.6801916831755
59.6955499401083
59.7109081970993
59.7262664540322
59.741624710965
59.756982967956
59.7723412248888
59.7876994818216
59.8030577388126
59.8184159957455
59.8337742526783
59.8491325096693
59.8644907666021
59.8798490235931
59.8952072805259
59.9105655374588
59.9259237944498
59.9412820513826
59.9566403083154
59.9719985653064
59.9873568222392
60.002715079172
60.0180733361631
60.0334315930959
60.0487898500287
60.0641481070197
60.0795063639525
60.0948646209436
60.1102228778764
60.1255811348092
60.1409393918002
60.156297648733
60.1716559056658
60.1870141626569
60.2023724195897
60.2177306765225
60.2330889335135
60.2484471904463
60.2638054473791
60.2791637043701
60.294521961303
60.309880218294
60.3252384752268
60.3405967321596
60.3559549891506
60.3713132460834
60.3866715030163
60.4020297600073
60.4173880169401
60.4327462738729
60.4481045308639
60.4634627877967
60.4788210447296
60.4941793017206
60.5095375586534
60.5248958156444
60.5402540725772
60.55561232951
60.5709705865011
60.5863288434339
60.6016871003667
60.6170453573577
60.6324036142905
60.6477618712233
60.6631201282144
60.6784783851472
60.69383664208
60.709194899071
60.7245531560038
60.7399114129948
60.7552696699277
60.7706279268605
60.7859861838515
60.8013444407843
60.8167026977171
60.8320609547081
60.847419211641
60.8627774685738
60.8781357255648
60.8934939824976
60.9088522394304
60.9242104964214
60.9395687533543
60.9549270102871
60.9702852672781
60.9856435242109
61.0010017812019
61.0163600381347
61.0317182950675
61.0470765520586
61.0624348089914
61.0777930659242
61.0931513229152
61.108509579848
61.1238678367808
61.1392260937719
61.1545843507047
61.1699426076375
61.1853008646285
61.2006591215613
61.2160173785524
61.2313756354852
61.246733892418
61.262092149409
61.2774504063418
61.2928086632746
61.3081669202656
61.3235251771985
61.3388834341313
61.3542416911223
61.3695999480551
61.3849582049879
61.4003164619789
61.4156747189118
61.4310329759028
61.4463912328356
61.4617494897684
61.4771077467594
61.4924660036922
61.5078242606251
61.5231825176161
61.5385407745489
61.5538990314817
61.5692572884727
61.5846155454055
61.5999738023384
61.6153320593294
61.6306903162622
61.6460485732532
61.661406830186
61.6767650871188
61.6921233441099
61.7074816010427
61.7228398579755
61.7381981149665
61.7535563718993
61.7689146288321
61.7842728858232
61.799631142756
61.8149893996888
61.8303476566798
61.8457059136126
61.8610641706036
61.8764224275365
61.8917806844693
61.9071389414603
61.9224971983931
61.9378554553259
61.9532137123169
61.9685719692498
61.9839302261826
61.9992884831736
62.0146467401064
62.0300049970392
62.0453632540302
62.060721510963
62.0760797679541
62.0914380248869
62.1067962818197
62.1221545388107
62.1375127957435
62.1528710526763
62.1682293096674
62.1835875666002
62.198945823533
62.214304080524
62.2296623374568
62.2450205943896
62.2603788513807
62.2757371083135
62.2910953653045
62.3064536222373
62.3218118791701
62.3371701361611
62.352528393094
62.3678866500268
62.3832449070178
62.3986031639506
62.4139614208834
62.4293196778744
62.4446779348073
62.4600361917401
62.4753944487311
62.4907527056639
62.5061109626549
62.5214692195877
62.5368274765206
62.5521857335116
62.5675439904444
62.5829022473772
62.5982605043682
62.613618761301
62.6289770182339
62.6443352752249
62.6596935321577
62.6750517890905
62.6904100460815
62.7057683030143
62.7211265599472
62.7364848169382
62.751843073871
62.767201330862
62.7825595877948
62.7979178447276
62.8132761017187
62.8286343586515
62.8439926155843
62.8593508725753
62.8747091295081
62.8900673864409
62.905425643432
62.9207839003648
62.9361421572976
62.9515004142886
62.9668586712214
62.9822169282124
62.9975751851453
63.0129334420781
63.0282916990691
63.0436499560019
63.0590082129347
63.0743664699257
63.0897247268585
63.1050829837914
63.1204412407824
63.1357994977152
63.151157754648
63.166516011639
63.1818742685718
63.1972325255629
63.2125907824957
63.2279490394285
63.2433072964195
63.2586655533523
63.2740238102851
63.2893820672762
63.304740324209
63.3200985811418
63.3354568381328
63.3508150950656
63.3661733519984
63.3815316089895
63.3968898659223
63.4122481229133
63.4276063798461
63.4429646367789
63.4583228937699
63.4736811507028
63.4890394076356
63.5043976646266
63.5197559215594
63.5351141784922
63.5504724354832
63.5658306924161
63.5811889493489
63.5965472063399
63.6119054632727
63.6272637202637
63.6426219771965
63.6579802341294
63.6733384911204
63.6886967480532
63.704055004986
63.719413261977
63.7347715189098
63.7501297758427
63.7654880328337
63.7808462897665
63.7962045466993
63.8115628036903
63.8269210606231
63.8422793176142
63.857637574547
63.8729958314798
63.8883540884708
63.9037123454036
63.9190706023364
63.9344288593275
63.9497871162603
63.9651453731931
63.9805036301841
63.9958618871169
64.0112201440497
64.0265784010408
64.0419366579736
64.0572949149646
64.0726531718974
64.0880114288302
64.1033696858212
64.118727942754
64.1340861996869
64.1494444566779
64.1648027136107
64.1801609705435
64.1955192275345
64.2108774844673
64.2262357414002
64.2415939983912
64.256952255324
64.272310512315
64.2876687692478
64.3030270261806
64.3183852831717
64.3337435401045
64.3491017970373
64.3644600540283
64.3798183109611
64.3951765678939
64.410534824885
64.4258930818178
64.4412513387506
64.4566095957416
64.4719678526744
64.4873261096072
64.5026843665983
64.5180426235311
64.5334008805221
64.5487591374549
64.5641173943877
64.5794756513787
64.5948339083116
64.6101921652444
64.6255504222354
64.6409086791682
64.656266936101
64.671625193092
64.6869834500249
64.7023417069577
64.7176999639487
64.7330582208815
64.7484164778725
64.7637747348053
64.7791329917382
64.7944912487292
64.809849505662
64.8252077625948
64.8405660195858
64.8559242765186
64.8712825334514
64.8866407904425
64.9019990473753
64.9173573043081
64.9327155612991
64.9480738182319
64.963432075223
64.9787903321558
64.9941485890886
65.0095068460796
65.0248651030124
65.0402233599452
65.0555816169363
65.0709398738691
65.0862981308019
65.1016563877929
65.1170146447257
65.1323729016585
65.1477311586495
65.1630894155824
65.1784476725734
65.1938059295062
65.209164186439
65.22452244343
65.2398807003628
65.2552389572957
65.2705972142867
65.2859554712195
65.3013137281523
65.3166719851433
65.3320302420761
65.347388499009
65.362746756
65.3781050129328
65.3934632699238
65.4088215268566
65.4241797837894
65.4395380407805
65.4548962977133
65.4702545546461
65.4856128116371
65.5009710685699
65.5163293255027
65.5316875824938
65.5470458394266
65.5624040963594
65.5777623533504
65.5931206102832
65.6084788672742
65.6238371242071
65.6391953811399
65.6545536381309
65.6699118950637
65.6852701519965
65.7006284089875
65.7159866659204
65.7313449228532
65.7467031798442
65.762061436777
65.7774196937098
65.7927779507008
65.8081362076337
65.8234944646247
65.8388527215575
65.8542109784903
65.8695692354813
65.8849274924141
65.9002857493469
65.915644006338
65.9310022632708
65.9463605202036
65.9617187771946
65.9770770341274
65.9924352910602
66.0077935480513
66.0231518049841
66.0385100619751
66.0538683189079
66.0692265758407
66.0845848328318
66.0999430897646
66.1153013466974
66.1306596036884
66.1460178606212
66.161376117554
66.176734374545
66.1920926314779
66.2074508884107
66.2228091454017
66.2381674023345
66.2535256592673
66.2688839162583
66.2842421731912
66.2996004301822
66.314958687115
66.3303169440478
66.3456752010388
66.3610334579716
66.3763917149045
66.3917499718955
66.4071082288283
66.4224664857611
66.4378247427521
66.4531829996849
66.4685412566178
66.4838995136088
66.4992577705416
66.5146160275326
66.5299742844654
66.5453325413982
66.5606907983893
66.5760490553221
66.5914073122549
66.6067655692459
66.6221238261787
66.6374820831115
66.6528403401026
66.6681985970354
66.6835568539682
66.6989151109592
66.714273367892
66.729631624883
66.7449898818159
66.7603481387487
66.7757063957397
66.7910646526725
66.8064229096053
66.8217811665963
66.8371394235292
66.852497680462
66.867855937453
66.8832141943858
66.8985724513186
66.9139307083096
66.9292889652424
66.9446472222335
66.9600054791663
66.9753637360991
66.9907219930901
67.0060802500229
67.0214385069557
67.0367967639468
67.0521550208796
67.0675132778124
67.0828715348034
67.0982297917362
67.113588048669
67.1289463056601
67.1443045625929
67.1596628195839
67.1750210765167
67.1903793334495
67.2057375904405
67.2210958473734
67.2364541043062
67.2518123612972
67.26717061823
67.2825288751628
67.2978871321538
67.3132453890867
67.3286036460195
67.3439619030105
67.3593201599433
67.3746784169343
67.3900366738671
67.4053949308
67.420753187791
67.4361114447238
67.4514697016566
67.4668279586476
67.4821862155804
67.4975444725133
67.5129027295043
67.5282609864371
67.5436192433699
67.5589775003609
67.5743357572937
67.5896940142848
67.6050522712176
67.6204105281504
67.6357687851414
67.6511270420742
67.666485299007
67.6818435559981
67.6972018129309
67.7125600698637
67.7279183268547
67.7432765837875
67.7586348407203
67.7739930977114
67.7893513546442
67.8047096116352
67.820067868568
67.8354261255008
67.8507843824918
67.8661426394247
67.8815008963575
67.8968591533485
67.9122174102813
67.9275756672141
67.9429339242051
67.9582921811379
67.9736504380708
67.9890086950618
68.0043669519946
68.0197252089274
68.0350834659184
68.0504417228512
68.0657999798423
68.0811582367751
68.0965164937079
68.1118747506989
68.1272330076317
68.1425912645645
68.1579495215556
68.1733077784884
68.1886660354212
68.2040242924122
68.219382549345
68.2347408062778
68.2500990632689
68.2654573202017
68.2808155771927
68.2961738341255
68.3115320910583
68.3268903480493
68.3422486049822
68.357606861915
68.372965118906
68.3883233758388
68.4036816327716
68.4190398897626
68.4343981466955
68.4497564036283
68.4651146606193
68.4804729175521
68.4958311745431
68.5111894314759
68.5265476884088
68.5419059453998
68.5572642023326
68.5726224592654
68.5879807162564
68.6033389731892
68.6186972301221
68.6340554871131
68.6494137440459
68.6647720009787
68.6801302579697
68.6954885149025
68.7108467718936
68.7262050288264
68.7415632857592
68.7569215427502
68.772279799683
68.7876380566158
68.8029963136069
68.8183545705397
68.8337128274725
68.8490710844635
68.8644293413963
68.8797875983291
68.8951458553202
68.910504112253
68.925862369244
68.9412206261768
68.9565788831096
68.9719371401006
68.9872953970334
69.0026536539663
69.0180119109573
69.0333701678901
69.0487284248229
69.0640866818139
69.0794449387467
69.0948031956796
69.1101614526706
69.1255197096034
69.1408779665944
69.1562362235272
69.17159448046
69.1869527374511
69.2023109943839
69.2176692513167
69.2330275083077
69.2483857652405
69.2637440221733
69.2791022791644
69.2944605360972
69.30981879303
69.325177050021
69.3405353069538
69.3558935639448
69.3712518208777
69.3866100778105
69.4019683348015
69.4173265917343
69.4326848486671
69.4480431056581
69.463401362591
69.4787596195238
69.4941178765148
69.5094761334476
69.5248343903804
69.5401926473714
69.5555509043043
69.5709091612953
69.5862674182281
69.6016256751609
69.6169839321519
69.6323421890847
69.6477004460176
69.6630587030086
69.6784169599414
69.6937752168742
69.7091334738652
69.724491730798
69.7398499877308
69.7552082447219
69.7705665016547
69.7859247585875
69.8012830155785
69.8166412725113
69.8319995295024
69.8473577864352
69.862716043368
69.878074300359
69.8934325572918
69.9087908142246
69.9241490712157
69.9395073281485
69.9548655850813
69.9702238420723
69.9855820990051
70.0009403559379
70.0162986129289
70.0316568698618
70.0470151268528
70.0623733837856
70.0777316407184
70.0930898977094
70.1084481546422
70.1238064115751
70.1391646685661
70.1545229254989
70.1698811824317
70.1852394394227
70.2005976963555
70.2159559532884
70.2313142102794
70.2466724672122
70.2620307242032
70.277388981136
70.2927472380688
70.3081054950599
70.3234637519927
70.3388220089255
70.3541802659165
70.3695385228493
70.3848967797821
70.4002550367732
70.415613293706
70.4309715506388
70.4463298076298
70.4616880645626
70.4770463215536
70.4924045784865
70.5077628354193
70.5231210924103
70.5384793493431
70.5538376062759
70.5691958632669
70.5845541201998
70.5999123771326
70.6152706341236
70.6306288910564
70.6459871479892
70.6613454049802
70.6767036619131
70.6920619189041
70.7074201758369
70.7227784327697
70.7381366897607
70.7534949466935
70.7688532036263
70.7842114606174
70.7995697175502
70.814927974483
70.830286231474
70.8456444884068
70.8610027453396
70.8763610023307
70.8917192592635
70.9070775162545
70.9224357731873
70.9377940301201
70.9531522871112
70.968510544044
70.9838688009768
70.9992270579678
71.0145853149006
71.0299435718334
71.0453018288244
71.0606600857573
71.0760183426901
71.0913765996811
71.1067348566139
71.1220931136049
71.1374513705377
71.1528096274706
71.1681678844616
71.1835261413944
71.1988843983272
71.2142426553182
71.229600912251
71.2449591691839
71.2603174261749
71.2756756831077
71.2910339400405
71.3063921970315
71.3217504539643
71.3371087109554
71.3524669678882
71.367825224821
71.383183481812
71.3985417387448
71.4138999956776
71.4292582526687
71.4446165096015
71.4599747665343
71.4753330235253
71.4906912804581
71.5060495373909
71.521407794382
71.5367660513148
71.5521243082476
71.5674825652386
71.5828408221714
71.5981990791624
71.6135573360953
71.6289155930281
71.6442738500191
71.6596321069519
71.6749903638847
71.6903486208757
71.7057068778086
71.7210651347414
71.7364233917324
71.7517816486652
71.767139905598
71.782498162589
71.7978564195218
71.8132146765129
71.8285729334457
71.8439311903785
71.8592894473695
71.8746477043023
71.8900059612351
71.9053642182262
71.920722475159
71.9360807320918
71.9514389890828
71.9667972460156
71.9821555029484
71.9975137599395
72.0128720168723
72.0282302738633
72.0435885307961
72.0589467877289
72.0743050447199
72.0896633016528
72.1050215585856
72.1203798155766
72.1357380725094
72.1510963294422
72.1664545864332
72.1818128433661
72.1971711002989
72.2125293572899
72.2278876142227
72.2432458712137
72.2586041281465
72.2739623850794
72.2893206420704
72.3046788990032
72.320037155936
72.335395412927
72.3507536698598
72.3661119267927
72.3814701837837
72.3968284407165
72.4121866976493
72.4275449546403
72.4429032115731
72.4582614685642
72.473619725497
72.4889779824298
72.5043362394208
72.5196944963536
72.5350527532864
72.5504110102775
72.5657692672103
72.5811275241431
72.5964857811341
72.6118440380669
72.6272022949997
72.6425605519908
72.6579188089236
72.6732770659146
72.6886353228474
72.7039935797802
72.7193518367712
72.7347100937041
72.7500683506369
72.7654266076279
72.7807848645607
72.7961431214935
72.8115013784845
72.8268596354173
72.8422178923502
72.8575761493412
72.872934406274
72.888292663265
72.9036509201978
72.9190091771306
72.9343674341217
72.9497256910545
72.9650839479873
72.9804422049783
72.9958004619111
73.0111587188439
73.026516975835
73.0418752327678
73.0572334897006
73.0725917466916
73.0879500036244
73.1033082606154
73.1186665175483
73.1340247744811
73.1493830314721
73.1647412884049
73.1800995453377
73.1954578023287
73.2108160592616
73.2261743161944
73.2415325731854
73.2568908301182
73.272249087051
73.287607344042
73.3029656009749
73.3183238579077
73.3336821148987
73.3490403718315
73.3643986288225
73.3797568857553
73.3951151426882
73.4104733996792
73.425831656612
73.4411899135448
73.4565481705358
73.4719064274686
73.4872646844015
73.5026229413925
73.5179811983253
73.5333394552581
73.5486977122491
73.5640559691819
73.579414226173
73.5947724831058
73.6101307400386
73.6254889970296
73.6408472539624
73.6562055108952
73.6715637678863
73.6869220248191
73.7022802817519
73.7176385387429
73.7329967956757
73.7483550526085
73.7637133095996
73.7790715665324
73.7944298235234
73.8097880804562
73.825146337389
73.84050459438
73.8558628513128
73.8712211082457
73.8865793652367
73.9019376221695
73.9172958791023
73.9326541360933
73.9480123930261
73.963370649959
73.97872890695
73.9940871638828
74.0094454208738
74.0248036778066
74.0401619347394
74.0555201917305
74.0708784486633
74.0862367055961
74.1015949625871
74.1169532195199
74.1323114764527
74.1476697334438
74.1630279903766
74.1783862473094
74.1937445043004
74.2091027612332
74.2244610182242
74.2398192751571
74.2551775320899
74.2705357890809
74.2858940460137
74.3012523029465
74.3166105599375
74.3319688168704
74.3473270738032
74.3626853307942
74.378043587727
74.3934018446598
74.4087601016508
74.4241183585837
74.4394766155747
74.4548348725075
74.4701931294403
74.4855513864313
74.5009096433641
74.516267900297
74.531626157288
74.5469844142208
74.5623426711536
74.5777009281446
74.5930591850774
74.6084174420102
74.6237756990013
74.6391339559341
74.6544922129251
74.6698504698579
74.6852087267907
74.7005669837818
74.7159252407146
74.7312834976474
74.7466417546384
74.7620000115712
74.777358268504
74.7927165254951
74.8080747824279
74.8234330393607
74.8387912963517
74.8541495532845
74.8695078102755
74.8848660672083
74.9002243241412
74.9155825811322
74.930940838065
74.9462990949978
74.9616573519888
74.9770156089216
74.9923738658545
75.0077321228455
75.0230903797783
75.0384486367111
75.0538068937021
75.0691651506349
75.0845234075678
75.0998816645588
75.1152399214916
75.1305981784826
75.1459564354154
75.1613146923482
75.1766729493393
75.1920312062721
75.2073894632049
75.2227477201959
75.2381059771287
75.2534642340615
75.2688224910526
75.2841807479854
75.2995390049182
75.3148972619092
75.330255518842
75.345613775833
75.3609720327659
75.3763302896987
75.3916885466897
75.4070468036225
75.4224050605553
75.4377633175463
75.4531215744792
75.468479831412
75.483838088403
75.4991963453358
75.5145546022686
75.5299128592596
75.5452711161925
75.5606293731835
75.5759876301163
75.5913458870491
75.6067041440401
75.6220624009729
75.6374206579057
75.6527789148968
75.6681371718296
75.6834954287624
75.6988536857534
75.7142119426862
75.729570199619
75.7449284566101
75.7602867135429
75.7756449705339
75.7910032274667
75.8063614843995
75.8217197413906
75.8370779983234
75.8524362552562
75.8677945122472
75.88315276918
75.8985110261128
75.9138692831038
75.9292275400367
75.9445857969695
75.9599440539605
75.9753023108933
75.9906605678843
76.0060188248171
76.02137708175
76.036735338741
76.0520935956738
76.0674518526066
76.0828101095976
76.0981683665304
76.1135266234633
76.1288848804543
76.1442431373871
76.1596013943199
76.1749596513109
76.1903179082437
76.2056761652348
76.2210344221676
76.2363926791004
76.2517509360914
76.2671091930242
76.282467449957
76.2978257069481
76.3131839638809
76.3285422208137
76.3439004778047
76.3592587347375
76.3746169916703
76.3899752486614
76.4053335055942
76.4206917625852
76.436050019518
76.4514082764508
76.4667665334418
76.4821247903747
76.4974830473075
76.5128413042985
76.5281995612313
76.5435578181641
76.5589160751551
76.574274332088
76.5896325890208
76.6049908460118
76.6203491029446
76.6357073599356
76.6510656168684
76.6664238738013
76.6817821307923
76.6971403877251
76.7124986446579
76.7278569016489
76.7432151585817
76.7585734155145
76.7739316725056
