0.894769305675709
0.87455978941644
0.854890115440965
0.835744063831879
0.81710594999318
0.798960605534529
0.781293359886211
0.764090022615237
0.747336866414104
0.731020610735061
0.71512840604385
0.699647818668005
0.684566816215883
0.669873753543495
0.655557359247372
0.641606722662419
0.628011281344714
0.614760809020022
0.601845403979584
0.589255477905561
0.576981745109139
0.565015212165166
0.553347167927726
0.541969173911757
0.530873055026457
0.52005089064675
0.509495006009718
0.499197963923368
0.489152556775701
0.479351798832487
0.469788918812621
0.460457352730425
0.451350736994674
0.442462901754513
0.433787864482892
0.425319823788438
0.417053153447141
0.408982396645499
0.40110226042717
0.393407610335411
0.385893465243996
0.378554992369525
0.371387502458308
0.364386445141348
0.357547404451147
0.350866094494296
0.34433835527412
0.337960148657774
0.33172755448251
0.325636766795941
0.319684090225415
0.313865936471752
0.308178820922797
0.302619359382418
0.297184264910734
0.291870344771562
0.286674497483166
0.281593709968588
0.276625054801969
0.271765687547404
0.267012844187
0.26236383863495
0.257816060334552
0.253366971935194
0.249014107046485
0.244755068066776
0.240587524083439
0.236509208842374
0.232517918784292
0.22861151114544
0.224787902120479
0.221045065085374
0.217381028878165
0.213793876135627
0.21028174168385
0.206842810980896
0.203475318609697
0.200177546819486
0.196947824114072
0.193784523885353
0.190686063090505
0.187650900971378
0.184677537814611
0.18176451375113
0.178910407593646
0.176113835710888
0.17337345093732
0.170687941517142
0.168056030081417
0.165476472657219
0.162948057707714
0.160469605202147
0.158039965714735
0.155658019551499
0.153322675904106
0.151032872029832
0.148787572456764
0.146585768213423
0.144426476082002
0.142308737874426
0.140231619730504
0.138194211437442
0.136195625770009
0.134234997850704
0.132311484529251
0.130424263780808
0.12857253412228
0.126755514046151
0.124972441471268
0.123222573210036
0.121505184451488
0.119819568259738
0.118165035087302
0.116540912302836
0.114946543732813
0.113381289216712
0.111844524175278
0.110335639191446
0.108854039603532
0.107399145110294
0.105970389387505
0.104567219715666
0.103189096618509
0.101835493511968
0.100505896363275
0.0991998033598713
0.0979167245878425
0.0966561817195585
0.0954177077102558
0.0942008465032769
0.0930051527437006
0.0918301915001083
0.0906755379942356
0.0895407773382706
0.0884255042795613
0.0873293229525121
0.0862518466374482
0.0851926975262367
0.0841515064944622
0.0831279128799565
0.0821215642674957
0.0811321162794721
0.0801592323723707
0.0792025836388703
0.0782618486154041
0.0773367130950166
0.0764268699453597
0.0755320189316767
0.074651866544623
0.0737861258327861
0.0729345162397621
0.0720967634456575
0.0712725992128837
0.0704617612361228
0.0696639929963385
0.0688790436187162
0.068106667734419
0.0673466253460473
0.0665986816966949
0.065862607142499
0.0651381770285815
0.064425171568285
0.0637233757256106
0.0630325791007603
0.0623525758187034
0.0616831644206726
0.0610241477585121
0.0603753328917931
0.0597365309876207
0.0591075572230553
0.0584882306900718
0.0578783743029911
0.0572778147083091
0.0566863821968579
0.0561039106182339
0.0555302372974298
0.0549652029536086
0.0544086516209583
0.0538604305715745
0.0533203902403079
0.052788384151529
0.0522642688477512
0.0517479038200665
0.0512391514403399
0.0507378768951155
0.0502439481211895
0.0497572357428006
0.0492776130103979
0.0488049557409403
0.0483391422596871
0.0478800533434399
0.0474275721651952
0.046981584240171
0.0465419773731691
0.0461086416072392
0.045681469173607
0.0452603544428353
0.0448451938771842
0.0444358859841369
0.0440323312710626
0.0436344322009851
0.0432420931494275
0.042855220362305
0.0424737219148385
0.0420975076714619
0.0417264892466955
0.0413605799669637
0.040999694833328
0.0406437504851152
0.0402926651644146
0.0399463586814238
0.0396047523806197
0.0392677691077326
0.0389353331775065
0.0386073703422196
0.0382838077609502
0.0379645739695668
0.0376495988514239
0.0373388136087457
0.0370321507346799
0.036729543986005
0.0364309283564746
0.036136240050781
0.0358454164591246
0.0355583961323723
0.0352751187577903
0.0349955251353378
0.0347195571545055
0.0344471577716872
0.0341782709880709
0.0339128418280346
0.0336508163180369
0.0333921414659877
0.0331367652410892
0.032884636554133
0.0326357052382451
0.032389922030065
0.0321472385513501
0.0319076072909932
0.0316709815874452
0.0314373156115309
0.0312065643496496
0.0309786835873506
0.0307536298932748
0.030531360603453
0.0303118338059533
0.0300950083258669
0.0298808437106278
0.029669300215654
0.0294603387903065
0.0292539210641552
0.029050009333547
0.0288485665484664
0.0286495562996841
0.0284529428061848
0.0282586909028681
0.0280667660285169
0.0278771342140255
0.0276897620708825
0.0275046167799021
0.0273216660801972
0.0271408782583898
0.0269622221380529
0.0267856670693768
0.0266111829190582
0.026438740060402
0.0262683093636362
0.0260998621864295
0.0259333703646123
0.0257688062030916
0.0256061424669588
0.0254453523727836
0.0252864095800921
0.0251292881830217
0.0249739627021523
0.0248204080765069
0.024668599655719
0.0245185131923634
0.0243701248344453
0.0242234111180457
0.0240783489601183
0.0239349156514354
0.0237930888496783
0.0236528465726705
0.0235141671917486
0.0233770294252705
0.0232414123322539
0.0231072953061468
0.0229746580687226
0.022843480664101
0.0227137434528887
0.022585427106439
0.0224585126012274
0.0223329812133405
0.0222088145130754
0.0220859943596477
0.0219645028960051
0.0218443225437452
0.0217254359981344
0.0216078262232255
0.0214914764470731
0.0213763701570435
0.0212624910952169
0.0211498232538816
0.0210383508711158
0.0209280584264568
0.0208189306366559
0.0207109524515152
0.0206041090498067
0.0204983858352711
0.0203937684326941
0.0202902426840594
0.0201877946447759
0.0200864105799788
0.0199860769609012
0.0198867804613165
0.019788507954049
0.0196912465075517
0.0195949833825494
0.0194997060287469
0.019405402081599
0.0193120593591432
0.0192196658588917
0.0191282097547837
0.0190376793941941
0.018948063295
0.0188593501427017
0.0187715287875991
0.01868458824202
0.0185985176776015
0.0185133064226216
0.0184289439593816
0.0183454199216366
0.0182627240920744
0.018180846399841
0.0180997769181123
0.0180195058617111
0.0179400235847674
0.0178613205784228
0.0177833874685765
0.0177062150136734
0.0176297941025324
0.0175541157522148
0.0174791711059315
0.0174049514309885
0.0173314481167702
0.0172586526727585
0.0171865567265891
0.0171151520221423
0.0170444304176679
0.0169743838839457
0.0169050045024768
0.0168362844637097
0.0167682160652968
0.0167007917103827
0.0166340039059233
0.0165678452610343
0.0165023084853701
0.0164373863875307
0.0163730718734976
0.0163093579450966
0.0162462376984889
0.016183704322688
0.0161217510981031
0.0160603713951081
0.015999558672636
0.0159393064767976
0.0158796084395245
0.0158204582772361
0.0157618497895292
0.0157037768578915
0.0156462334444365
0.0155892135906606
0.015532711416222
0.015476721117741
0.0154212369676197
0.0153662533128838
0.015311764574043
0.0152577652439716
0.0152042498868083
0.0151512131368744
0.0150986496976108
0.0150465543405334
0.0149949219042057
0.0149437472932291
0.0148930254772507
0.0148427514899873
0.0147929204282663
0.0147435274510826
0.0146945677786715
0.0146460366915974
0.0145979295298571
0.0145502416919989
0.0145029686342562
0.0144561058696952
0.0144096489673775
0.014363593551536
0.0143179353007648
0.0142726699472226
0.0142277932758489
0.014183301123594
0.0141391893786607
0.0140954539797589
0.0140520909153729
0.0140090962230403
0.0139664659886423
0.0139241963457066
0.0138822834747211
0.0138407236024585
0.0137995130013127
0.0137586479886455
0.0137181249261437
0.0136779402191872
0.0136380903162267
0.0135985717081721
0.01355938092779
0.0135205145491117
0.0134819691868502
0.0134437414958264
0.0134058281704053
0.0133682259439403
0.0133309315882267
0.0132939419129643
0.0132572537652279
0.0132208640289468
0.0131847696243922
0.0131489675076725
0.0131134546702373
0.0130782281383888
0.0130432849728003
0.0130086222680439
0.0129742371521236
0.0129401267860175
0.0129062883632258
0.012872719109327
0.0128394162815399
0.0128063771682936
0.0127735990888033
0.0127410793926528
0.0127088154593843
0.012676804698093
0.0126450445470299
0.0126135324732089
0.0125822659720213
0.0125512425668553
0.0125204598087221
0.0124899152758873
0.0124596065735078
0.0124295313332749
0.0123996872130619
0.0123700718965782
0.0123406830930277
0.0123115185367727
0.0122825759870035
0.0122538532274116
0.0122253480658698
0.0121970583341149
0.0121689818874372
0.0121411166043736
0.0121134603864052
0.0120860111576602
0.0120587668646206
0.0120317254758336
0.012004884981627
0.0119782433938294
0.0119517987454941
0.0119255490906272
0.0118994925039199
0.0118736270804847
0.0118479509355951
0.0118224622044301
0.0117971590418215
0.0117720396220055
0.0117471021383775
0.0117223448032513
0.0116977658476208
0.0116733635209261
0.0116491360908224
0.0116250818429527
0.0116011990807235
0.011577486125084
0.0115539413143084
0.0115305630037813
0.0115073495657865
0.0114842993892984
0.011461410879777
0.0114386824589653
0.01141611256469
0.0113936996506648
0.0113714421862967
0.0113493386564954
0.0113273875614846
0.0113055874166166
0.0112839367521899
0.0112624341132683
0.0112410780595037
0.0112198671649606
0.0111988000179439
0.0111778752208284
0.0111570913898909
0.0111364471551451
0.0111159411601785
0.0110955720619915
0.0110753385308388
0.0110552392500735
0.0110352729159928
0.0110154382376861
0.0109957339368852
0.010976158747817
0.0109567114170573
0.0109373907033877
0.0109181953776539
0.010899124222626
0.010880176032861
0.010861349614567
0.0108426437854694
0.0108240573746786
0.0108055892225605
0.0107872381806072
0.0107690031113113
0.0107508828880404
0.0107328763949142
0.0107149825266832
0.0106972001886084
0.010679528296344
0.0106619657758199
0.0106445115631275
0.010627164604406
0.0106099238557306
0.0105927882830024
0.0105757568618393
0.0105588285774688
0.0105420024246222
0.01052527740743
0.0105086525393192
0.0104921268429111
0.0104756993499216
0.0104593691010619
0.0104431351459411
0.0104269965429699
0.0104109523592652
0.0103950016705573
0.0103791435610964
0.010363377123562
0.0103477014589726
0.0103321156765972
0.0103166188938671
0.0103012102362899
0.0102858888373639
0.0102706538384942
0.0102555043889091
0.0102404396455786
0.010225458773133
0.0102105609437835
0.0101957453372432
0.0101810111406491
0.0101663575484857
0.0101517837625091
0.0101372889916719
0.0101228724520501
0.0101085333667698
0.010094270965935
0.0100800844865576
0.0100659731724864
0.0100519362743384
0.0100379730494307
0.0100240827617126
0.0100102646816999
0.00999651808640847
0.00998284225928993
0.00996923649016753
0.00995570007517303
0.00994223231668433
0.00992883252326391
0.00991550000959816
0.00990223409643726
0.00988903411053599
0.00987589938459532
0.00986282925720453
0.00984982307278434
0.0098368801815305
0.00982399993935828
0.0098111817078475
0.00979842485418842
0.00978572875112815
0.00977309277691782
0.00976051631526039
0.00974799875525906
0.00973553949136644
0.00972313792333422
0.00971079345616352
0.00969850550005587
0.00968627347036479
0.0096740967875479
0.00966197487711975
0.00964990716960507
0.00963789310049274
0.0096259321101902
0.0096140236439785
0.00960216715196789
0.00959036208905388
0.00957860791487391
0.00956690409376453
0.00955525009471904
0.00954364539134573
0.00953208946182653
0.00952058178887625
0.0095091218597022
0.00949770916596443
0.00948634320373632
0.00947502347346566
0.0094637494799363
0.00945252073223008
0.00944133674368939
0.00943019703188002
0.00941910111855453
0.00940804852961608
0.00939703879508255
0.00938607144905125
0.0093751460296639
0.0093642620790721
0.00935341914340321
0.0093426167727265
0.00933185452101987
0.00932113194613685
0.00931044860977395
0.00929980407743848
0.00928919791841669
0.00927862970574222
0.00926809901616501
0.00925760543012051
0.00924714853169922
0.00923672790861662
0.00922634315218338
0.00921599385727601
0.00920567962230768
0.00919540004919953
0.00918515474335219
0.00917494331361765
0.00916476537227145
0.00915462053498516
0.00914450842079919
0.00913442865209588
0.00912438085457287
0.00911436465721678
0.00910437969227718
0.00909442559524085
0.00908450200480626
0.00907460856285843
0.00906474491444392
0.00905491070774628
0.00904510559406152
0.00903532922777407
0.00902558126633284
0.00901586137022763
0.0090061692029657
0.00899650443104868
0.00898686672394963
0.00897725575409044
0.00896767119681935
0.00895811273038881
0.00894858003593349
0.00893907279744857
0.00892959070176819
0.00892013343854423
0.00891070070022515
0.00890129218203522
0.00889190758195376
0.00888254660069482
0.00887320894168683
0.00886389431105268
0.00885460241758974
0.00884533297275037
0.00883608569062238
0.00882686028790978
0.00881765648391377
0.00880847400051378
0.00879931256214883
0.00879017189579901
0.0087810517309671
0.00877195179966045
0.00876287183637297
0.00875381157806731
0.0087447707641572
0.00873574913649
0.00872674643932934
0.00871776241933798
0.0087087968255608
0.00869984940940797
0.00869091992463827
0.00868200812734251
0.00867311377592719
0.00866423663109826
0.00865537645584501
0.00864653301542414
0.00863770607734395
0.00862889541134868
0.00862010078940302
0.00861132198567666
0.00860255877652907
0.00859381094049443
0.00858507825826654
0.00857636051268408
0.00856765748871578
0.00855896897344586
0.00855029475605958
0.00854163462782882
0.00853298838209787
0.00852435581426935
0.00851573672179014
0.00850713090413756
0.00849853816280555
0.00848995830129105
0.00848139112508042
0.00847283644163605
0.00846429406038298
0.00845576379269571
0.00844724545188509
0.00843873885318526
0.00843024381374082
0.00842176015259393
0.00841328769067166
0.00840482625077337
0.0083963756575582
0.00838793573753261
0.00837950631903809
0.00837108723223896
0.00836267830911015
0.00835427938342522
0.00834589029074439
0.00833751086840261
0.00832914095549788
0.00832078039287944
0.00831242902313623
0.00830408669058535
0.00829575324126059
0.00828742852290106
0.00827911238493994
0.00827080467849322
0.00826250525634865
0.00825421397295459
0.0082459306844091
0.00823765524844905
0.00822938752443922
0.00822112737336163
0.0082128746578048
0.00820462924195318
0.00819639099157657
0.0081881597740197
0.00817993545819176
0.00817171791455615
0.00816350701512014
0.00815530263342472
0.00814710464453441
0.00813891292502724
0.00813072735298473
0.0081225478079819
0.00811437417107746
0.00810620632480391
0.00809804415315784
0.00808988754159018
0.00808173637699659
0.00807359054770785
0.00806544994348034
0.00805731445548658
0.00804918397630577
0.00804105839991448
0.00803293762167732
0.00802482153833768
0.00801671004800854
0.00800860305016333
0.0080005004456268
0.00799240213656601
0.00798430802648136
0.00797621802019758
0.00796813202385487
0.00796004994490007
0.00795197169207785
0.00794389717542195
0.00793582630624651
0.00792775899713739
0.00791969516194355
0.00791163471576853
0.00790357757496189
0.00789552365711079
0.00788747288103148
0.007879425166761
0.00787138043554878
0.00786333860984838
0.00785529961330922
0.00784726337076834
0.00783922980824226
0.00783119885291885
0.00782317043314921
0.00781514447843963
0.0078071209194436
0.0077990996879538
0.00779108071689419
0.00778306394031211
0.00777504929337043
0.00776703671233972
0.00775902613459044
0.00775101749858527
0.00774301074387133
0.00773500581107254
0.00772700264188196
0.00771900117905424
0.00771100136639798
0.00770300314876827
0.00769500647205915
0.00768701128319615
0.00767901753012889
0.00767102516182366
0.00766303412825607
0.00765504438040371
0.00764705587023887
0.00763906855072128
0.00763108237579086
0.00762309730036054
0.00761511328030906
0.00760713027247391
0.00759914823464413
0.00759116712555331
0.00758318690487251
0.00757520753320328
0.00756722897207062
0.0075592511839161
0.0075512741320909
0.00754329778084892
0.0075353220953399
0.00752734704160265
0.00751937258655818
0.00751139869800292
0.00750342534460205
0.00749545249588271
0.00748748012222731
0.00747950819486691
0.00747153668587457
0.00746356556815873
0.00745559481545662
0.00744762440232774
0.00743965430414733
0.00743168449709984
0.00742371495817249
0.00741574566514883
0.0074077765966023
0.00739980773188983
0.00739183905114551
0.00738387053527424
0.00737590216594539
0.00736793392558656
0.00735996579737726
0.00735199776524274
0.00734402981384771
0.00733606192859024
0.0073280940955955
0.00732012630170972
0.00731215853449401
0.00730419078221832
0.00729622303385535
0.00728825527907455
0.00728028750823608
0.00727231971238483
0.00726435188324446
0.00725638401321149
0.00724841609534932
0.00724044812338245
0.00723248009169049
0.00722451199530241
0.00721654382989069
0.00720857559176554
0.00720060727786911
0.00719263888576976
0.00718467041365637
0.00717670186033255
0.0071687332252111
0.00716076450830821
0.00715279571023797
0.00714482683220668
0.00713685787600727
0.00712888884401381
0.0071209197391759
0.0071129505650132
0.00710498132560994
0.00709701202560945
0.00708904267020867
0.00708107326515284
0.00707310381673001
0.00706513433176568
0.00705716481761747
0.00704919528216982
0.00704122573382861
0.00703325618151593
0.00702528663466481
0.00701731710321397
0.00700934759760264
0.00700137812876531
0.0069934087081266
0.00698543934759612
0.0069774700595633
0.00696950085689234
0.00696153175291709
0.00695356276143601
0.00694559389670713
0.00693762517344304
0.00692965660680587
0.00692168821240237
0.00691372000627893
0.00690575200491667
0.00689778422522651
0.00688981668454432
0.00688184940062605
0.00687388239164289
0.00686591567617647
0.00685794927321404
0.00684998320214372
0.00684201748274975
0.00683405213520775
0.00682608718008006
0.00681812263831097
0.00681015853122216
0.00680219488050798
0.00679423170823089
0.00678626903681684
0.00677830688905069
0.00677034528807167
0.00676238425736884
0.00675442382077662
0.00674646400247025
0.00673850482696136
0.00673054631909352
0.00672258850403782
0.00671463140728846
0.00670667505465842
0.00669871947227503
0.0066907646865757
0.00668281072430357
0.00667485761250326
0.00666690537851655
0.00665895404997819
0.00665100365481162
0.00664305422122481
0.00663510577770607
0.00662715835301987
0.00661921197620273
0.00661126667655907
0.00660332248365717
0.00659537942732502
0.00658743753764636
0.00657949684495656
0.00657155737983867
0.00656361917311943
0.00655568225586528
0.00654774665937844
0.00653981241519297
0.00653187955507088
0.00652394811099825
0.00651601811518137
0.00650808960004291
0.00650016259821811
0.00649223714255096
0.00648431326609048
0.00647639100208692
0.00646847038398804
0.00646055144543545
0.00645263422026085
0.00644471874248243
0.0064368050463012
0.00642889316609738
0.00642098313642676
0.00641307499201719
0.00640516876776496
0.00639726449873132
0.00638936222013891
0.00638146196736831
0.00637356377595454
0.00636566768158362
0.00635777372008916
0.00634988192744891
0.00634199233978142
0.00633410499334263
0.00632621992452257
0.00631833716984198
0.00631045676594907
0.00630257874961619
0.0062947031577366
0.00628683002732123
0.00627895939549542
0.00627109129949578
0.006263225776667
0.00625536286445866
0.00624750260042212
0.00623964502220743
0.0062317901675602
0.00622393807431853
0.00621608878041
0.00620824232384861
0.00620039874273175
0.00619255807523726
0.00618472035962043
0.00617688563421108
0.00616905393741058
0.00616122530768902
0.00615339978358226
0.00614557740368912
0.00613775820666848
0.00612994223123651
0.00612212951616383
0.00611432010027274
0.00610651402243449
0.00609871132156648
0.00609091203662958
0.00608311620662543
0.00607532387059371
0.00606753506760958
0.00605974983678094
0.00605196821724586
0.00604419024816997
0.00603641596874389
0.00602864541818066
0.00602087863571322
0.00601311566059184
0.00600535653208171
0.00599760128946036
0.00598984997201529
0.00598210261904148
0.00597435926983897
0.00596661996371048
0.00595888473995902
0.00595115363788556
0.00594342669678664
0.00593570395595206
0.00592798545466261
0.00592027123218778
0.00591256132778347
0.00590485578068976
0.00589715463012871
0.00588945791530214
0.00588176567538941
0.00587407794954533
0.00586639477689794
0.00585871619654642
0.005851042247559
0.00584337296897081
0.00583570839978186
0.005828048578955
0.00582039354541384
0.00581274333804075
0.0058050979956749
0.00579745755711024
0.00578982206109358
0.00578219154632263
0.00577456605144406
0.00576694561505167
0.00575933027568441
0.00575172007182459
0.00574411504189602
0.00573651522426213
0.00572892065722425
0.00572133137901974
0.00571374742782024
0.00570616884172995
0.00569859565878384
0.00569102791694595
0.00568346565410772
0.00567590890808624
0.00566835771662266
0.00566081211738048
0.00565327214794395
0.00564573784581645
0.0056382092484189
0.00563068639308818
0.00562316931707554
0.00561565805754512
0.00560815265157236
0.00560065313614254
0.00559315954814924
0.0055856719243929
0.00557819030157938
0.00557071471631846
0.00556324520512245
0.00555578180440482
0.00554832455047872
0.00554087347955569
0.00553342862774426
0.00552599003104864
0.00551855772536734
0.00551113174649194
0.00550371213010573
0.00549629891178246
0.0054888921269851
0.00548149181106457
0.00547409799925854
0.00546671072669018
0.005459330028367
0.00545195593917967
0.00544458849390084
0.00543722772718398
0.0054298736735623
0.00542252636744757
0.00541518584312908
0.0054078521347725
0.00540052527641885
0.00539320530198343
0.00538589224525477
0.00537858613989362
0.00537128701943195
0.00536399491727192
0.00535670986668494
0.00534943190081068
0.00534216105265614
0.00533489735509469
0.00532764084086517
0.00532039154257097
0.00531314949267914
0.00530591472351954
0.00529868726728394
0.00529146715602517
0.00528425442165633
0.00527704909594992
0.00526985121053707
0.00526266079690672
0.00525547788640485
0.00524830251023372
0.00524113469945113
0.00523397448496965
0.00522682189755593
0.00521967696782996
0.00521253972626438
0.00520541020318384
0.00519828842876426
0.0051911744330322
0.00518406824586424
0.00517696989698632
0.00516987941597312
0.00516279683224748
0.00515572217507978
0.00514865547358737
0.00514159675673402
0.00513454605332932
0.00512750339202818
0.00512046880133029
0.00511344230957958
0.00510642394496375
0.00509941373551374
0.00509241170910327
0.00508541789344838
0.00507843231610693
0.00507145500447821
0.00506448598580245
0.00505752528716046
0.00505057293547315
0.00504362895750119
0.00503669337984457
0.00502976622894229
0.00502284753107191
0.00501593731234927
0.00500903559872811
0.00500214241599975
0.00499525778979275
0.00498838174557264
0.00498151430864157
0.00497465550413806
0.00496780535703671
0.00496096389214793
0.00495413113411766
0.0049473071074272
0.00494049183639288
0.00493368534516588
0.00492688765773203
0.00492009879791157
0.00491331878935898
0.00490654765556276
0.00489978541984531
0.00489303210536272
0.0048862877351046
0.00487955233189401
0.00487282591838724
0.0048661085170737
0.00485940015027586
0.00485270084014907
0.00484601060868149
0.00483932947769401
0.00483265746884013
0.00482599460360597
0.00481934090331008
0.00481269638910352
0.00480606108196972
0.00479943500272449
0.00479281817201595
0.00478621061032458
0.00477961233796313
0.00477302337507667
0.00476644374164259
0.00475987345747058
0.00475331254220269
0.00474676101531335
0.0047402188961094
0.00473368620373015
0.00472716295714739
0.00472064917516554
0.00471414487642164
0.00470765007938546
0.00470116480235957
0.00469468906347945
0.00468822288071361
0.00468176627186363
0.00467531925456434
0.00466888184628392
0.00466245406432401
0.00465603592581989
0.00464962744774058
0.00464322864688901
0.0046368395399022
0.00463046014325137
0.00462409047324215
0.00461773054601477
0.0046113803775442
0.00460503998364038
0.00459870937994839
0.00459238858194868
0.00458607760495725
0.00457977646412592
0.00457348517444246
0.00456720375073093
0.00456093220765182
0.00455467055970236
0.00454841882121671
0.00454217700636627
0.00453594512915989
0.00452972320344415
0.00452351124290365
0.00451730926106126
0.00451111727127841
0.00450493528675537
0.00449876332053157
0.00449260138548586
0.00448644949433683
0.00448030765964313
0.00447417589380375
0.00446805420905836
0.00446194261748766
0.00445584113101364
0.00444974976139999
0.00444366852025238
0.00443759741901881
0.00443153646899001
0.00442548568129971
0.00441944506692507
0.004413414636687
0.00440739440125054
0.00440138437112522
0.00439538455666544
0.00438939496807085
0.00438341561538675
0.00437744650850444
0.00437148765716164
0.00436553907094287
0.00435960075927986
0.00435367273145194
0.00434775499658649
0.00434184756365926
0.0043359504414949
0.00433006363876728
0.00432418716399997
0.00431832102556665
0.00431246523169152
0.00430661979044976
0.00430078470976798
0.0042949599974246
0.00428914566105034
0.00428334170812866
0.00427754814599622
0.00427176498184327
0.0042659922227142
0.00426022987550794
0.00425447794697841
0.00424873644373503
0.00424300537224315
0.00423728473882457
0.00423157454965793
0.00422587481077926
0.00422018552808244
0.00421450670731967
0.00420883835410194
0.00420318047389956
0.00419753307204261
0.00419189615372145
0.0041862697239872
0.00418065378775227
0.0041750483497908
0.00416945341473923
0.00416386898709673
0.00415829507122577
0.00415273167135258
0.0041471787915677
0.00414163643582645
0.00413610460794948
0.00413058331162325
0.00412507255040057
0.00411957232770114
0.004114082646812
0.00410860351088813
0.00410313492295293
0.00409767688589876
0.00409222940248746
0.00408679247535088
0.00408136610699143
0.00407595029978258
0.00407054505596941
0.00406515037766915
0.00405976626687171
0.00405439272544021
0.00404902975511154
0.00404367735749686
0.00403833553408221
0.00403300428622897
0.00402768361517447
0.00402237352203248
0.00401707400779382
0.00401178507332684
0.00400650671937801
0.00400123894657245
0.00399598175541451
0.00399073514628827
0.00398549911945812
0.00398027367506932
0.00397505881314853
0.0039698545336044
0.00396466083622806
0.00395947772069374
0.00395430518655931
0.00394914323326679
0.00394399186014297
0.00393885106639993
0.0039337208511356
0.00392860121333433
0.00392349215186743
0.00391839366549376
0.00391330575286026
0.0039082284125025
0.00390316164284528
0.00389810544220316
0.00389305980878103
0.00388802474067465
0.00388300023587125
0.00387798629225005
0.00387298290758284
0.00386799007953455
0.00386300780566378
0.00385803608342339
0.00385307491016105
0.0038481242831198
0.00384318419943859
0.00383825465615289
0.00383333565019519
0.00382842717839561
0.00382352923748242
0.00381864182408265
0.00381376493472258
0.00380889856582835
0.00380404271372651
0.00379919737464457
0.00379436254471155
0.00378953821995856
0.00378472439631934
0.0037799210696308
0.00377512823563364
0.00377034588997282
0.00376557402819817
0.00376081264576494
0.00375606173803435
0.00375132130027411
0.00374659132765903
0.00374187181527153
0.0037371627581022
0.00373246415105036
0.00372777598892462
0.00372309826644338
0.00371843097823546
0.00371377411884055
0.00370912768270984
0.00370449166420652
0.00369986605760636
0.0036952508570982
0.00369064605678455
0.00368605165068211
0.0036814676327223
0.00367689399675183
0.00367233073653319
0.00366777784574525
0.00366323531798378
0.00365870314676193
0.00365418132551086
0.0036496698475802
0.00364516870623863
0.00364067789467436
0.00363619740599573
0.00363172723323171
0.00362726736933238
0.00362281780716955
0.00361837853953723
0.00361394955915215
0.00360953085865431
0.00360512243060751
0.00360072426749985
0.00359633636174424
0.00359195870567896
0.00358759129156816
0.00358323411160235
0.00357888715789898
0.00357455042250287
0.0035702238973868
0.00356590757445197
0.00356160144552857
0.0035573055023762
0.00355301973668447
0.00354874414007343
0.00354447870409415
0.00354022342022915
0.00353597827989295
0.00353174327443257
0.003527518395128
0.00352330363319272
0.00351909897977419
0.00351490442595435
0.00351071996275011
0.00350654558111384
0.00350238127193387
0.00349822702603495
0.0034940828341788
0.00348994868706451
0.00348582457532909
0.00348171048954795
0.00347760642023532
0.00347351235784482
0.00346942829276985
0.00346535421534414
0.00346129011584217
0.00345723598447968
0.00345319181141413
0.00344915758674513
0.003445133300515
0.00344111894270914
0.00343711450325655
0.00343311997203029
0.00342913533884791
0.00342516059347196
0.00342119572561039
0.00341724072491705
0.00341329558099214
0.00340936028338264
0.00340543482158277
0.00340151918503447
0.00339761336312779
0.0033937173452014
0.00338983112054299
0.00338595467838972
0.00338208800792869
0.00337823109829731
0.00337438393858384
0.00337054651782774
0.00336671882502013
0.00336290084910423
0.00335909257897579
0.00335529400348352
0.00335150511142951
0.00334772589156962
0.003343956332614
0.0033401964232274
0.00333644615202966
0.00333270550759612
0.00332897447845799
0.00332525305310284
0.00332154121997492
0.00331783896747567
0.00331414628396406
0.00331046315775698
0.00330678957712975
0.00330312553031639
0.00329947100551012
0.00329582599086372
0.00329219047448993
0.00328856444446183
0.00328494788881327
0.00328134079553924
0.00327774315259628
0.00327415494790281
0.00327057616933961
0.0032670068047501
0.00326344684194082
0.00325989626868174
0.00325635507270669
0.00325282324171368
0.00324930076336533
0.00324578762528924
0.00324228381507829
0.00323878932029111
0.00323530412845238
0.00323182822705323
0.00322836160355158
0.00322490424537252
0.00322145613990865
0.00321801727452046
0.0032145876365367
0.00321116721325468
0.00320775599194068
0.00320435395983027
0.00320096110412866
0.00319757741201106
0.00319420287062303
0.00319083746708081
0.00318748118847164
0.00318413402185417
0.00318079595425871
0.00317746697268764
0.00317414706411569
0.00317083621549033
0.00316753441373203
0.00316424164573465
0.00316095789836573
0.00315768315846685
0.00315441741285389
0.00315116064831745
0.00314791285162305
0.00314467400951157
0.00314144410869945
0.00313822313587911
0.00313501107771918
0.00313180792086486
0.0031286136519382
0.00312542825753843
0.00312225172424224
0.0031190840386041
0.00311592518715658
0.00311277515641059
0.00310963393285575
0.00310650150296062
0.00310337785317306
0.00310026296992045
0.00309715683961004
0.00309405944862922
0.00309097078334579
0.00308789083010826
0.00308481957524615
0.00308175700507024
0.00307870310587284
0.00307565786392815
0.00307262126549242
0.0030695932968043
0.00306657394408512
0.00306356319353911
0.00306056103135369
0.00305756744369975
0.00305458241673193
0.00305160593658883
0.00304863798939331
0.00304567856125277
0.00304272763825935
0.00303978520649024
0.00303685125200791
0.00303392576086037
0.00303100871908142
0.0030281001126909
0.00302519992769495
0.00302230815008623
0.0030194247658442
0.00301654976093532
0.00301368312131334
0.00301082483291951
0.00300797488168282
0.00300513325352024
0.00300229993433695
0.00299947491002661
0.00299665816647153
0.00299384968954294
0.00299104946510121
0.00298825747899607
0.00298547371706687
0.00298269816514273
0.00297993080904284
0.00297717163457664
0.00297442062754403
0.00297167777373562
0.00296894305893291
0.00296621646890854
0.00296349798942647
0.00296078760624221
0.00295808530510301
0.0029553910717481
0.00295270489190887
0.00295002675130906
0.00294735663566501
0.00294469453068581
0.00294204042207354
0.00293939429552345
0.00293675613672414
0.0029341259313578
0.00293150366510035
0.00292888932362167
0.00292628289258578
0.00292368435765102
0.00292109370447024
0.002918510918691
0.00291593598595574
0.00291336889190197
0.00291080962216243
0.00290825816236532
0.00290571449813442
0.00290317861508931
0.0029006504988455
0.00289813013501466
0.00289561750920476
0.00289311260702025
0.0028906154140622
0.00288812591592852
0.0028856440982141
0.00288316994651095
0.00288070344640843
0.00287824458349333
0.0028757933433501
0.00287334971156097
0.00287091367370613
0.00286848521536388
0.00286606432211078
0.00286365097952179
0.00286124517317047
0.00285884688862909
0.00285645611146879
0.00285407282725972
0.00285169702157123
0.00284932867997194
0.00284696778802998
0.00284461433131303
0.00284226829538856
0.0028399296658239
0.00283759842818641
0.00283527456804361
0.00283295807096332
0.0028306489225138
0.00282834710826389
0.00282605261378311
0.00282376542464182
0.00282148552641136
0.00281921290466414
0.00281694754497382
0.00281468943291538
0.00281243855406531
0.00281019489400165
0.00280795843830421
0.00280572917255461
0.00280350708233646
0.00280129215323542
0.00279908437083938
0.00279688372073855
0.00279469018852555
0.00279250375979557
0.00279032442014646
0.00278815215517883
0.00278598695049619
0.00278382879170506
0.00278167766441502
0.00277953355423891
0.00277739644679286
0.00277526632769644
0.00277314318257274
0.00277102699704848
0.00276891775675413
0.00276681544732397
0.00276472005439624
0.00276263156361319
0.00276054996062122
0.00275847523107096
0.00275640736061734
0.00275434633491972
0.00275229213964199
0.00275024476045262
0.00274820418302478
0.00274617039303642
0.00274414337617039
0.00274212311811447
0.0027401096045615
0.00273810282120947
0.00273610275376158
0.00273410938792633
0.00273212270941761
0.00273014270395479
0.00272816935726278
0.00272620265507214
0.00272424258311911
0.00272228912714574
0.00272034227289995
0.00271840200613559
0.00271646831261253
0.00271454117809674
0.00271262058836034
0.00271070652918171
0.00270879898634552
0.00270689794564284
0.00270500339287116
0.00270311531383453
0.00270123369434354
0.00269935852021548
0.00269748977727433
0.00269562745135086
0.0026937715282827
0.00269192199391439
0.00269007883409744
0.0026882420346904
0.00268641158155893
0.00268458746057582
0.00268276965762112
0.00268095815858212
0.00267915294935346
0.00267735401583718
0.00267556134394275
0.00267377491958715
0.00267199472869491
0.00267022075719818
0.00266845299103677
0.0026666914161582
0.00266493601851776
0.00266318678407856
0.00266144369881156
0.00265970674869566
0.0026579759197177
0.00265625119787254
0.0026545325691631
0.00265282001960039
0.00265111353520359
0.00264941310200006
0.00264771870602538
0.00264603033332343
0.00264434796994641
0.00264267160195488
0.0026410012154178
0.00263933679641257
0.00263767833102508
0.00263602580534974
0.00263437920548952
0.002632738517556
0.00263110372766936
0.00262947482195849
0.00262785178656096
0.00262623460762308
0.00262462327129996
0.00262301776375549
0.00262141807116242
0.00261982417970235
0.00261823607556581
0.00261665374495226
0.00261507717407011
0.00261350634913677
0.00261194125637871
0.00261038188203139
0.00260882821233942
0.00260728023355647
0.00260573793194536
0.00260420129377808
0.00260267030533579
0.00260114495290889
0.00259962522279699
0.00259811110130898
0.00259660257476302
0.00259509962948659
0.0025936022518165
0.00259211042809889
0.00259062414468931
0.00258914338795267
0.00258766814426332
0.00258619840000502
0.002584734141571
0.00258327535536397
0.00258182202779609
0.00258037414528908
0.00257893169427416
0.00257749466119207
0.00257606303249315
0.0025746367946373
0.00257321593409399
0.00257180043734231
0.00257039029087098
0.00256898548117833
0.00256758599477236
0.00256619181817071
0.00256480293790069
0.00256341934049933
0.00256204101251331
0.00256066794049904
0.00255930011102266
0.00255793751066002
0.00255658012599671
0.00255522794362809
0.00255388095015926
0.00255253913220509
0.00255120247639024
0.00254987096934913
0.002548544597726
0.00254722334817487
0.00254590720735958
0.00254459616195376
0.00254329019864091
0.00254198930411429
0.00254069346507705
0.00253940266824215
0.00253811690033238
0.00253683614808042
0.00253556039822875
0.00253428963752974
0.00253302385274561
0.00253176303064844
0.00253050715802017
0.00252925622165263
0.00252801020834748
0.0025267691049163
0.00252553289818052
0.00252430157497143
0.00252307512213023
0.00252185352650799
0.00252063677496563
0.002519424854374
0.00251821775161378
0.00251701545357557
0.00251581794715982
0.00251462521927687
0.00251343725684693
0.00251225404680011
0.00251107557607637
0.00250990183162555
0.00250873280040738
0.00250756846939142
0.00250640882555714
0.00250525385589385
0.00250410354740073
0.00250295788708682
0.00250181686197102
0.00250068045908206
0.00249954866545855
0.00249842146814893
0.00249729885421148
0.00249618081071432
0.00249506732473541
0.00249395838336253
0.00249285397369329
0.00249175408283511
0.00249065869790523
0.0024895678060307
0.00248848139434837
0.00248739945000489
0.00248632196015671
0.00248524891197004
0.00248418029262091
0.0024831160892951
0.00248205628918815
0.00248100087950538
0.00247994984746186
0.00247890318028241
0.00247786086520159
0.00247682288946368
0.00247578924032272
0.00247475990504245
0.00247373487089632
0.00247271412516749
0.00247169765514884
0.00247068544814292
0.00246967749146195
0.00246867377242786
0.00246767427837223
0.0024666789966363
0.00246568791457097
0.00246470101953677
0.00246371829890389
0.00246273974005212
0.00246176533037089
0.00246079505725924
0.00245982890812581
0.00245886687038882
0.00245790893147611
0.00245695507882506
0.00245600529988265
0.00245505958210541
0.00245411791295941
0.00245318027992027
0.00245224667047317
0.00245131707211277
0.00245039147234328
0.00244946985867841
0.00244855221864137
0.00244763853976486
0.00244672880959106
0.00244582301567162
0.00244492114556766
0.00244402318684976
0.00244312912709793
0.00244223895390164
0.00244135265485976
0.00244047021758061
0.00243959162968189
0.00243871687879074
0.00243784595254365
0.00243697883858653
0.00243611552457464
0.00243525599817264
0.0024344002470545
0.00243354825890359
0.00243270002141259
0.00243185552228352
0.00243101474922771
0.00243017768996585
0.00242934433222787
0.00242851466375307
0.00242768867228998
0.00242686634559644
0.00242604767143956
0.00242523263759573
0.00242442123185056
0.00242361344199894
0.002422809255845
0.00242200866120208
0.00242121164589277
0.00242041819774887
0.00241962830461139
0.00241884195433053
0.0024180591347657
0.0024172798337855
0.00241650403926769
0.00241573173909922
0.0024149629211762
0.00241419757340391
0.00241343568369675
0.0024126772399783
0.00241192223018126
0.00241117064224746
0.00241042246412786
0.00240967768378254
0.0024089362891807
0.00240819826830061
0.00240746360912969
0.00240673229966441
0.00240600432791036
0.0024052796818822
0.00240455834960365
0.00240384031910753
0.00240312557843571
0.00240241411563913
0.00240170591877777
0.00240100097592068
0.00240029927514594
0.00239960080454067
0.00239890555220106
0.00239821350623229
0.00239752465474859
0.00239683898587322
0.00239615648773844
0.00239547714848555
0.00239480095626484
0.00239412789923565
0.00239345796556627
0.00239279114343404
0.00239212742102529
0.00239146678653534
0.00239080922816851
0.00239015473413812
0.00238950329266646
0.00238885489198484
0.00238820952033353
0.00238756716596181
0.00238692781712793
0.00238629146209912
0.00238565808915161
0.00238502768657058
0.00238440024265024
0.00238377574569372
0.00238315418401318
0.00238253554592973
0.00238191981977347
0.00238130699388349
0.00238069705660784
0.00238008999630356
0.00237948580133667
0.00237888446008218
0.0023782859609241
0.00237769029225537
0.00237709744247798
0.00237650740000287
0.00237592015325
0.0023753356906483
0.0023747540006357
0.00237417507165914
0.00237359889217456
0.00237302545064691
0.00237245473555013
0.00237188673536719
0.00237132143859007
0.00237075883371978
0.00237019890926634
0.00236964165374881
0.00236908705569529
0.0023685351036429
0.00236798578613782
0.00236743909173528
0.00236689500899957
0.00236635352650403
0.00236581463283107
0.00236527831657219
0.00236474456632795
0.00236421337070802
0.00236368471833115
0.00236315859782519
0.00236263499782713
0.00236211390698305
0.00236159531394817
0.00236107920738683
0.00236056557597253
0.00236005440838792
0.00235954569332482
0.00235903941948421
0.00235853557557624
0.00235803415032029
0.0023575351324449
0.00235703851068785
0.00235654427379613
0.00235605241052597
0.00235556290964284
0.00235507575992147
0.00235459095014586
0.00235410846910929
0.00235362830561432
0.00235315044847284
0.00235267488650604
0.00235220160854444
0.00235173060342792
0.00235126186000571
0.0023507953671364
0.00235033111368799
0.00234986908853787
0.00234940928057283
0.00234895167868911
0.0023484962717924
0.00234804304879784
0.00234759199863005
0.00234714311022313
0.00234669637252072
0.00234625177447595
0.00234580930505153
0.0023453689532197
0.0023449307079623
0.00234449455827074
0.00234406049314607
0.00234362850159896
0.00234319857264972
0.00234277069532836
0.00234234485867454
0.00234192105173766
0.00234149926357682
0.00234107948326089
0.00234066169986849
0.00234024590248805
0.00233983208021779
0.00233942022216576
0.00233901031744987
0.00233860235519791
0.00233819632454754
0.00233779221464637
0.00233739001465191
0.00233698971373168
0.00233659130106314
0.00233619476583379
0.00233580009724115
0.0023354072844928
0.0023350163168064
0.00233462718340971
0.00233423987354063
0.0023338543764472
0.00233347068138767
0.00233308877763045
0.00233270865445423
0.00233233030114793
0.00233195370701076
0.00233157886135224
0.00233120575349223
0.00233083437276096
0.00233046470849905
0.00233009675005754
0.00232973048679792
0.00232936590809216
0.00232900300332273
0.00232864176188265
0.00232828217317549
0.00232792422661543
0.00232756791162725
0.00232721321764641
0.00232686013411905
0.002326508650502
0.00232615875626288
0.00232581044088006
0.00232546369384272
0.00232511850465089
0.00232477486281547
0.00232443275785827
0.00232409217931203
0.00232375311672048
0.00232341555963833
0.00232307949763134
0.00232274492027636
0.00232241181716131
0.00232208017788529
0.00232174999205854
0.00232142124930254
0.00232109393924999
0.0023207680515449
0.00232044357584256
0.00232012050180964
0.0023197988191242
0.00231947851747571
0.00231915958656511
0.00231884201610485
0.00231852579581889
0.00231821091544278
0.0023178973647237
0.00231758513342045
0.00231727421130354
0.0023169645881552
0.00231665625376942
0.00231634919795201
0.00231604341052061
0.00231573888130476
0.00231543560014592
0.00231513355689752
0.00231483274142497
0.00231453314360577
0.00231423475332947
0.00231393756049777
0.00231364155502453
0.00231334672683584
0.00231305306587002
0.00231276056207771
0.00231246920542187
0.00231217898587785
0.00231188989343345
0.00231160191808889
0.00231131504985694
0.00231102927876292
0.00231074459484474
0.00231046098815296
0.00231017844875084
0.00230989696671436
0.00230961653213229
0.0023093371351062
0.00230905876575058
0.00230878141419278
0.00230850507057315
0.00230822972504504
0.00230795536777484
0.00230768198894206
0.00230740957873936
0.00230713812737257
0.00230686762506079
0.00230659806203641
0.00230632942854513
0.00230606171484608
0.00230579491121179
0.00230552900792829
0.00230526399529514
0.00230499986362549
0.0023047366032461
0.00230447420449742
0.00230421265773365
0.00230395195332274
0.00230369208164648
0.00230343303310055
0.00230317479809455
0.00230291736705207
0.00230266073041073
0.00230240487862223
0.0023021498021524
0.00230189549148126
0.00230164193710309
0.00230138912952643
0.00230113705927417
0.00230088571688361
0.00230063509290648
0.00230038517790902
0.00230013596247201
0.00229988743719085
0.00229963959267561
0.00229939241955103
0.00229914590845667
0.00229890005004686
0.00229865483499085
0.00229841025397279
0.00229816629769182
0.00229792295686212
0.00229768022221296
0.00229743808448876
0.00229719653444914
0.00229695556286897
0.00229671516053845
0.00229647531826314
0.00229623602686402
0.00229599727717756
0.00229575906005575
0.0022955213663662
0.00229528418699215
0.00229504751283254
0.00229481133480208
0.00229457564383131
0.00229434043086663
0.00229410568687038
0.00229387140282089
0.00229363756971254
0.00229340417855582
0.00229317122037736
0.00229293868622005
0.00229270656714302
0.00229247485422176
0.00229224353854815
0.00229201261123053
0.00229178206339374
0.0022915518861792
0.00229132207074496
0.00229109260826574
0.00229086348993305
0.00229063470695515
0.00229040625055722
0.00229017811198133
0.00228995028248655
0.00228972275334898
0.00228949551586185
0.00228926856133552
0.0022890418810976
0.00228881546649297
0.00228858930888386
0.0022883633996499
0.00228813773018818
0.00228791229191332
0.00228768707625752
0.00228746207467063
0.0022872372786202
0.00228701267959156
0.00228678826908784
0.00228656403863008
0.00228633997975726
0.00228611608402638
0.00228589234301248
0.00228566874830877
0.00228544529152664
0.00228522196429571
0.00228499875826394
0.00228477566509767
0.00228455267648167
0.00228432978411919
0.00228410697973207
0.00228388425506075
0.00228366160186438
0.00228343901192083
0.00228321647702678
0.00228299398899779
0.00228277153966835
0.00228254912089193
0.00228232672454107
0.0022821043425074
0.00228188196670176
0.0022816595890542
0.0022814372015141
0.00228121479605017
0.00228099236465058
0.00228076989932296
0.00228054739209449
0.00228032483501199
0.00228010222014192
0.00227987953957049
0.0022796567854037
0.00227943394976741
0.0022792110248074
0.00227898800268945
0.00227876487559936
0.00227854163574305
0.00227831827534659
0.00227809478665631
0.00227787116193881
0.00227764739348105
0.0022774234735904
0.00227719939459472
0.0022769751488424
0.00227675072870243
0.00227652612656447
0.00227630133483889
0.00227607634595686
0.0022758511523704
0.00227562574655242
0.00227540012099681
0.00227517426821851
0.00227494818075351
0.00227472185115901
0.00227449527201337
0.00227426843591627
0.0022740413354887
0.00227381396337307
0.00227358631223323
0.00227335837475457
0.00227313014364404
0.00227290161163026
0.00227267277146353
0.00227244361591592
0.00227221413778133
0.00227198432987554
0.00227175418503628
0.00227152369612327
0.00227129285601832
0.00227106165762534
0.00227083009387045
0.00227059815770199
0.00227036584209062
0.00227013314002937
0.00226990004453369
0.00226966654864149
0.00226943264541326
0.00226919832793207
0.00226896358930365
0.00226872842265647
0.00226849282114175
0.00226825677793357
0.00226802028622889
0.00226778333924765
0.00226754593023276
0.00226730805245025
0.00226706969918923
0.00226683086376204
0.00226659153950423
0.00226635171977468
0.00226611139795561
0.00226587056745265
0.00226562922169494
0.0022653873541351
0.00226514495824938
0.00226490202753764
0.00226465855552347
0.00226441453575419
0.00226416996180096
0.00226392482725877
0.00226367912574657
0.00226343285090727
0.00226318599640782
0.00226293855593926
0.00226269052321677
0.00226244189197974
0.0022621926559918
0.0022619428090409
0.00226169234493934
0.00226144125752384
0.00226118954065561
0.00226093718822036
0.00226068419412838
0.0022604305523146
0.00226017625673862
0.00225992130138479
0.00225966568026224
0.00225940938740494
0.00225915241687175
0.00225889476274648
0.00225863641913794
0.00225837738017997
0.00225811764003153
0.0022578571928767
0.00225759603292479
0.00225733415441034
0.0022570715515932
0.00225680821875857
0.00225654415021703
0.00225627934030464
0.00225601378338292
0.00225574747383899
0.0022554804060855
0.0022552125745608
0.0022549439737289
0.00225467459807956
0.00225440444212831
0.00225413350041655
0.00225386176751152
0.00225358923800642
0.0022533159065204
0.00225304176769865
0.00225276681621241
0.00225249104675904
0.00225221445406206
0.00225193703287117
0.00225165877796235
0.00225137968413784
0.00225109974622624
0.0022508189590825
0.00225053731758803
0.00225025481665066
0.00224997145120477
0.00224968721621126
0.00224940210665764
0.00224911611755804
0.00224882924395328
0.0022485414809109
0.00224825282352518
0.00224796326691721
0.00224767280623492
0.00224738143665312
0.00224708915337353
0.00224679595162484
0.00224650182666273
0.00224620677376991
0.00224591078825619
0.00224561386545844
0.00224531600074075
0.00224501718949433
0.00224471742713765
0.00224441670911644
0.00224411503090371
0.00224381238799982
0.00224350877593248
0.00224320419025681
0.00224289862655537
0.00224259208043819
0.00224228454754282
0.00224197602353432
0.00224166650410534
0.00224135598497614
0.00224104446189462
0.00224073193063633
0.00224041838700454
0.00224010382683025
0.00223978824597223
0.00223947164031704
0.00223915400577907
0.00223883533830055
0.00223851563385161
0.0022381948884303
0.0022378730980626
0.00223755025880246
0.00223722636673184
0.00223690141796073
0.00223657540862715
0.00223624833489723
0.00223592019296519
0.00223559097905339
0.00223526068941234
0.00223492932032075
0.00223459686808551
0.00223426332904177
0.00223392869955293
0.00223359297601066
0.00223325615483495
0.0022329182324741
0.00223257920540476
0.00223223907013196
0.00223189782318911
0.00223155546113804
0.00223121198056901
0.00223086737810074
0.0022305216503804
0.00223017479408367
0.00222982680591474
0.00222947768260633
0.0022291274209197
0.00222877601764467
0.00222842346959966
0.00222806977363167
0.00222771492661633
0.00222735892545788
0.00222700176708922
0.00222664344847191
0.00222628396659617
0.00222592331848094
0.00222556150117383
0.00222519851175118
0.00222483434731805
0.00222446900500826
0.00222410248198435
0.00222373477543765
0.00222336588258826
0.00222299580068505
0.00222262452700569
0.00222225205885667
0.00222187839357327
0.0022215035285196
0.00222112746108861
0.00222075018870207
0.00222037170881059
0.00221999201889367
0.00221961111645961
0.00221922899904562
0.00221884566421774
0.00221846110957093
0.00221807533272898
0.00221768833134458
0.00221730010309931
0.00221691064570363
0.0022165199568969
0.00221612803444735
0.00221573487615212
0.00221534047983725
0.00221494484335766
0.00221454796459717
0.00221414984146849
0.00221375047191325
0.00221334985390192
0.00221294798543392
0.00221254486453752
0.00221214048926988
0.00221173485771705
0.00221132796799396
0.0022109198182444
0.00221051040664105
0.00221009973138544
0.00220968779070796
0.00220927458286785
0.0022088601061532
0.00220844435888094
0.00220802733939684
0.00220760904607546
0.0022071894773202
0.00220676863156327
0.00220634650726565
0.00220592310291713
0.00220549841703626
0.00220507244817036
0.00220464519489549
0.00220421665581648
0.00220378682956685
0.00220335571480885
0.00220292331023345
0.00220248961456026
0.00220205462653762
0.00220161834494248
0.00220118076858045
0.00220074189628577
0.00220030172692128
0.00219986025937843
0.00219941749257722
0.00219897342546621
0.00219852805702253
0.00219808138625179
0.00219763341218811
0.00219718413389412
0.00219673355046086
0.00219628166100785
0.00219582846468301
0.00219537396066265
0.00219491814815147
0.00219446102638251
0.00219400259461712
0.00219354285214499
0.00219308179828406
0.00219261943238054
0.00219215575380885
0.00219169076197162
0.00219122445629967
0.00219075683625195
0.00219028790131554
0.00218981765100561
0.00218934608486542
0.00218887320246622
0.00218839900340731
0.00218792348731595
0.00218744665384735
0.00218696850268463
0.00218648903353881
0.00218600824614876
0.00218552614028115
0.00218504271573048
0.00218455797231897
0.00218407190989658
0.00218358452834095
0.00218309582755738
0.00218260580747878
0.00218211446806565
0.00218162180930604
0.00218112783121549
0.00218063253383704
0.00218013591724114
0.00217963798152566
0.00217913872681582
0.00217863815326415
0.00217813626105047
0.00217763305038184
0.00217712852149252
0.00217662267464392
0.00217611551012458
0.00217560702825012
0.00217509722936318
0.00217458611383339
0.00217407368205733
0.0021735599344585
0.00217304487148724
0.00217252849362071
0.00217201080136285
0.0021714917952443
0.0021709714758224
0.00217044984368112
0.002169926899431
0.00216940264370914
0.0021688770771791
0.0021683502005309
0.00216782201448096
0.00216729251977201
0.00216676171717311
0.00216622960747954
0.00216569619151277
0.00216516147012043
0.00216462544417622
0.00216408811457989
0.00216354948225716
0.00216300954815969
0.00216246831326503
0.00216192577857653
0.00216138194512333
0.00216083681396027
0.00216029038616787
0.00215974266285223
0.00215919364514502
0.00215864333420339
0.00215809173120992
0.00215753883737258
0.00215698465392467
0.00215642918212471
0.00215587242325646
0.00215531437862882
0.00215475504957576
0.00215419443745628
0.00215363254365435
0.00215306936957883
0.00215250491666343
0.00215193918636665
0.00215137218017168
0.00215080389958641
0.00215023434614326
0.00214966352139924
0.00214909142693578
0.00214851806435875
0.00214794343529832
0.00214736754140896
0.00214679038436933
0.00214621196588224
0.00214563228767456
0.00214505135149718
0.00214446915912493
0.0021438857123565
0.00214330101301441
0.00214271506294489
0.00214212786401786
0.00214153941812682
0.00214094972718881
0.00214035879314434
0.0021397666179573
0.00213917320361489
0.00213857855212757
0.00213798266552898
0.00213738554587585
0.00213678719524796
0.00213618761574806
0.00213558680950174
0.00213498477865747
0.00213438152538641
0.00213377705188242
0.00213317136036192
0.00213256445306389
0.00213195633224972
0.00213134700020317
0.00213073645923032
0.00213012471165944
0.00212951175984095
0.00212889760614732
0.00212828225297302
0.00212766570273443
0.00212704795786974
0.00212642902083893
0.0021258088941236
0.002125187580227
0.00212456508167384
0.00212394140101033
0.00212331654080397
0.00212269050364359
0.00212206329213917
0.00212143490892184
0.00212080535664375
0.00212017463797799
0.00211954275561853
0.00211890971228013
0.00211827551069826
0.00211764015362899
0.00211700364384895
0.00211636598415521
0.00211572717736523
0.00211508722631675
0.0021144461338677
0.00211380390289614
0.00211316053630017
0.00211251603699783
0.00211187040792702
0.00211122365204542
0.00211057577233042
0.00210992677177897
0.00210927665340759
0.00210862542025219
0.00210797307536805
0.00210731962182968
0.00210666506273079
0.00210600940118415
0.00210535264032152
0.00210469478329357
0.00210403583326978
0.00210337579343837
0.00210271466700618
0.00210205245719859
0.00210138916725945
0.00210072480045098
0.00210005936005365
0.00209939284936615
0.00209872527170524
0.00209805663040568
0.00209738692882015
0.00209671617031916
0.00209604435829093
0.00209537149614131
0.00209469758729372
0.002094022635189
0.00209334664328538
0.00209266961505832
0.00209199155400048
0.00209131246362157
0.00209063234744831
0.0020899512090243
0.00208926905190993
0.0020885858796823
0.00208790169593511
0.00208721650427858
0.00208653030833934
0.00208584311176034
0.00208515491820076
0.00208446573133592
0.00208377555485716
0.00208308439247176
0.00208239224790285
0.00208169912488932
0.00208100502718568
0.00208030995856202
0.00207961392280386
0.0020789169237121
0.00207821896510291
0.00207752005080759
0.00207682018467253
0.00207611937055911
0.00207541761234353
0.00207471491391682
0.00207401127918463
0.00207330671206723
0.00207260121649935
0.0020718947964301
0.00207118745582288
0.00207047919865524
0.00206977002891887
0.00206905995061939
0.00206834896777632
0.00206763708442297
0.00206692430460634
0.00206621063238701
0.00206549607183902
0.00206478062704984
0.00206406430212019
0.00206334710116398
0.00206262902830821
0.00206191008769287
0.00206119028347082
0.0020604696198077
0.00205974810088184
0.00205902573088414
0.00205830251401799
0.00205757845449916
0.00205685355655568
0.00205612782442775
0.00205540126236768
0.00205467387463972
0.00205394566551998
0.00205321663929638
0.00205248680026846
0.00205175615274736
0.00205102470105567
0.00205029244952733
0.00204955940250755
0.0020488255643527
0.00204809093943019
0.00204735553211837
0.00204661934680649
0.00204588238789449
0.00204514465979298
0.0020444061669231
0.00204366691371645
0.00204292690461495
0.00204218614407073
0.0020414446365461
0.00204070238651337
0.00203995939845475
0.00203921567686232
0.00203847122623784
0.00203772605109271
0.00203698015594783
0.0020362335453335
0.00203548622378935
0.00203473819586419
0.00203398946611595
0.00203324003911153
0.00203248991942675
0.00203173911164621
0.00203098762036318
0.00203023545017954
0.00202948260570564
0.00202872909156021
0.00202797491237023
0.00202722007277089
0.00202646457740542
0.00202570843092501
0.00202495163798873
0.0020241942032634
0.00202343613142349
0.00202267742715102
0.00202191809513545
0.00202115814007362
0.00202039756666956
0.00201963637963447
0.00201887458368658
0.00201811218355105
0.00201734918395985
0.00201658558965172
0.00201582140537197
0.00201505663587247
0.00201429128591148
0.00201352536025358
0.00201275886366957
0.00201199180093635
0.00201122417683682
0.00201045599615978
0.00200968726369985
0.00200891798425732
0.0020081481626381
0.00200737780365356
0.00200660691212048
0.00200583549286092
0.00200506355070212
0.00200429109047642
0.00200351811702112
0.00200274463517839
0.0020019706497952
0.00200119616572317
0.00200042118781851
0.00199964572094188
0.00199886976995832
0.00199809333973712
0.00199731643515176
0.00199653906107975
0.00199576122240258
0.0019949829240056
0.00199420417077791
0.00199342496761226
0.00199264531940497
0.00199186523105581
0.00199108470746789
0.00199030375354759
0.00198952237420442
0.00198874057435098
0.00198795835890277
0.00198717573277818
0.00198639270089831
0.00198560926818696
0.00198482543957044
0.00198404121997751
0.0019832566143393
0.00198247162758918
0.00198168626466266
0.0019809005304973
0.00198011443003264
0.00197932796821003
0.0019785411499726
0.00197775398026512
0.00197696646403392
0.00197617860622679
0.00197539041179285
0.00197460188568253
0.00197381303284736
0.00197302385823997
0.00197223436681394
0.00197144456352372
0.00197065445332453
0.00196986404117225
0.00196907333202335
0.00196828233083474
0.00196749104256375
0.00196669947216796
0.00196590762460514
0.00196511550483318
0.0019643231178099
0.00196353046849306
0.0019627375618402
0.00196194440280856
0.00196115099635501
0.00196035734743588
0.00195956346100697
0.00195876934202335
0.00195797499543934
0.00195718042620839
0.00195638563928297
0.00195559063961449
0.0019547954321532
0.00195400002184812
0.0019532044136469
0.00195240861249576
0.00195161262333939
0.00195081645112085
0.00195002010078146
0.00194922357726077
0.00194842688549638
0.0019476300304239
0.00194683301697687
0.00194603585008661
0.00194523853468219
0.00194444107569028
0.00194364347803511
0.00194284574663836
0.00194204788641903
0.00194124990229342
0.00194045179917498
0.00193965358197424
0.00193885525559872
0.00193805682495285
0.00193725829493784
0.00193645967045165
0.00193566095638884
0.00193486215764053
0.00193406327909425
0.00193326432563394
0.00193246530213976
0.00193166621348807
0.00193086706455133
0.00193006786019799
0.00192926860529241
0.00192846930469477
0.00192766996326101
0.00192687058584271
0.00192607117728699
0.00192527174243646
0.00192447228612914
0.0019236728131983
0.00192287332847246
0.00192207383677526
0.00192127434292538
0.00192047485173644
0.00191967536801695
0.00191887589657018
0.00191807644219412
0.00191727700968135
0.001916477603819
0.00191567822938862
0.00191487889116613
0.00191407959392173
0.00191328034241979
0.0019124811414188
0.00191168199567127
0.00191088290992365
0.00191008388891623
0.00190928493738309
0.00190848606005201
0.00190768726164434
0.00190688854687498
0.00190608992045228
0.00190529138707794
0.00190449295144694
0.00190369461824745
0.00190289639216078
0.00190209827786126
0.00190130028001617
0.00190050240328569
0.00189970465232278
0.00189890703177312
0.00189810954627502
0.00189731220045934
0.00189651499894945
0.00189571794636108
0.0018949210473023
0.00189412430637343
0.00189332772816694
0.00189253131726739
0.00189173507825133
0.00189093901568729
0.00189014313413559
0.00188934743814837
0.00188855193226946
0.00188775662103432
0.00188696150896993
0.00188616660059476
0.00188537190041868
0.00188457741294289
0.00188378314265979
0.001882989094053
0.00188219527159721
0.00188140167975813
0.00188060832299242
0.00187981520574762
0.00187902233246206
0.0018782297075648
0.00187743733547554
0.00187664522060457
0.00187585336735269
0.00187506178011113
0.00187427046326146
0.00187347942117558
0.00187268865821558
0.0018718981787337
0.00187110798707226
0.00187031808756357
0.0018695284845299
0.00186873918228336
0.00186795018512586
0.00186716149734903
0.00186637312323415
0.0018655850670521
0.00186479733306326
0.00186400992551745
0.00186322284865387
0.00186243610670105
0.00186164970387672
0.00186086364438781
0.00186007793243035
0.00185929257218939
0.00185850756783898
0.00185772292354204
0.00185693864345035
0.00185615473170443
0.00185537119243354
0.00185458802975554
0.00185380524777689
0.00185302285059254
0.00185224084228588
0.00185145922692869
0.00185067800858104
0.00184989719129126
0.00184911677909586
0.00184833677601945
0.00184755718607473
0.00184677801326236
0.00184599926157094
0.00184522093497694
0.0018444430374446
0.00184366557292595
0.00184288854536065
0.001842111958676
0.00184133581678685
0.00184056012359554
0.00183978488299184
0.00183901009885288
0.00183823577504312
0.00183746191541425
0.00183668852380515
0.00183591560404183
0.00183514315993739
0.00183437119529189
0.00183359971389238
0.00183282871951278
0.00183205821591386
0.00183128820684314
0.00183051869603488
0.00182974968720996
0.00182898118407589
0.00182821319032672
0.00182744570964296
0.00182667874569157
0.00182591230212587
0.00182514638258548
0.00182438099069631
0.00182361613007043
0.00182285180430609
0.00182208801698761
0.00182132477168534
0.00182056207195562
0.0018197999213407
0.00181903832336872
0.00181827728155361
0.00181751679939506
0.0018167568803785
0.00181599752797496
0.00181523874564112
0.00181448053681916
0.00181372290493678
0.00181296585340711
0.00181220938562866
0.0018114535049853
0.00181069821484614
0.00180994351856556
0.00180918941948309
0.0018084359209234
0.00180768302619623
0.00180693073859636
0.00180617906140351
0.00180542799788236
0.00180467755128244
0.00180392772483811
0.0018031785217685
0.00180242994527747
0.00180168199855354
0.00180093468476986
0.00180018800708417
0.00179944196863872
0.00179869657256023
0.00179795182195988
0.0017972077199332
0.00179646426956007
0.00179572147390465
0.00179497933601535
0.00179423785892477
0.00179349704564962
0.00179275689919076
0.00179201742253306
0.00179127861864542
0.00179054049048068
0.0017898030409756
0.00178906627305081
0.00178833018961077
0.00178759479354369
0.00178686008772152
0.00178612607499991
0.00178539275821815
0.0017846601401991
0.00178392822374919
0.00178319701165838
0.00178246650670005
0.00178173671163105
0.00178100762919155
0.00178027926210511
0.00177955161307855
0.00177882468480193
0.00177809847994856
0.00177737300117486
0.0017766482511204
0.00177592423240783
0.00177520094764282
0.00177447839941405
0.00177375659029317
0.00177303552283469
0.00177231519957605
0.00177159562303748
0.00177087679572203
0.00177015872011547
0.00176944139868631
0.00176872483388572
0.00176800902814747
0.00176729398388797
0.00176657970350614
0.00176586618938343
0.00176515344388376
0.00176444146935348
0.00176373026812134
0.00176301984249844
0.0017623101947782
0.00176160132723631
0.00176089324213072
0.00176018594170158
0.00175947942817118
0.00175877370374397
0.00175806877060648
0.00175736463092728
0.00175666128685699
0.00175595874052818
0.00175525699405538
0.00175455604953501
0.00175385590904539
0.00175315657464664
0.00175245804838071
0.00175176033227131
0.00175106342832386
0.00175036733852548
0.00174967206484496
0.00174897760923271
0.0017482839736207
0.0017475911599225
0.00174689917003317
0.00174620800582926
0.00174551766916876
0.00174482816189109
0.00174413948581707
0.00174345164274883
0.00174276463446985
0.00174207846274486
0.00174139312931987
0.0017407086359221
0.00174002498425994
0.00173934217602293
0.00173866021288176
0.00173797909648816
0.00173729882847496
0.00173661941045598
0.00173594084402604
0.00173526313076092
0.00173458627221733
0.00173391026993287
0.001733235125426
0.00173256084019603
0.00173188741572306
0.00173121485346797
0.00173054315487237
0.00172987232135859
0.00172920235432964
0.00172853325516916
0.00172786502524146
0.00172719766589138
0.00172653117844437
0.00172586556420638
0.00172520082446388
0.00172453696048381
0.00172387397351354
0.00172321186478087
0.00172255063549398
0.00172189028684141
0.00172123081999203
0.00172057223609501
0.00171991453627978
0.00171925772165602
0.00171860179331365
0.00171794675232275
0.00171729259973357
0.00171663933657649
0.00171598696386199
0.00171533548258066
0.00171468489370311
0.00171403519817997
0.00171338639694191
0.00171273849089952
0.00171209148094336
0.00171144536794392
0.00171080015275155
0.0017101558361965
0.00170951241908883
0.00170886990221844
0.001708228286355
0.00170758757224795
0.00170694776062647
0.00170630885219944
0.00170567084765544
0.0017050337476627
0.0017043975528691
0.00170376226390212
0.00170312788136883
0.00170249440585588
0.00170186183792943
0.00170123017813517
0.00170059942699827
0.00169996958502339
0.0016993406526946
0.00169871263047541
0.00169808551880872
0.00169745931811679
0.00169683402880124
0.00169620965124302
0.00169558618580236
0.00169496363281879
0.00169434199261108
0.00169372126547724
0.00169310145169449
0.00169248255151924
0.00169186456518706
0.00169124749291265
0.00169063133488987
0.00169001609129164
0.00168940176226997
0.00168878834795593
0.00168817584845962
0.00168756426387016
0.00168695359425563
0.00168634383966313
0.00168573500011866
0.00168512707562717
0.00168452006617252
0.00168391397171745
0.00168330879220356
0.0016827045275513
0.00168210117765994
0.00168149874240757
0.00168089722165103
0.00168029661522596
0.00167969692294671
0.00167909814460639
0.00167850027997679
0.00167790332880838
0.00167730729083031
0.00167671216575038
0.00167611795325499
0.00167552465300918
0.00167493226465656
0.0016743407878193
0.00167375022209815
0.00167316056707238
0.00167257182229976
0.00167198398731657
0.00167139706163756
0.00167081104475596
0.0016702259361434
0.00166964173524998
0.00166905844150418
0.00166847605431287
0.0016678945730613
0.00166731399711306
0.00166673432581008
0.00166615555847262
0.00166557769439924
0.00166500073286677
0.00166442467313032
0.00166384951442325
0.00166327525595717
0.00166270189692188
0.0016621294364854
0.00166155787379394
0.00166098720797187
0.00166041743812173
0.00165984856332418
0.00165928058263801
0.00165871349510014
0.00165814729972554
0.0016575819955073
0.00165701758141654
0.00165645405640245
0.00165589141939224
0.00165532966929115
0.0016547688049824
0.00165420882532722
0.00165364972916482
0.00165309151531234
0.0016525341825649
0.00165197772969554
0.0016514221554552
0.00165086745857275
0.00165031363775494
0.00164976069168641
0.00164920861902965
0.00164865741842501
0.00164810708849066
0.00164755762782264
0.00164700903499475
0.00164646130855863
0.0016459144470437
0.00164536844895713
0.00164482331278389
0.00164427903698669
0.00164373562000596
0.00164319306025989
0.00164265135614436
0.00164211050603297
0.00164157050827701
0.00164103136120546
0.00164049306312496
0.00163995561231982
0.001639419007052
0.00163888324556109
0.00163834832606432
0.00163781424675654
0.0016372810058102
0.00163674860137536
0.00163621703157966
0.00163568629452832
0.00163515638830415
0.0016346273109675
0.00163409906055627
0.00163357163508592
0.00163304503254943
0.00163251925091732
0.00163199428813762
0.00163147014213586
0.00163094681081507
0.0016304242920558
0.00162990258371606
0.00162938168363134
0.0016288615896146
0.00162834229945627
0.00162782381092424
0.00162730612176382
0.00162678922969779
0.00162627313242636
0.00162575782762715
0.00162524331295524
0.00162472958604308
0.00162421664450056
0.00162370448591497
0.00162319310785099
0.0016226825078507
0.00162217268343358
0.00162166363209647
0.0016211553513136
0.00162064783853658
0.00162014109119438
0.00161963510669335
0.00161912988241717
0.00161862541572692
0.001618121703961
0.00161761874443518
0.00161711653444257
0.00161661507125363
0.00161611435211614
0.00161561437425526
0.00161511513487344
0.00161461663115051
0.00161411886024359
0.00161362181928716
0.00161312550539301
0.00161262991565029
0.00161213504712543
0.00161164089686222
0.00161114746188177
0.0016106547391825
0.00161016272574018
0.00160967141850787
0.00160918081441598
0.00160869091037225
0.00160820170326173
0.0016077131899468
0.00160722536726717
0.00160673823203988
0.0016062517810593
0.00160576601109714
0.00160528091890243
0.00160479650120155
0.00160431275469822
0.0016038296760735
0.0016033472619858
0.00160286550907087
0.00160238441394181
0.0016019039731891
0.00160142418338057
0.0016009450410614
0.00160046654275416
0.00159998868495879
0.00159951146415261
0.00159903487679033
0.00159855891930404
0.00159808358810323
0.00159760887957482
0.0015971347900831
0.00159666131596981
0.0015961884535541
0.00159571619913255
0.00159524454897919
0.0015947734993455
0.00159430304646041
0.0015938331865303
0.00159336391573906
0.00159289523024802
0.00159242712619605
0.00159195959969947
0.00159149264685217
0.00159102626372551
0.00159056044636842
0.00159009519080736
0.00158963049304635
0.00158916634906697
0.00158870275482839
0.00158823970626738
0.0015877771992983
0.00158731522981313
0.00158685379368148
0.00158639288675062
0.00158593250484546
0.00158547264376861
0.00158501329930033
0.00158455446719862
0.00158409614319918
0.00158363832301544
0.00158318100233861
0.00158272417683762
0.00158226784215923
0.00158181199392798
0.00158135662774622
0.00158090173919416
0.00158044732382984
0.0015799933771892
0.00157953989478604
0.00157908687211211
0.00157863430463706
0.00157818218780851
0.00157773051705204
0.00157727928777125
0.00157682849534772
0.00157637813514109
0.00157592820248905
0.00157547869270738
0.00157502960108995
0.00157458092290877
0.001574132653414
0.00157368478783397
0.00157323732137522
0.00157279024922251
0.00157234356653884
0.00157189726846552
0.00157145135012212
0.00157100580660657
0.00157056063299514
0.00157011582434251
0.00156967137568175
0.00156922728202437
0.00156878353836036
0.00156834013965822
0.00156789708086495
0.00156745435690614
0.00156701196268595
0.00156656989308717
0.00156612814297125
0.00156568670717831
0.00156524558052721
0.00156480475781554
0.00156436423381969
0.00156392400329486
0.00156348406097511
0.00156304440157339
0.00156260501978157
0.00156216591027048
0.00156172706768994
0.00156128848666884
0.00156085016181509
0.00156041208771574
0.001559974258937
0.00155953667002423
0.00155909931550206
0.00155866218987435
0.00155822528762428
0.00155778860321441
0.00155735213108663
0.00155691586566232
0.00155647980134231
0.00155604393250695
0.00155560825351616
0.00155517275870945
0.00155473744240602
0.00155430229890472
0.00155386732248419
0.00155343250740283
0.00155299784789889
0.00155256333819051
0.00155212897247576
0.00155169474493268
0.00155126064971938
0.001550826680974
0.00155039283281487
0.00154995909934046
0.00154952547462951
0.00154909195274103
0.00154865852771438
0.00154822519356931
0.00154779194430603
0.00154735877390525
0.00154692567632824
0.0015464926455169
0.00154605967539378
0.00154562675986219
0.00154519389280621
0.00154476106809077
0.00154432827956172
0.00154389552104586
0.00154346278635104
0.00154303006926618
0.00154259736356136
0.00154216466298787
0.00154173196127828
0.0015412992521465
0.00154086652928786
0.00154043378637913
0.00154000101707864
0.00153956821502631
0.00153913537384375
0.00153870248713429
0.00153826954848307
0.00153783655145711
0.00153740348960537
0.00153697035645884
0.00153653714553058
0.00153610385031582
0.00153567046429203
0.00153523698091897
0.0015348033936388
0.00153436969587612
0.00153393588103806
0.00153350194251438
0.00153306787367749
0.00153263366788259
0.00153219931846771
0.0015317648187538
0.00153133016204482
0.0015308953416278
0.00153046035077294
0.00153002518273367
0.00152958983074677
0.00152915428803242
0.00152871854779429
0.00152828260321963
0.00152784644747939
0.00152741007372824
0.0015269734751047
0.00152653664473122
0.00152609957571428
0.00152566226114445
0.00152522469409653
0.00152478686762958
0.00152434877478707
0.00152391040859692
0.00152347176207165
0.00152303282820843
0.0015225935999892
0.00152215407038074
0.00152171423233481
0.0015212740787882
0.00152083360266287
0.00152039279686602
0.0015199516542902
0.00151951016781344
0.00151906833029928
0.00151862613459696
0.00151818357354145
0.00151774063995361
0.00151729732664026
0.0015168536263943
0.00151640953199482
0.0015159650362072
0.00151552013178322
0.00151507481146118
0.001514629067966
0.00151418289400932
0.00151373628228964
0.00151328922549243
0.00151284171629022
0.00151239374734272
0.00151194531129696
0.00151149640078739
0.00151104700843599
0.0015105971268524
0.00151014674863405
0.00150969586636625
0.00150924447262233
0.00150879255996376
0.00150834012094029
0.00150788714809003
0.00150743363393963
0.00150697957100435
0.00150652495178822
0.00150606976878418
0.00150561401447418
0.0015051576813293
0.00150470076180993
0.00150424324836584
0.00150378513343636
0.0015033264094505
0.00150286706882707
0.00150240710397482
0.00150194650729259
0.00150148527116943
0.00150102338798474
0.00150056085010842
0.00150009764990101
0.0014996337797138
0.00149916923188902
0.00149870399875993
0.00149823807265101
0.00149777144587809
0.00149730411074845
0.00149683605956105
0.00149636728460662
0.00149589777816779
0.00149542753251931
0.00149495653992814
0.00149448479265363
0.00149401228294765
0.00149353900305475
0.00149306494521235
0.00149259010165083
0.00149211446459374
0.00149163802625792
0.00149116077885369
0.00149068271458498
0.00149020382564951
0.00148972410423894
0.00148924354253904
0.00148876213272983
0.00148827986698578
0.00148779673747595
0.00148731273636414
0.00148682785580911
0.00148634208796469
0.00148585542497998
0.00148536785899952
0.00148487938216343
0.00148438998660764
0.001483899664464
0.00148340840786047
0.00148291620892133
0.00148242305976732
0.00148192895251582
0.00148143387928103
0.00148093783217417
0.00148044080330362
0.00147994278477512
0.00147944376869197
0.00147894374715518
0.00147844271226367
0.00147794065611445
0.00147743757080281
0.00147693344842249
0.0014764282810659
0.00147592206082427
0.00147541477978787
0.00147490643004617
0.00147439700368806
0.00147388649280204
0.00147337488947638
0.00147286218579934
0.00147234837385938
0.00147183344574532
0.00147131739354656
0.00147080020935329
0.00147028188525662
0.0014697624133489
0.0014692417857238
0.00146871999447658
0.00146819703170428
0.00146767288950592
0.0014671475599827
0.00146662103523821
0.00146609330737864
0.00146556436851299
0.00146503421075326
0.00146450282621469
0.00146397020701594
0.00146343634527931
0.00146290123313097
0.00146236486270115
0.00146182722612437
0.00146128831553966
0.00146074812309075
0.00146020664092629
0.00145966386120012
0.00145911977607142
0.00145857437770497
0.00145802765827135
0.00145747960994719
0.00145693022491536
0.00145637949536522
0.00145582741349282
0.00145527397150116
0.00145471916160036
0.00145416297600796
0.00145360540694908
0.00145304644665671
0.00145248608737187
0.00145192432134393
0.00145136114083074
0.00145079653809895
0.0014502305054242
0.00144966303509136
0.00144909411939476
0.00144852375063846
0.00144795192113643
0.00144737862321284
0.00144680384920226
0.00144622759144994
0.00144564984231202
0.00144507059415576
0.00144448983935983
0.00144390757031452
0.00144332377942197
0.00144273845909644
0.00144215160176457
0.00144156319986557
0.00144097324585153
0.00144038173218763
0.0014397886513524
0.00143919399583796
0.00143859775815029
0.00143799993080948
0.00143740050634994
0.00143679947732072
0.00143619683628569
0.00143559257582388
0.00143498668852964
0.00143437916701297
0.00143377000389975
0.00143315919183198
0.00143254672346807
0.00143193259148308
0.00143131678856899
0.00143069930743493
0.00143008014080748
0.00142945928143093
0.00142883672206749
0.00142821245549763
0.00142758647452028
0.00142695877195313
0.00142632934063287
0.00142569817341548
0.0014250652631765
0.00142443060281124
0.00142379418523513
0.00142315600338394
0.00142251605021404
0.00142187431870271
0.00142123080184836
0.00142058549267084
0.00141993838421171
0.00141928946953447
0.0014186387417249
0.00141798619389127
0.00141733181916465
0.00141667561069915
0.00141601756167225
0.00141535766528502
0.00141469591476243
0.00141403230335361
0.00141336682433212
0.00141269947099626
0.0014120302366693
0.00141135911469982
0.0014106860984619
0.00141001118135551
0.00140933435680667
0.00140865561826785
0.00140797495921815
0.00140729237316363
0.00140660785363759
0.00140592139420085
0.00140523298844201
0.00140454262997775
0.00140385031245313
0.00140315602954183
0.00140245977494648
0.0014017615423989
0.00140106132566042
0.00140035911852215
0.00139965491480525
0.00139894870836125
0.00139824049307229
0.00139753026285146
0.00139681801164303
0.00139610373342277
0.00139538742219824
0.00139466907200904
0.00139394867692713
0.00139322623105714
0.00139250172853657
0.00139177516353617
0.00139104653026019
0.00139031582294664
0.00138958303586763
0.00138884816332962
0.00138811119967373
0.00138737213927602
0.00138663097654775
0.00138588770593573
0.00138514232192256
0.00138439481902692
0.00138364519180389
0.0013828934348452
0.00138213954277955
0.00138138351027288
0.00138062533202866
0.00137986500278819
0.00137910251733087
0.0013783378704745
0.00137757105707558
0.00137680207202957
0.0013760309102712
0.00137525756677474
0.00137448203655432
0.00137370431466417
0.00137292439619895
0.00137214227629402
0.00137135795012572
0.00137057141291168
0.00136978265991107
0.00136899168642493
0.00136819848779641
0.00136740305941111
0.00136660539669731
0.00136580549512631
0.00136500335021266
0.00136419895751448
0.00136339231263375
0.00136258341121657
0.00136177224895345
0.00136095882157961
0.00136014312487524
0.0013593251546658
0.00135850490682231
0.00135768237726159
0.00135685756194659
0.00135603045688665
0.00135520105813777
0.00135436936180292
0.00135353536403228
0.00135269906102356
0.00135186044902224
0.00135101952432188
0.00135017628326438
0.00134933072224026
0.00134848283768893
0.00134763262609898
0.00134678008400845
0.00134592520800509
0.00134506799472665
0.00134420844086116
0.00134334654314716
0.00134248229837404
0.00134161570338223
0.00134074675506355
0.00133987545036142
0.00133900178627116
0.00133812575984023
0.00133724736816853
0.00133636660840864
0.00133548347776611
0.0013345979734997
0.00133371009292165
0.00133281983339795
0.00133192719234859
0.00133103216724783
0.00133013475562447
0.00132923495506208
0.00132833276319928
0.00132742817772998
0.00132652119640367
0.00132561181702562
0.00132470003745719
0.00132378585561605
0.00132286926947642
0.00132195027706936
0.00132102887648299
0.00132010506586276
0.00131917884341165
0.00131825020739047
0.0013173191561181
0.00131638568797167
0.0013154498013869
0.00131451149485825
0.00131357076693922
0.00131262761624256
0.00131168204144052
0.00131073404126507
0.00130978361450816
0.00130883076002191
0.00130787547671891
0.00130691776357237
0.00130595761961642
0.00130499504394627
0.00130403003571852
0.00130306259415129
0.00130209271852452
0.00130112040818015
0.00130014566252235
0.00129916848101774
0.00129818886319562
0.00129720680864816
0.00129622231703063
0.0012952353880616
0.00129424602152319
0.0012932542172612
0.00129225997518541
0.00129126329526973
0.00129026417755241
0.00128926262213625
0.0012882586291888
0.00128725219894257
0.00128624333169519
0.00128523202780967
0.00128421828771451
0.00128320211190398
0.00128218350093824
0.00128116245544356
0.00128013897611252
0.00127911306370414
0.00127808471904414
0.00127705394302507
0.00127602073660647
0.00127498510081511
0.00127394703674511
0.00127290654555816
0.00127186362848364
0.00127081828681883
0.00126977052192904
0.00126872033524783
0.00126766772827711
0.00126661270258735
0.00126555525981771
0.00126449540167621
0.00126343312993988
0.00126236844645492
0.00126130135313683
0.00126023185197059
0.00125915994501077
0.00125808563438172
0.00125700892227765
0.00125592981096284
0.0012548483027717
0.00125376440010899
0.00125267810544988
0.00125158942134013
0.00125049835039617
0.00124940489530528
0.00124830905882568
0.00124721084378665
0.00124611025308868
0.00124500728970354
0.00124390195667444
0.0012427942571161
0.00124168419421489
0.00124057177122894
0.0012394569914882
0.00123833985839461
0.00123722037542215
0.00123609854611693
0.00123497437409733
0.00123384786305408
0.00123271901675029
0.00123158783902164
0.00123045433377637
0.00122931850499541
0.00122818035673248
0.00122703989311409
0.00122589711833971
0.00122475203668176
0.00122360465248573
0.00122245497017022
0.00122130299422704
0.00122014872922122
0.00121899217979109
0.00121783335064837
0.00121667224657818
0.00121550887243908
0.00121434323316319
0.00121317533375614
0.0012120051792972
0.00121083277493926
0.00120965812590889
0.00120848123750637
0.00120730211510573
0.00120612076415477
0.00120493719017509
0.0012037513987621
0.00120256339558506
0.0012013731863871
0.00120018077698521
0.00119898617327028
0.00119778938120707
0.00119659040683428
0.00119538925626449
0.00119418593568418
0.00119298045135377
0.00119177280960755
0.00119056301685369
0.00118935107957429
0.00118813700432526
0.00118692079773641
0.00118570246651134
0.00118448201742748
0.00118325945733605
0.00118203479316202
0.00118080803190407
0.00117957918063459
0.0011783482464996
0.00117711523671877
0.00117588015858531
0.00117464301946596
0.00117340382680094
0.00117216258810391
0.00117091931096187
0.00116967400303516
0.00116842667205735
0.00116717732583522
0.00116592597224865
0.00116467261925059
0.00116341727486696
0.0011621599471966
0.00116090064441114
0.00115963937475501
0.00115837614654524
0.00115711096817149
0.00115584384809587
0.00115457479485288
0.00115330381704933
0.00115203092336421
0.0011507561225486
0.0011494794234256
0.00114820083489014
0.00114692036590895
0.0011456380255204
0.00114435382283441
0.00114306776703231
0.0011417798673667
0.00114049013316139
0.0011391985738112
0.00113790519878186
0.00113661001760987
0.00113531303990237
0.00113401427533699
0.00113271373366171
0.00113141142469471
0.00113010735832422
0.00112880154450836
0.00112749399327502
0.00112618471472166
0.00112487371901514
0.00112356101639163
0.00112224661715635
0.00112093053168346
0.00111961277041587
0.00111829334386504
0.00111697226261085
0.00111564953730139
0.00111432517865276
0.0011129991974489
0.00111167160454143
0.00111034241084938
0.00110901162735907
0.00110767926512388
0.00110634533526403
0.00110500984896642
0.00110367281748437
0.00110233425213745
0.00110099416431126
0.00109965256545719
0.00109830946709223
0.00109696488079874
0.00109561881822422
0.00109427129108108
0.00109292231114643
0.00109157189026183
0.00109022004033306
0.00108886677332988
0.00108751210128578
0.00108615603629778
0.00108479859052613
0.0010834397761941
0.00108207960558769
0.00108071809105543
0.00107935524500808
0.00107799107991838
0.00107662560832081
0.00107525884281132
0.00107389079604701
0.00107252148074597
0.00107115090968688
0.00106977909570886
0.0010684060517111
0.00106703179065263
0.00106565632555201
0.00106427966948708
0.00106290183559465
0.00106152283707022
0.00106014268716769
0.00105876139919905
0.00105737898653412
0.00105599546260022
0.00105461084088188
0.00105322513492054
0.00105183835831425
0.00105045052471737
0.00104906164784023
0.00104767174144885
0.00104628081936462
0.00104488889546397
0.00104349598367807
0.00104210209799252
0.00104070725244699
0.00103931146113493
0.00103791473820324
0.00103651709785192
0.00103511855433379
0.00103371912195409
0.00103231881507021
0.00103091764809131
0.00102951563547802
0.00102811279174206
0.00102670913144594
0.00102530466920259
0.00102389941967503
0.00102249339757601
0.00102108661766768
0.00101967909476124
0.00101827084371655
0.00101686187944184
0.00101545221689331
0.00101404187107479
0.00101263085703738
0.00101121918987909
0.00100980688474449
0.00100839395682433
0.00100698042135519
0.0010055662936191
0.00100415158894321
0.00100273632269937
0.00100132051030382
0.000999904167216753
0.000998487308942013
0.000997069951026669
0.000995652109060671
0.000994233798676461
0.000992815035548604
0.00099139583539341
0.000989976213968552
0.000988556187072692
0.000987135770545097
0.000985714980265262
0.000984293832152522
0.000982872342165675
0.000981450526302594
0.000980028400599844
0.000978605981132299
0.000977183284012753
0.000975760325391529
0.000974337121456103
0.000972913688430703
0.000971490042575931
0.000970066200188364
0.000968642177600171
0.000967217991178721
0.000965793657326188
0.000964369192479165
0.00096294461310827
0.000961519935717753
0.000960095176845104
0.000958670353060662
0.000957245480967219
0.000955820577199629
0.000954395658424413
0.000952970741339368
0.000951545842673169
0.000950120979184981
0.00094869616766406
0.000947271424929363
0.000945846767829151
0.000944422213240599
0.0009429977780694
0.000941573479249372
0.000940149333742069
0.000938725358536381
0.000937301570648147
0.000935877987119762
0.000934454625019785
0.000933031501442544
0.00093160863350775
0.00093018603836011
0.000928763733168925
0.000927341735127712
0.00092592006145381
0.000924498729387997
0.000923077756194094
0.000921657159158588
0.000920236955590243
0.000918817162819711
0.000917397798199155
0.000915978879101862
0.000914560422921859
0.000913142447073542
0.00091172496899128
0.000910308006129052
0.00090889157596006
0.000907475695976353
0.00090606038368846
0.000904645656625004
0.000903231532332337
0.000901818028374168
0.000900405162331193
0.000898992951800726
0.000897581414396329
0.000896170567747455
0.000894760429499075
0.000893351017311323
0.000891942348859132
0.000890534441831876
0.000889127313933017
0.000887720982879739
0.000886315466402612
0.000884910782245225
0.000883506948163848
0.000882103981927074
0.000880701901315486
0.000879300724121306
0.000877900468148056
0.000876501151210221
0.00087510279113291
0.000873705405751524
0.000872309012911423
0.000870913630467599
0.000869519276284349
0.000868125968234946
0.000866733724201324
0.000865342562073752
0.000863952499750523
0.000862563555137641
0.000861175746148503
0.000859789090703595
0.000858403606730193
0.000857019312162044
0.000855636224939086
0.000854254363007135
0.000852873744317603
0.000851494386827199
0.000850116308497651
0.000848739527295411
0.000847364061191384
0.000845989928160641
0.000844617146182158
0.00084324573323853
0.000841875707315714
0.000840507086402762
0.000839139888491561
0.000837774131576575
0.000836409833654594
0.000835047012724483
0.000833685686786937
0.000832325873844242
0.000830967591900032
0.000829610858959057
0.000828255693026958
0.000826902112110032
0.000825550134215016
0.00082419977734887
0.00082285105951856
0.000821503998730849
0.000820158612992095
0.000818814920308049
0.000817472938683656
0.000816132686122866
0.000814794180628446
0.000813457440201796
0.000812122482842776
0.000810789326549521
0.000809457989318289
0.000808128489143278
0.000806800844016482
0.000805475071927531
0.000804151190863539
0.000802829218808966
0.00080150917374547
0.000800191073651783
0.000798874936503573
0.000797560780273327
0.000796248622930227
0.000794938482440039
0.00079363037676501
0.000792324323863755
0.00079102034169117
0.000789718448198337
0.000788418661332436
0.00078712099903667
0.000785825479250186
0.00078453211990801
0.000783240938940983
0.000781951954275704
0.000780665183834478
0.000779380645535277
0.000778098357291694
0.000776818337012916
0.000775540602603694
0.000774265171964327
0.000772992062990644
0.000771721293574001
0.000770452881601278
0.000769186844954883
0.000767923201512768
0.000766661969148446
0.000765403165731018
0.000764146809125205
0.000762892917191383
0.000761641507785636
0.000760392598759805
0.00075914620796155
0.000757902353234417
0.000756661052417908
0.000755422323347571
0.000754186183855081
0.000752952651768341
0.000751721744911585
0.000750493481105483
0.000749267878167272
0.000748044953910872
0.00074682472614702
0.000745607212683419
0.00074439243132488
0.000743180399873487
0.000741971136128752
0.000740764657887798
0.000739560982945536
0.000738360129094857
0.000737162114126825
0.00073596695583089
0.000734774671995096
0.00073358528040631
0.000732398798850447
0.000731215245112717
0.00073003463697787
0.000728856992230454
0.000727682328655081
0.000726510664036705
0.000725342016160902
0.000724176402814169
0.000723013841784219
0.0007218543508603
0.000720697947833515
0.000719544650497147
0.000718394476647005
0.000717247444081768
0.00071610357060335
0.000714962874017265
0.000713825372133007
0.000712691082764436
0.000711560023730182
0.000710432212854044
0.000709307667965422
0.000708186406899731
0.000707068447498852
0.000705953807611575
0.000704842505094063
0.000703734557810321
0.000702629983632673
0.000701528800442262
0.00070043102612955
0.000699336678594827
0.000698245775748745
0.000697158335512847
0.000696074375820116
0.000694993914615537
0.000693916969856664
0.000692843559514201
0.000691773701572602
0.000690707414030665
0.00068964471490216
0.000688585622216455
0.000687530154019151
0.000686478328372745
0.000685430163357289
0.000684385677071071
0.000683344887631305
0.000682307813174834
0.000681274471858847
0.000680244881861606
0.000679219061383192
0.000678197028646255
0.000677178801896786
0.000676164399404897
0.000675153839465619
0.000674147140399705
0.00067314432055446
0.000672145398304572
0.000671150392052963
0.000670159320231656
0.000669172201302655
0.000668189053758832
0.00066720989612484
0.000666234746958038
0.00066526362484942
0.000664296548424576
0.000663333536344653
0.000662374607307342
0.000661419780047875
0.000660469073340038
0.0006595225059972
0.000658580096873361
0.000657641864864213
0.000656707828908213
0.000655778007987684
0.000654852421129922
0.000653931087408319
0.000653014025943519
0.000652101255904564
0.000651192796510088
0.000650288667029499
0.000649388886784201
0.000648493475148823
0.000647602451552469
0.000646715835479981
0.00064583364647323
0.000644955904132418
0.000644082628117401
0.000643213838149029
0.000642349554010512
0.000641489795548793
0.000640634582675955
0.000639783935370634
0.000638937873679464
0.000638096417718535
0.000637259587674873
0.000636427403807939
0.000635599886451153
0.000634777056013436
0.000633958932980775
0.000633145537917807
0.000632336891469428
0.000631533014362421
0.000630733927407113
0.00062993965149904
0.000629150207620654
0.000628365616843039
0.000627585900327653
0.000626811079328101
0.000626041175191921
0.000625276209362404
0.000624516203380429
0.000623761178886336
0.000623011157621806
0.000622266161431783
0.000621526212266417
0.000620791332183023
0.000620061543348081
0.000619336868039253
0.000618617328647433
0.000617902947678818
0.00061719374775701
0.000616489751625148
0.000615790982148066
0.000615097462314477
0.000614409215239192
0.000613726264165364
0.00061304863246676
0.000612376343650074
0.000611709421357252
0.00061104788936787
0.000610391771601519
0.000609741092120249
0.000609095875131017
0.00060845614498819
0.000607821926196069
0.00060719324341145
0.000606570121446216
0.000605952585269973
0.000605340660012702
0.000604734370967469
0.000604133743593148
0.000603538803517202
0.000602949576538482
0.000602366088630076
0.000601788365942184
0.000601216434805049
0.0006006503217319
0.000600090053421964
0.000599535656763494
0.000598987158836851
0.000598444586917617
0.000597907968479762
0.000597377331198838
0.000596852702955228
0.00059633411183743
0.00059582158614539
0.000595315154393875
0.000594814845315895
0.000594320687866166
0.000593832711224626
0.00059335094479999
0.000592875418233355
0.000592406161401861
0.000591943204422386
0.000591486577655306
0.000591036311708297
0.000590592437440184
0.000590154985964857
0.00058972398865522
0.00058929947714721
0.000588881483343861
0.000588470039419426
0.000588065177823553
0.00058766693128552
0.000587275332818526
0.000586890415724039
0.000586512213596205
0.00058614076032632
0.000585776090107354
0.000585418237438543
0.000585067237130051
0.000584723124307677
0.000584385934417645
0.000584055703231447
0.000583732466850765
0.000583416261712444
0.000583107124593555
0.000582805092616504
0.000582510203254235
0.000582222494335489
0.00058194200405014
0.000581668770954607
0.000581402833977348
0.000581144232424411
0.000580893005985087
0.000580649194737623
0.000580412839155026
0.000580183980110946
0.000579962658885635
0.000579748917172004
0.000579542797081752
0.00057934434115159
0.000579153592349551
0.000578970594081387
0.00057879539019706
0.000578628024997326
0.000578468543240415
0.000578316990148796
0.000578173411416051
0.000578037853213847
0.000577910362198998
0.00057779098552064
0.000577679770827504
0.000577576766275295
0.00057748202053418
0.000577395582796383
0.000577317502783891
0.000577247830756274
0.000577186617518614
0.00057713391442956
0.000577089773409489
0.000577054246948798
0.000577027388116314
0.000577009250567823
0.000576999888554735
0.000576999356932871
0.000577007711171381
0.000577025007361796
0.000577051302227219
0.000577086653131643
0.000577131118089419
0.000577184755774861
0.000577247625531998
0.00057731978738447
0.000577401302045576
0.000577492230928472
0.000577592636156524
0.000577702580573826
0.000577822127755862
0.000577951342020346
0.00057809028843822
0.000578239032844825
0.00057839764185124
0.000578566182855793
0.000578744724055759
0.00057893333445923
0.000579132083897172
0.000579341043035672
0.000579560283388369
0.000579789877329083
0.000580029898104644
0.000580280419847915
0.000580541517591023
0.000580813267278803
0.00058109574578244
0.000581389030913345
0.000581693201437232
0.000582008337088433
0.000582334518584432
0.00058267182764063
0.000583020346985355
0.000583380160375101
0.000583751352610015
0.000584134009549638
0.000584528218128889
0.000584934066374317
0.000585351643420611
0.000585781039527373
0.000586222346096175
0.000586675655687884
0.000587141062040268
0.000587618660085899
0.000588108545970341
0.000588610817070643
0.000589125572014123
0.000589652910697481
0.000590192934306216
0.000590745745334357
0.000591311447604541
0.000591890146288408
0.00059248194792734
0.000593086960453553
0.000593705293211531
0.000594337056979828
0.000594982363993233
0.000595641327965303
0.00059631406411129
0.000597000689171437
0.000597701321434687
0.000598416080762781
0.000599145088614772
0.000599888468071958
0.000600646343863237
0.000601418842390899
0.000602206091756861
0.000603008221789352
0.000603825364070055
0.000604657651961726
0.000605505220636283
0.000606368207103387
0.000607246750239513
0.000608140990817539
0.000609051071536842
0.000609977137053921
0.000610919334013565
0.000611877811080558
0.000612852718971948
0.000613844210489887
0.000614852440555046
0.000615877566240626
0.000616919746806974
0.00061797914373681
0.000619055920771089
0.000620150243945494
0.000621262281627598
0.000622392204554674
0.000623540185872202
0.000624706401173056
0.000625891028537413
0.000627094248573368
0.000628316244458304
0.000629557201980996
0.000630817309584496
0.000632096758409792
0.00063339574234027
0.000634714458046991
0.000636053105034796
0.000637411885689267
0.000638791005324546
0.000640190672232042
0.000641611097730042
0.000643052496214245
0.000644515085209224
0.000645999085420867
0.000647504720789779
0.000649032218545696
0.000650581809262918
0.000652153726916778
0.000653748208941185
0.000655365496287247
0.000657005833483007
0.000658669468694301
0.000660356653786799
0.000662067644389196
0.000663802699957628
0.000665562083841317
0.000667346063349476
0.000669154909819487
0.000670988898686413
0.000672848309553829
0.000674733426266036
0.00067664453698167
0.000678581934248741
0.000680545915081129
0.000682536781036575
0.000684554838296195
0.000686600397745549
0.000688673775057304
0.000690775290775521
0.000692905270401599
0.000695064044481923
0.000697251948697248
0.00069946932395384
0.000701716516476453
0.000703993877903133
0.000706301765381935
0.000708640541669561
0.000711010575231984
0.000713412240347082
0.000715845917209354
0.000718311992036736
0.000720810857179582
0.00072334291123185
0.000725908559144553
0.000728508212341505
0.000731142288837444
0.000733811213358558
0.000736515417465477
0.000739255339678801
0.000742031425607201
0.000744844128078162
0.000747693907271426
0.000750581230855206
0.000753506574125205
0.000756470420146558
0.000759473259898695
0.000762515592423256
0.000765597924975089
0.000768720773176422
0.000771884661174263
0.000775090121801127
0.00077833769673915
0.000781627936687679
0.000784961401534405
0.000788338660530141
0.000791760292467328
0.000795226885862323
0.000798739039141615
0.000802297360832015
0.000805902469754938
0.000809554995224858
0.000813255577252051
0.000817004866749724
0.000820803525745622
0.000824652227598234
0.000828551657217709
0.000832502511291578
0.000836505498515417
0.00084056133982856
0.000844670768654996
0.00084883453114954
0.000853053386449461
0.000857328106931651
0.000861659478475497
0.00086604830073158
0.000870495387396357
0.000875001566492968
0.000879567680658305
0.000884194587436517
0.000888883159579103
0.000893634285351744
0.00089844886884806
0.000903327830310445
0.000908272106458175
0.000913282650822956
0.000918360434092095
0.000923506444459502
0.000928721687984702
0.000934007188960069
0.00093936399028648
0.000944793153857613
0.00095029576095309
0.000955872912640716
0.000961525730188008
0.000967255355483287
0.000973062951466555
0.000978949702570408
0.000984916815171253
0.000990965518051086
0.000997097062870096
0.00100331272465039
0.0010096138022711
0.00101600161897522
0.00102247752288838
0.00102904288755001
0.00103569911245704
0.00104244762362063
0.00104928987413617
0.00105622734476691
0.00106326154454166
0.00107039401136672
0.00107762631265276
0.00108496004595665
0.00109239683963897
0.00109993835353739
0.00110758627965647
0.00111534234287428
0.00112320830166623
0.00113118594884669
0.0011392771123288
0.00114748365590293
0.00115580748003437
0.00116425052268074
0.00117281476012963
0.00118150220785701
0.00119031492140708
0.00119925499729397
0.00120832457392605
0.00121752583255333
0.00122686099823877
0.00123633234085389
0.00124594217609962
0.00125569286655286
0.00126558682273973
0.00127562650423582
0.00128581442079478
0.00129615313350541
0.00130664525597857
0.00131729345556442
0.00132810045460094
0.00133906903169465
0.00135020202303442
0.00136150232373917
0.00137297288924067
0.00138461673670221
0.00139643694647423
0.00140843666358807
0.00142061909928869
0.00143298753260778
0.0014455453119781
0.00145829585689048
0.0014712426595946
0.0014843892868448
0.00149773938169228
0.00151129666532499
0.00152506493895657
0.00153904808576591
0.00155325007288858
0.00156767495346186
0.00158232686872477
0.00159721005017488
0.0016123288217834
0.0016276876022704
0.00164329090744192
0.00165914335259068
0.00167524965496248
0.00169161463629005
0.0017082432253965
0.00172514046087042
0.00174231149381469
0.00175976159067134
0.00177749613612465
0.00179552063608496
0.00181384072075547
0.00183246214778469
0.0018513908055071
0.00187063271627466
0.00189019403988201
0.00191008107708817
0.0019303002732377
0.00195085822198448
0.00197176166912106
0.00199301751651709
0.00201463282617002
0.00203661482437158
0.00205897090599373
0.00208170863889771
0.00210483576847009
0.00212836022228971
0.00215229011492974
0.002176633752899
0.00220139963972701
0.00222659648119721
0.00225223319073314
0.00227831889494243
0.00230486293932349
0.00233187489414022
0.00235936456047017
0.00238734197643141
0.00241581742359419
0.00244480143358313
0.00247430479487614
0.00250433855980644
0.00253491405177424
0.00256604287267489
0.00259773691055063
0.00263000834747302
0.00266286966766386
0.00269633366586225
0.00273041345594593
0.00276512247981521
0.00280047451654834
0.00283648369183703
0.00287316448771169
0.00291053175256581
0.00294860071148956
0.0029873869769229
0.00302690655963892
0.00306717588006851
0.00310821177997775
0.00315003153451002
0.00319265286460514
0.0032360939498082
0.00328037344148157
0.00332551047643342
0.00337152469097746
0.00341843623543815
0.00346626578911705
0.00351503457573589
0.00356476437937297
0.00361547756090979
0.0036671970750056
0.00371994648761835
0.00377374999409074
0.00382863243782134
0.00388461932954112
0.00394173686721653
0.00400001195660134
0.00405947223245975
0.0041201460804849
0.00418206265993687
0.00424525192702612
0.00430974465906856
0.00437557247943989
0.00444276788335782
0.00451136426452146
0.00458139594263918
0.00465289819187642
0.00472590727025682
0.00480046045005119
0.00487659604918999
0.00495435346373653
0.00503377320145963
0.00511489691654555
0.0051977674454914
0.00528242884422273
0.00536892642648089
0.00545730680352655
0.00554761792520816
0.00563990912244604
0.00573423115118424
0.00583063623786545
0.00592917812648507
0.006029912127284
0.00613289516714141
0.00623818584173137
0.00634584446950986
0.00645593314760119
0.00656851580965592
