-2.64647204742952e-05
0.000173581688916902
0.00037362809830821
0.000573674507699462
0.000773720917090714
0.000973767326481967
0.00117381373587322
0.00137386014526447
0.00157390655465578
0.00177395296404703
0.00197399937343828
0.00217404578282954
0.00237409219222079
0.00257413860161204
0.00277418501100335
0.0029742314203946
0.00317427782978585
0.00337432423917711
0.00357437064856836
0.00377441705795961
0.00397446346735092
0.00417450987674217
0.00437455628613342
0.00457460269552468
0.00477464910491593
0.00497469551430718
0.00517474192369849
0.00537478833308974
0.00557483474248099
0.00577488115187225
0.0059749275612635
0.00617497397065475
0.00637502038004606
0.00657506678943731
0.00677511319882856
0.00697515960821982
0.00717520601761107
0.00737525242700232
0.00757529883639357
0.00777534524578488
0.00797539165517613
0.00817543806456739
0.00837548447395864
0.00857553088334989
0.00877557729274114
0.00897562370213245
0.0091756701115237
0.00937571652091496
0.00957576293030621
0.00977580933969746
0.00997585574908871
0.01017590215848
0.0103759485678713
0.0105759949772625
0.0107760413866538
0.010976087796045
0.0111761342054363
0.0113761806148276
0.0115762270242188
0.0117762734336101
0.0119763198430013
0.0121763662523926
0.0123764126617839
0.0125764590711752
0.0127765054805664
0.0129765518899577
0.0131765982993489
0.0133766447087402
0.0135766911181314
0.0137767375275227
0.013976783936914
0.0141768303463052
0.0143768767556965
0.0145769231650877
0.014776969574479
0.0149770159838703
0.0151770623932616
0.0153771088026528
0.0155771552120441
0.0157772016214353
0.0159772480308266
0.0161772944402179
0.0163773408496091
0.0165773872590004
0.0167774336683916
0.0169774800777829
0.0171775264871741
0.0173775728965654
0.0175776193059567
0.0177776657153479
0.0179777121247392
0.0181777585341305
0.0183778049435217
0.018577851352913
0.0187778977623043
0.0189779441716955
0.0191779905810868
0.019378036990478
0.0195780833998693
0.0197781298092605
0.0199781762186518
0.0201782226280431
0.0203782690374343
0.0205783154468256
0.0207783618562168
0.0209784082656081
0.0211784546749994
0.0213785010843907
0.0215785474937819
0.0217785939031732
0.0219786403125644
0.0221786867219557
0.022378733131347
0.0225787795407382
0.0227788259501295
0.0229788723595207
0.023178918768912
0.0233789651783032
0.0235790115876945
0.0237790579970858
0.023979104406477
0.0241791508158683
0.0243791972252596
0.0245792436346508
0.0247792900440421
0.0249793364534334
0.0251793828628246
0.0253794292722159
0.0255794756816071
0.0257795220909984
0.0259795685003897
0.0261796149097809
0.0263796613191722
0.0265797077285634
0.0267797541379547
0.0269798005473459
0.0271798469567373
0.0273798933661285
0.0275799397755198
0.027779986184911
0.0279800325943023
0.0281800790036935
0.0283801254130848
0.0285801718224761
0.0287802182318673
0.0289802646412586
0.0291803110506498
0.0293803574600411
0.0295804038694324
0.0297804502788236
0.0299804966882149
0.0301805430976061
0.0303805895069974
0.0305806359163887
0.0307806823257799
0.0309807287351712
0.0311807751445625
0.0313808215539537
0.031580867963345
0.0317809143727362
0.0319809607821275
0.0321810071915188
0.03238105360091
0.0325811000103013
0.0327811464196925
0.0329811928290838
0.033181239238475
0.0333812856478664
0.0335813320572576
0.0337813784666489
0.0339814248760401
0.0341814712854314
0.0343815176948226
0.0345815641042139
0.0347816105136052
0.0349816569229964
0.0351817033323877
0.0353817497417789
0.0355817961511702
0.0357818425605615
0.0359818889699527
0.036181935379344
0.0363819817887353
0.0365820281981265
0.0367820746075178
0.0369821210169091
0.0371821674263003
0.0373822138356916
0.0375822602450828
0.0377823066544741
0.0379823530638653
0.0381823994732566
0.0383824458826479
0.0385824922920391
0.0387825387014304
0.0389825851108216
0.0391826315202129
0.0393826779296042
0.0395827243389955
0.0397827707483867
0.039982817157778
0.0401828635671692
0.0403829099765605
0.0405829563859518
0.040783002795343
0.0409830492047343
0.0411830956141255
0.0413831420235168
0.041583188432908
0.0417832348422993
0.0419832812516906
0.0421833276610818
0.0423833740704731
0.0425834204798644
0.0427834668892556
0.0429835132986469
0.0431835597080382
0.0433836061174294
0.0435836525268207
0.0437836989362119
0.0439837453456032
0.0441837917549944
0.0443838381643857
0.044583884573777
0.0447839309831682
0.0449839773925595
0.0451840238019507
0.045384070211342
0.0455841166207333
0.0457841630301246
0.0459842094395158
0.0461842558489071
0.0463843022582983
0.0465843486676896
0.0467843950770809
0.0469844414864721
0.0471844878958634
0.0473845343052546
0.0475845807146459
0.0477846271240371
0.0479846735334284
0.0481847199428197
0.048384766352211
0.0485848127616022
0.0487848591709935
0.0489849055803847
0.049184951989776
0.0493849983991673
0.0495850448085585
0.0497850912179498
0.049985137627341
0.0501851840367323
0.0503852304461236
0.0505852768555148
0.0507853232649061
0.0509853696742973
0.0511854160836886
0.0513854624930798
0.0515855089024712
0.0517855553118624
0.0519856017212537
0.0521856481306449
0.0523856945400362
0.0525857409494274
0.0527857873588187
0.05298583376821
0.0531858801776012
0.0533859265869925
0.0535859729963837
0.053786019405775
0.0539860658151662
0.0541861122245575
0.0543861586339488
0.0545862050433401
0.0547862514527313
0.0549862978621226
0.0551863442715138
0.0553863906809051
0.0555864370902964
0.0557864834996876
0.0559865299090789
0.0561865763184701
0.0563866227278614
0.0565866691372527
0.0567867155466439
0.0569867619560352
0.0571868083654264
0.0573868547748177
0.0575869011842089
0.0577869475936003
0.0579869940029915
0.0581870404123828
0.058387086821774
0.0585871332311653
0.0587871796405565
0.0589872260499478
0.0591872724593391
0.0593873188687303
0.0595873652781216
0.0597874116875128
0.0599874580969041
0.0601875045062954
0.0603875509156866
0.0605875973250779
0.0607876437344692
0.0609876901438604
0.0611877365532517
0.061387782962643
0.0615878293720342
0.0617878757814255
0.0619879221908167
0.062187968600208
0.0623880150095992
0.0625880614189905
0.0627881078283818
0.062988154237773
0.0631882006471643
0.0633882470565555
0.0635882934659468
0.0637883398753381
0.0639883862847294
0.0641884326941206
0.0643884791035119
0.0645885255129031
0.0647885719222944
0.0649886183316856
0.0651886647410769
0.0653887111504682
0.0655887575598594
0.0657888039692507
0.0659888503786419
0.0661888967880332
0.0663889431974245
0.0665889896068158
0.066789036016207
0.0669890824255983
0.0671891288349895
0.0673891752443808
0.0675892216537721
0.0677892680631633
0.0679893144725546
0.0681893608819458
0.0683894072913371
0.0685894537007283
0.0687895001101196
0.0689895465195109
0.0691895929289021
0.0693896393382934
0.0695896857476846
0.0697897321570759
0.0699897785664672
0.0701898249758585
0.0703898713852497
0.070589917794641
0.0707899642040322
0.0709900106134235
0.0711900570228148
0.071390103432206
0.0715901498415973
0.0717901962509885
0.0719902426603798
0.072190289069771
0.0723903354791623
0.0725903818885536
0.0727904282979449
0.0729904747073361
0.0731905211167274
0.0733905675261186
0.0735906139355099
0.0737906603449012
0.0739907067542924
0.0741907531636837
0.0743907995730749
0.0745908459824662
0.0747908923918575
0.0749909388012487
0.07519098521064
0.0753910316200312
0.0755910780294225
0.0757911244388138
0.0759911708482051
0.0761912172575963
0.0763912636669876
0.0765913100763788
0.0767913564857701
0.0769914028951613
0.0771914493045526
0.0773914957139439
0.0775915421233351
0.0777915885327264
0.0779916349421176
0.0781916813515089
0.0783917277609001
0.0785917741702915
0.0787918205796827
0.078991866989074
0.0791919133984652
0.0793919598078565
0.0795920062172477
0.079792052626639
0.0799920990360303
0.0801921454454215
0.0803921918548128
0.080592238264204
0.0807922846735953
0.0809923310829866
0.0811923774923778
0.0813924239017691
0.0815924703111603
0.0817925167205516
0.0819925631299429
0.0821926095393342
0.0823926559487254
0.0825927023581167
0.0827927487675079
0.0829927951768992
0.0831928415862904
0.0833928879956817
0.083592934405073
0.0837929808144642
0.0839930272238555
0.0841930736332467
0.084393120042638
0.0845931664520293
0.0847932128614206
0.0849932592708118
0.0851933056802031
0.0853933520895943
0.0855933984989856
0.0857934449083769
0.0859934913177681
0.0861935377271594
0.0863935841365506
0.0865936305459419
0.0867936769553331
0.0869937233647244
0.0871937697741157
0.0873938161835069
0.0875938625928982
0.0877939090022894
0.0879939554116807
0.088194001821072
0.0883940482304633
0.0885940946398545
0.0887941410492458
0.088994187458637
0.0891942338680283
0.0893942802774195
0.0895943266868108
0.0897943730962021
0.0899944195055933
0.0901944659149846
0.0903945123243758
0.0905945587337671
0.0907946051431584
0.0909946515525497
0.0911946979619409
0.0913947443713322
0.0915947907807234
0.0917948371901147
0.091994883599506
0.0921949300088972
0.0923949764182885
0.0925950228276797
0.092795069237071
0.0929951156464622
0.0931951620558535
0.0933952084652448
0.093595254874636
0.0937953012840273
0.0939953476934186
0.0941953941028098
0.0943954405122011
0.0945954869215924
0.0947955333309836
0.0949955797403749
0.0951956261497661
0.0953956725591574
0.0955957189685487
0.0957957653779399
0.0959958117873312
0.0961958581967224
0.0963959046061137
0.0965959510155049
0.0967959974248963
0.0969960438342875
0.0971960902436788
0.09739613665307
0.0975961830624613
0.0977962294718525
0.0979962758812438
0.0981963222906351
0.0983963687000263
0.0985964151094176
0.0987964615188088
0.0989965079282001
0.0991965543375914
0.0993966007469826
0.0995966471563739
0.0997966935657651
0.0999967399751564
0.100196786384548
0.100396832793939
0.10059687920333
0.100796925612721
0.100996972022113
0.101197018431504
0.101397064840895
0.101597111250286
0.101797157659678
0.101997204069069
0.10219725047846
0.102397296887852
0.102597343297243
0.102797389706634
0.102997436116025
0.103197482525417
0.103397528934808
0.103597575344199
0.10379762175359
0.103997668162982
0.104197714572373
0.104397760981764
0.104597807391155
0.104797853800547
0.104997900209938
0.105197946619329
0.10539799302872
0.105598039438112
0.105798085847503
0.105998132256894
0.106198178666286
0.106398225075677
0.106598271485068
0.106798317894459
0.106998364303851
0.107198410713242
0.107398457122633
0.107598503532024
0.107798549941416
0.107998596350807
0.108198642760198
0.108398689169589
0.108598735578981
0.108798781988372
0.108998828397763
0.109198874807154
0.109398921216546
0.109598967625937
0.109799014035328
0.109999060444719
0.110199106854111
0.110399153263502
0.110599199672893
0.110799246082285
0.110999292491676
0.111199338901067
0.111399385310458
0.11159943171985
0.111799478129241
0.111999524538632
0.112199570948023
0.112399617357415
0.112599663766806
0.112799710176197
0.112999756585588
0.11319980299498
0.113399849404371
0.113599895813762
0.113799942223153
0.113999988632545
0.114200035041936
0.114400081451327
0.114600127860718
0.11480017427011
0.115000220679501
0.115200267088892
0.115400313498284
0.115600359907675
0.115800406317066
0.116000452726457
0.116200499135849
0.11640054554524
0.116600591954631
0.116800638364022
0.117000684773414
0.117200731182805
0.117400777592196
0.117600824001587
0.117800870410979
0.11800091682037
0.118200963229761
0.118401009639152
0.118601056048544
0.118801102457935
0.119001148867326
0.119201195276718
0.119401241686109
0.1196012880955
0.119801334504891
0.120001380914283
0.120201427323674
0.120401473733065
0.120601520142456
0.120801566551848
0.121001612961239
0.12120165937063
0.121401705780021
0.121601752189413
0.121801798598804
0.122001845008195
0.122201891417586
0.122401937826978
0.122601984236369
0.12280203064576
0.123002077055151
0.123202123464543
0.123402169873934
0.123602216283325
0.123802262692717
0.124002309102108
0.124202355511499
0.12440240192089
0.124602448330282
0.124802494739673
0.125002541149064
0.125202587558455
0.125402633967847
0.125602680377238
0.125802726786629
0.12600277319602
0.126202819605412
0.126402866014803
0.126602912424194
0.126802958833585
0.127003005242977
0.127203051652368
0.127403098061759
0.127603144471151
0.127803190880542
0.128003237289933
0.128203283699324
0.128403330108716
0.128603376518107
0.128803422927498
0.129003469336889
0.129203515746281
0.129403562155672
0.129603608565063
0.129803654974454
0.130003701383846
0.130203747793237
0.130403794202628
0.130603840612019
0.130803887021411
0.131003933430802
0.131203979840193
0.131404026249584
0.131604072658976
0.131804119068367
0.132004165477758
0.13220421188715
0.132404258296541
0.132604304705932
0.132804351115323
0.133004397524715
0.133204443934106
0.133404490343497
0.133604536752888
0.13380458316228
0.134004629571671
0.134204675981062
0.134404722390453
0.134604768799845
0.134804815209236
0.135004861618627
0.135204908028018
0.13540495443741
0.135605000846801
0.135805047256192
0.136005093665583
0.136205140074975
0.136405186484366
0.136605232893757
0.136805279303149
0.13700532571254
0.137205372121931
0.137405418531322
0.137605464940714
0.137805511350105
0.138005557759496
0.138205604168887
0.138405650578279
0.13860569698767
0.138805743397061
0.139005789806452
0.139205836215844
0.139405882625235
0.139605929034626
0.139805975444017
0.140006021853409
0.1402060682628
0.140406114672191
0.140606161081582
0.140806207490974
0.141006253900365
0.141206300309756
0.141406346719148
0.141606393128539
0.14180643953793
0.142006485947321
0.142206532356713
0.142406578766104
0.142606625175495
0.142806671584886
0.143006717994278
0.143206764403669
0.14340681081306
0.143606857222451
0.143806903631843
0.144006950041234
0.144206996450625
0.144407042860016
0.144607089269408
0.144807135678799
0.14500718208819
0.145207228497581
0.145407274906973
0.145607321316364
0.145807367725755
0.146007414135147
0.146207460544538
0.146407506953929
0.14660755336332
0.146807599772712
0.147007646182103
0.147207692591494
0.147407739000885
0.147607785410277
0.147807831819668
0.148007878229059
0.14820792463845
0.148407971047842
0.148608017457233
0.148808063866624
0.149008110276015
0.149208156685407
0.149408203094798
0.149608249504189
0.149808295913581
0.150008342322972
0.150208388732363
0.150408435141754
0.150608481551146
0.150808527960537
0.151008574369928
0.151208620779319
0.151408667188711
0.151608713598102
0.151808760007493
0.152008806416884
0.152208852826276
0.152408899235667
0.152608945645058
0.152808992054449
0.153009038463841
0.153209084873232
0.153409131282623
0.153609177692014
0.153809224101406
0.154009270510797
0.154209316920188
0.15440936332958
0.154609409738971
0.154809456148362
0.155009502557753
0.155209548967145
0.155409595376536
0.155609641785927
0.155809688195318
0.15600973460471
0.156209781014101
0.156409827423492
0.156609873832883
0.156809920242275
0.157009966651666
0.157210013061057
0.157410059470448
0.15761010587984
0.157810152289231
0.158010198698622
0.158210245108014
0.158410291517405
0.158610337926796
0.158810384336187
0.159010430745579
0.15921047715497
0.159410523564361
0.159610569973752
0.159810616383144
0.160010662792535
0.160210709201926
0.160410755611317
0.160610802020709
0.1608108484301
0.161010894839491
0.161210941248882
0.161410987658274
0.161611034067665
0.161811080477056
0.162011126886447
0.162211173295839
0.16241121970523
0.162611266114621
0.162811312524013
0.163011358933404
0.163211405342795
0.163411451752186
0.163611498161578
0.163811544570969
0.16401159098036
0.164211637389751
0.164411683799143
0.164611730208534
0.164811776617925
0.165011823027316
0.165211869436708
0.165411915846099
0.16561196225549
0.165812008664881
0.166012055074273
0.166212101483664
0.166412147893055
0.166612194302447
0.166812240711838
0.167012287121229
0.16721233353062
0.167412379940012
0.167612426349403
0.167812472758794
0.168012519168185
0.168212565577577
0.168412611986968
0.168612658396359
0.16881270480575
0.169012751215142
0.169212797624533
0.169412844033924
0.169612890443315
0.169812936852707
0.170012983262098
0.170213029671489
0.17041307608088
0.170613122490272
0.170813168899663
0.171013215309054
0.171213261718445
0.171413308127837
0.171613354537228
0.171813400946619
0.172013447356011
0.172213493765402
0.172413540174793
0.172613586584184
0.172813632993576
0.173013679402967
0.173213725812358
0.173413772221749
0.173613818631141
0.173813865040532
0.174013911449923
0.174213957859314
0.174414004268706
0.174614050678097
0.174814097087488
0.175014143496879
0.175214189906271
0.175414236315662
0.175614282725053
0.175814329134445
0.176014375543836
0.176214421953227
0.176414468362618
0.17661451477201
0.176814561181401
0.177014607590792
0.177214654000183
0.177414700409575
0.177614746818966
0.177814793228357
0.178014839637748
0.17821488604714
0.178414932456531
0.178614978865922
0.178815025275313
0.179015071684705
0.179215118094096
0.179415164503487
0.179615210912878
0.17981525732227
0.180015303731661
0.180215350141052
0.180415396550444
0.180615442959835
0.180815489369226
0.181015535778617
0.181215582188009
0.1814156285974
0.181615675006791
0.181815721416182
0.182015767825574
0.182215814234965
0.182415860644356
0.182615907053747
0.182815953463139
0.18301599987253
0.183216046281921
0.183416092691312
0.183616139100704
0.183816185510095
0.184016231919486
0.184216278328877
0.184416324738269
0.18461637114766
0.184816417557051
0.185016463966443
0.185216510375834
0.185416556785225
0.185616603194616
0.185816649604008
0.186016696013399
0.18621674242279
0.186416788832181
0.186616835241573
0.186816881650964
0.187016928060355
0.187216974469746
0.187417020879138
0.187617067288529
0.18781711369792
0.188017160107311
0.188217206516703
0.188417252926094
0.188617299335485
0.188817345744877
0.189017392154268
0.189217438563659
0.18941748497305
0.189617531382442
0.189817577791833
0.190017624201224
0.190217670610615
0.190417717020007
0.190617763429398
0.190817809838789
0.19101785624818
0.191217902657572
0.191417949066963
0.191617995476354
0.191818041885745
0.192018088295137
0.192218134704528
0.192418181113919
0.19261822752331
0.192818273932702
0.193018320342093
0.193218366751484
0.193418413160876
0.193618459570267
0.193818505979658
0.194018552389049
0.194218598798441
0.194418645207832
0.194618691617223
0.194818738026614
0.195018784436006
0.195218830845397
0.195418877254788
0.195618923664179
0.195818970073571
0.196019016482962
0.196219062892353
0.196419109301744
0.196619155711136
0.196819202120527
0.197019248529918
0.19721929493931
0.197419341348701
0.197619387758092
0.197819434167483
0.198019480576875
0.198219526986266
0.198419573395657
0.198619619805048
0.19881966621444
0.199019712623831
0.199219759033222
0.199419805442613
0.199619851852005
0.199819898261396
0.200019944670787
0.200219991080178
0.20042003748957
0.200620083898961
0.200820130308352
0.201020176717743
0.201220223127135
0.201420269536526
0.201620315945917
0.201820362355309
0.2020204087647
0.202220455174091
0.202420501583482
0.202620547992874
0.202820594402265
0.203020640811656
0.203220687221047
0.203420733630439
0.20362078003983
0.203820826449221
0.204020872858612
0.204220919268004
0.204420965677395
0.204621012086786
0.204821058496177
0.205021104905569
0.20522115131496
0.205421197724351
0.205621244133742
0.205821290543134
0.206021336952525
0.206221383361916
0.206421429771308
0.206621476180699
0.20682152259009
0.207021568999481
0.207221615408873
0.207421661818264
0.207621708227655
0.207821754637046
0.208021801046438
0.208221847455829
0.20842189386522
0.208621940274611
0.208821986684003
0.209022033093394
0.209222079502785
0.209422125912176
0.209622172321568
0.209822218730959
0.21002226514035
0.210222311549741
0.210422357959133
0.210622404368524
0.210822450777915
0.211022497187307
0.211222543596698
0.211422590006089
0.21162263641548
0.211822682824872
0.212022729234263
0.212222775643654
0.212422822053045
0.212622868462437
0.212822914871828
0.213022961281219
0.21322300769061
0.213423054100002
0.213623100509393
0.213823146918784
0.214023193328175
0.214223239737567
0.214423286146958
0.214623332556349
0.21482337896574
0.215023425375132
0.215223471784523
0.215423518193914
0.215623564603306
0.215823611012697
0.216023657422088
0.216223703831479
0.216423750240871
0.216623796650262
0.216823843059653
0.217023889469044
0.217223935878436
0.217423982287827
0.217624028697218
0.217824075106609
0.218024121516001
0.218224167925392
0.218424214334783
0.218624260744174
0.218824307153566
0.219024353562957
0.219224399972348
0.21942444638174
0.219624492791131
0.219824539200522
0.220024585609913
0.220224632019305
0.220424678428696
0.220624724838087
0.220824771247478
0.22102481765687
0.221224864066261
0.221424910475652
0.221624956885043
0.221825003294435
0.222025049703826
0.222225096113217
0.222425142522608
0.222625188932
0.222825235341391
0.223025281750782
0.223225328160173
0.223425374569565
0.223625420978956
0.223825467388347
0.224025513797739
0.22422556020713
0.224425606616521
0.224625653025912
0.224825699435304
0.225025745844695
0.225225792254086
0.225425838663477
0.225625885072869
0.22582593148226
0.226025977891651
0.226226024301042
0.226426070710434
0.226626117119825
0.226826163529216
0.227026209938607
0.227226256347999
0.22742630275739
0.227626349166781
0.227826395576173
0.228026441985564
0.228226488394955
0.228426534804346
0.228626581213738
0.228826627623129
0.22902667403252
0.229226720441911
0.229426766851303
0.229626813260694
0.229826859670085
0.230026906079476
0.230226952488868
0.230426998898259
0.23062704530765
0.230827091717041
0.231027138126433
0.231227184535824
0.231427230945215
0.231627277354606
0.231827323763998
0.232027370173389
0.23222741658278
0.232427462992172
0.232627509401563
0.232827555810954
0.233027602220345
0.233227648629737
0.233427695039128
0.233627741448519
0.23382778785791
0.234027834267302
0.234227880676693
0.234427927086084
0.234627973495475
0.234828019904867
0.235028066314258
0.235228112723649
0.23542815913304
0.235628205542432
0.235828251951823
0.236028298361214
0.236228344770606
0.236428391179997
0.236628437589388
0.236828483998779
0.237028530408171
0.237228576817562
0.237428623226953
0.237628669636344
0.237828716045736
0.238028762455127
0.238228808864518
0.238428855273909
0.238628901683301
0.238828948092692
0.239028994502083
0.239229040911474
0.239429087320866
0.239629133730257
0.239829180139648
0.240029226549039
0.240229272958431
0.240429319367822
0.240629365777213
0.240829412186604
0.241029458595996
0.241229505005387
0.241429551414778
0.24162959782417
0.241829644233561
0.242029690642952
0.242229737052343
0.242429783461735
0.242629829871126
0.242829876280517
0.243029922689908
0.2432299690993
0.243430015508691
0.243630061918082
0.243830108327473
0.244030154736865
0.244230201146256
0.244430247555647
0.244630293965038
0.24483034037443
0.245030386783821
0.245230433193212
0.245430479602604
0.245630526011995
0.245830572421386
0.246030618830777
0.246230665240169
0.24643071164956
0.246630758058951
0.246830804468342
0.247030850877734
0.247230897287125
0.247430943696516
0.247630990105907
0.247831036515299
0.24803108292469
0.248231129334081
0.248431175743472
0.248631222152864
0.248831268562255
0.249031314971646
0.249231361381037
0.249431407790429
0.24963145419982
0.249831500609211
0.250031547018603
0.250231593427994
0.250431639837385
0.250631686246776
0.250831732656167
0.251031779065559
0.25123182547495
0.251431871884341
0.251631918293732
0.251831964703124
0.252032011112515
0.252232057521906
0.252432103931297
0.252632150340689
0.25283219675008
0.253032243159471
0.253232289568862
0.253432335978253
0.253632382387645
0.253832428797036
0.254032475206427
0.254232521615818
0.25443256802521
0.254632614434601
0.254832660843992
0.255032707253383
0.255232753662775
0.255432800072166
0.255632846481557
0.255832892890948
0.25603293930034
0.256232985709731
0.256433032119122
0.256633078528513
0.256833124937904
0.257033171347296
0.257233217756687
0.257433264166078
0.257633310575469
0.257833356984861
0.258033403394252
0.258233449803643
0.258433496213034
0.258633542622426
0.258833589031817
0.259033635441208
0.259233681850599
0.25943372825999
0.259633774669382
0.259833821078773
0.260033867488164
0.260233913897555
0.260433960306947
0.260634006716338
0.260834053125729
0.26103409953512
0.261234145944512
0.261434192353903
0.261634238763294
0.261834285172685
0.262034331582077
0.262234377991468
0.262434424400859
0.26263447081025
0.262834517219641
0.263034563629033
0.263234610038424
0.263434656447815
0.263634702857206
0.263834749266598
0.264034795675989
0.26423484208538
0.264434888494771
0.264634934904163
0.264834981313554
0.265035027722945
0.265235074132336
0.265435120541727
0.265635166951119
0.26583521336051
0.266035259769901
0.266235306179292
0.266435352588684
0.266635398998075
0.266835445407466
0.267035491816857
0.267235538226249
0.26743558463564
0.267635631045031
0.267835677454422
0.268035723863814
0.268235770273205
0.268435816682596
0.268635863091987
0.268835909501378
0.26903595591077
0.269236002320161
0.269436048729552
0.269636095138943
0.269836141548335
0.270036187957726
0.270236234367117
0.270436280776508
0.2706363271859
0.270836373595291
0.271036420004682
0.271236466414073
0.271436512823464
0.271636559232856
0.271836605642247
0.272036652051638
0.272236698461029
0.272436744870421
0.272636791279812
0.272836837689203
0.273036884098594
0.273236930507986
0.273436976917377
0.273637023326768
0.273837069736159
0.274037116145551
0.274237162554942
0.274437208964333
0.274637255373724
0.274837301783115
0.275037348192507
0.275237394601898
0.275437441011289
0.27563748742068
0.275837533830072
0.276037580239463
0.276237626648854
0.276437673058245
0.276637719467637
0.276837765877028
0.277037812286419
0.27723785869581
0.277437905105201
0.277637951514593
0.277837997923984
0.278038044333375
0.278238090742766
0.278438137152158
0.278638183561549
0.27883822997094
0.279038276380331
0.279238322789723
0.279438369199114
0.279638415608505
0.279838462017896
0.280038508427288
0.280238554836679
0.28043860124607
0.280638647655461
0.280838694064853
0.281038740474244
0.281238786883635
0.281438833293026
0.281638879702417
0.281838926111809
0.2820389725212
0.282239018930591
0.282439065339982
0.282639111749374
0.282839158158765
0.283039204568156
0.283239250977547
0.283439297386939
0.28363934379633
0.283839390205721
0.284039436615112
0.284239483024503
0.284439529433895
0.284639575843286
0.284839622252677
0.285039668662068
0.28523971507146
0.285439761480851
0.285639807890242
0.285839854299633
0.286039900709025
0.286239947118416
0.286439993527807
0.286640039937198
0.28684008634659
0.287040132755981
0.287240179165372
0.287440225574763
0.287640271984154
0.287840318393546
0.288040364802937
0.288240411212328
0.288440457621719
0.288640504031111
0.288840550440502
0.289040596849893
0.289240643259284
0.289440689668676
0.289640736078067
0.289840782487458
0.290040828896849
0.29024087530624
0.290440921715632
0.290640968125023
0.290841014534414
0.291041060943805
0.291241107353197
0.291441153762588
0.291641200171979
0.29184124658137
0.292041292990762
0.292241339400153
0.292441385809544
0.292641432218935
0.292841478628327
0.293041525037718
0.293241571447109
0.2934416178565
0.293641664265891
0.293841710675283
0.294041757084674
0.294241803494065
0.294441849903456
0.294641896312848
0.294841942722239
0.29504198913163
0.295242035541021
0.295442081950413
0.295642128359804
0.295842174769195
0.296042221178586
0.296242267587978
0.296442313997369
0.29664236040676
0.296842406816151
0.297042453225542
0.297242499634934
0.297442546044325
0.297642592453716
0.297842638863107
0.298042685272499
0.29824273168189
0.298442778091281
0.298642824500672
0.298842870910064
0.299042917319455
0.299242963728846
0.299443010138237
0.299643056547628
0.29984310295702
0.300043149366411
0.300243195775802
0.300443242185193
0.300643288594585
0.300843335003976
0.301043381413367
0.301243427822758
0.30144347423215
0.301643520641541
0.301843567050932
0.302043613460323
0.302243659869714
0.302443706279106
0.302643752688497
0.302843799097888
0.303043845507279
0.303243891916671
0.303443938326062
0.303643984735453
0.303844031144844
0.304044077554236
0.304244123963627
0.304444170373018
0.304644216782409
0.304844263191801
0.305044309601192
0.305244356010583
0.305444402419974
0.305644448829365
0.305844495238757
0.306044541648148
0.306244588057539
0.30644463446693
0.306644680876322
0.306844727285713
0.307044773695104
0.307244820104495
0.307444866513887
0.307644912923278
0.307844959332669
0.30804500574206
0.308245052151451
0.308445098560843
0.308645144970234
0.308845191379625
0.309045237789016
0.309245284198408
0.309445330607799
0.30964537701719
0.309845423426581
0.310045469835973
0.310245516245364
0.310445562654755
0.310645609064146
0.310845655473538
0.311045701882929
0.31124574829232
0.311445794701711
0.311645841111102
0.311845887520494
0.312045933929885
0.312245980339276
0.312446026748667
0.312646073158059
0.31284611956745
0.313046165976841
0.313246212386232
0.313446258795624
0.313646305205015
0.313846351614406
0.314046398023797
0.314246444433188
0.31444649084258
0.314646537251971
0.314846583661362
0.315046630070753
0.315246676480145
0.315446722889536
0.315646769298927
0.315846815708318
0.31604686211771
0.316246908527101
0.316446954936492
0.316647001345883
0.316847047755275
0.317047094164666
0.317247140574057
0.317447186983448
0.31764723339284
0.317847279802231
0.318047326211622
0.318247372621013
0.318447419030404
0.318647465439796
0.318847511849187
0.319047558258578
0.319247604667969
0.319447651077361
0.319647697486752
0.319847743896143
0.320047790305534
0.320247836714926
0.320447883124317
0.320647929533708
0.320847975943099
0.32104802235249
0.321248068761882
0.321448115171273
0.321648161580664
0.321848207990055
0.322048254399447
0.322248300808838
0.322448347218229
0.32264839362762
0.322848440037012
0.323048486446403
0.323248532855794
0.323448579265185
0.323648625674577
0.323848672083968
0.324048718493359
0.32424876490275
0.324448811312141
0.324648857721533
0.324848904130924
0.325048950540315
0.325248996949706
0.325449043359098
0.325649089768489
0.32584913617788
0.326049182587271
0.326249228996663
0.326449275406054
0.326649321815445
0.326849368224836
0.327049414634227
0.327249461043619
0.32744950745301
0.327649553862401
0.327849600271792
0.328049646681184
0.328249693090575
0.328449739499966
0.328649785909357
0.328849832318749
0.32904987872814
0.329249925137531
0.329449971546922
0.329650017956314
0.329850064365705
0.330050110775096
0.330250157184487
0.330450203593878
0.33065025000327
0.330850296412661
0.331050342822052
0.331250389231443
0.331450435640835
0.331650482050226
0.331850528459617
0.332050574869008
0.3322506212784
0.332450667687791
0.332650714097182
0.332850760506573
0.333050806915965
0.333250853325356
0.333450899734747
0.333650946144138
0.333850992553529
0.334051038962921
0.334251085372312
0.334451131781703
0.334651178191094
0.334851224600486
0.335051271009877
0.335251317419268
0.335451363828659
0.335651410238051
0.335851456647442
0.336051503056833
0.336251549466224
0.336451595875615
0.336651642285007
0.336851688694398
0.337051735103789
0.33725178151318
0.337451827922572
0.337651874331963
0.337851920741354
0.338051967150745
0.338252013560137
0.338452059969528
0.338652106378919
0.33885215278831
0.339052199197702
0.339252245607093
0.339452292016484
0.339652338425875
0.339852384835266
0.340052431244658
0.340252477654049
0.34045252406344
0.340652570472831
0.340852616882223
0.341052663291614
0.341252709701005
0.341452756110396
0.341652802519788
0.341852848929179
0.34205289533857
0.342252941747961
0.342452988157352
0.342653034566744
0.342853080976135
0.343053127385526
0.343253173794917
0.343453220204309
0.3436532666137
0.343853313023091
0.344053359432482
0.344253405841874
0.344453452251265
0.344653498660656
0.344853545070047
0.345053591479439
0.34525363788883
0.345453684298221
0.345653730707612
0.345853777117003
0.346053823526395
0.346253869935786
0.346453916345177
0.346653962754568
0.34685400916396
0.347054055573351
0.347254101982742
0.347454148392133
0.347654194801525
0.347854241210916
0.348054287620307
0.348254334029698
0.348454380439089
0.348654426848481
0.348854473257872
0.349054519667263
0.349254566076654
0.349454612486046
0.349654658895437
0.349854705304828
0.350054751714219
0.350254798123611
0.350454844533002
0.350654890942393
0.350854937351784
0.351054983761175
0.351255030170567
0.351455076579958
0.351655122989349
0.351855169398741
0.352055215808132
0.352255262217523
0.352455308626914
0.352655355036305
0.352855401445697
0.353055447855088
0.353255494264479
0.35345554067387
0.353655587083262
0.353855633492653
0.354055679902044
0.354255726311435
0.354455772720827
0.354655819130218
0.354855865539609
0.355055911949
0.355255958358391
0.355456004767783
0.355656051177174
0.355856097586565
0.356056143995956
0.356256190405348
0.356456236814739
0.35665628322413
0.356856329633521
0.357056376042913
0.357256422452304
0.357456468861695
0.357656515271086
0.357856561680478
0.358056608089869
0.35825665449926
0.358456700908651
0.358656747318042
0.358856793727434
0.359056840136825
0.359256886546216
0.359456932955607
0.359656979364999
0.35985702577439
0.360057072183781
0.360257118593172
0.360457165002564
0.360657211411955
0.360857257821346
0.361057304230737
0.361257350640128
0.36145739704952
0.361657443458911
0.361857489868302
0.362057536277693
0.362257582687085
0.362457629096476
0.362657675505867
0.362857721915258
0.36305776832465
0.363257814734041
0.363457861143432
0.363657907552823
0.363857953962214
0.364058000371606
0.364258046780997
0.364458093190388
0.364658139599779
0.364858186009171
0.365058232418562
0.365258278827953
0.365458325237344
0.365658371646736
0.365858418056127
0.366058464465518
0.366258510874909
0.366458557284301
0.366658603693692
0.366858650103083
0.367058696512474
0.367258742921865
0.367458789331257
0.367658835740648
0.367858882150039
0.36805892855943
0.368258974968822
0.368459021378213
0.368659067787604
0.368859114196995
0.369059160606387
0.369259207015778
0.369459253425169
0.36965929983456
0.369859346243952
0.370059392653343
0.370259439062734
0.370459485472125
0.370659531881516
0.370859578290908
0.371059624700299
0.37125967110969
0.371459717519081
0.371659763928473
0.371859810337864
0.372059856747255
0.372259903156646
0.372459949566038
0.372659995975429
0.37286004238482
0.373060088794211
0.373260135203602
0.373460181612994
0.373660228022385
0.373860274431776
0.374060320841167
0.374260367250559
0.37446041365995
0.374660460069341
0.374860506478732
0.375060552888124
0.375260599297515
0.375460645706906
0.375660692116297
0.375860738525689
0.37606078493508
0.376260831344471
0.376460877753862
0.376660924163254
0.376860970572645
0.377061016982036
0.377261063391427
0.377461109800819
0.37766115621021
0.377861202619601
0.378061249028992
0.378261295438384
0.378461341847775
0.378661388257166
0.378861434666557
0.379061481075949
0.37926152748534
0.379461573894731
0.379661620304122
0.379861666713514
0.380061713122905
0.380261759532296
0.380461805941687
0.380661852351079
0.38086189876047
0.381061945169861
0.381261991579252
0.381462037988644
0.381662084398035
0.381862130807426
0.382062177216817
0.382262223626209
0.3824622700356
0.382662316444991
0.382862362854382
0.383062409263773
0.383262455673165
0.383462502082556
0.383662548491947
0.383862594901339
0.38406264131073
0.384262687720121
0.384462734129512
0.384662780538903
0.384862826948295
0.385062873357686
0.385262919767077
0.385462966176468
0.38566301258586
0.385863058995251
0.386063105404642
0.386263151814033
0.386463198223425
0.386663244632816
0.386863291042207
0.387063337451598
0.38726338386099
0.387463430270381
0.387663476679772
0.387863523089163
0.388063569498555
0.388263615907946
0.388463662317337
0.388663708726728
0.38886375513612
0.389063801545511
0.389263847954902
0.389463894364293
0.389663940773685
0.389863987183076
0.390064033592467
0.390264080001858
0.39046412641125
0.390664172820641
0.390864219230032
0.391064265639423
0.391264312048815
0.391464358458206
0.391664404867597
0.391864451276988
0.39206449768638
0.392264544095771
0.392464590505162
0.392664636914553
0.392864683323945
0.393064729733336
0.393264776142727
0.393464822552118
0.39366486896151
0.393864915370901
0.394064961780292
0.394265008189683
0.394465054599075
0.394665101008466
0.394865147417857
0.395065193827248
0.39526524023664
0.395465286646031
0.395665333055422
0.395865379464813
0.396065425874205
0.396265472283596
0.396465518692987
0.396665565102378
0.39686561151177
0.397065657921161
0.397265704330552
0.397465750739943
0.397665797149335
0.397865843558726
0.398065889968117
0.398265936377508
0.3984659827869
0.398666029196291
0.398866075605682
0.399066122015073
0.399266168424465
0.399466214833856
0.399666261243247
0.399866307652638
0.40006635406203
0.400266400471421
0.400466446880812
0.400666493290203
0.400866539699595
0.401066586108986
0.401266632518377
0.401466678927768
0.40166672533716
0.401866771746551
0.402066818155942
0.402266864565333
0.402466910974725
0.402666957384116
0.402867003793507
0.403067050202898
0.40326709661229
0.403467143021681
0.403667189431072
0.403867235840463
0.404067282249854
0.404267328659246
0.404467375068637
0.404667421478028
0.40486746788742
0.405067514296811
0.405267560706202
0.405467607115593
0.405667653524984
0.405867699934376
0.406067746343767
0.406267792753158
0.406467839162549
0.406667885571941
0.406867931981332
0.407067978390723
0.407268024800114
0.407468071209506
0.407668117618897
0.407868164028288
0.408068210437679
0.408268256847071
0.408468303256462
0.408668349665853
0.408868396075244
0.409068442484636
0.409268488894027
0.409468535303418
0.409668581712809
0.409868628122201
0.410068674531592
0.410268720940983
0.410468767350374
0.410668813759766
0.410868860169157
0.411068906578548
0.411268952987939
0.411468999397331
0.411669045806722
0.411869092216113
0.412069138625504
0.412269185034896
0.412469231444287
0.412669277853678
0.412869324263069
0.413069370672461
0.413269417081852
0.413469463491243
0.413669509900634
0.413869556310026
0.414069602719417
0.414269649128808
0.414469695538199
0.414669741947591
0.414869788356982
0.415069834766373
0.415269881175764
0.415469927585156
0.415669973994547
0.415870020403938
0.416070066813329
0.416270113222721
0.416470159632112
0.416670206041503
0.416870252450894
0.417070298860286
0.417270345269677
0.417470391679068
0.417670438088459
0.417870484497851
0.418070530907242
0.418270577316633
0.418470623726024
0.418670670135416
0.418870716544807
0.419070762954198
0.419270809363589
0.419470855772981
0.419670902182372
0.419870948591763
0.420070995001154
0.420271041410546
0.420471087819937
0.420671134229328
0.420871180638719
0.421071227048111
0.421271273457502
0.421471319866893
0.421671366276284
0.421871412685676
0.422071459095067
0.422271505504458
0.422471551913849
0.422671598323241
0.422871644732632
0.423071691142023
0.423271737551414
0.423471783960806
0.423671830370197
0.423871876779588
0.424071923188979
0.424271969598371
0.424472016007762
0.424672062417153
0.424872108826544
0.425072155235936
0.425272201645327
0.425472248054718
0.425672294464109
0.425872340873501
0.426072387282892
0.426272433692283
0.426472480101674
0.426672526511065
0.426872572920457
0.427072619329848
0.427272665739239
0.42747271214863
0.427672758558022
0.427872804967413
0.428072851376804
0.428272897786195
0.428472944195587
0.428672990604978
0.428873037014369
0.42907308342376
0.429273129833152
0.429473176242543
0.429673222651934
0.429873269061325
0.430073315470717
0.430273361880108
0.430473408289499
0.43067345469889
0.430873501108282
0.431073547517673
0.431273593927064
0.431473640336455
0.431673686745847
0.431873733155238
0.432073779564629
0.43227382597402
0.432473872383412
0.432673918792803
0.432873965202194
0.433074011611585
0.433274058020977
0.433474104430368
0.433674150839759
0.43387419724915
0.434074243658542
0.434274290067933
0.434474336477324
0.434674382886715
0.434874429296107
0.435074475705498
0.435274522114889
0.43547456852428
0.435674614933672
0.435874661343063
0.436074707752454
0.436274754161845
0.436474800571237
0.436674846980628
0.436874893390019
0.43707493979941
0.437274986208802
0.437475032618193
0.437675079027584
0.437875125436975
0.438075171846367
0.438275218255758
0.438475264665149
0.43867531107454
0.438875357483932
0.439075403893323
0.439275450302714
0.439475496712105
0.439675543121497
0.439875589530888
0.440075635940279
0.44027568234967
0.440475728759062
0.440675775168453
0.440875821577844
0.441075867987235
0.441275914396627
0.441475960806018
0.441676007215409
0.4418760536248
0.442076100034192
0.442276146443583
0.442476192852974
0.442676239262365
0.442876285671757
0.443076332081148
0.443276378490539
0.44347642489993
0.443676471309322
0.443876517718713
0.444076564128104
0.444276610537495
0.444476656946887
0.444676703356278
0.444876749765669
0.44507679617506
0.445276842584451
0.445476888993843
0.445676935403234
0.445876981812625
0.446077028222017
0.446277074631408
0.446477121040799
0.44667716745019
0.446877213859582
0.447077260268973
0.447277306678364
0.447477353087755
0.447677399497146
0.447877445906538
0.448077492315929
0.44827753872532
0.448477585134711
0.448677631544103
0.448877677953494
0.449077724362885
0.449277770772276
0.449477817181668
0.449677863591059
0.44987791000045
0.450077956409841
0.450278002819233
0.450478049228624
0.450678095638015
0.450878142047406
0.451078188456798
0.451278234866189
0.45147828127558
0.451678327684971
0.451878374094363
0.452078420503754
0.452278466913145
0.452478513322536
0.452678559731928
0.452878606141319
0.45307865255071
0.453278698960101
0.453478745369493
0.453678791778884
0.453878838188275
0.454078884597666
0.454278931007058
0.454478977416449
0.45467902382584
0.454879070235231
0.455079116644623
0.455279163054014
0.455479209463405
0.455679255872796
0.455879302282188
0.456079348691579
0.45627939510097
0.456479441510361
0.456679487919753
0.456879534329144
0.457079580738535
0.457279627147926
0.457479673557318
0.457679719966709
0.4578797663761
0.458079812785491
0.458279859194883
0.458479905604274
0.458679952013665
0.458879998423056
0.459080044832448
0.459280091241839
0.45948013765123
0.459680184060621
0.459880230470013
0.460080276879404
0.460280323288795
0.460480369698186
0.460680416107578
0.460880462516969
0.46108050892636
0.461280555335751
0.461480601745143
0.461680648154534
0.461880694563925
0.462080740973316
0.462280787382708
0.462480833792099
0.46268088020149
0.462880926610881
0.463080973020273
0.463281019429664
0.463481065839055
0.463681112248446
0.463881158657838
0.464081205067229
0.46428125147662
0.464481297886011
0.464681344295403
0.464881390704794
0.465081437114185
0.465281483523576
0.465481529932968
0.465681576342359
0.46588162275175
0.466081669161141
0.466281715570532
0.466481761979924
0.466681808389315
0.466881854798706
0.467081901208098
0.467281947617489
0.46748199402688
0.467682040436271
0.467882086845663
0.468082133255054
0.468282179664445
0.468482226073836
0.468682272483227
0.468882318892619
0.46908236530201
0.469282411711401
0.469482458120792
0.469682504530184
0.469882550939575
0.470082597348966
0.470282643758357
0.470482690167749
0.47068273657714
0.470882782986531
0.471082829395922
0.471282875805314
0.471482922214705
0.471682968624096
0.471883015033487
0.472083061442879
0.47228310785227
0.472483154261661
0.472683200671052
0.472883247080444
0.473083293489835
0.473283339899226
0.473483386308617
0.473683432718009
0.4738834791274
0.474083525536791
0.474283571946182
0.474483618355574
0.474683664764965
0.474883711174356
0.475083757583747
0.475283803993139
0.47548385040253
0.475683896811921
0.475883943221312
0.476083989630704
0.476284036040095
0.476484082449486
0.476684128858877
0.476884175268268
0.47708422167766
0.477284268087051
0.477484314496442
0.477684360905833
0.477884407315225
0.478084453724616
0.478284500134007
0.478484546543398
0.47868459295279
0.478884639362181
0.479084685771572
0.479284732180963
0.479484778590355
0.479684824999746
0.479884871409137
0.480084917818528
0.48028496422792
0.480485010637311
0.480685057046702
0.480885103456093
0.481085149865485
0.481285196274876
0.481485242684267
0.481685289093658
0.48188533550305
0.482085381912441
0.482285428321832
0.482485474731223
0.482685521140615
0.482885567550006
0.483085613959397
0.483285660368788
0.48348570677818
0.483685753187571
0.483885799596962
0.484085846006353
0.484285892415745
0.484485938825136
0.484685985234527
0.484886031643918
0.485086078053309
0.485286124462701
0.485486170872092
0.485686217281483
0.485886263690875
0.486086310100266
0.486286356509657
0.486486402919048
0.486686449328439
0.486886495737831
0.487086542147222
0.487286588556613
0.487486634966004
0.487686681375396
0.487886727784787
0.488086774194178
0.488286820603569
0.488486867012961
0.488686913422352
0.488886959831743
0.489087006241134
0.489287052650526
0.489487099059917
0.489687145469308
0.489887191878699
0.490087238288091
0.490287284697482
0.490487331106873
0.490687377516264
0.490887423925656
0.491087470335047
0.491287516744438
0.491487563153829
0.491687609563221
0.491887655972612
0.492087702382003
0.492287748791394
0.492487795200786
0.492687841610177
0.492887888019568
0.493087934428959
0.493287980838351
0.493488027247742
0.493688073657133
0.493888120066524
0.494088166475916
0.494288212885307
0.494488259294698
0.494688305704089
0.494888352113481
0.495088398522872
0.495288444932263
0.495488491341654
0.495688537751046
0.495888584160437
0.496088630569828
0.496288676979219
0.49648872338861
0.496688769798002
0.496888816207393
0.497088862616784
0.497288909026176
0.497488955435567
0.497689001844958
0.497889048254349
0.49808909466374
0.498289141073132
0.498489187482523
0.498689233891914
0.498889280301305
0.499089326710697
0.499289373120088
0.499489419529479
0.49968946593887
0.499889512348262
0.500089558757653
0.500289605167044
0.500489651576435
0.500689697985827
0.500889744395218
0.501089790804609
0.501289837214
0.501489883623392
0.501689930032783
0.501889976442174
0.502090022851565
0.502290069260957
0.502490115670348
0.502690162079739
0.50289020848913
0.503090254898522
0.503290301307913
0.503490347717304
0.503690394126695
0.503890440536087
0.504090486945478
0.504290533354869
0.50449057976426
0.504690626173652
0.504890672583043
0.505090718992434
0.505290765401825
0.505490811811217
0.505690858220608
0.505890904629999
0.50609095103939
0.506290997448781
0.506491043858173
0.506691090267564
0.506891136676955
0.507091183086346
0.507291229495738
0.507491275905129
0.50769132231452
0.507891368723911
0.508091415133303
0.508291461542694
0.508491507952085
0.508691554361477
0.508891600770868
0.509091647180259
0.50929169358965
0.509491739999041
0.509691786408433
0.509891832817824
0.510091879227215
0.510291925636606
0.510491972045998
0.510692018455389
0.51089206486478
0.511092111274171
0.511292157683563
0.511492204092954
0.511692250502345
0.511892296911736
0.512092343321128
0.512292389730519
0.51249243613991
0.512692482549301
0.512892528958693
0.513092575368084
0.513292621777475
0.513492668186866
0.513692714596258
0.513892761005649
0.51409280741504
0.514292853824431
0.514492900233823
0.514692946643214
0.514892993052605
0.515093039461996
0.515293085871388
0.515493132280779
0.51569317869017
0.515893225099561
0.516093271508953
0.516293317918344
0.516493364327735
0.516693410737126
0.516893457146518
0.517093503555909
0.5172935499653
0.517493596374691
0.517693642784082
0.517893689193474
0.518093735602865
0.518293782012256
0.518493828421647
0.518693874831039
0.51889392124043
0.519093967649821
0.519294014059212
0.519494060468604
0.519694106877995
0.519894153287386
0.520094199696777
0.520294246106169
0.52049429251556
0.520694338924951
0.520894385334342
0.521094431743734
0.521294478153125
0.521494524562516
0.521694570971907
0.521894617381299
0.52209466379069
0.522294710200081
0.522494756609472
0.522694803018864
0.522894849428255
0.523094895837646
0.523294942247037
0.523494988656429
0.52369503506582
0.523895081475211
0.524095127884602
0.524295174293994
0.524495220703385
0.524695267112776
0.524895313522167
0.525095359931559
0.52529540634095
0.525495452750341
0.525695499159732
0.525895545569124
0.526095591978515
0.526295638387906
0.526495684797297
0.526695731206689
0.52689577761608
0.527095824025471
0.527295870434862
0.527495916844253
0.527695963253645
0.527896009663036
0.528096056072427
0.528296102481818
0.52849614889121
0.528696195300601
0.528896241709992
0.529096288119383
0.529296334528775
0.529496380938166
0.529696427347557
0.529896473756948
0.53009652016634
0.530296566575731
0.530496612985122
0.530696659394513
0.530896705803905
0.531096752213296
0.531296798622687
0.531496845032078
0.53169689144147
0.531896937850861
0.532096984260252
0.532297030669643
0.532497077079035
0.532697123488426
0.532897169897817
0.533097216307208
0.5332972627166
0.533497309125991
0.533697355535382
0.533897401944773
0.534097448354165
0.534297494763556
0.534497541172947
0.534697587582338
0.53489763399173
0.535097680401121
0.535297726810512
0.535497773219903
0.535697819629295
0.535897866038686
0.536097912448077
0.536297958857468
0.53649800526686
0.536698051676251
0.536898098085642
0.537098144495033
0.537298190904425
0.537498237313816
0.537698283723207
0.537898330132598
0.53809837654199
0.538298422951381
0.538498469360772
0.538698515770163
0.538898562179555
0.539098608588946
0.539298654998337
0.539498701407728
0.53969874781712
0.539898794226511
0.540098840635902
0.540298887045293
0.540498933454684
0.540698979864076
0.540899026273467
0.541099072682858
0.541299119092249
0.541499165501641
0.541699211911032
0.541899258320423
0.542099304729814
0.542299351139206
0.542499397548597
0.542699443957988
0.54289949036738
0.543099536776771
0.543299583186162
0.543499629595553
0.543699676004945
0.543899722414336
0.544099768823727
0.544299815233118
0.544499861642509
0.544699908051901
0.544899954461292
0.545100000870683
0.545300047280074
0.545500093689466
0.545700140098857
0.545900186508248
0.546100232917639
0.546300279327031
0.546500325736422
0.546700372145813
0.546900418555204
0.547100464964596
0.547300511373987
0.547500557783378
0.547700604192769
0.547900650602161
0.548100697011552
0.548300743420943
0.548500789830334
0.548700836239726
0.548900882649117
0.549100929058508
0.549300975467899
0.549501021877291
0.549701068286682
0.549901114696073
0.550101161105464
0.550301207514856
0.550501253924247
0.550701300333638
0.550901346743029
0.551101393152421
0.551301439561812
0.551501485971203
0.551701532380594
0.551901578789986
0.552101625199377
0.552301671608768
0.552501718018159
0.552701764427551
0.552901810836942
0.553101857246333
0.553301903655724
0.553501950065116
0.553701996474507
0.553902042883898
0.554102089293289
0.554302135702681
0.554502182112072
0.554702228521463
0.554902274930854
0.555102321340246
0.555302367749637
0.555502414159028
0.555702460568419
0.555902506977811
0.556102553387202
0.556302599796593
0.556502646205984
0.556702692615376
0.556902739024767
0.557102785434158
0.557302831843549
0.557502878252941
0.557702924662332
0.557902971071723
0.558103017481114
0.558303063890506
0.558503110299897
0.558703156709288
0.558903203118679
0.559103249528071
0.559303295937462
0.559503342346853
0.559703388756244
0.559903435165636
0.560103481575027
0.560303527984418
0.560503574393809
0.560703620803201
0.560903667212592
0.561103713621983
0.561303760031374
0.561503806440765
0.561703852850157
0.561903899259548
0.562103945668939
0.56230399207833
0.562504038487722
0.562704084897113
0.562904131306504
0.563104177715895
0.563304224125287
0.563504270534678
0.563704316944069
0.563904363353461
0.564104409762852
0.564304456172243
0.564504502581634
0.564704548991025
0.564904595400417
0.565104641809808
0.565304688219199
0.56550473462859
0.565704781037982
0.565904827447373
0.566104873856764
0.566304920266155
0.566504966675547
0.566705013084938
0.566905059494329
0.56710510590372
0.567305152313112
0.567505198722503
0.567705245131894
0.567905291541285
0.568105337950677
0.568305384360068
0.568505430769459
0.56870547717885
0.568905523588242
0.569105569997633
0.569305616407024
0.569505662816415
0.569705709225807
0.569905755635198
0.570105802044589
0.57030584845398
0.570505894863372
0.570705941272763
0.570905987682154
0.571106034091545
0.571306080500937
0.571506126910328
0.571706173319719
0.57190621972911
0.572106266138502
0.572306312547893
0.572506358957284
0.572706405366675
0.572906451776067
0.573106498185458
0.573306544594849
0.57350659100424
0.573706637413632
0.573906683823023
0.574106730232414
0.574306776641805
0.574506823051197
0.574706869460588
0.574906915869979
0.57510696227937
0.575307008688762
0.575507055098153
0.575707101507544
0.575907147916935
0.576107194326327
0.576307240735718
0.576507287145109
0.5767073335545
0.576907379963892
0.577107426373283
0.577307472782674
0.577507519192065
0.577707565601457
0.577907612010848
0.578107658420239
0.57830770482963
0.578507751239022
0.578707797648413
0.578907844057804
0.579107890467195
0.579307936876587
0.579507983285978
0.579708029695369
0.57990807610476
0.580108122514152
0.580308168923543
0.580508215332934
0.580708261742325
0.580908308151717
0.581108354561108
0.581308400970499
0.58150844737989
0.581708493789281
0.581908540198673
0.582108586608064
0.582308633017455
0.582508679426846
0.582708725836238
0.582908772245629
0.58310881865502
0.583308865064411
0.583508911473803
0.583708957883194
0.583909004292585
0.584109050701976
0.584309097111368
0.584509143520759
0.58470918993015
0.584909236339542
0.585109282748933
0.585309329158324
0.585509375567715
0.585709421977106
0.585909468386498
0.586109514795889
0.58630956120528
0.586509607614671
0.586709654024063
0.586909700433454
0.587109746842845
0.587309793252236
0.587509839661628
0.587709886071019
0.58790993248041
0.588109978889801
0.588310025299193
0.588510071708584
0.588710118117975
0.588910164527366
0.589110210936758
0.589310257346149
0.58951030375554
0.589710350164931
0.589910396574323
0.590110442983714
0.590310489393105
0.590510535802496
0.590710582211888
0.590910628621279
0.59111067503067
0.591310721440061
0.591510767849453
0.591710814258844
0.591910860668235
0.592110907077626
0.592310953487018
0.592510999896409
0.5927110463058
0.592911092715191
0.593111139124583
0.593311185533974
0.593511231943365
0.593711278352756
0.593911324762148
0.594111371171539
0.59431141758093
0.594511463990321
0.594711510399713
0.594911556809104
0.595111603218495
0.595311649627886
0.595511696037278
0.595711742446669
0.59591178885606
0.596111835265451
0.596311881674843
0.596511928084234
0.596711974493625
0.596912020903016
0.597112067312408
0.597312113721799
0.59751216013119
0.597712206540581
0.597912252949973
0.598112299359364
0.598312345768755
0.598512392178146
0.598712438587538
0.598912484996929
0.59911253140632
0.599312577815711
0.599512624225103
0.599712670634494
0.599912717043885
0.600112763453276
0.600312809862668
0.600512856272059
0.60071290268145
0.600912949090841
0.601112995500233
0.601313041909624
0.601513088319015
0.601713134728406
0.601913181137798
0.602113227547189
0.60231327395658
0.602513320365971
0.602713366775362
0.602913413184754
0.603113459594145
0.603313506003536
0.603513552412927
0.603713598822319
0.60391364523171
0.604113691641101
0.604313738050492
0.604513784459884
0.604713830869275
0.604913877278666
0.605113923688057
0.605313970097449
0.60551401650684
0.605714062916231
0.605914109325623
0.606114155735014
0.606314202144405
0.606514248553796
0.606714294963187
0.606914341372579
0.60711438778197
0.607314434191361
0.607514480600752
0.607714527010144
0.607914573419535
0.608114619828926
0.608314666238317
0.608514712647709
0.6087147590571
0.608914805466491
0.609114851875882
0.609314898285274
0.609514944694665
0.609714991104056
0.609915037513447
0.610115083922839
0.61031513033223
0.610515176741621
0.610715223151012
0.610915269560404
0.611115315969795
0.611315362379186
0.611515408788577
0.611715455197969
0.61191550160736
0.612115548016751
0.612315594426142
0.612515640835534
0.612715687244925
0.612915733654316
0.613115780063707
0.613315826473099
0.61351587288249
0.613715919291881
0.613915965701272
0.614116012110664
0.614316058520055
0.614516104929446
0.614716151338837
0.614916197748229
0.61511624415762
0.615316290567011
0.615516336976402
0.615716383385794
0.615916429795185
0.616116476204576
0.616316522613967
0.616516569023359
0.61671661543275
0.616916661842141
0.617116708251532
0.617316754660924
0.617516801070315
0.617716847479706
0.617916893889097
0.618116940298489
0.61831698670788
0.618517033117271
0.618717079526662
0.618917125936054
0.619117172345445
0.619317218754836
0.619517265164227
0.619717311573619
0.61991735798301
0.620117404392401
0.620317450801792
0.620517497211184
0.620717543620575
0.620917590029966
0.621117636439357
0.621317682848749
0.62151772925814
0.621717775667531
0.621917822076922
0.622117868486314
0.622317914895705
0.622517961305096
0.622718007714487
0.622918054123879
0.62311810053327
0.623318146942661
0.623518193352052
0.623718239761443
0.623918286170835
0.624118332580226
0.624318378989617
0.624518425399008
0.6247184718084
0.624918518217791
0.625118564627182
0.625318611036573
0.625518657445965
0.625718703855356
0.625918750264747
0.626118796674138
0.62631884308353
0.626518889492921
0.626718935902312
0.626918982311703
0.627119028721095
0.627319075130486
0.627519121539877
0.627719167949268
0.627919214358659
0.628119260768051
0.628319307177442
0.628519353586833
0.628719399996224
0.628919446405616
0.629119492815007
0.629319539224398
0.629519585633789
0.629719632043181
0.629919678452572
0.630119724861963
0.630319771271354
0.630519817680746
0.630719864090137
0.630919910499528
0.631119956908919
0.631320003318311
0.631520049727702
0.631720096137093
0.631920142546484
0.632120188955875
0.632320235365267
0.632520281774658
0.632720328184049
0.63292037459344
0.633120421002832
0.633320467412223
0.633520513821614
0.633720560231005
0.633920606640397
0.634120653049788
0.634320699459179
0.63452074586857
0.634720792277961
0.634920838687353
0.635120885096744
0.635320931506135
0.635520977915526
0.635721024324918
0.635921070734309
0.6361211171437
0.636321163553091
0.636521209962483
0.636721256371874
0.636921302781265
0.637121349190656
0.637321395600048
0.637521442009439
0.63772148841883
0.637921534828221
0.638121581237612
0.638321627647004
0.638521674056395
0.638721720465786
0.638921766875177
0.639121813284569
0.63932185969396
0.639521906103351
0.639721952512742
0.639921998922134
0.640122045331525
0.640322091740916
0.640522138150307
0.640722184559698
0.64092223096909
0.641122277378481
0.641322323787872
0.641522370197263
0.641722416606655
0.641922463016046
0.642122509425437
0.642322555834828
0.64252260224422
0.642722648653611
0.642922695063002
0.643122741472393
0.643322787881785
0.643522834291176
0.643722880700567
0.643922927109958
0.644122973519349
0.644323019928741
0.644523066338132
0.644723112747523
0.644923159156914
0.645123205566306
0.645323251975697
0.645523298385088
0.645723344794479
0.645923391203871
0.646123437613262
0.646323484022653
0.646523530432044
0.646723576841435
0.646923623250827
0.647123669660218
0.647323716069609
0.647523762479
0.647723808888392
0.647923855297783
0.648123901707174
0.648323948116565
0.648523994525957
0.648724040935348
0.648924087344739
0.64912413375413
0.649324180163522
0.649524226572913
0.649724272982304
0.649924319391695
0.650124365801086
0.650324412210478
0.650524458619869
0.65072450502926
0.650924551438651
0.651124597848043
0.651324644257434
0.651524690666825
0.651724737076216
0.651924783485608
0.652124829894999
0.65232487630439
0.652524922713781
0.652724969123172
0.652925015532564
0.653125061941955
0.653325108351346
0.653525154760737
0.653725201170129
0.65392524757952
0.654125293988911
0.654325340398302
0.654525386807694
0.654725433217085
0.654925479626476
0.655125526035867
0.655325572445259
0.65552561885465
0.655725665264041
0.655925711673432
0.656125758082823
0.656325804492215
0.656525850901606
0.656725897310997
0.656925943720388
0.65712599012978
0.657326036539171
0.657526082948562
0.657726129357953
0.657926175767345
0.658126222176736
0.658326268586127
0.658526314995518
0.658726361404909
0.658926407814301
0.659126454223692
0.659326500633083
0.659526547042474
0.659726593451866
0.659926639861257
0.660126686270648
0.660326732680039
0.660526779089431
0.660726825498822
0.660926871908213
0.661126918317604
0.661326964726995
0.661527011136387
0.661727057545778
0.661927103955169
0.66212715036456
0.662327196773952
0.662527243183343
0.662727289592734
0.662927336002125
0.663127382411517
0.663327428820908
0.663527475230299
0.66372752163969
0.663927568049082
0.664127614458473
0.664327660867864
0.664527707277255
0.664727753686646
0.664927800096038
0.665127846505429
0.66532789291482
0.665527939324212
0.665727985733603
0.665928032142994
0.666128078552385
0.666328124961776
0.666528171371168
0.666728217780559
0.66692826418995
0.667128310599341
0.667328357008732
0.667528403418124
0.667728449827515
0.667928496236906
0.668128542646298
0.668328589055689
0.66852863546508
0.668728681874471
0.668928728283862
0.669128774693254
0.669328821102645
0.669528867512036
0.669728913921427
0.669928960330819
0.67012900674021
0.670329053149601
0.670529099558992
0.670729145968384
0.670929192377775
0.671129238787166
0.671329285196557
0.671529331605949
0.67172937801534
0.671929424424731
0.672129470834122
0.672329517243513
0.672529563652905
0.672729610062296
0.672929656471687
0.673129702881078
0.67332974929047
0.673529795699861
0.673729842109252
0.673929888518643
0.674129934928035
0.674329981337426
0.674530027746817
0.674730074156208
0.674930120565599
0.675130166974991
0.675330213384382
0.675530259793773
0.675730306203164
0.675930352612556
0.676130399021947
0.676330445431338
0.676530491840729
0.676730538250121
0.676930584659512
0.677130631068903
0.677330677478294
0.677530723887686
0.677730770297077
0.677930816706468
0.678130863115859
0.67833090952525
0.678530955934642
0.678731002344033
0.678931048753424
0.679131095162815
0.679331141572207
0.679531187981598
0.679731234390989
0.67993128080038
0.680131327209772
0.680331373619163
0.680531420028554
0.680731466437945
0.680931512847336
0.681131559256728
0.681331605666119
0.68153165207551
0.681731698484901
0.681931744894293
0.682131791303684
0.682331837713075
0.682531884122466
0.682731930531858
0.682931976941249
0.68313202335064
0.683332069760031
0.683532116169423
0.683732162578814
0.683932208988205
0.684132255397596
0.684332301806987
0.684532348216379
0.68473239462577
0.684932441035161
0.685132487444552
0.685332533853944
0.685532580263335
0.685732626672726
0.685932673082117
0.686132719491509
0.6863327659009
0.686532812310291
0.686732858719682
0.686932905129073
0.687132951538465
0.687332997947856
0.687533044357247
0.687733090766638
0.68793313717603
0.688133183585421
0.688333229994812
0.688533276404203
0.688733322813595
0.688933369222986
0.689133415632377
0.689333462041768
0.68953350845116
0.689733554860551
0.689933601269942
0.690133647679333
0.690333694088724
0.690533740498116
0.690733786907507
0.690933833316898
0.691133879726289
0.691333926135681
0.691533972545072
0.691734018954463
0.691934065363854
0.692134111773246
0.692334158182637
0.692534204592028
0.692734251001419
0.69293429741081
0.693134343820202
0.693334390229593
0.693534436638984
0.693734483048375
0.693934529457767
0.694134575867158
0.694334622276549
0.69453466868594
0.694734715095332
0.694934761504723
0.695134807914114
0.695334854323505
0.695534900732896
0.695734947142288
0.695934993551679
0.69613503996107
0.696335086370461
0.696535132779853
0.696735179189244
0.696935225598635
0.697135272008026
0.697335318417418
0.697535364826809
0.6977354112362
0.697935457645591
0.698135504054983
0.698335550464374
0.698535596873765
0.698735643283156
0.698935689692547
0.699135736101939
0.69933578251133
0.699535828920721
0.699735875330112
0.699935921739504
0.700135968148895
0.700336014558286
0.700536060967677
0.700736107377069
0.70093615378646
0.701136200195851
0.701336246605242
0.701536293014633
0.701736339424025
0.701936385833416
0.702136432242807
0.702336478652199
0.70253652506159
0.702736571470981
0.702936617880372
0.703136664289763
0.703336710699155
0.703536757108546
0.703736803517937
0.703936849927328
0.70413689633672
0.704336942746111
0.704536989155502
0.704737035564893
0.704937081974285
0.705137128383676
0.705337174793067
0.705537221202458
0.705737267611849
0.705937314021241
0.706137360430632
0.706337406840023
0.706537453249414
0.706737499658806
0.706937546068197
0.707137592477588
0.707337638886979
0.707537685296371
0.707737731705762
0.707937778115153
0.708137824524544
0.708337870933935
0.708537917343327
0.708737963752718
0.708938010162109
0.7091380565715
0.709338102980892
0.709538149390283
0.709738195799674
0.709938242209065
0.710138288618457
0.710338335027848
0.710538381437239
0.71073842784663
0.710938474256022
0.711138520665413
0.711338567074804
0.711538613484195
0.711738659893586
0.711938706302978
0.712138752712369
0.71233879912176
0.712538845531151
0.712738891940543
0.712938938349934
0.713138984759325
0.713339031168716
0.713539077578108
0.713739123987499
0.71393917039689
0.714139216806281
0.714339263215672
0.714539309625064
0.714739356034455
0.714939402443846
0.715139448853237
0.715339495262629
0.71553954167202
0.715739588081411
0.715939634490802
0.716139680900194
0.716339727309585
0.716539773718976
0.716739820128367
0.716939866537759
0.71713991294715
0.717339959356541
0.717540005765932
0.717740052175323
0.717940098584715
0.718140144994106
0.718340191403497
0.718540237812888
0.71874028422228
0.718940330631671
0.719140377041062
0.719340423450453
0.719540469859845
0.719740516269236
0.719940562678627
0.720140609088018
0.720340655497409
0.720540701906801
0.720740748316192
0.720940794725583
0.721140841134974
0.721340887544366
0.721540933953757
0.721740980363148
0.721941026772539
0.722141073181931
0.722341119591322
0.722541166000713
0.722741212410104
0.722941258819496
0.723141305228887
0.723341351638278
0.723541398047669
0.72374144445706
0.723941490866452
0.724141537275843
0.724341583685234
0.724541630094625
0.724741676504017
0.724941722913408
0.725141769322799
0.72534181573219
0.725541862141582
0.725741908550973
0.725941954960364
0.726142001369755
0.726342047779146
0.726542094188538
0.726742140597929
0.72694218700732
0.727142233416711
0.727342279826103
0.727542326235494
0.727742372644885
0.727942419054276
0.728142465463668
0.728342511873059
0.72854255828245
0.728742604691841
0.728942651101233
0.729142697510624
0.729342743920015
0.729542790329406
0.729742836738797
0.729942883148189
0.73014292955758
0.730342975966971
0.730543022376362
0.730743068785754
0.730943115195145
0.731143161604536
0.731343208013927
0.731543254423319
0.73174330083271
0.731943347242101
0.732143393651492
0.732343440060883
0.732543486470275
0.732743532879666
0.732943579289057
0.733143625698448
0.73334367210784
0.733543718517231
0.733743764926622
0.733943811336013
0.734143857745405
0.734343904154796
0.734543950564187
0.734743996973578
0.73494404338297
0.735144089792361
0.735344136201752
0.735544182611143
0.735744229020534
0.735944275429926
0.736144321839317
0.736344368248708
0.736544414658099
0.736744461067491
0.736944507476882
0.737144553886273
0.737344600295664
0.737544646705056
0.737744693114447
0.737944739523838
0.738144785933229
0.73834483234262
0.738544878752012
0.738744925161403
0.738944971570794
0.739145017980186
0.739345064389577
0.739545110798968
0.739745157208359
0.73994520361775
0.740145250027142
0.740345296436533
0.740545342845924
0.740745389255315
0.740945435664707
0.741145482074098
0.741345528483489
0.74154557489288
0.741745621302272
0.741945667711663
0.742145714121054
0.742345760530445
0.742545806939836
0.742745853349228
0.742945899758619
0.74314594616801
0.743345992577401
0.743546038986793
0.743746085396184
0.743946131805575
0.744146178214966
0.744346224624358
0.744546271033749
0.74474631744314
0.744946363852531
0.745146410261923
0.745346456671314
0.745546503080705
0.745746549490096
0.745946595899487
0.746146642308879
0.74634668871827
0.746546735127661
0.746746781537052
0.746946827946444
0.747146874355835
0.747346920765226
0.747546967174617
0.747747013584009
0.7479470599934
0.748147106402791
0.748347152812182
0.748547199221573
0.748747245630965
0.748947292040356
0.749147338449747
0.749347384859138
0.74954743126853
0.749747477677921
0.749947524087312
0.750147570496703
0.750347616906095
0.750547663315486
0.750747709724877
0.750947756134268
0.75114780254366
0.751347848953051
0.751547895362442
0.751747941771833
0.751947988181225
0.752148034590616
0.752348081000007
0.752548127409398
0.75274817381879
0.752948220228181
0.753148266637572
0.753348313046964
0.753548359456355
0.753748405865746
0.753948452275137
0.754148498684529
0.75434854509392
0.754548591503311
0.754748637912702
0.754948684322094
0.755148730731485
0.755348777140876
0.755548823550267
0.755748869959659
0.75594891636905
0.756148962778441
0.756349009187832
0.756549055597224
0.756749102006615
0.756949148416006
0.757149194825397
0.757349241234789
0.75754928764418
0.757749334053571
0.757949380462963
0.758149426872354
0.758349473281745
0.758549519691136
0.758749566100528
0.758949612509919
0.75914965891931
0.759349705328701
0.759549751738093
0.759749798147484
0.759949844556875
0.760149890966267
0.760349937375658
0.760549983785049
0.76075003019444
0.760950076603832
0.761150123013223
0.761350169422614
0.761550215832005
0.761750262241397
0.761950308650788
0.762150355060179
0.76235040146957
0.762550447878962
0.762750494288353
0.762950540697744
0.763150587107135
0.763350633516527
0.763550679925918
0.763750726335309
0.7639507727447
0.764150819154092
0.764350865563483
0.764550911972874
0.764750958382265
0.764951004791657
0.765151051201048
0.765351097610439
0.76555114401983
0.765751190429222
0.765951236838613
0.766151283248004
0.766351329657396
0.766551376066787
0.766751422476178
0.766951468885569
0.767151515294961
0.767351561704352
0.767551608113743
0.767751654523134
0.767951700932526
0.768151747341917
0.768351793751308
0.768551840160699
0.768751886570091
0.768951932979482
0.769151979388873
0.769352025798264
0.769552072207656
0.769752118617047
0.769952165026438
0.770152211435829
0.770352257845221
0.770552304254612
0.770752350664003
0.770952397073394
0.771152443482786
0.771352489892177
0.771552536301568
0.77175258271096
0.771952629120351
0.772152675529742
0.772352721939133
0.772552768348525
0.772752814757916
0.772952861167307
0.773152907576698
0.77335295398609
0.773553000395481
0.773753046804872
0.773953093214264
0.774153139623655
0.774353186033046
0.774553232442437
0.774753278851829
0.77495332526122
0.775153371670611
0.775353418080002
0.775553464489394
0.775753510898785
0.775953557308176
0.776153603717567
0.776353650126959
0.77655369653635
0.776753742945741
0.776953789355132
0.777153835764524
0.777353882173915
0.777553928583306
0.777753974992697
0.777954021402089
0.77815406781148
0.778354114220871
0.778554160630263
0.778754207039654
0.778954253449045
0.779154299858436
0.779354346267828
0.779554392677219
0.77975443908661
0.779954485496001
0.780154531905393
0.780354578314784
0.780554624724175
0.780754671133566
0.780954717542958
0.781154763952349
0.78135481036174
0.781554856771131
0.781754903180523
0.781954949589914
0.782154995999305
0.782355042408696
0.782555088818088
0.782755135227479
0.78295518163687
0.783155228046261
0.783355274455653
0.783555320865044
0.783755367274435
0.783955413683826
0.784155460093218
0.784355506502609
0.784555552912
0.784755599321392
0.784955645730783
0.785155692140174
0.785355738549565
0.785555784958957
0.785755831368348
0.785955877777739
0.78615592418713
0.786355970596522
0.786556017005913
0.786756063415304
0.786956109824696
0.787156156234087
0.787356202643478
0.787556249052869
0.787756295462261
0.787956341871652
0.788156388281043
0.788356434690434
0.788556481099826
0.788756527509217
0.788956573918608
0.789156620327999
0.789356666737391
0.789556713146782
0.789756759556173
0.789956805965564
0.790156852374956
0.790356898784347
0.790556945193738
0.790756991603129
0.790957038012521
0.791157084421912
0.791357130831303
0.791557177240694
0.791757223650086
0.791957270059477
0.792157316468868
0.79235736287826
0.792557409287651
0.792757455697042
0.792957502106433
0.793157548515825
0.793357594925216
0.793557641334607
0.793757687743998
0.79395773415339
0.794157780562781
0.794357826972172
0.794557873381563
0.794757919790955
0.794957966200346
0.795158012609737
0.795358059019128
0.79555810542852
0.795758151837911
0.795958198247302
0.796158244656693
0.796358291066085
0.796558337475476
0.796758383884867
0.796958430294259
0.79715847670365
0.797358523113041
0.797558569522432
0.797758615931824
0.797958662341215
0.798158708750606
0.798358755159997
0.798558801569389
0.79875884797878
0.798958894388171
0.799158940797562
0.799358987206954
0.799559033616345
0.799759080025736
0.799959126435127
0.800159172844519
0.80035921925391
0.800559265663301
0.800759312072693
0.800959358482084
0.801159404891475
0.801359451300866
0.801559497710258
0.801759544119649
0.80195959052904
0.802159636938431
0.802359683347823
0.802559729757214
0.802759776166605
0.802959822575996
0.803159868985388
0.803359915394779
0.80355996180417
0.803760008213561
0.803960054622953
0.804160101032344
0.804360147441735
0.804560193851126
0.804760240260518
0.804960286669909
0.8051603330793
0.805360379488692
0.805560425898083
0.805760472307474
0.805960518716865
0.806160565126257
0.806360611535648
0.806560657945039
0.80676070435443
0.806960750763822
0.807160797173213
0.807360843582604
0.807560889991995
0.807760936401387
0.807960982810778
0.808161029220169
0.80836107562956
0.808561122038952
0.808761168448343
0.808961214857734
0.809161261267126
0.809361307676517
0.809561354085908
0.809761400495299
0.809961446904691
0.810161493314082
0.810361539723473
0.810561586132864
0.810761632542256
0.810961678951647
0.811161725361038
0.811361771770429
0.811561818179821
0.811761864589212
0.811961910998603
0.812161957407994
0.812362003817386
0.812562050226777
0.812762096636168
0.812962143045559
0.813162189454951
0.813362235864342
0.813562282273733
0.813762328683125
0.813962375092516
0.814162421501907
0.814362467911298
0.81456251432069
0.814762560730081
0.814962607139472
0.815162653548863
0.815362699958255
0.815562746367646
0.815762792777037
0.815962839186428
0.81616288559582
0.816362932005211
0.816562978414602
0.816763024823993
0.816963071233385
0.817163117642776
0.817363164052167
0.817563210461558
0.81776325687095
0.817963303280341
0.818163349689732
0.818363396099123
0.818563442508515
0.818763488917906
0.818963535327297
0.819163581736689
0.81936362814608
0.819563674555471
0.819763720964862
0.819963767374254
0.820163813783645
0.820363860193036
0.820563906602427
0.820763953011819
0.82096399942121
0.821164045830601
0.821364092239993
0.821564138649384
0.821764185058775
0.821964231468166
0.822164277877558
0.822364324286949
0.82256437069634
0.822764417105731
0.822964463515123
0.823164509924514
0.823364556333905
0.823564602743296
0.823764649152688
0.823964695562079
0.82416474197147
0.824364788380861
0.824564834790253
0.824764881199644
0.824964927609035
0.825164974018426
0.825365020427818
0.825565066837209
0.8257651132466
0.825965159655991
0.826165206065383
0.826365252474774
0.826565298884165
0.826765345293556
0.826965391702948
0.827165438112339
0.82736548452173
0.827565530931122
0.827765577340513
0.827965623749904
0.828165670159295
0.828365716568687
0.828565762978078
0.828765809387469
0.82896585579686
0.829165902206252
0.829365948615643
0.829565995025034
0.829766041434425
0.829966087843817
0.830166134253208
0.830366180662599
0.83056622707199
0.830766273481382
0.830966319890773
0.831166366300164
0.831366412709555
0.831566459118947
0.831766505528338
0.831966551937729
0.832166598347121
0.832366644756512
0.832566691165903
0.832766737575294
0.832966783984686
0.833166830394077
0.833366876803468
0.833566923212859
0.833766969622251
0.833967016031642
0.834167062441033
0.834367108850424
0.834567155259816
0.834767201669207
0.834967248078598
0.83516729448799
0.835367340897381
0.835567387306772
0.835767433716163
0.835967480125555
0.836167526534946
0.836367572944337
0.836567619353728
0.83676766576312
0.836967712172511
0.837167758581902
0.837367804991293
0.837567851400685
0.837767897810076
0.837967944219467
0.838167990628858
0.83836803703825
0.838568083447641
0.838768129857032
0.838968176266423
0.839168222675815
0.839368269085206
0.839568315494597
0.839768361903989
0.83996840831338
0.840168454722771
0.840368501132162
0.840568547541554
0.840768593950945
0.840968640360336
0.841168686769727
0.841368733179119
0.84156877958851
0.841768825997901
0.841968872407292
0.842168918816684
0.842368965226075
0.842569011635466
0.842769058044857
0.842969104454249
0.84316915086364
0.843369197273031
0.843569243682422
0.843769290091814
0.843969336501205
0.844169382910596
0.844369429319987
0.844569475729379
0.84476952213877
0.844969568548161
0.845169614957552
0.845369661366944
0.845569707776335
0.845769754185726
0.845969800595118
0.846169847004509
0.8463698934139
0.846569939823291
0.846769986232683
0.846970032642074
0.847170079051465
0.847370125460856
0.847570171870248
0.847770218279639
0.84797026468903
0.848170311098422
0.848370357507813
0.848570403917204
0.848770450326595
0.848970496735987
0.849170543145378
0.849370589554769
0.84957063596416
0.849770682373552
0.849970728782943
0.850170775192334
0.850370821601725
0.850570868011117
0.850770914420508
0.850970960829899
0.85117100723929
0.851371053648682
0.851571100058073
0.851771146467464
0.851971192876855
0.852171239286247
0.852371285695638
0.852571332105029
0.85277137851442
0.852971424923812
0.853171471333203
0.853371517742594
0.853571564151986
0.853771610561377
0.853971656970768
0.854171703380159
0.854371749789551
0.854571796198942
0.854771842608333
0.854971889017724
0.855171935427116
0.855371981836507
0.855572028245898
0.855772074655289
0.855972121064681
0.856172167474072
0.856372213883463
0.856572260292854
0.856772306702246
0.856972353111637
0.857172399521028
0.85737244593042
0.857572492339811
0.857772538749202
0.857972585158593
0.858172631567985
0.858372677977376
0.858572724386767
0.858772770796158
0.85897281720555
0.859172863614941
0.859372910024332
0.859572956433723
0.859773002843115
0.859973049252506
0.860173095661897
0.860373142071288
0.86057318848068
0.860773234890071
0.860973281299462
0.861173327708853
0.861373374118245
0.861573420527636
0.861773466937027
0.861973513346419
0.86217355975581
0.862373606165201
0.862573652574592
0.862773698983984
0.862973745393375
0.863173791802766
0.863373838212157
0.863573884621549
0.86377393103094
0.863973977440331
0.864174023849722
0.864374070259114
0.864574116668505
0.864774163077896
0.864974209487287
0.865174255896679
0.86537430230607
0.865574348715461
0.865774395124852
0.865974441534244
0.866174487943635
0.866374534353026
0.866574580762418
0.866774627171809
0.8669746735812
0.867174719990591
0.867374766399983
0.867574812809374
0.867774859218765
0.867974905628156
0.868174952037548
0.868374998446939
0.86857504485633
0.868775091265721
0.868975137675113
0.869175184084504
0.869375230493895
0.869575276903287
0.869775323312678
0.869975369722069
0.87017541613146
0.870375462540852
0.870575508950243
0.870775555359634
0.870975601769025
0.871175648178417
0.871375694587808
0.871575740997199
0.87177578740659
0.871975833815982
0.872175880225373
0.872375926634764
0.872575973044155
0.872776019453547
0.872976065862938
0.873176112272329
0.87337615868172
0.873576205091112
0.873776251500503
0.873976297909894
0.874176344319285
0.874376390728677
0.874576437138068
0.874776483547459
0.874976529956851
0.875176576366242
0.875376622775633
0.875576669185024
0.875776715594416
0.875976762003807
0.876176808413198
0.876376854822589
0.876576901231981
0.876776947641372
0.876976994050763
0.877177040460154
0.877377086869546
0.877577133278937
0.877777179688328
0.877977226097719
0.878177272507111
0.878377318916502
0.878577365325893
0.878777411735284
0.878977458144676
0.879177504554067
0.879377550963458
0.879577597372849
0.879777643782241
0.879977690191632
0.880177736601023
0.880377783010415
0.880577829419806
0.880777875829197
0.880977922238588
0.88117796864798
0.881378015057371
0.881578061466762
0.881778107876153
0.881978154285545
0.882178200694936
0.882378247104327
0.882578293513719
0.88277833992311
0.882978386332501
0.883178432741892
0.883378479151284
0.883578525560675
0.883778571970066
0.883978618379457
0.884178664788849
0.88437871119824
0.884578757607631
0.884778804017022
0.884978850426414
0.885178896835805
0.885378943245196
0.885578989654587
0.885779036063979
0.88597908247337
0.886179128882761
0.886379175292152
0.886579221701544
0.886779268110935
0.886979314520326
0.887179360929717
0.887379407339109
0.8875794537485
0.887779500157891
0.887979546567283
0.888179592976674
0.888379639386065
0.888579685795456
0.888779732204848
0.888979778614239
0.88917982502363
0.889379871433021
0.889579917842413
0.889779964251804
0.889980010661195
0.890180057070586
0.890380103479978
0.890580149889369
0.89078019629876
0.890980242708151
0.891180289117543
0.891380335526934
0.891580381936325
0.891780428345716
0.891980474755108
0.892180521164499
0.89238056757389
0.892580613983281
0.892780660392673
0.892980706802064
0.893180753211455
0.893380799620847
0.893580846030238
0.893780892439629
0.89398093884902
0.894180985258412
0.894381031667803
0.894581078077194
0.894781124486585
0.894981170895977
0.895181217305368
0.895381263714759
0.895581310124151
0.895781356533542
0.895981402942933
0.896181449352324
0.896381495761716
0.896581542171107
0.896781588580498
0.896981634989889
0.897181681399281
0.897381727808672
0.897581774218063
0.897781820627454
0.897981867036846
0.898181913446237
0.898381959855628
0.898582006265019
0.898782052674411
0.898982099083802
0.899182145493193
0.899382191902584
0.899582238311976
0.899782284721367
0.899982331130758
0.900182377540149
0.900382423949541
0.900582470358932
0.900782516768323
0.900982563177715
0.901182609587106
0.901382655996497
0.901582702405888
0.90178274881528
0.901982795224671
0.902182841634062
0.902382888043453
0.902582934452845
0.902782980862236
0.902983027271627
0.903183073681018
0.90338312009041
0.903583166499801
0.903783212909192
0.903983259318583
0.904183305727975
0.904383352137366
0.904583398546757
0.904783444956148
0.90498349136554
0.905183537774931
0.905383584184322
0.905583630593713
0.905783677003105
0.905983723412496
0.906183769821887
0.906383816231279
0.90658386264067
0.906783909050061
0.906983955459452
0.907184001868844
0.907384048278235
0.907584094687626
0.907784141097017
0.907984187506409
0.9081842339158
0.908384280325191
0.908584326734582
0.908784373143974
0.908984419553365
0.909184465962756
0.909384512372148
0.909584558781539
0.90978460519093
0.909984651600321
0.910184698009713
0.910384744419104
0.910584790828495
0.910784837237886
0.910984883647278
0.911184930056669
0.91138497646606
0.911585022875451
0.911785069284843
0.911985115694234
0.912185162103625
0.912385208513016
0.912585254922408
0.912785301331799
0.91298534774119
0.913185394150581
0.913385440559973
0.913585486969364
0.913785533378755
0.913985579788147
0.914185626197538
0.914385672606929
0.91458571901632
0.914785765425712
0.914985811835103
0.915185858244494
0.915385904653885
0.915585951063277
0.915785997472668
0.915986043882059
0.91618609029145
0.916386136700842
0.916586183110233
0.916786229519624
0.916986275929015
0.917186322338407
0.917386368747798
0.917586415157189
0.917786461566581
0.917986507975972
0.918186554385363
0.918386600794754
0.918586647204146
0.918786693613537
0.918986740022928
0.919186786432319
0.919386832841711
0.919586879251102
0.919786925660493
0.919986972069884
0.920187018479276
0.920387064888667
0.920587111298058
0.920787157707449
0.920987204116841
0.921187250526232
0.921387296935623
0.921587343345014
0.921787389754406
0.921987436163797
0.922187482573188
0.922387528982579
0.922587575391971
0.922787621801362
0.922987668210753
0.923187714620145
0.923387761029536
0.923587807438927
0.923787853848318
0.92398790025771
0.924187946667101
0.924387993076492
0.924588039485883
0.924788085895275
0.924988132304666
0.925188178714057
0.925388225123448
0.92558827153284
0.925788317942231
0.925988364351622
0.926188410761013
0.926388457170405
0.926588503579796
0.926788549989187
0.926988596398578
0.92718864280797
0.927388689217361
0.927588735626752
0.927788782036144
0.927988828445535
0.928188874854926
0.928388921264317
0.928588967673709
0.9287890140831
0.928989060492491
0.929189106901882
0.929389153311274
0.929589199720665
0.929789246130056
0.929989292539448
0.930189338948839
0.93038938535823
0.930589431767621
0.930789478177013
0.930989524586404
0.931189570995795
0.931389617405186
0.931589663814578
0.931789710223969
0.93198975663336
0.932189803042751
0.932389849452143
0.932589895861534
0.932789942270925
0.932989988680316
0.933190035089708
0.933390081499099
0.93359012790849
0.933790174317881
0.933990220727273
0.934190267136664
0.934390313546055
0.934590359955446
0.934790406364838
0.934990452774229
0.93519049918362
0.935390545593011
0.935590592002403
0.935790638411794
0.935990684821185
0.936190731230577
0.936390777639968
0.936590824049359
0.93679087045875
0.936990916868142
0.937190963277533
0.937391009686924
0.937591056096315
0.937791102505707
0.937991148915098
0.938191195324489
0.93839124173388
0.938591288143272
0.938791334552663
0.938991380962054
0.939191427371445
0.939391473780837
0.939591520190228
0.939791566599619
0.93999161300901
0.940191659418402
0.940391705827793
0.940591752237184
0.940791798646576
0.940991845055967
0.941191891465358
0.941391937874749
0.941591984284141
0.941792030693532
0.941992077102923
0.942192123512314
0.942392169921706
0.942592216331097
0.942792262740488
0.942992309149879
0.943192355559271
0.943392401968662
0.943592448378053
0.943792494787445
0.943992541196836
0.944192587606227
0.944392634015618
0.94459268042501
0.944792726834401
0.944992773243792
0.945192819653183
0.945392866062575
0.945592912471966
0.945792958881357
0.945993005290748
0.94619305170014
0.946393098109531
0.946593144518922
0.946793190928313
0.946993237337705
0.947193283747096
0.947393330156487
0.947593376565878
0.94779342297527
0.947993469384661
0.948193515794052
0.948393562203444
0.948593608612835
0.948793655022226
0.948993701431617
0.949193747841009
0.9493937942504
0.949593840659791
0.949793887069182
0.949993933478574
0.950193979887965
0.950394026297356
0.950594072706747
0.950794119116139
0.95099416552553
0.951194211934921
0.951394258344312
0.951594304753704
0.951794351163095
0.951994397572486
0.952194443981877
0.952394490391269
0.95259453680066
0.952794583210051
0.952994629619442
0.953194676028834
0.953394722438225
0.953594768847616
0.953794815257007
0.953994861666399
0.95419490807579
0.954394954485181
0.954595000894573
0.954795047303964
0.954995093713355
0.955195140122746
0.955395186532138
0.955595232941529
0.95579527935092
0.955995325760311
0.956195372169703
0.956395418579094
0.956595464988485
0.956795511397877
0.956995557807268
0.957195604216659
0.95739565062605
0.957595697035442
0.957795743444833
0.957995789854224
0.958195836263615
0.958395882673007
0.958595929082398
0.958795975491789
0.95899602190118
0.959196068310572
0.959396114719963
0.959596161129354
0.959796207538745
0.959996253948137
0.960196300357528
0.960396346766919
0.96059639317631
0.960796439585702
0.960996485995093
0.961196532404484
0.961396578813875
0.961596625223267
0.961796671632658
0.961996718042049
0.962196764451441
0.962396810860832
0.962596857270223
0.962796903679614
0.962996950089006
0.963196996498397
0.963397042907788
0.963597089317179
0.963797135726571
0.963997182135962
0.964197228545353
0.964397274954744
0.964597321364136
0.964797367773527
0.964997414182918
0.965197460592309
0.965397507001701
0.965597553411092
0.965797599820483
0.965997646229874
0.966197692639266
0.966397739048657
0.966597785458048
0.96679783186744
0.966997878276831
0.967197924686222
0.967397971095613
0.967598017505005
0.967798063914396
0.967998110323787
0.968198156733178
0.96839820314257
0.968598249551961
0.968798295961352
0.968998342370743
0.969198388780135
0.969398435189526
0.969598481598917
0.969798528008308
0.9699985744177
0.970198620827091
0.970398667236482
0.970598713645874
0.970798760055265
0.970998806464656
0.971198852874047
0.971398899283439
0.97159894569283
0.971798992102221
0.971999038511612
0.972199084921004
0.972399131330395
0.972599177739786
0.972799224149177
0.972999270558569
0.97319931696796
0.973399363377351
0.973599409786742
0.973799456196134
0.973999502605525
0.974199549014916
0.974399595424307
0.974599641833699
0.97479968824309
0.974999734652481
0.975199781061873
0.975399827471264
0.975599873880655
0.975799920290046
0.975999966699438
0.976200013108829
0.97640005951822
0.976600105927611
0.976800152337003
0.977000198746394
0.977200245155785
0.977400291565176
0.977600337974568
0.977800384383959
0.97800043079335
0.978200477202742
0.978400523612133
0.978600570021524
0.978800616430915
0.979000662840307
0.979200709249698
0.979400755659089
0.97960080206848
0.979800848477872
0.980000894887263
0.980200941296654
0.980400987706045
0.980601034115437
0.980801080524828
0.981001126934219
0.98120117334361
0.981401219753002
0.981601266162393
0.981801312571784
0.982001358981175
0.982201405390567
0.982401451799958
0.982601498209349
0.98280154461874
0.983001591028132
0.983201637437523
0.983401683846914
0.983601730256306
0.983801776665697
0.984001823075088
0.984201869484479
0.984401915893871
0.984601962303262
0.984802008712653
0.985002055122044
0.985202101531436
0.985402147940827
0.985602194350218
0.985802240759609
0.986002287169001
0.986202333578392
0.986402379987783
0.986602426397174
0.986802472806566
0.987002519215957
0.987202565625348
0.987402612034739
0.987602658444131
0.987802704853522
0.988002751262913
0.988202797672304
0.988402844081696
0.988602890491087
0.988802936900478
0.98900298330987
0.989203029719261
0.989403076128652
0.989603122538043
0.989803168947435
0.990003215356826
0.990203261766217
0.990403308175608
0.990603354585
0.990803400994391
0.991003447403782
0.991203493813174
0.991403540222565
0.991603586631956
0.991803633041347
0.992003679450739
0.99220372586013
0.992403772269521
0.992603818678912
0.992803865088304
0.993003911497695
0.993203957907086
0.993404004316477
0.993604050725869
0.99380409713526
0.994004143544651
0.994204189954042
0.994404236363434
0.994604282772825
0.994804329182216
0.995004375591607
0.995204422000999
0.99540446841039
0.995604514819781
0.995804561229172
0.996004607638564
0.996204654047955
0.996404700457346
0.996604746866738
0.996804793276129
0.99700483968552
0.997204886094911
0.997404932504303
0.997604978913694
0.997805025323085
0.998005071732476
0.998205118141868
0.998405164551259
0.99860521096065
0.998805257370041
0.999005303779433
0.999205350188824
0.999405396598215
0.999605443007606
0.999805489416998
1.00000553582639
