0.000621048172271952
-0.0133292275302032
-0.0354339981935578
-0.0564468982540054
-0.0761300924402209
-0.0923144092601483
-0.103006816558502
-0.11437011593632
-0.134136316187899
-0.148919440649752
-0.157410342328617
-0.175561352568426
-0.196257794905124
-0.184757779366857
-0.206775999628556
-0.218301923074021
-0.239926935977208
-0.223559622162456
-0.235971528422895
-0.240069270998375
-0.244391694982004
-0.228654255103953
-0.246632784956491
-0.224306684050563
-0.235015642148858
-0.25424689063066
-0.266027891732921
-0.280054659512859
-0.290572775132776
-0.306768441718757
-0.313510703022304
-0.29489793542772
-0.313229909669884
-0.301415583400097
-0.276990287455791
-0.233696840078911
-0.223757562618837
-0.245648715893732
-0.211110600736715
-0.194537012285098
-0.216405336748923
-0.222180441929269
-0.214507930939324
-0.235027509004226
-0.238487731220081
-0.247310953378929
-0.247521178994569
-0.238287920855064
-0.242471416109419
-0.244161024856309
-0.255353005882742
-0.244302772365402
-0.244258515435101
-0.255036975269767
-0.241013914723947
-0.238582893620007
-0.237715252693235
-0.218713045515372
-0.167285426777693
-0.18783242216556
-0.115999212167972
-0.122447140043236
-0.0426791648094731
-0.00345414366557582
-0.0093816747201795
0.0609959941507477
0.0499701229226697
0.0939044539971278
0.10456042804175
0.0826877853935453
0.102736813784144
0.0812060168638554
0.0597335485708105
0.0846008397798929
0.0661890768902557
0.0756053774486797
0.057946964571181
0.0596752525293524
0.0376145138841981
0.0507176934159623
0.123028951007334
0.165713565855707
0.162442555136773
0.140936793113012
0.131233528011154
0.124956967684862
0.178601056646877
0.182767755228449
0.167636498808247
0.154107046621995
0.161860576532015
0.19458777921625
0.198170102298682
0.197635245806875
0.17561062252677
0.162985842184591
0.140973649533734
0.121799351965923
0.10377884939336
0.0872045880539087
0.1838384594481
0.178762448768272
0.244100596657728
0.225669264427333
0.22667937767456
0.254084276245858
0.243310736761425
0.221776457474517
0.23832318386083
0.294993238797404
0.296367228437298
0.290557315336534
0.286469207404789
0.325690962716462
0.305654617406279
0.295601353686559
0.284828503059614
0.273533747084005
0.261138664708168
0.292683240886459
0.288298411365605
0.369833046232036
0.364751721836091
0.364058671358723
0.346098767884477
0.32680459221928
0.318008262001511
0.307158928019204
0.300383034047707
0.379525859516486
0.359276873890964
0.349526246178609
0.327677391453758
0.382933707478528
0.383458940081002
0.369926237140976
0.367143498097139
0.423772938186943
0.426979608205225
0.405119263390769
0.39476173342861
0.377702215637322
0.373407185671894
0.401547465675423
0.386681137497256
0.372844848802413
0.387341236422719
0.371369026286938
0.35569501350569
0.367312947701642
0.348192630095833
0.345431338450861
0.334219014959239
0.315993336018841
0.313588976838321
0.309214552327396
0.305759844376611
0.283805159075538
0.268939585390308
0.2676957212464
0.27211865035943
0.251016714953737
0.25329869120938
0.245425863272627
0.226792344855126
0.228152399366946
0.220873201545785
0.203096176390645
0.182180981294854
0.165227011404141
0.183005769199681
0.229643438265385
0.213923191985774
0.19286101720606
0.172798142335886
0.188841117471636
0.167296818873143
0.155926552888789
0.137894723977375
0.1194049031181
0.142264060292032
0.121117759866354
0.100567127057543
0.0784892475258945
0.0721182671148262
0.0546847562175093
0.0606142742036141
0.0564256013928626
0.103000971776035
0.117758736596482
0.150156418859679
0.135863540444379
0.16319031540556
0.168204098666023
0.165815736227515
0.146117558638365
0.159213776213112
0.149558764124871
0.161189357457052
0.142109073061292
0.12045083120132
0.169055139270952
0.167747492245534
0.204856900727237
0.188948655238038
0.168017051512777
0.153364070171054
0.178256030929281
0.160217659688312
0.161666905221222
0.183084896701627
0.161705334235533
0.155494601191281
0.177005516414233
0.162183346268507
0.165262089098102
0.178760578276672
0.183715983105048
0.181109481969278
0.167833043339773
0.157800495536604
0.150657634699707
0.133943141325099
0.131802602336059
0.119150732963
0.103734800117959
0.116615432519307
0.103943825979083
0.0945682710912361
0.0733738145250542
0.143986123351988
0.122028686050516
0.127869942948849
0.14734249415198
0.128355493400109
0.121066902522103
0.147415786218552
0.15917755428697
0.174182253118582
0.180127459201214
0.161737899548127
0.173831906107375
0.207366654986458
0.185310346222117
0.182310151446927
0.176494105409606
0.15708244073869
0.146436281007587
0.124812048417725
0.122557431894211
0.101689789660265
0.0912259867349325
0.0809696432445581
0.0709409678831717
0.0631273722029268
0.0413116937594447
0.0261489522469322
0.0192811336279777
0.00084565011124805
-0.0171844484173192
-0.037107951701434
-0.048301591180924
-0.0419499766993091
-0.0533249227719883
-0.0690786705595113
-0.0757900358539317
-0.0967769689059312
-0.118518292174099
-0.133390953674048
-0.0870151201887756
-0.0837927529465608
-0.0966986341413382
-0.114270803653522
-0.133851033656782
-0.147996192792666
-0.116562361728333
-0.133432573457664
-0.1535344416591
-0.159506905554734
-0.174465701878379
-0.166816302926999
-0.171621897774421
-0.179519121398619
-0.198585005244659
-0.186389858014591
-0.207766473313407
-0.214639861587847
-0.221802516674613
-0.234595548070383
-0.188765560337231
-0.185906522757576
-0.198266988555506
-0.213552761830633
-0.226958229564319
-0.242840988601114
-0.244234102281129
-0.246365177041167
-0.255566735671702
-0.257170431582021
-0.247501704114667
-0.263012034154567
-0.234802691295954
-0.247738765140203
-0.261567752378071
-0.263063301421012
-0.282423831584031
-0.292483171529146
-0.307126825912617
-0.298711014818191
-0.283196234349594
-0.293620751727442
-0.283863194311147
-0.197990683032844
-0.209739336475593
-0.223216857145521
-0.242974460242451
-0.232750485279137
-0.245231842549278
-0.257915766326074
-0.274315904612857
-0.293743980496424
-0.299021919638391
-0.308545916422055
-0.318969577174271
-0.334803928621071
-0.356065528712235
-0.374996226117008
-0.377011473214499
-0.396973285568163
-0.372160260708054
-0.292084640121673
-0.236350617427556
-0.235646661438887
-0.257736108816978
-0.260208125699405
-0.281279917480956
-0.294786724623859
-0.296887787969737
-0.313301150643102
-0.296213442486772
-0.310412445156546
-0.315577109727985
-0.29802212763374
-0.309223048003269
-0.27764766716913
-0.291136741419264
-0.305634287297938
-0.313917771963155
-0.330756897003814
-0.327101912504286
-0.340542625233885
-0.329201737771005
-0.319756355362845
-0.329473056939708
-0.335552441219016
-0.336854552935452
-0.342076562945373
-0.363476882722914
-0.363562030301591
-0.374985241238688
-0.37855719142553
-0.367006497226883
-0.327965442471927
-0.347937645291365
-0.328069052412037
-0.331446709015865
-0.349994216832872
-0.360587063831989
-0.378197348949328
-0.397264350811566
-0.414198411298955
-0.40058577990751
-0.417592855314379
-0.415140992403025
-0.414253509318048
-0.416097023085199
-0.411015311147298
-0.43289112677885
-0.433873222168828
-0.42080046198134
-0.430859721432617
-0.444256044316992
-0.45088765148748
-0.446625587413322
-0.375527143069553
-0.395982129714793
-0.384830124176931
-0.405793967928846
-0.414876041979632
-0.405021645796327
-0.411753989553133
-0.432580695205111
-0.436706103661938
-0.372380084240681
-0.338016551588694
-0.360095341633493
-0.347127831637972
-0.230182514879062
-0.241466619706895
-0.188349616643633
-0.208583515598376
-0.184879418885867
-0.161194855056387
-0.182252543437418
-0.198677863711137
-0.18829082226421
-0.180966350503929
-0.192475032332634
-0.211517713525346
-0.206517710001839
-0.204350733470335
-0.197033114625636
-0.212870037570168
-0.196007029906793
-0.202737807838726
-0.20393320390713
-0.205908708190841
-0.203762994648556
-0.21245358104596
-0.232588087759132
-0.236598601971439
-0.256581857696944
-0.277069918783046
-0.263826909052198
-0.21627046371176
-0.237769591372689
-0.193031617419495
-0.200263657037274
-0.172989153430791
-0.189719105842004
-0.187093253410332
-0.18554661474554
-0.180796938088379
-0.193430334372735
-0.178830587015124
-0.200765654555896
-0.22217973424564
-0.223170497312976
-0.224156378235824
-0.244980346254057
-0.242721196069207
-0.256677778518025
-0.233176655489002
-0.225129665197216
-0.225684001448433
-0.207140975687692
-0.216271012798848
-0.223754049551096
-0.229240450774861
-0.215146962560894
-0.212203690974105
-0.232065066872289
-0.237143305533429
-0.243355683380629
-0.239334938757431
-0.253422071532988
-0.231267852140445
-0.229511543282771
-0.218413115796853
-0.161367554885627
-0.173433966776483
-0.110337033414825
-0.129716163128702
-0.146090208858139
-0.154279648461449
-0.168923403245114
-0.15467909562368
-0.121217963227758
-0.100655578834005
-0.10589161740522
-0.111165554689864
-0.118806697319026
-0.078780901092997
-0.043452950964866
-0.0256786184991961
-0.0258914636057955
-0.0332320743924754
-0.0503523212510031
-0.0557691178314557
-0.0678597050785606
-0.0706022917914351
-0.0782463611553937
-0.0971786735814723
-0.113863145893339
-0.120867034720435
-0.111317204832604
-0.121220461272125
-0.0950639542005955
-0.116712639738606
-0.13604960771368
-0.156268651602078
-0.165223042701799
-0.185501111746259
-0.182202900407358
-0.152441807416848
-0.131321176843834
-0.129246831675281
-0.138918298366
-0.153648883520107
-0.138868630649686
-0.158653828552975
-0.155851291734155
-0.134877974360371
-0.105030637100582
-0.111443911864224
-0.112879323761813
-0.111445001225424
-0.0767829018976371
-0.0699276997462994
-0.065703473521504
-0.0662905933031548
0.00755988075771938
0.0446243527014566
0.0264790890533541
0.0309724156904224
0.0105898739915263
0.000822976065898575
-0.0084147316007933
0.0211047318151574
0.0104189199240163
-0.0104049579309893
-0.0319278690356031
-0.0429946755875631
-0.0466196980366355
-0.01929847905976
-0.0334652701057937
-0.0426106486041215
-0.0246644572910779
-0.0384039501003013
-0.0114399817824987
-0.0164548227061237
-0.0225804301660713
-0.0291888068931964
-0.039687199768361
-0.0458211132433326
-0.0575467169785661
-0.0784281342871185
-0.0721310876374016
-0.0891451555628695
-0.0775583646266599
-0.0880068469320116
-0.0631056957738214
-0.0751566273076675
-0.0664587631066344
-0.0808413790745819
-0.100908538834236
-0.113763682083932
-0.103791064519877
-0.122304816022852
-0.140700484724248
-0.155155487562741
-0.137021554022513
-0.157479716575521
-0.172778028168344
-0.187706607612394
-0.169078110686622
-0.190846746761358
-0.207835252878812
-0.208514275428707
-0.222593168832738
-0.181248210839595
-0.201134157981878
-0.143812267757273
-0.146927988414214
-0.160855165516169
-0.128993786063646
-0.15088091824379
-0.160721271806101
-0.182779249421892
-0.19291566169287
-0.199260799559484
-0.208948097767346
-0.198188661110512
-0.205146337408975
-0.22324603176178
-0.244477135210999
-0.265583110571818
-0.224213242902703
-0.231096574014252
-0.231916066973982
-0.180942360766641
-0.191626242435957
-0.205886645457846
-0.174138068203582
-0.181275812868767
-0.196943981524384
-0.212792012250257
-0.219550139991108
-0.241425975671572
-0.239045900003386
-0.184174299255955
-0.157889552234859
-0.111446844245136
-0.117706550132601
-0.100615281261053
-0.12158328338888
-0.13135868238985
-0.0756986104307266
-0.0765261389728585
-0.0763489372860145
-0.0924308318965515
-0.0993383692278204
-0.116366697954178
-0.133389728266929
-0.100621403736514
-0.0994597621727712
-0.047760024836553
-0.0605050495819605
-0.0747063093840714
-0.0864861928307847
-0.0749970722663995
-0.0841681301735827
-0.105708228062445
-0.122056703629565
-0.140904201685576
-0.103802873089254
-0.0868975876145939
-0.0900652619822963
-0.110650268677849
-0.110530628841679
-0.0749637309362363
-0.0965788718563358
-0.0635781684932985
-0.0777501159441686
-0.0602742694509911
-0.0339579996253586
-0.0427190378345776
-0.0182979535695341
-0.0118503114952818
-0.0234520341343686
-0.0140775213304525
-0.00908988925259465
-0.0279509443697853
-0.0323909904947057
-0.0334437864438793
-0.0464186193558761
-0.0323141945924363
-0.0292792422999098
-0.0254169472149066
-0.0152878027976298
0.000644497596701103
-0.016410217723457
-0.0313919555538087
-0.0354244541737194
-0.0535384961815752
-0.060851282196056
-0.0553174423343249
-0.0723485423538315
-0.0897581567624939
-0.108650412735376
-0.102878861237642
-0.112895983760381
-0.0983999538981326
-0.118088229793466
-0.134140603544114
-0.130913630206423
-0.0651965040669913
-0.0846253581766303
-0.0807442939127687
-0.0965058610770329
-0.114997108333929
-0.119403178827147
-0.132538949584337
-0.154454038562736
-0.1528852701921
-0.167216506077236
-0.173841055519067
-0.189184716536278
-0.205582907663191
-0.215653815701569
-0.222194934659223
-0.0801889214334612
-0.0986689523033373
-0.113059339260879
-0.111879220187232
-0.10942488098734
-0.123057505704437
-0.134726242740288
-0.135758306538486
-0.12953726744459
-0.135076882786774
-0.150246548573571
-0.127921246450369
-0.139697251726983
-0.142379423690932
-0.158197317841403
-0.179695552662302
-0.190207331028947
-0.137762550713143
-0.141812734513642
-0.151689884896852
-0.146110070272411
-0.165146818996834
-0.149311962215618
-0.156515608861518
-0.162289056165434
-0.168871718822657
-0.184432222258828
-0.204943901838526
-0.181232546288488
-0.185052881175595
-0.1707046860197
-0.191570915782306
-0.209779344919396
-0.230558625225593
-0.252229567758946
-0.21191838855109
-0.212697672747934
-0.224866813258798
-0.232898353112394
-0.250103091499848
-0.256242540605887
-0.257902937583709
-0.259928847558399
-0.268210729388066
-0.277530905692383
-0.296943765397557
-0.259615333366963
-0.258660524920742
-0.265796408430148
-0.27356975320801
-0.281168240888649
-0.298467750202847
-0.305109025934587
-0.325576809507359
-0.320852423278889
-0.204494392351226
-0.177047709123772
-0.178507336427767
-0.163438078925567
-0.179427124748864
-0.195923257156835
-0.201474946524319
-0.219474386849001
-0.21092310192868
-0.212332259975871
-0.214360109438843
-0.214450669241689
-0.232514657623229
-0.251679706602996
-0.256849768417376
-0.273321488307748
-0.26946182370333
-0.274674131725889
-0.186857796880029
-0.203860889476448
-0.217049288061053
-0.228996853484344
-0.231914364686217
-0.252409867796664
-0.268456249810823
-0.241920445966503
-0.258147352658027
-0.260036043590522
-0.263366357130162
-0.276773333918501
-0.287657569600358
-0.286214540443286
-0.288371268785488
-0.303798519315318
-0.314291113082555
-0.321516179711855
-0.292260164148771
-0.304053277648418
-0.31540164082913
-0.336407445267223
-0.334580986313227
-0.341681348711214
-0.354529322996171
-0.35665460071329
-0.370063168407996
-0.374980257496369
-0.388872347879092
-0.409141255943949
-0.399630940581914
-0.36830944976775
-0.383681445820382
-0.398115572294918
-0.398290120307774
-0.4135375663202
-0.42696339593517
-0.423052796699554
-0.392279070466387
-0.41396651126783
-0.414068047305312
-0.409909324659615
-0.403023676151457
-0.424482930939628
-0.435728933543476
-0.440429446227395
-0.36742199208321
-0.371727613567497
-0.381495567125438
-0.358310579886186
-0.350065522957714
-0.351393639007304
-0.350456773259125
-0.34901844765861
-0.364728445494265
-0.378362648503296
-0.35299294362782
-0.36321813126376
-0.367505025051923
-0.342070025239021
-0.352644412133235
-0.33640897569894
-0.316737240178647
-0.32732890021037
-0.310532551096395
-0.315050484704834
-0.302878778202039
-0.303112064149121
-0.323017937078011
-0.280740820185204
-0.155612046026083
-0.168432653008518
-0.141963992541146
-0.137051996041933
-0.148973170152674
-0.02803456164443
-0.0325061291833484
0.0179260580267208
0.0108933282529714
-0.00760774992173247
0.0179352033425943
0.0287970821983727
0.0124630516762093
-0.00931539228756162
-0.0283542813982314
-0.0478331708440758
-0.0607603220243087
-0.0502324757192099
-0.0590084483956611
-0.0358682738795411
-0.0505671243938178
-0.0646142135115521
-0.0299023250098559
-0.0490415378527868
-0.0565755597295242
-0.0337622329138448
-0.0544330670517827
-0.0640477557541621
-0.0611420207492864
-0.0637011855721499
-0.0675857872125314
-0.0504518702376792
-0.0603086179894474
-0.0811882319063844
-0.0711677477692522
0.0122409894288997
0.0167310036748296
0.0372790036461428
0.0483919508478783
0.0354719702016683
0.0141361788370141
0.00805354618267472
0.0347565082870212
0.0179120916102284
0.00706681319169873
0.0227842782394014
0.0106777164875609
0.0168644837485484
0.0179354028613775
-0.00384107552394505
0.00338166293312842
-0.0158196455188443
-0.025557446471227
0.000223163806219261
-0.00623029499588275
6.77803200885011e-05
-0.00789017252276856
0.011948776918148
0.00153783922229976
3.35140515126879e-05
0.0258477497687819
0.0189186560038078
-0.0014990238885102
-0.00280420629697501
-0.0118357372864852
-0.0170786734244069
0.0360304054653844
0.0479477077237452
0.0402289785087416
0.0319556993436932
0.124232563773051
0.116933085296356
0.0987205578703679
0.101335664683669
0.101266551065169
0.0884211143046777
0.0671294519882478
0.0904474915347161
0.0813761689160305
0.0829383023013278
0.110292065248683
0.116314137117596
0.149810943999117
0.147912325835456
0.143808540451276
0.147597489310649
0.128431744496725
0.155972320323223
0.137630365492572
0.136957374435547
0.120610213853759
0.101091810354757
0.0821800827590748
0.0729698261206888
0.0949791753298972
0.0996813957298461
0.121227206380524
0.140444150537347
0.131068480765778
0.131322516893763
0.116460798033434
0.0953490507346244
0.0745029396586846
0.0791108753483069
0.0618967753330195
0.0455838721370639
0.0506496196073835
0.0294770088505053
0.0115755262057233
-0.000190648516512736
0.0661288195238595
0.0783211543802148
0.0734656220863642
0.0639346522349748
0.0693924967945042
0.0603946313711047
0.0431162335429962
0.0743923133700044
0.112947723333803
0.109099784978073
0.128192893175087
0.136637304579454
0.11886454407325
0.115430774860899
0.104535752011339
0.088996745560307
0.1066302967848
0.1432724584348
0.15031660188102
0.150506390129091
0.161646056546227
0.140743286785483
0.118927633062584
0.111403298779611
0.0924768762732792
0.098863778289822
0.0794030174165891
0.0697695933349679
0.063914054724444
0.0484390532170473
0.0337680176721879
0.0222918417528316
0.0187105601994712
0.00912159812370951
-0.00889928363704206
-0.0309476230674237
-0.0524232737828297
-0.0716583787818545
-0.0896484685112263
-0.0666691142642643
-0.0885410285082617
-0.0710054844496019
-0.00484593652379653
0.0112739763719362
0.0140815477506342
-0.00530349316655184
0.00444853033349312
-3.45085459482289e-05
0.0180895644272803
0.0110003983041588
0.164952216737622
0.146333097304865
0.135018123050613
0.15040663194039
0.170928043116214
0.158799581876108
0.144903454780498
0.139873528850397
0.150081128306227
0.12889236674982
0.136829560190061
0.139644744407411
0.122447790609323
0.185486291593109
0.1661543626266
0.162085866648535
0.15394422029846
0.171375777958362
0.183017617020899
0.19735689646836
0.248962165347286
0.231406272666506
0.224863635011458
0.250038753698805
0.270098637126199
0.324472907631704
0.32242634723483
0.303237086705489
0.28716285380115
0.296500312080417
0.288115446832545
0.306684964535007
0.314332696656171
0.321302313864986
0.324482132103227
0.303221389022124
0.311975746659031
0.295848497500251
0.275676034843331
0.287277119941492
0.273382954189369
0.283981039578199
0.273102565704222
0.26632001462701
0.25536744961857
0.263160437056274
0.252219287483453
0.239597111281667
0.227093851936695
0.205349217205221
0.184198701680339
0.201519906258516
0.182411631925083
0.165434741836247
0.171343999228649
0.226524857227927
0.218540109675045
0.197975311359473
0.198722891239282
0.201710739887634
0.232529092709421
0.224366465649521
0.211168239846844
0.206579570505493
0.187419691696844
0.204877514868397
0.188611958755229
0.182727905278471
0.166978774295362
0.183586826872086
0.180590625123994
0.166012676015921
0.144904478910522
0.12877197908028
0.111890185837184
0.106996690154082
0.124883303716474
0.10377422285568
0.106915607992817
0.0931766091615785
0.110069428442187
0.098234191402719
0.0761596971433265
0.0578180000449349
0.0390584814323397
0.0534117108600952
0.0672809148152029
0.081976510886246
0.0965807399235464
0.0981988714974699
0.077913483658607
0.0615225542749274
0.0450253028536646
0.032550141568935
0.0338750274421723
0.0197882299542487
0.0462765276149835
0.0254718520247571
0.00517080323551461
-0.00701348767966103
-0.0273773677876391
-0.0429335118525775
-0.0532737595839417
-0.0607436057660018
-0.0251238643541114
-0.0376848069110246
-0.0581065083705192
-0.0613943774174524
-0.0808770445222975
-0.0591978096642975
-0.0704704045525584
-0.0921649686036873
-0.0536753554627168
-0.0677933838160923
-0.0442428984417614
-0.0427191082760372
-0.0373068755965391
-0.0298692180924369
-0.00759122100372759
-0.00648558010352629
-0.0265439200280258
-0.0367997584930625
-0.0433860558383092
-0.0319647772453007
-0.0450341953453497
-0.0381985902577196
-0.037771666233852
0.119402667215421
0.110756226891148
0.108233973163518
0.0986153331749133
0.0912428303694596
0.0705387631738292
0.0899737769289968
0.0679613756772617
0.0497552727516198
0.0646842387472153
0.0703424300407064
0.0499506610642466
0.0509444997641675
0.0358490176519553
0.0444383999512968
0.0356684711594393
0.0227271242122569
0.0126436373341215
0.0479570903243809
0.0361795521400772
0.0282969178821362
0.0155270459368238
0.0345774653743001
0.035999628644176
0.0323814935975942
0.0314133623647492
0.0546718640502044
0.0417913042875215
0.063484174508642
0.0973937952835037
0.156456087925069
0.136549725474729
0.116241497124314
0.106052868822859
0.11590357484571
0.103800255386072
0.101244852872518
0.127521760746554
0.131504105725189
0.164519706965283
0.162218398584155
0.142712639710971
0.160068519778053
0.16271858788981
0.146525574249564
0.129452960813488
0.113183193122594
0.115009139227603
0.0972934963398171
0.106989296906737
0.0850128405724774
0.0817003739697046
0.0870419121367084
0.0869867855157261
0.0833703408763562
0.0891709037265208
0.0889164626566833
0.0981514661556432
0.114897910626643
0.131934801005371
0.145478323054041
0.132970965422886
0.121044848584672
0.130505847299762
0.134426635002058
0.133262657168132
0.177844425923613
0.168937654635438
0.172148390376788
0.156234764860515
0.150174532130803
0.153371232019822
0.132771378132503
0.112031179605539
0.0991550513266119
0.0978215547871059
0.0947107018420628
0.0987798552935465
0.0891544681586469
0.107372758104517
0.0935750913884061
0.094033379938134
0.0755335720450959
0.0665370103686998
0.144993510983475
0.134003089903836
0.18746085381964
0.172802605921793
0.167163644684451
0.146311193879397
0.132119247471788
0.14386764315515
0.126129524936593
0.1194963036393
0.114363169854801
0.137888280188151
0.12998813804342
0.110790137434876
0.103378717401371
0.0839468705440403
0.0631298201602444
0.0482096740145921
0.0944850190619214
0.0725040649716505
0.0918426872887734
0.131275615785252
0.167827983348748
0.147313768923504
0.16441520203349
0.145966748265295
0.125298809427041
0.116901214400127
0.111641498292591
0.190944796368042
0.172328458499312
0.159303725746688
0.156778918268522
0.150798928612689
0.134036831133662
0.145419034718304
0.158954191403248
0.143631252131747
0.138917444500499
0.126495863402663
0.118148124462344
0.119737969794914
0.108997409126706
0.151465382563702
0.148537521038371
0.147808129142509
0.131110103703468
0.141463142998929
0.126708547697534
0.134800757753652
0.125270364504115
0.117270493113546
0.112688590114922
0.117299547813948
0.113669895063184
0.103587902466449
0.0888841273110329
0.0673085696633681
0.0484770274900869
0.0290602295754251
0.0302682945919899
0.00834115519208469
-0.00275448883284359
-0.0194878228745276
-0.0373948975273873
-0.0377661735183284
-0.0384074141856864
-0.0541178978919501
-0.069762252527784
-0.0774972283108018
-0.0646332251292386
-0.0849760734591387
-0.102170679972159
-0.0965096765086747
-0.0908586575347083
-0.078050404072017
-0.0896134849676358
-0.0995017470867265
-0.0964313321993151
-0.0923815874410215
-0.0923087814316672
-0.0925560312394201
-0.11311935096114
-0.129393951366522
-0.106966761439831
-0.118243556627314
-0.0792497988463882
-0.0785772463124683
-0.0823611207816662
-0.0351465911026864
-0.0553504512671974
-0.0625170764389494
-0.0818483710021523
-0.0589587820325703
-0.0661578909396118
-0.0798298765729762
-0.0990073586678618
-0.107189323129018
-0.0964079566028051
-0.0615240913148246
-0.0731014946553992
-0.0503758756998111
-0.0598665814165114
-0.0520546805220454
-0.0618983695901357
-0.0558643328779808
-0.0390385892346585
0.00218688901898584
0.000677708308531318
-0.0133409451593938
-0.0334600403269543
-0.0107161944247799
0.0237325394632299
0.0645708477745763
0.0839962399741569
0.0977780892232345
0.0832276052002137
0.0998905838296424
0.0902620764019373
0.0905501675672898
0.0733700193846579
0.0887284067075418
0.0708152199284188
0.101966737886235
0.0875756984880513
0.0895188423234418
0.0821176127847237
0.118780804809174
0.0988625197848571
0.0853817942156166
0.0718954471987357
0.0526408674811384
0.0578039344624077
0.0419283079386572
0.0225226941291661
0.0177514597100042
0.0222036419589855
0.00494371161270125
-0.00122614495746414
-0.0226886212947765
-0.0407304448143948
-0.0613363255932296
-0.0768925408435977
-0.00612762612066217
-0.021916004805206
-0.0363213540522695
-0.029878515163532
-0.0396243462394818
-0.0524633035354781
-0.0667415873663016
-0.0770853093839693
-0.0841824740605501
-0.103488904676526
-0.104212054958214
-0.124807495481524
-0.136306450494957
-0.153458089897611
-0.172602361824695
-0.193332001990759
-0.175001080406369
-0.17482133806652
-0.160089087090777
-0.139679404948418
-0.150507314474084
-0.168029257145299
-0.187655459600567
-0.208179547220452
-0.226227210253974
-0.246911401827834
-0.259784045029542
-0.273121515560839
-0.224112191034545
-0.229402573157591
-0.247660518254952
-0.24098002577443
-0.209111958290377
-0.223975318886229
-0.243878227663605
-0.259675068950518
-0.255585612238291
-0.25739599880071
-0.275858638985914
-0.285744018105875
-0.3045029751125
-0.313980239943992
-0.328028124211107
-0.349470818689309
-0.357784978791948
-0.36358804623028
-0.349861341216281
-0.319138705617824
-0.322615714116728
-0.3381310355078
-0.343612437333972
-0.326144454772554
-0.322675097280985
-0.341954008450876
-0.333676387386554
-0.341952251577018
-0.330337648229275
-0.300632854006094
-0.292630597057574
-0.31368027448588
-0.285699899958843
-0.30436512911999
-0.324462367551663
-0.333545492977957
-0.354306159819963
-0.346942845551368
-0.367668367063048
-0.382336764651759
-0.398585787253937
-0.410551291648896
-0.413583515943573
-0.431828979710618
-0.368957002469663
-0.380341356344165
-0.364138837851617
-0.360883444716059
-0.381164934728823
-0.387182573682377
-0.393957540323441
-0.413181514360483
-0.428399427634482
-0.434953139878366
-0.437659132072655
-0.425675824478595
-0.446625548739647
-0.460466778510368
-0.474228448654921
-0.486134873640141
-0.482348863224584
-0.479438573667737
-0.469875581229751
-0.48626871321831
-0.488379457040342
-0.504528090170573
-0.498239206174315
-0.516758510075198
-0.520794229916008
-0.516305128903044
-0.530522724015137
-0.540791168518216
-0.530073878295904
-0.525612706565969
-0.53481149493019
-0.497952706039641
-0.502733248661904
-0.508562397268289
-0.498393684398386
-0.519073340312756
-0.539062903004942
-0.554326251018096
-0.520656593257428
-0.531456542126438
-0.534569154126798
-0.542701661539433
-0.478163613511716
-0.490066181606448
-0.484832424012939
-0.4809313982961
-0.498032048605004
-0.512581246048493
-0.513662566526116
-0.525685436508625
-0.501902877131675
-0.491616036498875
-0.495339901171143
-0.467354122937464
-0.475813672466985
-0.46239007446604
-0.413055002145465
-0.432365528004204
-0.433239017791094
-0.42743341164948
-0.411901448848202
-0.390421430167076
-0.409154381332299
-0.431204728422662
-0.401950197747665
-0.418560039594099
-0.396617609861059
-0.414401398029248
-0.409575212576151
-0.419304264490107
-0.439537189657208
-0.42997925085311
-0.421911984894685
-0.443895071544498
-0.45563849838722
-0.466466429988049
-0.467104634435054
-0.486275119673995
-0.505635978488433
-0.387991211611354
-0.394554215033481
-0.408375527299545
-0.429082576770433
-0.44896807756171
-0.460577335975794
-0.473617430754859
-0.483184604078966
-0.504644921295168
-0.523414841200803
-0.542690460421343
-0.517660603782952
-0.531545980251488
-0.512611176641372
-0.526072734342967
-0.527754060859574
-0.544530042340252
-0.566011674012054
-0.562465409305618
-0.525574871425522
-0.47890223307087
-0.454400601497889
-0.457118828143619
-0.455019565717861
-0.470675181376359
-0.45200357900886
-0.461328586340278
-0.435864990993421
-0.438292577576954
-0.456606703630074
-0.438723712907466
-0.449407984692232
-0.467392269299046
-0.486538025078524
-0.492481431705089
-0.512332778515429
-0.526498912538008
-0.537978380133097
-0.542136571563338
-0.508996628664237
-0.504791523323733
-0.517676264548226
-0.500745349738074
-0.478183060221647
-0.378679000982626
-0.399509521695712
-0.402806213082007
-0.374292725585392
-0.389685272939636
-0.407225163281438
-0.368546340116288
-0.351240581880998
-0.367005304328998
-0.386880788110233
-0.401763180052182
-0.39450330338163
-0.344467201678477
-0.33099667571461
-0.314081923534503
-0.260738079471491
-0.269381597637729
-0.241720886179876
-0.248377357057305
-0.255598157487739
-0.261954023212335
-0.260319230774815
-0.233454505596515
-0.225976437295751
-0.223912781666848
-0.221696518870693
-0.183686977520013
-0.119257016514257
-0.099129777069685
-0.0890371947491204
-0.108675624642158
-0.0707522934081695
-0.0923880280299188
-0.100858507450538
0.082070059242322
0.0796107482572923
0.0704828463518457
0.0891180384837512
0.20859120758881
0.343902874342407
0.338047542273125
0.326112692437905
0.314995213470928
0.383237701123368
0.36965462559924
0.367550078319129
0.378583573931836
0.440469762859854
0.438914236104414
0.427494467826867
0.409395979108332
0.394755589160528
0.381138733234174
0.379739862282506
0.359205728837569
0.373370145268516
0.385547587883615
0.400755420476559
0.384767884386913
0.374525361357366
0.370178935532725
0.383955418735666
0.372130035078414
0.421512753510882
0.423833423102218
0.44548692278315
0.430438997238514
0.468707276338829
0.460044843410547
0.458939397456929
0.44821945643848
0.46251620908992
0.444992276515643
0.447167228623965
0.451649824736712
0.438715857993551
0.469148881865434
0.44980949477703
0.476140798645616
0.456638290116765
0.461397606513811
0.491622152862016
0.471749973820758
0.459118491352261
0.445275292476244
0.497549321043941
0.477653455540598
0.484027598458135
0.493936004755322
0.488968982795511
0.536492153759553
0.514939967483799
0.508603119365946
0.507712029206036
0.498067009759978
0.484242645186801
0.464985919285735
0.464181744587085
0.463826674118738
0.445230498311032
0.439394576279718
0.420467295219784
0.428382494235191
0.450076989064275
0.439057459912078
0.449187081297405
0.438148476784335
0.451038747613883
0.4444087654884
0.449617041622241
0.44932683647355
0.452115472209594
0.510407068071791
0.499429098380493
0.492336313054428
0.493953717759711
0.473768285241474
0.454535871527598
0.454958085770164
0.472039447630742
0.458922222281347
0.517982655046492
0.515343848675472
0.563942685984814
0.560419043240813
0.542677302837192
0.542670238298912
0.556205495908481
0.561853474274497
0.551220503057987
0.531013287979141
0.514227402424629
0.504409129824126
0.490799770472389
0.498822662714406
0.477811848547698
0.503721394128206
0.48630877707561
0.484170498291076
0.472347174619578
0.494056564112236
0.525016533124205
0.527730304923223
0.511403741356561
0.53319334704804
0.517754279524403
0.504752910823305
0.496076580409142
0.526770012983803
0.521507139273769
0.504036057798231
0.483147527254082
0.472890057949524
0.463655286322773
0.462004588944917
0.441069155494699
0.438481274669487
0.419985123101166
0.436282764276761
0.430508427649397
0.441091848652591
0.451361701148619
0.43340020088502
0.429940774404725
0.488187848087399
0.507421671786327
0.486951881018003
0.529960461807936
0.522317397447037
0.518269693668471
0.507383660275369
0.491829858745989
0.487459492605725
0.485227044631595
0.464702042254385
0.444981461016266
0.436674935944302
0.448910828502071
0.536946538612577
0.52967148682329
0.543592007087918
0.550581605736908
0.545708448643916
0.537964854857866
0.562005100708349
0.54337617945872
0.548878051696092
0.534954816588734
0.574362209133489
0.564745943270688
0.561893329554917
0.543488178952684
0.53891554947005
0.528529212746686
0.507254090575977
0.500004490238956
0.504294565100753
0.502329522066066
0.482235609015645
0.46426408055656
0.494330377809482
0.478043126198296
0.457829750568546
0.439446039959723
0.421948402719347
0.414608637225455
0.411518607663776
0.394283248485729
0.391611714131611
0.376827001825544
0.359149219714193
0.355415876340409
0.338835818465035
0.32122245448901
0.343826617897263
0.328462378830018
0.30986573654746
0.289939624058399
0.291250883246776
0.335179922068362
0.321964153175191
0.331426290572374
0.314635736036827
0.297827812532933
0.276091479816721
0.274569861421802
0.253257713055114
0.263621013246098
0.243829484362033
0.226320701440677
0.20650678750661
0.204350795084154
0.194837193721027
0.221795587311787
0.224271628347143
0.216090564225809
0.229272317819738
0.213887637755155
0.230393794238801
0.209263361042517
0.198698392250651
0.191905300824044
0.174119553890419
0.180354577299906
0.181160152158205
0.169838338146999
0.15543964858578
0.144604637291883
0.137634654443909
0.132756889585697
0.113377372549672
0.110814823176971
0.0969126533824545
0.0870189937173391
0.0766100439846293
0.0644754643758482
0.0571238110170518
0.0353522585509695
0.032387334736626
0.0206711918069167
0.0134523176859563
0.0104798566605509
0.0121505801694359
0.00758708340786891
-0.0102085283999826
-0.0165398863673606
-0.00545399857467704
-0.0182818399795133
-0.00379801248374282
-0.00804087865782922
-0.00743318234857929
-0.0145867217222292
-0.0151908439934034
-0.0346277696501881
-0.0502622222498467
-0.051448715080059
-0.0657816899798262
-0.0819411188505022
-0.103229464893018
-0.122661279541652
-0.144638888621647
-0.159063770492479
-0.180217270100148
-0.201666672936378
-0.164000182485759
-0.177484804444688
-0.192589603670967
-0.214692397005955
-0.171342617351398
-0.159422280027016
-0.169443228884862
-0.18487033808302
-0.203484177125882
-0.221785642241965
-0.239436572028927
-0.25072153317999
-0.26032486472013
-0.26771388382001
-0.254230553131607
-0.254833652308825
-0.268204233091346
-0.271317441679808
-0.283258424909603
-0.268530942491174
-0.239335988868465
-0.232745707617837
-0.205364622057683
-0.179853541222458
-0.184600556956787
-0.199917080747547
-0.216776389425613
-0.238363944934037
-0.25814945402371
-0.258248423650667
-0.274174862811692
-0.259937205015998
-0.281276065744321
-0.300631191113776
-0.300499773242161
-0.321166131726515
-0.333829681480465
-0.323521715583936
-0.326482128760651
-0.340476773964998
-0.361383808856504
-0.375420938828102
-0.382052930147194
-0.378682042236741
-0.400177653670826
-0.404972913264532
-0.415433484515638
-0.426341981368125
-0.419259477277872
-0.412170719194046
-0.43163379089009
-0.439211782133556
-0.451924316792761
-0.443836306058232
-0.439022588433339
-0.446129999255597
-0.46265106850098
-0.475285456317143
-0.482848563993151
-0.482145947725003
-0.48443629866707
-0.465590057344493
-0.439062611056449
-0.440571682524824
-0.444265368459751
-0.454622473169559
-0.471067516905683
-0.410907483421225
-0.422590765328728
-0.38688653243875
-0.407446336346402
-0.378886276590503
-0.38611014889585
-0.323053048901398
-0.32936655129744
-0.312426158621227
-0.32304836403676
-0.29941062277122
-0.314488682630082
-0.307800854143786
-0.32681720481682
-0.340035554590745
-0.350354661090183
-0.367995997619829
-0.365707319626822
-0.377219317314439
-0.369881160641621
-0.379832724999836
-0.375051084641798
-0.390336355471086
-0.370718552501857
-0.37026883861649
-0.387729428416934
-0.390009022041567
-0.405444358544623
-0.421434316414278
-0.40860760689432
-0.424139779398418
-0.430919839101345
-0.374138766354745
-0.371994815320845
-0.376962037813835
-0.390198955910722
-0.388718481065239
-0.366935917594338
-0.376607163969111
-0.398595291152648
-0.414176649402394
-0.424095659737556
-0.374379417215758
-0.364083397941791
-0.341130995451665
-0.360293163765258
-0.369880654328108
-0.380891240731141
-0.38909985466366
-0.323438974535198
-0.336924763531186
-0.338760577061664
-0.321410350553582
-0.340397997226803
-0.315876427747122
-0.301092379755143
-0.318704330014255
-0.325869060805908
-0.336721352753064
-0.34361100256733
-0.335556563618907
-0.268752762077813
-0.193424465978511
-0.190523094258676
-0.204025537330496
-0.222659756954187
-0.210559248163539
-0.220763872812873
-0.216421959463351
-0.13882217084415
-0.12889986271704
-0.134443518944607
-0.12658894578598
-0.133888738277507
-0.120722512927727
-0.081246829163263
-0.00269988658113629
0.0453328368706061
0.0242573861056655
0.0153259881165137
0.0359206091191973
0.0365374524488206
0.0517600890744932
0.0597621987964934
0.0527628108816893
0.0786955659660976
0.0604745956857327
0.0535242391785328
0.0362919926949638
0.0336877572812231
0.0315100789107859
0.0578668008149505
0.118818246989869
0.151187115174274
0.134530877903045
0.150278488519182
0.156536584442801
0.171983447000269
0.212078023277573
0.211444163929123
0.262715940890176
0.348559960506879
0.33615329014341
0.322726381460459
0.304524038890329
0.311735618946816
0.308795997255028
0.339070962645147
0.330733748167311
0.348049241838406
0.331306583977496
0.31888554456515
0.313816839530603
0.385217609845264
0.404898943848158
0.384002655324297
0.399651487629224
0.403003694075415
0.412196896970421
0.457313327487496
0.452966291476034
0.433036394854479
0.430722015906959
0.443256026456606
0.470243488322798
0.452239620453398
0.435686919995284
0.427897702248173
0.411290642767027
0.399311481171062
0.379479875462206
0.379827847103815
0.430391998986793
0.418773915853308
0.428951996377353
0.408964129614828
0.399045084048008
0.38883182650778
0.418921380859323
0.416310939658089
0.418250464341407
0.406376085848556
0.408916274899924
0.408835651806955
0.406388677890167
0.394611837983704
0.397346802662546
0.379179641662415
0.377670169288269
0.366393432272778
0.362470824089389
0.343712892025942
0.329467730766266
0.311374902611077
0.294201339381521
0.275219560177627
0.25839474763182
0.246757025995139
0.228504780558335
0.215713889041045
0.201619888550633
0.190897094490514
0.183299099333947
0.162644191881274
0.142674738465682
0.131662810491214
0.11057027698217
0.0899901686427765
0.0689752907004807
0.0476653826851972
0.0276888315757564
0.00630898994967785
