0.00308205965963823
0.00461589855022513
0.00630971230956623
0.0110695131503976
0.0149639393650232
0.0156921344262115
0.0185243391219725
0.0207815154243659
0.0239714489573682
0.025500372341618
0.026839402620523
0.0273634889291538
0.0289457782903809
0.0306401582705718
0.0361069865663764
0.0385686783671307
0.0409685082342725
0.0421746759584901
0.0423723536703442
0.0432486925750237
0.0443009591843907
0.04481276400241
0.0463046157333755
0.0468723569282701
0.0493646570534453
0.0494467162211679
0.050616452220768
0.0507272210285226
0.0514241981479597
0.0519859176511705
0.053110160934893
0.0580384760669925
0.0609035858444867
0.0633171074764257
0.066686270815896
0.0696232343697317
0.0726208494823567
0.0735101540589401
0.0784091503658898
0.0794824428847967
0.0811184016762789
0.0818680976674802
0.0818998308575787
0.0869147812820901
0.0889913752767772
0.0909697752686902
0.0915518161658834
0.0931308740340371
0.0945799472028195
0.0946023393826882
0.0989902936641743
0.100541108512246
0.105530095566609
0.106128046513297
0.106468510449698
0.108461042863915
0.109127878199866
0.114325720020135
0.115073339353102
0.116548956419199
0.119128297530904
0.120722648428317
0.124462802174943
0.12484353921997
0.125174721338485
0.125211448949942
0.128954373301213
0.130315323828523
0.130725333234923
0.137293099533601
0.138736060007573
0.14524893677631
0.149325297607597
0.152259340154587
0.156784804611864
0.158363266356278
0.161349605952075
0.163943180656037
0.170334815717712
0.173371824481385
0.173881758577222
0.1755390949054
0.177750842989611
0.178310099371314
0.180216586426864
0.183220174325036
0.183555262820798
0.185618346136363
0.186685219780229
0.187448890877232
0.188239743034137
0.190619644333989
0.192652245455214
0.195807070237009
0.19615168423753
0.196168009325054
0.197471114886587
0.198303242560302
0.198829971700503
0.199609010792198
0.199633902451326
0.201023299309861
0.201251851344402
0.204457076818505
0.20572026706543
0.208287986030162
0.20906435419497
0.21149420948873
0.213022368535119
0.214330560356789
0.215031330745237
0.217410271268638
0.218480400098409
0.218991015968507
0.221286155223803
0.223751873956807
0.224296359241121
0.224373703415541
0.224959202288023
0.228596612250521
0.234165061108943
0.235322869042143
0.235932450347288
0.23609105473571
0.237969930374018
0.24016157838135
0.242588508166388
0.24474308949088
0.246480762653707
0.249810234126916
0.250553113069475
0.250883328721039
0.251055743063129
0.251459933212298
0.251725006424315
0.251905930255371
0.253391185995346
0.262335975580864
0.264984336642909
0.265223835041779
0.267887305266306
0.268928999468964
0.27226870182755
0.272372941897268
0.272871858721395
0.272989244477448
0.274057254781391
0.27483776498939
0.276654071852853
0.279342145884959
0.281347372643392
0.283028269316348
0.284959307319288
0.286806702061556
0.289822753757673
0.2898325611809
0.291731915931967
0.293104368763659
0.294296295424039
0.294867830663142
0.295149740897143
0.295462243446482
0.29711572988367
0.298238132378747
0.299052243972702
0.299619807105002
0.305750380181591
0.310890239455395
0.312205868849286
0.31580052981987
0.316717561179858
0.322297039314798
0.324420479751669
0.325695222518827
0.327932214398971
0.330020267884481
0.331535617280758
0.334152182182021
0.33482210187365
0.336172958473744
0.336252366967192
0.336483970380517
0.336630318102045
0.337372521867666
0.341296728486406
0.34332958145119
0.344416884446455
0.34690723704594
0.348547113838436
0.34909703972375
0.353018424138385
0.360417426566737
0.363414424019959
0.365560980715381
0.369352665474248
0.371601831323554
0.375098215280327
0.37712160365095
0.380145233894182
0.386190708205699
0.386641927857408
0.386779056069396
0.391140179810265
0.393291499765411
0.399579661699193
0.400604470859785
0.401084277846489
0.40534970364494
0.408754654266098
0.409193375068087
0.413703671471582
0.417640798486442
0.419326956627228
0.42145298989182
0.426429561792352
0.427383932831371
0.431642900572772
0.433418289409342
0.433547970737363
0.440535634338035
0.441333046461167
0.442419943835012
0.442890887563887
0.442988886687395
0.444550537676703
0.445856542189725
0.452760792643256
0.455693717221948
0.462022704644503
0.463495862612848
0.463694187559223
0.465082684415203
0.467950612714458
0.472521968679975
0.481901282147234
0.482785413033938
0.484498851554921
0.48518458081916
0.485609400666911
0.488375915011265
0.489880933934335
0.491943001143798
0.493500769051712
0.494037529642294
0.494622813897834
0.494886057683708
0.498357326292662
0.504151932726272
0.504461790521375
0.506205140775591
0.507084577104813
0.510909450909882
0.513106706466246
0.514381776093007
0.514468303988694
0.521126463868293
0.52161995148705
0.524280003046632
0.526045279757865
0.531086163058741
0.532849809760044
0.534285203613331
0.536200745704701
0.536413568202664
0.536804902635596
0.537142355468674
0.540465199118638
0.543324028061671
0.543790130928302
0.545139095947228
0.549776392947374
0.551864145396202
0.558325339708876
0.562561728819354
0.563186744149007
0.56413831006866
0.565789490069143
0.568428167606767
0.573421873613797
0.573593010225375
0.573819382640854
0.575486903258654
0.578592157386739
0.580276734294712
0.582219398514148
0.583969557509953
0.588488732454938
0.58920791647092
0.594070442198159
0.594571379293273
0.594645327542811
0.594732965092481
0.594842579487294
0.595126506257501
0.595227003815481
0.59787966790925
0.599004006663964
0.599041568889895
0.599070352766883
0.602259892150589
0.608607599916195
0.609459307526859
0.609903825758123
0.611042114901494
0.613538716819719
0.613769790810159
0.616087841303667
0.616924361734871
0.618251276908769
0.622081447660245
0.62428085727138
0.62641875785893
0.630360131302011
0.631187556455016
0.631625201130852
0.633119725155085
0.634693082181937
0.63494408755442
0.63939265629501
0.640652579911636
0.640767318681796
0.641749951592458
0.642186250419334
0.644780432533554
0.64478908078668
0.645163078369756
0.646061251313917
0.647241276122975
0.647821241445531
0.647860829621913
0.647866784133911
0.649114295551587
0.656834015715326
0.657613019240293
0.657637682415408
0.66715463243626
0.669088467376605
0.670028441235626
0.670906147052123
0.672971556094258
0.676095499556712
0.678188655933099
0.679295584728914
0.680288188600088
0.681481590314602
0.685978449564927
0.687355887237945
0.689579367993045
0.690976029653624
0.691171879502479
0.69343142857902
0.694188688383772
0.694933493706293
0.696806725587861
0.698217787022209
0.699480005572907
0.700317889636758
0.704627559759305
0.708190700594335
0.708772277036744
0.709425313109681
0.711586508483316
0.713424158931836
0.716173239524273
0.716356196641488
0.717948044574393
0.720542871857878
0.721442868919349
0.721484062618507
0.722551939769615
0.722866435733111
0.722894038768354
0.723767552994278
0.724001166657465
0.724774960426286
0.72672388451984
0.726931160553926
0.727537319767042
0.728286722861095
0.730931154828218
0.733175388675102
0.736798682691667
0.737832845276871
0.737956794871263
0.73988257387177
0.742197590189596
0.742294570540742
0.744083085695474
0.74408767908438
0.745340670276313
0.746331291776657
0.746869295972841
0.74791625689491
0.748756391229723
0.750557019993719
0.75106482098623
0.752004834508918
0.752276336173332
0.754890423737909
0.756996940911219
0.764221406537537
0.765828517501871
0.76805671834319
0.769105682882937
0.770873396790709
0.774111224790128
0.776016800945148
0.776694672766158
0.776877483824251
0.777606574483714
0.777818706186252
0.779093843100315
0.781300384179967
0.78140735877054
0.78347184050879
0.784188884338604
0.784966618888377
0.785722815643305
0.787919025093897
0.790207346342735
0.790326725387159
0.791174430619715
0.80228795363978
0.803527846944954
0.811869962187538
0.812613236373893
0.812774299667882
0.813376972297964
0.816872433202789
0.821813503960026
0.826978626958714
0.827383249844482
0.830068975925057
0.83083760056948
0.832075229108142
0.832273401756099
0.833132791807937
0.83459993821475
0.841338158334293
0.841879535205032
0.844196689049805
0.863806047681602
0.867111261183477
0.874822371970499
0.876077005008726
0.878189153443272
0.878821403505759
0.879231594601305
0.885466534201638
0.887437038698296
0.88864309086206
0.892257585112338
0.897406921632357
0.899078439664665
0.903360542872866
0.911169246005476
0.914542704464329
0.915454763097567
0.915703879382792
0.9176986658174
0.918144195113428
0.918725850166877
0.921356159791451
0.921377111067426
0.922745415013895
0.927015484560023
0.928729611365201
0.928871856367762
0.930729190873886
0.932764037514334
0.934167662386949
0.936144614545034
0.936274214755938
0.936292201288686
0.940692662431077
0.952153706310534
0.962594108766559
0.962782708853908
0.96523969209804
0.966124555046234
0.966234568222907
0.967254355766555
0.968875741579201
0.971463188463583
0.972477947785832
0.973190024557058
0.975363980739123
0.975508766967484
0.977234952794761
0.978546286330712
0.980198939368024
0.981795351300913
0.981810010252467
0.983032628262145
0.985213282996486
0.985631716582846
0.99052673925019
0.991062508157597
0.991875986342594
0.994128418428489
0.994901600149141
0.995020292502377
0.995802978322895
0.996672844898149
0.996696377589453
0.996894511936326
0.997477644988386
0.99752829827733
0.99789250833819
0.997958974717764
