0.0104415676345804
0.0104453455164985
0.0125928547792923
0.0144780229082283
0.0186768351943063
0.0202077580944275
0.0211419391896106
0.0230813725427586
0.0232869862619146
0.0236089594554224
0.0240488295590911
0.0307156102886824
0.0309599129939262
0.0419973349829159
0.0448872746459861
0.0470909642777363
0.050315366847359
0.0509652788369035
0.0537141668329945
0.0556774216170509
0.0585803334263267
0.0744556163412305
0.0793872346951395
0.0803114469480737
0.0954003151261565
0.0975380778819669
0.0986035900493266
0.0995881257269602
0.109574166786139
0.11083138757778
0.111844050915529
0.12138869154313
0.122912019481913
0.12512275103637
0.125446394288854
0.12849048118629
0.134590358270216
0.150533565179943
0.158790873171592
0.163339967200697
0.166672461044604
0.175173550187659
0.191410000433687
0.192720771042341
0.194075409253919
0.200175162713615
0.205262607094663
0.208966323977449
0.2229348790274
0.2388619798497
0.242600355580269
0.247584672242191
0.24850270071495
0.249200775984433
0.256810614076515
0.25958296808959
0.260536371678058
0.265677136250421
0.267384650509346
0.269835576341723
0.270698389243467
0.281031536195881
0.285583120549955
0.288187412221053
0.306136982326577
0.307749159598563
0.312441562324318
0.313339042602554
0.315706863526008
0.315999074171457
0.326273988951185
0.332141412969079
0.332384253863782
0.332841435710219
0.333773649810587
0.334002071509746
0.338005302491187
0.341552529207332
0.347902430796088
0.351288641753818
0.352356567839024
0.354759407366176
0.35831629616407
0.370339315709772
0.376841366233613
0.378785705974397
0.379400937503269
0.38135458672777
0.384026552488917
0.384992973963309
0.386390808788126
0.39484569120154
0.401871830998753
0.403338983374685
0.403728213450022
0.411274663664135
0.415752715035134
0.41738662216721
0.419008761100343
0.421314359643612
0.423307642676171
0.423652987701636
0.425744179099731
0.430473014361718
0.430696763103784
0.445307959034274
0.456195622724104
0.456214240898106
0.467464120794215
0.469818994272831
0.470148365629728
0.472007763355151
0.474418320940676
0.483956630610342
0.484225244527442
0.486992786484096
0.492720637880378
0.493614525040267
0.499547865400891
0.500521134269045
0.502142891192372
0.502192789961314
0.503072606005673
0.504782289654216
0.507676225846406
0.508540569386095
0.508948077410652
0.512285605409307
0.518229693855616
0.523340137129961
0.523373012639129
0.529918161727889
0.532214462930712
0.533392368960175
0.537626450148788
0.54525426070283
0.545750551913814
0.547171496092502
0.548330384951934
0.548330553829053
0.550536491319414
0.551770103432206
0.554481809754316
0.558583361376034
0.559548712712051
0.563558696327945
0.568481013793055
0.570255352711966
0.570689621132656
0.571475196738817
0.572343774544309
0.575446866103903
0.576625597707436
0.580562006573767
0.594077192600259
0.596883684645795
0.596995571365505
0.597311413174334
0.601480805916831
0.601962025325841
0.623714662015862
0.624077329320215
0.625742459962909
0.62654159817446
0.635612787457719
0.637629325944667
0.642299352955932
0.645490672347438
0.645953901620816
0.646111681409994
0.648313022970726
0.653730425674322
0.657609662136004
0.66113976203592
0.662215235190408
0.663890209062262
0.663946023767161
0.674747996547145
0.679350143185589
0.687759386383172
0.692260601975601
0.69586396502314
0.69827159657829
0.699801754677331
0.700088449085826
0.703127254651464
0.706804523451335
0.709812676587149
0.710548745456059
0.710936293804159
0.729793321758982
0.732314152917946
0.73503766485217
0.737343432686278
0.7395039661067
0.751211352443431
0.75304624406824
0.766037672673249
0.767881068195129
0.768324155844857
0.770232013666836
0.779354818358325
0.781394030682516
0.783471258717432
0.788131993578183
0.79243243088237
0.799349706371995
0.804656865328446
0.822654230837912
0.822805201709782
0.82376086275159
0.8274623252043
0.830320943923989
0.833245501834449
0.835035136167294
0.838172422611167
0.84396714214475
0.846671284496826
0.850582987316292
0.850636357351613
0.856670596586444
0.86105114326913
0.862174361874501
0.86972584315469
0.870370779419156
0.875178633660974
0.880379369667271
0.890047704477726
0.90036717281081
0.91089278742023
0.911780037253895
0.918552318977286
0.927365586255126
0.93083475057542
0.9443352879015
0.953477101813295
0.957159341199826
0.958351652174857
0.958386736272002
0.96163066211482
0.965787172885423
0.966704427401344
0.967770678097079
0.970281517029202
0.971583654277441
0.973225128022802
0.980242132047155
0.981054374070061
0.982799066149242
0.98308448160365
0.985287644724001
0.987983355440634
0.990434459965517
0.990446850637528
