-8.99346140355919
-8.98821717092505
-8.98297293828364
-8.9777287056495
-8.97248447301536
-8.96724024038122
-8.96199600774708
-8.95675177511293
-8.95150754247152
-8.94626330983738
-8.94101907720324
-8.9357748445691
-8.93053061193496
-8.92528637930081
-8.9200421466594
-8.91479791402526
-8.90955368139112
-8.90430944875698
-8.89906521612284
-8.89382098348142
-8.88857675084728
-8.88333251821314
-8.878088285579
-8.87284405294486
-8.86759982031072
-8.8623555876693
-8.85711135503516
-8.85186712240102
-8.84662288976688
-8.84137865713274
-8.8361344244986
-8.83089019185718
-8.82564595922304
-8.8204017265889
-8.81515749395476
-8.80991326132062
-8.8046690286792
-8.79942479604506
-8.79418056341092
-8.78893633077678
-8.78369209814264
-8.7784478655085
-8.77320363286708
-8.76795940023294
-8.7627151675988
-8.75747093496466
-8.75222670233052
-8.74698246969638
-8.74173823705496
-8.73649400442082
-8.73124977178668
-8.72600553915254
-8.7207613065184
-8.71551707388426
-8.71027284124284
-8.7050286086087
-8.69978437597456
-8.69454014334042
-8.68929591070628
-8.68405167806486
-8.67880744543072
-8.67356321279658
-8.66831898016244
-8.6630747475283
-8.65783051489416
-8.65258628225274
-8.6473420496186
-8.64209781698446
-8.63685358435032
-8.63160935171618
-8.62636511908204
-8.62112088644062
-8.61587665380648
-8.61063242117234
-8.6053881885382
-8.60014395590406
-8.59489972326264
-8.5896554906285
-8.58441125799436
-8.57916702536022
-8.57392279272608
-8.56867856009194
-8.56343432745052
-8.55819009481638
-8.55294586218224
-8.5477016295481
-8.54245739691396
-8.53721316427982
-8.5319689316384
-8.52672469900426
-8.52148046637012
-8.51623623373598
-8.51099200110184
-8.50574776846042
-8.50050353582628
-8.49525930319214
-8.490015070558
-8.48477083792386
-8.47952660528972
-8.4742823726483
-8.46903814001416
-8.46379390738002
-8.45854967474588
-8.45330544211174
-8.4480612094776
-8.44281697683618
-8.43757274420204
-8.4323285115679
-8.42708427893376
-8.42184004629962
-8.4165958136582
-8.41135158102406
-8.40610734838992
-8.40086311575578
-8.39561888312164
-8.3903746504875
-8.38513041784609
-8.37988618521194
-8.3746419525778
-8.36939771994366
-8.36415348730952
-8.35890925467538
-8.35366502203397
-8.34842078939982
-8.34317655676568
-8.33793232413154
-8.3326880914974
-8.32744385886326
-8.32219962622185
-8.3169553935877
-8.31171116095356
-8.30646692831942
-8.30122269568528
-8.29597846304387
-8.29073423040973
-8.28548999777558
-8.28024576514144
-8.2750015325073
-8.26975729987316
-8.26451306723175
-8.25926883459761
-8.25402460196347
-8.24878036932932
-8.24353613669518
-8.23829190406104
-8.23304767141963
-8.22780343878549
-8.22255920615135
-8.2173149735172
-8.21207074088306
-8.20682650824165
-8.20158227560751
-8.19633804297337
-8.19109381033923
-8.18584957770508
-8.18060534507094
-8.17536111242953
-8.17011687979539
-8.16487264716125
-8.15962841452711
-8.15438418189296
-8.14913994925882
-8.14389571661741
-8.13865148398327
-8.13340725134913
-8.12816301871499
-8.12291878608085
-8.11767455343943
-8.11243032080529
-8.10718608817115
-8.10194185553701
-8.09669762290287
-8.09145339026873
-8.08620915762731
-8.08096492499317
-8.07572069235903
-8.07047645972489
-8.06523222709075
-8.05998799445661
-8.05474376181519
-8.04949952918105
-8.04425529654691
-8.03901106391277
-8.03376683127863
-8.02852259863721
-8.02327836600307
-8.01803413336893
-8.01278990073479
-8.00754566810065
-8.00230143546651
-7.99705720282509
-7.99181297019095
-7.98656873755681
-7.98132450492267
-7.97608027228853
-7.97083603965439
-7.96559180701297
-7.96034757437883
-7.95510334174469
-7.94985910911055
-7.94461487647641
-7.93937064384227
-7.93412641120085
-7.92888217856671
-7.92363794593257
-7.91839371329843
-7.91314948066429
-7.90790524802287
-7.90266101538873
-7.89741678275459
-7.89217255012045
-7.88692831748631
-7.88168408485217
-7.87643985221075
-7.87119561957661
-7.86595138694247
-7.86070715430833
-7.85546292167419
-7.85021868904005
-7.84497445639863
-7.83973022376449
-7.83448599113035
-7.82924175849621
-7.82399752586207
-7.81875329322065
-7.81350906058651
-7.80826482795237
-7.80302059531823
-7.79777636268409
-7.79253213004995
-7.78728789740853
-7.78204366477439
-7.77679943214025
-7.77155519950611
-7.76631096687197
-7.76106673423783
-7.75582250159641
-7.75057826896227
-7.74533403632813
-7.74008980369399
-7.73484557105985
-7.72960133841843
-7.72435710578429
-7.71911287315015
-7.71386864051601
-7.70862440788187
-7.70338017524773
-7.69813594260631
-7.69289170997217
-7.68764747733803
-7.68240324470389
-7.67715901206975
-7.67191477943561
-7.66667054679419
-7.66142631416005
-7.65618208152591
-7.65093784889177
-7.64569361625763
-7.64044938361621
-7.63520515098207
-7.62996091834793
-7.62471668571379
-7.61947245307965
-7.61422822044551
-7.60898398780409
-7.60373975516995
-7.59849552253581
-7.59325128990167
-7.58800705726753
-7.58276282463339
-7.57751859199197
-7.57227435935783
-7.56703012672369
-7.56178589408955
-7.55654166145541
-7.55129742882127
-7.54605319617986
-7.54080896354571
-7.53556473091157
-7.53032049827743
-7.52507626564329
-7.51983203300188
-7.51458780036774
-7.50934356773359
-7.50409933509945
-7.49885510246531
-7.49361086983117
-7.48836663718976
-7.48312240455562
-7.47787817192147
-7.47263393928733
-7.46738970665319
-7.46214547401905
-7.45690124137764
-7.4516570087435
-7.44641277610936
-7.44116854347521
-7.43592431084107
-7.43068007819966
-7.42543584556552
-7.42019161293138
-7.41494738029724
-7.40970314766309
-7.40445891502895
-7.39921468238754
-7.3939704497534
-7.38872621711926
-7.38348198448512
-7.37823775185097
-7.37299351921683
-7.36774928657542
-7.36250505394128
-7.35726082130714
-7.352016588673
-7.34677235603885
-7.34152812339744
-7.3362838907633
-7.33103965812916
-7.32579542549502
-7.32055119286088
-7.31530696022674
-7.31006272758532
-7.30481849495118
-7.29957426231704
-7.2943300296829
-7.28908579704876
-7.28384156441462
-7.2785973317732
-7.27335309913906
-7.26810886650492
-7.26286463387078
-7.25762040123664
-7.25237616859522
-7.24713193596108
-7.24188770332694
-7.2366434706928
-7.23139923805866
-7.22615500542452
-7.2209107727831
-7.21566654014896
-7.21042230751482
-7.20517807488068
-7.19993384224654
-7.1946896096124
-7.18944537697098
-7.18420114433684
-7.1789569117027
-7.17371267906856
-7.16846844643442
-7.163224213793
-7.15797998115886
-7.15273574852472
-7.14749151589058
-7.14224728325644
-7.1370030506223
-7.13175881798088
-7.12651458534674
-7.1212703527126
-7.11602612007846
-7.11078188744432
-7.10553765481018
-7.10029342216876
-7.09504918953462
-7.08980495690048
-7.08456072426634
-7.0793164916322
-7.07407225899806
-7.06882802635664
-7.0635837937225
-7.05833956108836
-7.05309532845422
-7.04785109582008
-7.04260686317866
-7.03736263054452
-7.03211839791038
-7.02687416527624
-7.0216299326421
-7.01638570000796
-7.01114146736654
-7.0058972347324
-7.00065300209826
-6.99540876946412
-6.99016453682998
-6.98492030419584
-6.97967607155442
-6.97443183892028
-6.96918760628614
-6.963943373652
-6.95869914101786
-6.95345490837644
-6.9482106757423
-6.94296644310816
-6.93772221047402
-6.93247797783988
-6.92723374520574
-6.92198951256432
-6.91674527993018
-6.91150104729604
-6.9062568146619
-6.90101258202776
-6.89576834939362
-6.8905241167522
-6.88527988411806
-6.88003565148392
-6.87479141884978
-6.86954718621564
-6.86430295357422
-6.85905872094008
-6.85381448830594
-6.8485702556718
-6.84332602303766
-6.83808179040352
-6.8328375577621
-6.82759332512796
-6.82234909249382
-6.81710485985968
-6.81186062722554
-6.8066163945914
-6.80137216194998
-6.79612792931584
-6.7908836966817
-6.78563946404756
-6.78039523141342
-6.77515099877201
-6.76990676613786
-6.76466253350372
-6.75941830086958
-6.75417406823544
-6.7489298356013
-6.74368560295989
-6.73844137032575
-6.7331971376916
-6.72795290505746
-6.72270867242332
-6.71746443978918
-6.71222020714777
-6.70697597451363
-6.70173174187948
-6.69648750924534
-6.6912432766112
-6.68599904397706
-6.68075481133565
-6.67551057870151
-6.67026634606736
-6.66502211343322
-6.65977788079908
-6.65453364815767
-6.64928941552353
-6.64404518288939
-6.63880095025524
-6.6335567176211
-6.62831248498696
-6.62306825234555
-6.61782401971141
-6.61257978707727
-6.60733555444313
-6.60209132180898
-6.59684708917484
-6.59160285653343
-6.58635862389929
-6.58111439126515
-6.57587015863101
-6.57062592599686
-6.56538169335545
-6.56013746072131
-6.55489322808717
-6.54964899545303
-6.54440476281889
-6.53916053018474
-6.53391629754333
-6.52867206490919
-6.52342783227505
-6.51818359964091
-6.51293936700677
-6.50769513437263
-6.50245090173121
-6.49720666909707
-6.49196243646293
-6.48671820382879
-6.48147397119465
-6.47622973855323
-6.47098550591909
-6.46574127328495
-6.46049704065081
-6.45525280801667
-6.45000857538253
-6.44476434274111
-6.43952011010697
-6.43427587747283
-6.42903164483869
-6.42378741220455
-6.41854317957041
-6.41329894692899
-6.40805471429485
-6.40281048166071
-6.39756624902657
-6.39232201639243
-6.38707778375101
-6.38183355111687
-6.37658931848273
-6.37134508584859
-6.36610085321445
-6.36085662058031
-6.35561238793889
-6.35036815530475
-6.34512392267061
-6.33987969003647
-6.33463545740233
-6.32939122476819
-6.32414699212677
-6.31890275949263
-6.31365852685849
-6.30841429422435
-6.30317006159021
-6.29792582895607
-6.29268159631465
-6.28743736368051
-6.28219313104637
-6.27694889841223
-6.27170466577809
-6.26646043313667
-6.26121620050253
-6.25597196786839
-6.25072773523425
-6.24548350260011
-6.24023926996597
-6.23499503732455
-6.22975080469041
-6.22450657205627
-6.21926233942213
-6.21401810678799
-6.20877387415385
-6.20352964151243
-6.19828540887829
-6.19304117624415
-6.18779694361001
-6.18255271097587
-6.17730847833445
-6.17206424570031
-6.16682001306617
-6.16157578043203
-6.15633154779789
-6.15108731516375
-6.14584308252233
-6.14059884988819
-6.13535461725405
-6.13011038461991
-6.12486615198577
-6.11962191935163
-6.11437768671021
-6.10913345407607
-6.10388922144193
-6.09864498880779
-6.09340075617365
-6.08815652353223
-6.08291229089809
-6.07766805826395
-6.07242382562981
-6.06717959299567
-6.06193536036153
-6.05669112772011
-6.05144689508597
-6.04620266245183
-6.04095842981769
-6.03571419718355
-6.03046996454941
-6.02522573190799
-6.01998149927385
-6.01473726663971
-6.00949303400557
-6.00424880137143
-5.99900456873002
-5.99376033609587
-5.98851610346173
-5.98327187082759
-5.97802763819345
-5.97278340555931
-5.9675391729179
-5.96229494028375
-5.95705070764961
-5.95180647501547
-5.94656224238133
-5.94131800974719
-5.93607377710578
-5.93082954447164
-5.92558531183749
-5.92034107920335
-5.91509684656921
-5.90985261393507
-5.90460838129366
-5.89936414865952
-5.89411991602537
-5.88887568339123
-5.88363145075709
-5.87838721811568
-5.87314298548154
-5.8678987528474
-5.86265452021325
-5.85741028757911
-5.85216605494497
-5.84692182230356
-5.84167758966942
-5.83643335703528
-5.83118912440113
-5.82594489176699
-5.82070065913285
-5.81545642649144
-5.8102121938573
-5.80496796122316
-5.79972372858902
-5.79447949595487
-5.78923526331346
-5.78399103067932
-5.77874679804518
-5.77350256541104
-5.7682583327769
-5.76301410014275
-5.75776986750134
-5.7525256348672
-5.74728140223306
-5.74203716959892
-5.73679293696478
-5.73154870433063
-5.72630447168922
-5.72106023905508
-5.71581600642094
-5.7105717737868
-5.70532754115266
-5.70008330851124
-5.6948390758771
-5.68959484324296
-5.68435061060882
-5.67910637797468
-5.67386214534054
-5.66861791269912
-5.66337368006498
-5.65812944743084
-5.6528852147967
-5.64764098216256
-5.64239674952842
-5.637152516887
-5.63190828425286
-5.62666405161872
-5.62141981898458
-5.61617558635044
-5.61093135370902
-5.60568712107488
-5.60044288844074
-5.5951986558066
-5.58995442317246
-5.58471019053832
-5.5794659578969
-5.57422172526276
-5.56897749262862
-5.56373325999448
-5.55848902736034
-5.5532447947262
-5.54800056208478
-5.54275632945064
-5.5375120968165
-5.53226786418236
-5.52702363154822
-5.52177939891408
-5.51653516627266
-5.51129093363852
-5.50604670100438
-5.50080246837024
-5.4955582357361
-5.49031400309468
-5.48506977046054
-5.4798255378264
-5.47458130519226
-5.46933707255812
-5.46409283992398
-5.45884860728256
-5.45360437464842
-5.44836014201428
-5.44311590938014
-5.437871676746
-5.43262744411186
-5.42738321147044
-5.4221389788363
-5.41689474620216
-5.41165051356802
-5.40640628093388
-5.40116204829246
-5.39591781565832
-5.39067358302418
-5.38542935039004
-5.3801851177559
-5.37494088512176
-5.36969665248034
-5.3644524198462
-5.35920818721206
-5.35396395457792
-5.34871972194378
-5.34347548930964
-5.33823125666822
-5.33298702403408
-5.32774279139994
-5.3224985587658
-5.31725432613166
-5.31201009349024
-5.3067658608561
-5.30152162822196
-5.29627739558782
-5.29103316295368
-5.28578893031954
-5.28054469767812
-5.27530046504398
-5.27005623240984
-5.2648119997757
-5.25956776714156
-5.25432353450742
-5.249079301866
-5.24383506923186
-5.23859083659772
-5.23334660396358
-5.22810237132944
-5.22285813868803
-5.21761390605388
-5.21236967341974
-5.2071254407856
-5.20188120815146
-5.19663697551732
-5.19139274287591
-5.18614851024176
-5.18090427760762
-5.17566004497348
-5.17041581233934
-5.1651715797052
-5.15992734706379
-5.15468311442964
-5.1494388817955
-5.14419464916136
-5.13895041652722
-5.13370618388581
-5.12846195125167
-5.12321771861752
-5.11797348598338
-5.11272925334924
-5.1074850207151
-5.10224078807369
-5.09699655543955
-5.09175232280541
-5.08650809017126
-5.08126385753712
-5.07601962490298
-5.07077539226157
-5.06553115962743
-5.06028692699329
-5.05504269435914
-5.049798461725
-5.04455422909086
-5.03930999644945
-5.03406576381531
-5.02882153118117
-5.02357729854702
-5.01833306591288
-5.01308883327147
-5.00784460063733
-5.00260036800319
-4.99735613536905
-4.99211190273491
-4.98686767010076
-4.98162343745935
-4.97637920482521
-4.97113497219107
-4.96589073955693
-4.96064650692279
-4.95540227428864
-4.95015804164723
-4.94491380901309
-4.93966957637895
-4.93442534374481
-4.92918111111067
-4.92393687846925
-4.91869264583511
-4.91344841320097
-4.90820418056683
-4.90295994793269
-4.89771571529855
-4.89247148265713
-4.88722725002299
-4.88198301738885
-4.87673878475471
-4.87149455212057
-4.86625031948643
-4.86100608684501
-4.85576185421087
-4.85051762157673
-4.84527338894259
-4.84002915630845
-4.83478492366703
-4.82954069103289
-4.82429645839875
-4.81905222576461
-4.81380799313047
-4.80856376049633
-4.80331952785491
-4.79807529522077
-4.79283106258663
-4.78758682995249
-4.78234259731835
-4.77709836468421
-4.77185413204279
-4.76660989940865
-4.76136566677451
-4.75612143414037
-4.75087720150623
-4.74563296886481
-4.74038873623067
-4.73514450359653
-4.72990027096239
-4.72465603832825
-4.71941180569411
-4.71416757305269
-4.70892334041855
-4.70367910778441
-4.69843487515027
-4.69319064251613
-4.68794640988199
-4.68270217724057
-4.67745794460643
-4.67221371197229
-4.66696947933815
-4.66172524670401
-4.65648101406987
-4.65123678142845
-4.64599254879431
-4.64074831616017
-4.63550408352603
-4.63025985089189
-4.62501561825047
-4.61977138561633
-4.61452715298219
-4.60928292034805
-4.60403868771391
-4.59879445507977
-4.59355022243835
-4.58830598980421
-4.58306175717007
-4.57781752453593
-4.57257329190179
-4.56732905926765
-4.56208482662623
-4.55684059399209
-4.55159636135795
-4.54635212872381
-4.54110789608967
-4.53586366344825
-4.53061943081411
-4.52537519817997
-4.52013096554583
-4.51488673291169
-4.50964250027755
-4.50439826763613
-4.49915403500199
-4.49390980236785
-4.48866556973371
-4.48342133709957
-4.47817710446543
-4.47293287182401
-4.46768863918987
-4.46244440655573
-4.45720017392159
-4.45195594128745
-4.44671170864603
-4.44146747601189
-4.43622324337775
-4.43097901074361
-4.42573477810947
-4.42049054547533
-4.41524631283391
-4.41000208019977
-4.40475784756563
-4.39951361493149
-4.39426938229735
-4.38902514966321
-4.3837809170218
-4.37853668438765
-4.37329245175351
-4.36804821911937
-4.36280398648523
-4.35755975384382
-4.35231552120968
-4.34707128857553
-4.34182705594139
-4.33658282330725
-4.33133859067311
-4.3260943580317
-4.32085012539756
-4.31560589276341
-4.31036166012927
-4.30511742749513
-4.29987319486099
-4.29462896221958
-4.28938472958544
-4.2841404969513
-4.27889626431715
-4.27365203168301
-4.26840779904887
-4.26316356640746
-4.25791933377332
-4.25267510113918
-4.24743086850503
-4.24218663587089
-4.23694240322948
-4.23169817059534
-4.2264539379612
-4.22120970532706
-4.21596547269291
-4.21072124005877
-4.20547700741736
-4.20023277478322
-4.19498854214908
-4.18974430951494
-4.18450007688079
-4.17925584424665
-4.17401161160524
-4.1687673789711
-4.16352314633696
-4.15827891370282
-4.15303468106868
-4.14779044842726
-4.14254621579312
-4.13730198315898
-4.13205775052484
-4.1268135178907
-4.12156928525656
-4.11632505261514
-4.111080819981
-4.10583658734686
-4.10059235471272
-4.09534812207858
-4.09010388944444
-4.08485965680302
-4.07961542416888
-4.07437119153474
-4.0691269589006
-4.06388272626646
-4.05863849362504
-4.0533942609909
-4.04815002835676
-4.04290579572262
-4.03766156308848
-4.03241733045434
-4.02717309781292
-4.02192886517878
-4.01668463254464
-4.0114403999105
-4.00619616727636
-4.00095193464222
-3.9957077020008
-3.99046346936666
-3.98521923673252
-3.97997500409838
-3.97473077146424
-3.96948653882282
-3.96424230618868
-3.95899807355454
-3.9537538409204
-3.94850960828626
-3.94326537565212
-3.9380211430107
-3.93277691037656
-3.92753267774242
-3.92228844510828
-3.91704421247414
-3.91179997984
-3.90655574719858
-3.90131151456444
-3.8960672819303
-3.89082304929616
-3.88557881666202
-3.88033458402788
-3.87509035138646
-3.86984611875232
-3.86460188611818
-3.85935765348404
-3.8541134208499
-3.84886918820848
-3.84362495557434
-3.8383807229402
-3.83313649030606
-3.82789225767192
-3.82264802503778
-3.81740379239636
-3.81215955976222
-3.80691532712808
-3.80167109449394
-3.7964268618598
-3.79118262922566
-3.78593839658424
-3.7806941639501
-3.77544993131596
-3.77020569868182
-3.76496146604768
-3.75971723340626
-3.75447300077212
-3.74922876813798
-3.74398453550384
-3.7387403028697
-3.73349607023556
-3.72825183759414
-3.72300760496
-3.71776337232586
-3.71251913969172
-3.70727490705758
-3.70203067442344
-3.69678644178202
-3.69154220914788
-3.68629797651374
-3.6810537438796
-3.67580951124546
-3.67056527860404
-3.6653210459699
-3.66007681333576
-3.65483258070162
-3.64958834806748
-3.64434411543334
-3.63909988279192
-3.63385565015778
-3.62861141752364
-3.6233671848895
-3.61812295225536
-3.61287871962122
-3.6076344869798
-3.60239025434566
-3.59714602171152
-3.59190178907738
-3.58665755644324
-3.58141332380183
-3.57616909116769
-3.57092485853354
-3.5656806258994
-3.56043639326526
-3.55519216063112
-3.54994792798971
-3.54470369535557
-3.53945946272142
-3.53421523008728
-3.52897099745314
-3.523726764819
-3.51848253217759
-3.51323829954345
-3.5079940669093
-3.50274983427516
-3.49750560164102
-3.49226136900688
-3.48701713636547
-3.48177290373133
-3.47652867109718
-3.47128443846304
-3.4660402058289
-3.46079597318749
-3.45555174055335
-3.45030750791921
-3.44506327528507
-3.43981904265092
-3.43457481001678
-3.42933057737537
-3.42408634474123
-3.41884211210709
-3.41359787947295
-3.4083536468388
-3.40310941420466
-3.39786518156325
-3.39262094892911
-3.38737671629497
-3.38213248366083
-3.37688825102668
-3.37164401838527
-3.36639978575113
-3.36115555311699
-3.35591132048285
-3.35066708784871
-3.34542285521457
-3.34017862257315
-3.33493438993901
-3.32969015730487
-3.32444592467073
-3.31920169203659
-3.31395745940245
-3.30871322676103
-3.30346899412689
-3.29822476149275
-3.29298052885861
-3.28773629622447
-3.28249206358305
-3.27724783094891
-3.27200359831477
-3.26675936568063
-3.26151513304649
-3.25627090041235
-3.25102666777093
-3.24578243513679
-3.24053820250265
-3.23529396986851
-3.23004973723437
-3.22480550460023
-3.21956127195881
-3.21431703932467
-3.20907280669053
-3.20382857405639
-3.19858434142225
-3.19334010878083
-3.18809587614669
-3.18285164351255
-3.17760741087841
-3.17236317824427
-3.16711894561013
-3.16187471296871
-3.15663048033457
-3.15138624770043
-3.14614201506629
-3.14089778243215
-3.13565354979801
-3.13040931715659
-3.12516508452245
-3.11992085188831
-3.11467661925417
-3.10943238662003
-3.10418815397861
-3.09894392134447
-3.09369968871033
-3.08845545607619
-3.08321122344205
-3.07796699080791
-3.07272275816649
-3.06747852553235
-3.06223429289821
-3.05699006026407
-3.05174582762993
-3.04650159499579
-3.04125736235437
-3.03601312972023
-3.03076889708609
-3.02552466445195
-3.02028043181781
-3.01503619918367
-3.00979196654225
-3.00454773390811
-2.99930350127397
-2.99405926863983
-2.98881503600569
-2.98357080336427
-2.97832657073013
-2.97308233809599
-2.96783810546185
-2.96259387282771
-2.95734964019357
-2.95210540755215
-2.94686117491801
-2.94161694228387
-2.93637270964973
-2.93112847701559
-2.92588424438145
-2.92064001174003
-2.91539577910589
-2.91015154647175
-2.90490731383761
-2.89966308120347
-2.89441884856205
-2.88917461592791
-2.88393038329377
-2.87868615065963
-2.87344191802549
-2.86819768539135
-2.86295345274993
-2.85770922011579
-2.85246498748165
-2.84722075484751
-2.84197652221337
-2.83673228957923
-2.83148805693781
-2.82624382430367
-2.82099959166953
-2.81575535903539
-2.81051112640125
-2.80526689375984
-2.80002266112569
-2.79477842849155
-2.78953419585741
-2.78428996322327
-2.77904573058913
-2.77380149794772
-2.76855726531358
-2.76331303267943
-2.75806880004529
-2.75282456741115
-2.74758033477701
-2.7423361021356
-2.73709186950146
-2.73184763686731
-2.72660340423317
-2.72135917159903
-2.71611493895762
-2.71087070632348
-2.70562647368934
-2.70038224105519
-2.69513800842105
-2.68989377578691
-2.6846495431455
-2.67940531051136
-2.67416107787722
-2.66891684524307
-2.66367261260893
-2.65842837997479
-2.65318414733338
-2.64793991469924
-2.6426956820651
-2.63745144943096
-2.63220721679681
-2.62696298416267
-2.62171875152126
-2.61647451888712
-2.61123028625298
-2.60598605361884
-2.60074182098469
-2.59549758834328
-2.59025335570914
-2.585009123075
-2.57976489044086
-2.57452065780672
-2.56927642517257
-2.56403219253116
-2.55878795989702
-2.55354372726288
-2.54829949462874
-2.5430552619946
-2.53781102936045
-2.53256679671904
-2.5273225640849
-2.52207833145076
-2.51683409881662
-2.51158986618248
-2.50634563354106
-2.50110140090692
-2.49585716827278
-2.49061293563864
-2.4853687030045
-2.48012447037036
-2.47488023772894
-2.4696360050948
-2.46439177246066
-2.45914753982652
-2.45390330719238
-2.44865907455824
-2.44341484191682
-2.43817060928268
-2.43292637664854
-2.4276821440144
-2.42243791138026
-2.41719367873884
-2.4119494461047
-2.40670521347056
-2.40146098083642
-2.39621674820228
-2.39097251556814
-2.38572828292672
-2.38048405029258
-2.37523981765844
-2.3699955850243
-2.36475135239016
-2.35950711975602
-2.3542628871146
-2.34901865448046
-2.34377442184632
-2.33853018921218
-2.33328595657804
-2.32804172393662
-2.32279749130248
-2.31755325866834
-2.3123090260342
-2.30706479340006
-2.30182056076592
-2.2965763281245
-2.29133209549036
-2.28608786285622
-2.28084363022208
-2.27559939758794
-2.2703551649538
-2.26511093231238
-2.25986669967824
-2.2546224670441
-2.24937823440996
-2.24413400177582
-2.23888976914168
-2.23364553650026
-2.22840130386612
-2.22315707123198
-2.21791283859784
-2.2126686059637
-2.20742437332228
-2.20218014068814
-2.196935908054
-2.19169167541986
-2.18644744278572
-2.18120321015158
-2.17595897751016
-2.17071474487602
-2.16547051224188
-2.16022627960774
-2.1549820469736
-2.14973781433946
-2.14449358169804
-2.1392493490639
-2.13400511642976
-2.12876088379562
-2.12351665116148
-2.11827241852006
-2.11302818588592
-2.10778395325178
-2.10253972061764
-2.0972954879835
-2.09205125534936
-2.08680702270794
-2.0815627900738
-2.07631855743966
-2.07107432480552
-2.06583009217138
-2.06058585953724
-2.05534162689582
-2.05009739426168
-2.04485316162754
-2.0396089289934
-2.03436469635926
-2.02912046371785
-2.0238762310837
-2.01863199844956
-2.01338776581542
-2.00814353318128
-2.00289930054714
-1.99765506790573
-1.99241083527158
-1.98716660263744
-1.9819223700033
-1.97667813736916
-1.97143390473502
-1.96618967209361
-1.96094543945946
-1.95570120682532
-1.95045697419118
-1.94521274155704
-1.93996850891563
-1.93472427628149
-1.92948004364735
-1.9242358110132
-1.91899157837906
-1.91374734574492
-1.90850311310351
-1.90325888046937
-1.89801464783523
-1.89277041520108
-1.88752618256694
-1.8822819499328
-1.87703771729139
-1.87179348465725
-1.86654925202311
-1.86130501938896
-1.85606078675482
-1.85081655412068
-1.84557232147927
-1.84032808884513
-1.83508385621099
-1.82983962357685
-1.8245953909427
-1.81935115830129
-1.81410692566715
-1.80886269303301
-1.80361846039887
-1.79837422776473
-1.79312999513058
-1.78788576248917
-1.78264152985503
-1.77739729722089
-1.77215306458675
-1.76690883195261
-1.76166459931846
-1.75642036667705
-1.75117613404291
-1.74593190140877
-1.74068766877463
-1.73544343614049
-1.73019920349907
-1.72495497086493
-1.71971073823079
-1.71446650559665
-1.70922227296251
-1.70397804032837
-1.69873380768695
-1.69348957505281
-1.68824534241867
-1.68300110978453
-1.67775687715039
-1.67251264451625
-1.66726841187483
-1.66202417924069
-1.65677994660655
-1.65153571397241
-1.64629148133827
-1.64104724869685
-1.63580301606271
-1.63055878342857
-1.62531455079443
-1.62007031816029
-1.61482608552615
-1.60958185288473
-1.60433762025059
-1.59909338761645
-1.59384915498231
-1.58860492234817
-1.58336068971403
-1.57811645707261
-1.57287222443847
-1.56762799180433
-1.56238375917019
-1.55713952653605
-1.55189529389463
-1.54665106126049
-1.54140682862635
-1.53616259599221
-1.53091836335807
-1.52567413072393
-1.52042989808251
-1.51518566544837
-1.50994143281423
-1.50469720018009
-1.49945296754595
-1.49420873491181
-1.48896450227039
-1.48372026963625
-1.47847603700211
-1.47323180436797
-1.46798757173383
-1.46274333909969
-1.45749910645827
-1.45225487382413
-1.44701064118999
-1.44176640855585
-1.43652217592171
-1.43127794328029
-1.42603371064615
-1.42078947801201
-1.41554524537787
-1.41030101274373
-1.40505678010959
-1.39981254746817
-1.39456831483403
-1.38932408219989
-1.38407984956575
-1.37883561693161
-1.37359138429747
-1.36834715165605
-1.36310291902191
-1.35785868638777
-1.35261445375363
-1.34737022111949
-1.34212598847807
-1.33688175584393
-1.33163752320979
-1.32639329057565
-1.32114905794151
-1.31590482530737
-1.31066059266595
-1.30541636003181
-1.30017212739767
-1.29492789476353
-1.28968366212939
-1.28443942949525
-1.27919519685383
-1.27395096421969
-1.26870673158555
-1.26346249895141
-1.25821826631727
-1.25297403367586
-1.24772980104171
-1.24248556840757
-1.23724133577343
-1.23199710313929
-1.22675287050515
-1.22150863786374
-1.21626440522959
-1.21102017259545
-1.20577593996131
-1.20053170732717
-1.19528747469303
-1.19004324205162
-1.18479900941747
-1.17955477678333
-1.17431054414919
-1.16906631151505
-1.16382207887364
-1.1585778462395
-1.15333361360535
-1.14808938097121
-1.14284514833707
-1.13760091570293
-1.13235668306152
-1.12711245042738
-1.12186821779324
-1.11662398515909
-1.11137975252495
-1.10613551989081
-1.1008912872494
-1.09564705461526
-1.09040282198112
-1.08515858934697
-1.07991435671283
-1.07467012407142
-1.06942589143728
-1.06418165880314
-1.058937426169
-1.05369319353485
-1.04844896090071
-1.0432047282593
-1.03796049562516
-1.03271626299102
-1.02747203035688
-1.02222779772273
-1.01698356508859
-1.01173933244718
-1.00649509981304
-1.0012508671789
-0.996006634544756
-0.990762401910615
-0.985518169276475
-0.980273936635058
-0.975029704000917
-0.969785471366777
-0.964541238732636
-0.959297006098495
-0.954052773457079
-0.948808540822938
-0.943564308188797
-0.938320075554657
-0.933075842920516
-0.927831610286376
-0.922587377644959
-0.917343145010818
-0.912098912376678
-0.906854679742537
-0.901610447108396
-0.896366214474256
-0.891121981832839
-0.885877749198698
-0.880633516564558
-0.875389283930417
-0.870145051296277
-0.86490081865486
-0.859656586020719
-0.854412353386579
-0.849168120752438
-0.843923888118297
-0.838679655484157
-0.83343542284274
-0.828191190208599
-0.822946957574459
-0.817702724940318
-0.812458492306178
-0.807214259672037
-0.80197002703062
-0.79672579439648
-0.791481561762339
-0.786237329128198
-0.780993096494058
-0.775748863852641
-0.7705046312185
-0.76526039858436
-0.760016165950219
-0.754771933316079
-0.749527700681938
-0.744283468040521
-0.739039235406381
-0.73379500277224
-0.728550770138099
-0.723306537503959
-0.718062304869818
-0.712818072228401
-0.707573839594261
-0.70232960696012
-0.69708537432598
-0.691841141691839
-0.686596909050422
-0.681352676416282
-0.676108443782141
-0.670864211148
-0.66561997851386
-0.660375745879719
-0.655131513238302
-0.649887280604162
-0.644643047970021
-0.63939881533588
-0.63415458270174
-0.628910350067599
-0.623666117426183
-0.618421884792042
-0.613177652157901
-0.607933419523761
-0.60268918688962
-0.597444954255479
-0.592200721614063
-0.586956488979922
-0.581712256345781
-0.576468023711641
-0.5712237910775
-0.565979558436084
-0.560735325801943
-0.555491093167802
-0.550246860533662
-0.545002627899521
-0.53975839526538
-0.534514162623964
-0.529269929989823
-0.524025697355682
-0.518781464721542
-0.513537232087401
-0.508292999453261
-0.503048766811844
-0.497804534177703
-0.492560301543563
-0.487316068909422
-0.482071836275281
-0.476827603633865
-0.471583370999724
-0.466339138365583
-0.461094905731443
-0.455850673097302
-0.450606440463162
-0.445362207821745
-0.440117975187604
-0.434873742553464
-0.429629509919323
-0.424385277285182
-0.419141044651042
-0.413896812009625
-0.408652579375484
-0.403408346741344
-0.398164114107203
-0.392919881473063
-0.387675648831646
-0.382431416197505
-0.377187183563365
-0.371942950929224
-0.366698718295083
-0.361454485660943
-0.356210253019526
-0.350966020385385
-0.345721787751245
-0.340477555117104
-0.335233322482964
-0.329989089848823
-0.324744857207406
-0.319500624573266
-0.314256391939125
-0.309012159304984
-0.303767926670844
-0.298523694029427
-0.293279461395286
-0.288035228761146
-0.282790996127005
-0.277546763492865
-0.272302530858724
-0.267058298217307
-0.261814065583167
-0.256569832949026
-0.251325600314885
-0.246081367680745
-0.240837135046604
-0.235592902405187
-0.230348669771047
-0.225104437136906
-0.219860204502766
-0.214615971868625
-0.209371739234484
-0.204127506593068
-0.198883273958927
-0.193639041324786
-0.188394808690646
-0.183150576056505
-0.177906343415088
-0.172662110780948
-0.167417878146807
-0.162173645512667
-0.156929412878526
-0.151685180244385
-0.146440947602969
-0.141196714968828
-0.135952482334687
-0.130708249700547
-0.125464017066406
-0.120219784432265
-0.114975551790849
-0.109731319156708
-0.104487086522568
-0.0992428538884269
-0.0939986212542863
-0.0887543886128697
-0.083510155978729
-0.0782659233445884
-0.0730216907104477
-0.0677774580763071
-0.0625332254421664
-0.0572889928007498
-0.0520447601666092
-0.0468005275324685
-0.0415562948983279
-0.0363120622641873
-0.0310678296300466
-0.02582359698863
-0.0205793643544894
-0.0153351317203487
-0.0100908990862081
-0.00484666645206744
0.000397566189349163
0.00564179882348981
0.0108860314576305
0.0161302640917711
0.0213744967259117
0.0266187293600524
0.031862962001469
0.0371071946356096
0.0423514272697503
0.0475956599038909
0.0528398925380316
0.0580841251721722
0.0633283578135888
0.0685725904477295
0.0738168230818701
0.0790610557160107
0.0843052883501514
0.089549520991568
0.0947937536257086
0.100037986259849
0.10528221889399
0.110526451528131
0.115770684162271
0.121014916803688
0.126259149437828
0.131503382071969
0.13674761470611
0.14199184734025
0.147236079974391
0.152480312615808
0.157724545249948
0.162968777884089
0.16821301051823
0.17345724315237
0.178701475786511
0.183945708427927
0.189189941062068
0.194434173696209
0.199678406330349
0.20492263896449
0.210166871605907
0.215411104240047
0.220655336874188
0.225899569508329
0.231143802142469
0.23638803477661
0.241632267418026
0.246876500052167
0.252120732686308
0.257364965320448
0.262609197954589
0.26785343058873
0.273097663230146
0.278341895864287
0.283586128498428
0.288830361132568
0.294074593766709
0.299318826408125
0.304563059042266
0.309807291676407
0.315051524310547
0.320295756944688
0.325539989578829
0.330784222220245
0.336028454854386
0.341272687488527
0.346516920122667
0.351761152756808
0.357005385390949
0.362249618032365
0.367493850666506
0.372738083300646
0.377982315934787
0.383226548568928
0.388470781210344
0.393715013844485
0.398959246478626
0.404203479112766
0.409447711746907
0.414691944381048
0.419936177022464
0.425180409656605
0.430424642290745
0.435668874924886
0.440913107559027
0.446157340193167
0.451401572834584
0.456645805468725
0.461890038102865
0.467134270737006
0.472378503371147
0.477622736012563
0.482866968646704
0.488111201280844
0.493355433914985
0.498599666549126
0.503843899183266
0.509088131824683
0.514332364458824
0.519576597092964
0.524820829727105
0.530065062361246
0.535309294995386
0.540553527636803
0.545797760270943
0.551041992905084
0.556286225539225
0.561530458173365
0.566774690807506
0.572018923448923
0.577263156083063
0.582507388717204
0.587751621351345
0.592995853985485
0.598240086626902
0.603484319261042
0.608728551895183
0.613972784529324
0.619217017163464
0.624461249797605
0.629705482439022
0.634949715073162
0.640193947707303
0.645438180341444
0.650682412975584
0.655926645609725
0.661170878251141
0.666415110885282
0.671659343519423
0.676903576153563
0.682147808787704
0.687392041429121
0.692636274063261
0.697880506697402
0.703124739331543
0.708368971965683
0.713613204599824
0.71885743724124
0.724101669875381
0.729345902509522
0.734590135143662
0.739834367777803
0.745078600411944
0.75032283305336
0.755567065687501
0.760811298321642
0.766055530955782
0.771299763589923
0.776543996231339
0.78178822886548
0.787032461499621
0.792276694133761
0.797520926767902
0.802765159402043
0.808009392043459
0.8132536246776
0.818497857311741
0.823742089945881
0.828986322580022
0.834230555214162
0.839474787855579
0.84471902048972
0.84996325312386
0.855207485758001
0.860451718392142
0.865695951033558
0.870940183667699
0.87618441630184
0.88142864893598
0.886672881570121
0.891917114204261
0.897161346845678
0.902405579479819
0.907649812113959
0.9128940447481
0.918138277382241
0.923382510016381
0.928626742657798
0.933870975291939
0.939115207926079
0.94435944056022
0.94960367319436
0.954847905835777
0.960092138469918
0.965336371104058
0.970580603738199
0.97582483637234
0.98106906900648
0.986313301647897
0.991557534282038
0.996801766916178
1.00204599955032
1.00729023218446
1.0125344648186
1.01777869746002
1.02302293009416
1.0282671627283
1.03351139536244
1.03875562799658
1.04399986063072
1.04924409327214
1.05448832590628
1.05973255854042
1.06497679117456
1.0702210238087
1.07546525645012
1.08070948908426
1.0859537217184
1.09119795435254
1.09644218698668
1.10168641962082
1.10693065226224
1.11217488489638
1.11741911753052
1.12266335016466
1.1279075827988
1.13315181543294
1.13839604807436
1.1436402807085
1.14888451334264
1.15412874597678
1.15937297861092
1.16461721125233
1.16986144388648
1.17510567652062
1.18034990915476
1.1855941417889
1.19083837442304
1.19608260706445
1.20132683969859
1.20657107233274
1.21181530496688
1.21705953760102
1.22230377023516
1.22754800287657
1.23279223551071
1.23803646814486
1.243280700779
1.24852493341314
1.25376916605455
1.25901339868869
1.26425763132283
1.26950186395698
1.27474609659112
1.27999032922526
1.28523456186667
1.29047879450081
1.29572302713495
1.3009672597691
1.30621149240324
1.31145572503738
1.31669995767879
1.32194419031293
1.32718842294707
1.33243265558121
1.33767688821536
1.34292112085677
1.34816535349091
1.35340958612505
1.35865381875919
1.36389805139333
1.36914228402748
1.37438651666889
1.37963074930303
1.38487498193717
1.39011921457131
1.39536344720545
1.4006076798396
1.40585191248101
1.41109614511515
1.41634037774929
1.42158461038343
1.42682884301757
1.43207307565172
1.43731730829313
1.44256154092727
1.44780577356141
1.45305000619555
1.45829423882969
1.46353847147111
1.46878270410525
1.47402693673939
1.47927116937353
1.48451540200767
1.48975963464181
1.49500386728323
1.50024809991737
1.50549233255151
1.51073656518565
1.51598079781979
1.52122503045393
1.52646926309535
1.53171349572949
1.53695772836363
1.54220196099777
1.54744619363191
1.55269042627333
1.55793465890747
1.56317889154161
1.56842312417575
1.57366735680989
1.57891158944403
1.58415582208545
1.58940005471959
1.59464428735373
1.59988851998787
1.60513275262201
1.61037698525615
1.61562121789757
1.62086545053171
1.62610968316585
1.63135391579999
1.63659814843413
1.64184238107555
1.64708661370969
1.65233084634383
1.65757507897797
1.66281931161211
1.66806354424625
1.67330777688767
1.67855200952181
1.68379624215595
1.68904047479009
1.69428470742423
1.69952894005837
1.70477317269979
1.71001740533393
1.71526163796807
1.72050587060221
1.72575010323635
1.73099433587777
1.73623856851191
1.74148280114605
1.74672703378019
1.75197126641433
1.75721549904847
1.76245973168989
1.76770396432403
1.77294819695817
1.77819242959231
1.78343666222645
1.78868089486059
1.79392512750201
1.79916936013615
1.80441359277029
1.80965782540443
1.81490205803857
1.82014629067271
1.82539052331413
1.83063475594827
1.83587898858241
1.84112322121655
1.84636745385069
1.85161168649211
1.85685591912625
1.86210015176039
1.86734438439453
1.87258861702867
1.87783284966281
1.88307708230423
1.88832131493837
1.89356554757251
1.89880978020665
1.90405401284079
1.90929824547493
1.91454247811635
1.91978671075049
1.92503094338463
1.93027517601877
1.93551940865291
1.94076364129432
1.94600787392847
1.95125210656261
1.95649633919675
1.96174057183089
1.96698480446503
1.97222903710644
1.97747326974059
1.98271750237473
1.98796173500887
1.99320596764301
1.99845020027715
2.00369443291856
2.00893866555271
2.01418289818685
2.01942713082099
2.02467136345513
2.02991559609654
2.03515982873068
2.04040406136482
2.04564829399897
2.05089252663311
2.05613675926725
2.06138099190866
2.0666252245428
2.07186945717694
2.07711368981109
2.08235792244523
2.08760215507937
2.09284638772078
2.09809062035492
2.10333485298906
2.10857908562321
2.11382331825735
2.11906755089876
2.1243117835329
2.12955601616704
2.13480024880118
2.14004448143532
2.14528871406947
2.15053294671088
2.15577717934502
2.16102141197916
2.1662656446133
2.17150987724744
2.17675410988159
2.181998342523
2.18724257515714
2.19248680779128
2.19773104042542
2.20297527305956
2.20821950569371
2.21346373833512
2.21870797096926
2.2239522036034
2.22919643623754
2.23444066887168
2.2396849015131
2.24492913414724
2.25017336678138
2.25541759941552
2.26066183204966
2.2659060646838
2.27115029732522
2.27639452995936
2.2816387625935
2.28688299522764
2.29212722786178
2.29737146049592
2.30261569313734
2.30785992577148
2.31310415840562
2.31834839103976
2.3235926236739
2.32883685631532
2.33408108894946
2.3393253215836
2.34456955421774
2.34981378685188
2.35505801948602
2.36030225212744
2.36554648476158
2.37079071739572
2.37603495002986
2.381279182664
2.38652341529814
2.39176764793956
2.3970118805737
2.40225611320784
2.40750034584198
2.41274457847612
2.41798881111754
2.42323304375168
2.42847727638582
2.43372150901996
2.4389657416541
2.44420997428824
2.44945420692966
2.4546984395638
2.45994267219794
2.46518690483208
2.47043113746622
2.47567537010036
2.48091960274178
2.48616383537592
2.49140806801006
2.4966523006442
2.50189653327834
2.50714076591976
2.5123849985539
2.51762923118804
2.52287346382218
2.52811769645632
2.53336192909046
2.53860616173188
2.54385039436602
2.54909462700016
2.5543388596343
2.55958309226844
2.56482732490258
2.570071557544
2.57531579017814
2.58056002281228
2.58580425544642
2.59104848808056
2.59629272072198
2.60153695335612
2.60678118599026
2.6120254186244
2.61726965125854
2.62251388389268
2.6277581165341
2.63300234916824
2.63824658180238
2.64349081443652
2.64873504707066
2.6539792797048
2.65922351234622
2.66446774498036
2.6697119776145
2.67495621024864
2.68020044288278
2.68544467551692
2.69068890815834
2.69593314079248
2.70117737342662
2.70642160606076
2.7116658386949
2.71691007133632
2.72215430397046
2.7273985366046
2.73264276923874
2.73788700187288
2.74313123450702
2.74837546714843
2.75361969978258
2.75886393241672
2.76410816505086
2.769352397685
2.77459663031914
2.77984086296055
2.7850850955947
2.79032932822884
2.79557356086298
2.80081779349712
2.80606202613853
2.81130625877267
2.81655049140682
2.82179472404096
2.8270389566751
2.83228318930924
2.83752742195065
2.84277165458479
2.84801588721893
2.85326011985308
2.85850435248722
2.86374858512136
2.86899281776277
2.87423705039691
2.87948128303105
2.8847255156652
2.88996974829934
2.89521398094075
2.90045821357489
2.90570244620903
2.91094667884317
2.91619091147732
2.92143514411146
2.92667937675287
2.93192360938701
2.93716784202115
2.94241207465529
2.94765630728944
2.95290053992358
2.95814477256499
2.96338900519913
2.96863323783327
2.97387747046741
2.97912170310155
2.98436593574297
2.98961016837711
2.99485440101125
3.00009863364539
3.00534286627953
3.01058709891367
3.01583133155509
3.02107556418923
3.02631979682337
3.03156402945751
3.03680826209165
3.04205249472579
3.04729672736721
3.05254096000135
3.05778519263549
3.06302942526963
3.06827365790377
3.07351789053791
3.07876212317933
3.08400635581347
3.08925058844761
3.09449482108175
3.09973905371589
3.10498328635731
3.11022751899145
3.11547175162559
3.12071598425973
3.12596021689387
3.13120444952801
3.13644868216943
3.14169291480357
3.14693714743771
3.15218138007185
3.15742561270599
3.16266984534013
3.16791407798155
3.17315831061569
3.17840254324983
3.18364677588397
3.18889100851811
3.19413524115953
3.19937947379367
3.20462370642781
3.20986793906195
3.21511217169609
3.22035640433023
3.22560063697165
3.23084486960579
3.23608910223993
3.24133333487407
3.24657756750821
3.25182180014235
3.25706603278377
3.26231026541791
3.26755449805205
3.27279873068619
3.27804296332033
3.28328719596175
3.28853142859589
3.29377566123003
3.29901989386417
3.30426412649831
3.30950835913245
3.31475259177387
3.31999682440801
3.32524105704215
3.33048528967629
3.33572952231043
3.34097375494457
3.34621798758599
3.35146222022013
3.35670645285427
3.36195068548841
3.36719491812255
3.37243915076397
3.37768338339811
3.38292761603225
3.38817184866639
3.39341608130053
3.39866031393467
3.40390454657609
3.40914877921023
3.41439301184437
3.41963724447851
3.42488147711265
3.43012570974679
3.43536994238821
3.44061417502235
3.44585840765649
3.45110264029063
3.45634687292477
3.46159110555891
3.46683533820033
3.47207957083447
3.47732380346861
3.48256803610275
3.48781226873689
3.49305650137831
3.49830073401245
3.50354496664659
3.50878919928073
3.51403343191487
3.51927766454901
3.52452189719043
3.52976612982457
3.53501036245871
3.54025459509285
3.54549882772699
3.55074306036113
3.55598729300254
3.56123152563669
3.56647575827083
3.57171999090497
3.57696422353911
3.58220845618052
3.58745268881466
3.59269692144881
3.59794115408295
3.60318538671709
3.60842961935123
3.61367385199264
3.61891808462678
3.62416231726093
3.62940654989507
3.63465078252921
3.63989501516335
3.64513924780476
3.6503834804389
3.65562771307305
3.66087194570719
3.66611617834133
3.67136041098274
3.67660464361688
3.68184887625102
3.68709310888516
3.69233734151931
3.69758157415345
3.70282580679486
3.708070039429
3.71331427206314
3.71855850469728
3.72380273733143
3.72904696996557
3.73429120260698
3.73953543524112
3.74477966787526
3.7500239005094
3.75526813314355
3.76051236578496
3.7657565984191
3.77100083105324
3.77624506368738
3.78148929632152
3.78673352895566
3.79197776159708
3.79722199423122
3.80246622686536
3.8077104594995
3.81295469213364
3.81819892476778
3.8234431574092
3.82868739004334
3.83393162267748
3.83917585531162
3.84442008794576
3.8496643205799
3.85490855322132
3.86015278585546
3.8653970184896
3.87064125112374
3.87588548375788
3.8811297163993
3.88637394903344
3.89161818166758
3.89686241430172
3.90210664693586
3.90735087957
3.91259511221142
3.91783934484556
3.9230835774797
3.92832781011384
3.93357204274798
3.93881627538212
3.94406050802354
3.94930474065768
3.95454897329182
3.95979320592596
3.9650374385601
3.97028167120152
3.97552590383566
3.9807701364698
3.98601436910394
3.99125860173808
3.99650283437222
4.00174706701364
4.00699129964778
4.01223553228192
4.01747976491606
4.0227239975502
4.02796823018434
4.03321246282576
4.0384566954599
4.04370092809404
4.04894516072818
4.05418939336232
4.05943362600374
4.06467785863788
4.06992209127202
4.07516632390616
4.0804105565403
4.08565478917444
4.09089902181586
4.09614325445
4.10138748708414
4.10663171971828
4.11187595235242
4.11712018498656
4.12236441762798
4.12760865026212
4.13285288289626
4.1380971155304
4.14334134816454
4.14858558080596
4.1538298134401
4.15907404607424
4.16431827870838
4.16956251134252
4.17480674397666
4.18005097661808
4.18529520925222
4.19053944188636
4.1957836745205
4.20102790715464
4.20627213978878
4.2115163724302
4.21676060506434
4.22200483769848
4.22724907033262
4.23249330296676
4.2377375356009
4.24298176824232
4.24822600087646
4.2534702335106
4.25871446614474
4.26395869877888
4.2692029314203
4.27444716405444
4.27969139668858
4.28493562932272
4.29017986195686
4.295424094591
4.30066832723242
4.30591255986656
4.3111567925007
4.31640102513484
4.32164525776898
4.32688949040312
4.33213372304454
4.33737795567868
4.34262218831282
4.34786642094696
4.3531106535811
4.35835488622251
4.36359911885665
4.3688433514908
4.37408758412494
4.37933181675908
4.38457604939322
4.38982028203463
4.39506451466877
4.40030874730292
4.40555297993706
4.4107972125712
4.41604144520534
4.42128567784675
4.42652991048089
4.43177414311504
4.43701837574918
4.44226260838332
4.44750684102473
4.45275107365887
4.45799530629301
4.46323953892716
4.4684837715613
4.47372800419544
4.47897223683685
4.48421646947099
4.48946070210513
4.49470493473927
4.49994916737342
4.50519340000756
4.51043763264897
4.51568186528311
4.52092609791725
4.52617033055139
4.53141456318554
4.53665879582695
4.54190302846109
4.54714726109523
4.55239149372937
4.55763572636351
4.56287995899766
4.56812419163907
4.57336842427321
4.57861265690735
4.58385688954149
4.58910112217563
4.59434535480978
4.59958958745119
4.60483382008533
4.61007805271947
4.61532228535361
4.62056651798775
4.62581075062917
4.63105498326331
4.63629921589745
4.64154344853159
4.64678768116573
4.65203191379987
4.65727614644129
4.66252037907543
4.66776461170957
4.67300884434371
4.67825307697785
4.68349730961199
4.68874154225341
4.69398577488755
4.69923000752169
4.70447424015583
4.70971847278997
4.71496270542411
4.72020693806553
4.72545117069967
4.73069540333381
4.73593963596795
4.74118386860209
4.74642810124351
4.75167233387765
4.75691656651179
4.76216079914593
4.76740503178007
4.77264926441421
4.77789349705563
4.78313772968977
4.78838196232391
4.79362619495805
4.79887042759219
4.80411466022633
4.80935889286775
4.81460312550189
4.81984735813603
4.82509159077017
4.83033582340431
4.83558005604573
4.84082428867987
4.84606852131401
4.85131275394815
4.85655698658229
4.86180121921643
4.86704545185785
4.87228968449199
4.87753391712613
4.88277814976027
4.88802238239441
4.89326661502855
4.89851084766997
4.90375508030411
4.90899931293825
4.91424354557239
4.91948777820653
4.92473201084795
4.92997624348209
4.93522047611623
4.94046470875037
4.94570894138451
4.95095317401865
4.95619740666007
4.96144163929421
4.96668587192835
4.97193010456249
4.97717433719663
4.98241856983077
4.98766280247219
4.99290703510633
4.99815126774047
5.00339550037461
5.00863973300875
5.01388396565017
5.01912819828431
5.02437243091845
5.02961666355259
5.03486089618673
5.04010512882087
5.04534936146229
5.05059359409643
5.05583782673057
5.06108205936471
5.06632629199885
5.07157052463299
5.07681475727441
5.08205898990855
5.08730322254269
5.09254745517683
5.09779168781097
5.10303592044511
5.10828015308653
5.11352438572067
5.11876861835481
5.12401285098895
5.12925708362309
5.1345013162645
5.13974554889865
5.14498978153279
5.15023401416693
5.15547824680107
5.16072247943521
5.16596671207662
5.17121094471077
5.17645517734491
5.18169940997905
5.18694364261319
5.19218787524733
5.19743210788874
5.20267634052288
5.20792057315703
5.21316480579117
5.21840903842531
5.22365327106672
5.22889750370086
5.234141736335
5.23938596896915
5.24463020160329
5.24987443423743
5.25511866687884
5.26036289951298
5.26560713214712
5.27085136478127
5.27609559741541
5.28133983004955
5.28658406269096
5.2918282953251
5.29707252795924
5.30231676059338
5.30756099322753
5.31280522586894
5.31804945850308
5.32329369113722
5.32853792377136
5.3337821564055
5.33902638903965
5.34427062168106
5.3495148543152
5.35475908694934
5.36000331958348
5.36524755221762
5.37049178485177
5.37573601749318
5.38098025012732
5.38622448276146
5.3914687153956
5.39671294802974
5.40195718067116
5.4072014133053
5.41244564593944
5.41768987857358
5.42293411120772
5.42817834384186
5.43342257648328
5.43866680911742
5.44391104175156
5.4491552743857
5.45439950701984
5.45964373965398
5.4648879722954
5.47013220492954
5.47537643756368
5.48062067019782
5.48586490283196
5.4911091354661
5.49635336810752
5.50159760074166
5.5068418333758
5.51208606600994
5.51733029864408
5.5225745312855
5.52781876391964
5.53306299655378
5.53830722918792
5.54355146182206
5.5487956944562
5.55403992709762
5.55928415973176
5.5645283923659
5.56977262500004
5.57501685763418
5.58026109026832
5.58550532290974
5.59074955554388
5.59599378817802
5.60123802081216
5.6064822534463
5.61172648608772
5.61697071872186
5.622214951356
5.62745918399014
5.63270341662428
5.63794764925842
5.64319188189984
5.64843611453398
5.65368034716812
5.65892457980226
5.6641688124364
5.66941304507054
5.67465727771196
5.6799015103461
5.68514574298024
5.69038997561438
5.69563420824852
5.70087844088994
5.70612267352408
5.71136690615822
5.71661113879236
5.7218553714265
5.72709960406064
5.73234383670206
5.7375880693362
5.74283230197034
5.74807653460448
5.75332076723862
5.75856499987276
5.76380923251418
5.76905346514832
5.77429769778246
5.7795419304166
5.78478616305074
5.79003039569216
5.7952746283263
5.80051886096044
5.80576309359458
5.81100732622872
5.81625155886286
5.82149579150428
5.82674002413842
5.83198425677256
5.8372284894067
5.84247272204084
5.84771695467498
5.8529611873164
5.85820541995054
5.86344965258468
5.86869388521882
5.87393811785296
5.8791823504871
5.88442658312852
5.88967081576266
5.8949150483968
5.90015928103094
5.90540351366508
5.91064774630649
5.91589197894064
5.92113621157478
5.92638044420892
5.93162467684306
5.9368689094772
5.94211314211861
5.94735737475276
5.9526016073869
5.95784584002104
5.96309007265518
5.96833430528932
5.97357853793073
5.97882277056488
5.98406700319902
5.98931123583316
5.9945554684673
5.99979970110871
6.00504393374285
6.01028816637699
6.01553239901114
6.02077663164528
6.02602086427942
6.03126509692083
6.03650932955497
6.04175356218911
6.04699779482326
6.0522420274574
6.05748626009154
6.06273049273295
6.06797472536709
6.07321895800123
6.07846319063538
6.08370742326952
6.08895165591093
6.09419588854507
6.09944012117921
6.10468435381335
6.1099285864475
6.11517281908164
6.12041705172305
6.12566128435719
6.13090551699133
6.13614974962547
6.14139398225961
6.14663821489376
6.15188244753517
6.15712668016931
6.16237091280345
6.16761514543759
6.17285937807173
6.17810361071315
6.18334784334729
6.18859207598143
6.19383630861557
6.19908054124971
6.20432477388385
6.20956900652527
6.21481323915941
6.22005747179355
6.22530170442769
6.23054593706183
6.23579016969597
6.24103440233739
6.24627863497153
6.25152286760567
6.25676710023981
6.26201133287395
6.26725556550809
6.27249979814951
6.27774403078365
6.28298826341779
6.28823249605193
6.29347672868607
6.29872096132749
6.30396519396163
6.30920942659577
6.31445365922991
6.31969789186405
6.32494212449819
6.33018635713961
6.33543058977375
6.34067482240789
6.34591905504203
6.35116328767617
6.35640752031031
6.36165175295173
6.36689598558587
6.37214021822001
6.37738445085415
6.38262868348829
6.38787291612971
6.39311714876385
6.39836138139799
6.40360561403213
6.40884984666627
6.41409407930041
6.41933831194183
6.42458254457597
6.42982677721011
6.43507100984425
6.44031524247839
6.44555947511253
6.45080370775395
6.45604794038809
6.46129217302223
6.46653640565637
6.47178063829051
6.47702487093193
6.48226910356607
6.48751333620021
6.49275756883435
6.49800180146849
6.50324603410263
6.50849026674405
6.51373449937819
6.51897873201233
6.52422296464647
6.52946719728061
6.53471142991475
6.53995566255617
6.54519989519031
6.55044412782445
6.55568836045859
6.56093259309273
6.56617682573415
6.57142105836829
6.57666529100243
6.58190952363657
6.58715375627071
6.59239798890485
6.59764222154627
6.60288645418041
6.60813068681455
6.61337491944869
6.61861915208283
6.62386338471697
6.62910761735839
6.63435184999253
6.63959608262667
6.64484031526081
6.65008454789495
6.65532878053637
6.66057301317051
6.66581724580465
6.67106147843879
6.67630571107293
6.68154994370707
6.68679417634849
6.69203840898263
6.69728264161677
6.70252687425091
6.70777110688505
6.71301533951919
6.7182595721606
6.72350380479475
6.72874803742889
6.73399227006303
6.73923650269717
6.74448073533131
6.74972496797272
6.75496920060687
6.76021343324101
6.76545766587515
6.77070189850929
6.7759461311507
6.78119036378484
6.78643459641899
6.79167882905313
6.79692306168727
6.80216729432141
6.80741152696282
6.81265575959696
6.8178999922311
6.82314422486525
6.82838845749939
6.83363269013353
6.83887692277494
6.84412115540908
6.84936538804322
6.85460962067737
6.85985385331151
6.86509808595292
6.87034231858706
6.8755865512212
6.88083078385534
6.88607501648949
6.89131924912363
6.89656348176504
6.90180771439918
6.90705194703332
6.91229617966746
6.91754041230161
6.92278464493575
6.92802887757716
6.9332731102113
6.93851734284544
6.94376157547958
6.94900580811372
6.95425004075514
6.95949427338928
6.96473850602342
6.96998273865756
6.9752269712917
6.98047120392584
6.98571543656726
6.9909596692014
6.99620390183554
7.00144813446968
7.00669236710382
7.01193659973796
7.01718083237938
7.02242506501352
7.02766929764766
7.0329135302818
7.03815776291594
7.04340199555736
7.0486462281915
7.05389046082564
7.05913469345978
7.06437892609392
7.06962315872806
7.07486739136948
7.08011162400362
7.08535585663776
7.0906000892719
7.09584432190604
7.10108855454018
7.1063327871816
7.11157701981574
7.11682125244988
7.12206548508402
7.12730971771816
7.1325539503523
7.13779818299372
7.14304241562786
7.148286648262
7.15353088089614
7.15877511353028
7.1640193461717
7.16926357880584
7.17450781143998
7.17975204407412
7.18499627670826
7.1902405093424
7.19548474198382
7.20072897461796
7.2059732072521
7.21121743988624
7.21646167252038
7.22170590515452
7.22695013779594
7.23219437043008
7.23743860306422
7.24268283569836
7.2479270683325
7.25317130097392
7.25841553360806
7.2636597662422
7.26890399887634
7.27414823151048
7.27939246414462
7.28463669678604
7.28988092942018
7.29512516205432
7.30036939468846
7.3056136273226
7.31085785995674
7.31610209259816
7.3213463252323
7.32659055786644
7.33183479050058
7.33707902313472
7.34232325577614
7.34756748841028
7.35281172104442
7.35805595367856
7.3633001863127
7.36854441894684
7.37378865158826
7.3790328842224
7.38427711685654
7.38952134949068
7.39476558212482
7.40000981475896
7.40525404740038
7.41049828003452
7.41574251266866
7.4209867453028
7.42623097793694
7.43147521057836
7.4367194432125
7.44196367584664
7.44720790848078
7.45245214111492
7.45769637374906
7.46294060639048
7.46818483902462
7.47342907165876
7.4786733042929
7.48391753692704
7.48916176956118
7.4944060022026
7.49965023483674
7.50489446747088
7.51013870010502
7.51538293273916
7.5206271653733
7.52587139801471
7.53111563064886
7.536359863283
7.54160409591714
7.54684832855128
7.55209256119269
7.55733679382683
7.56258102646098
7.56782525909512
7.57306949172926
7.5783137243634
7.58355795700481
7.58880218963895
7.5940464222731
7.59929065490724
7.60453488754138
7.60977912017552
7.61502335281693
7.62026758545107
7.62551181808522
7.63075605071936
7.6360002833535
7.64124451599491
7.64648874862905
7.65173298126319
7.65697721389733
7.66222144653148
7.66746567916562
7.67270991180703
7.67795414444117
7.68319837707531
7.68844260970945
7.6936868423436
7.69893107497774
7.70417530761915
7.70941954025329
7.71466377288743
7.71990800552157
7.72515223815572
7.73039647079713
7.73564070343127
7.74088493606541
7.74612916869955
7.75137340133369
7.75661763396783
7.76186186660925
7.76710609924339
7.77235033187753
7.77759456451167
7.78283879714581
7.78808302977995
7.79332726242137
7.79857149505551
7.80381572768965
7.80905996032379
7.81430419295793
7.81954842559935
7.82479265823349
7.83003689086763
7.83528112350177
7.84052535613591
7.84576958877005
7.85101382141147
7.85625805404561
7.86150228667975
7.86674651931389
7.87199075194803
7.87723498458217
7.88247921722359
7.88772344985773
7.89296768249187
7.89821191512601
7.90345614776015
7.90870038039429
7.91394461303571
7.91918884566985
7.92443307830399
7.92967731093813
7.93492154357227
7.94016577621369
7.94541000884783
7.95065424148197
7.95589847411611
7.96114270675025
7.96638693938439
7.97163117202581
7.97687540465995
7.98211963729409
7.98736386992823
7.99260810256237
7.99785233519651
8.00309656783793
8.00834080047207
8.01358503310621
8.01882926574035
8.02407349837449
8.02931773101591
8.03456196365005
8.03980619628419
8.04505042891833
8.05029466155247
8.05553889418661
8.06078312682803
8.06602735946217
8.07127159209631
8.07651582473045
8.08176005736459
8.08700428999873
8.09224852264015
8.09749275527429
8.10273698790843
8.10798122054257
8.11322545317671
8.11846968581813
8.12371391845227
8.12895815108641
8.13420238372055
8.13944661635469
8.14469084898883
8.14993508163025
8.15517931426439
8.16042354689853
8.16566777953267
8.17091201216681
8.17615624480095
8.18140047744237
8.18664471007651
8.19188894271065
8.19713317534479
8.20237740797893
8.20762164062035
8.21286587325449
8.21811010588863
8.22335433852277
8.22859857115691
8.23384280379105
8.23908703643247
8.24433126906661
8.24957550170075
8.25481973433489
8.26006396696903
8.26530819960317
8.27055243224459
8.27579666487873
8.28104089751287
8.28628513014701
8.29152936278115
8.29677359541529
8.30201782805671
8.30726206069085
8.31250629332499
8.31775052595913
8.32299475859327
8.32823899123468
8.33348322386883
8.33872745650297
8.34397168913711
8.34921592177125
8.35446015440539
8.3597043870468
8.36494861968094
8.37019285231509
8.37543708494923
8.38068131758337
8.38592555021751
8.39116978285892
8.39641401549306
8.40165824812721
8.40690248076135
8.41214671339549
8.4173909460369
8.42263517867104
8.42787941130518
8.43312364393933
8.43836787657347
8.44361210920761
8.44885634184902
8.45410057448316
8.4593448071173
8.46458903975144
8.46983327238559
8.47507750501973
8.48032173766114
8.48556597029528
8.49081020292942
8.49605443556356
8.50129866819771
8.50654290083912
8.51178713347326
8.5170313661074
8.52227559874154
8.52751983137568
8.53276406400983
8.53800829665124
8.54325252928538
8.54849676191952
8.55374099455366
8.5589852271878
8.56422945982195
8.56947369246336
8.5747179250975
8.57996215773164
8.58520639036578
8.59045062299992
8.59569485564134
8.60093908827548
8.60618332090962
8.61142755354376
8.6166717861779
8.62191601881204
8.62716025145346
8.6324044840876
8.63764871672174
8.64289294935588
8.64813718199002
8.65338141462416
8.65862564726558
8.66386987989972
8.66911411253386
8.674358345168
8.67960257780214
8.68484681044356
8.6900910430777
8.69533527571184
8.70057950834598
8.70582374098012
8.71106797361426
8.71631220625568
8.72155643888982
8.72680067152396
8.7320449041581
8.73728913679224
8.74253336942638
8.7477776020678
8.75302183470194
8.75826606733608
8.76351029997022
8.76875453260436
8.7739987652385
8.77924299787992
8.78448723051406
8.7897314631482
8.79497569578234
8.80021992841648
8.8054641610579
8.81070839369204
8.81595262632618
8.82119685896032
8.82644109159446
8.8316853242286
8.83692955687002
8.84217378950416
8.8474180221383
8.85266225477244
8.85790648740658
8.86315072004072
8.86839495268214
8.87363918531628
8.87888341795042
8.88412765058456
8.8893718832187
8.89461611586012
8.89986034849426
8.9051045811284
8.91034881376254
8.91559304639668
8.92083727903082
8.92608151167224
8.93132574430638
8.93656997694052
8.94181420957466
8.9470584422088
8.95230267484294
8.95754690748436
8.9627911401185
8.96803537275264
8.97327960538678
8.97852383802092
8.98376807066234
8.98901230329648
8.99425653593062
8.99950076856476
9.0047450011989
9.00998923383304
9.01523346647446
9.0204776991086
9.02572193174274
9.03096616437688
9.03621039701102
9.04145462964516
9.04669886228658
9.05194309492072
9.05718732755486
9.062431560189
9.06767579282314
9.07292002546455
9.0781642580987
9.08340849073284
9.08865272336698
9.09389695600112
9.09914118863526
9.10438542127667
9.10962965391082
9.11487388654496
9.1201181191791
9.12536235181324
9.13060658444738
9.13585081708879
9.14109504972294
9.14633928235708
9.15158351499122
9.15682774762536
9.1620719802595
9.16731621290091
9.17256044553505
9.1778046781692
9.18304891080334
9.18829314343748
9.19353737607889
9.19878160871303
9.20402584134717
9.20927007398132
9.21451430661546
9.2197585392496
9.22500277189101
9.23024700452515
9.23549123715929
9.24073546979344
9.24597970242758
9.25122393506172
9.25646816770313
9.26171240033727
9.26695663297141
9.27220086560556
9.2774450982397
9.28268933088111
9.28793356351525
9.29317779614939
9.29842202878353
9.30366626141767
9.30891049405182
9.31415472669323
9.31939895932737
9.32464319196151
9.32988742459565
9.33513165722979
9.34037588986394
9.34562012250535
9.35086435513949
9.35610858777363
9.36135282040777
9.36659705304191
9.37184128568333
9.37708551831747
9.38232975095161
9.38757398358575
9.39281821621989
9.39806244885403
9.40330668149545
9.40855091412959
9.41379514676373
9.41903937939787
9.42428361203201
9.42952784466615
9.43477207730757
9.44001630994171
9.44526054257585
9.45050477520999
9.45574900784413
9.46099324048555
9.46623747311969
9.47148170575383
9.47672593838797
9.48197017102211
9.48721440365625
9.49245863629767
9.49770286893181
9.50294710156595
9.50819133420009
9.51343556683423
9.51867979946837
9.52392403210979
9.52916826474393
9.53441249737807
9.53965673001221
9.54490096264635
9.55014519528049
9.55538942792191
9.56063366055605
9.56587789319019
9.57112212582433
9.57636635845847
9.58161059109989
9.58685482373403
9.59209905636817
9.59734328900231
9.60258752163645
9.60783175427059
9.61307598691201
9.61832021954615
9.62356445218029
9.62880868481443
9.63405291744857
9.63929715008271
9.64454138272413
9.64978561535827
9.65502984799241
9.66027408062655
9.66551831326069
9.67076254590211
9.67600677853625
9.68125101117039
9.68649524380453
9.69173947643867
9.69698370907281
9.70222794171423
9.70747217434837
9.71271640698251
9.71796063961665
9.72320487225079
9.72844910488493
9.73369333752635
9.73893757016049
9.74418180279463
9.74942603542877
9.75467026806291
9.75991450070433
9.76515873333847
9.77040296597261
9.77564719860675
9.78089143124089
9.78613566387503
9.79137989651645
9.79662412915059
9.80186836178473
9.80711259441887
9.81235682705301
9.81760105968715
9.82284529232857
9.82808952496271
9.83333375759685
9.83857799023099
9.84382222286513
9.84906645550655
9.85431068814069
9.85955492077483
9.86479915340897
9.87004338604311
9.87528761867725
9.88053185131866
9.88577608395281
9.89102031658695
9.89626454922109
9.90150878185523
9.90675301448937
9.91199724713078
9.91724147976493
9.92248571239907
9.92772994503321
9.93297417766735
9.93821841030149
9.9434626429429
9.94870687557705
9.95395110821119
9.95919534084533
9.96443957347947
9.96968380612088
9.97492803875502
9.98017227138916
9.98541650402331
9.99066073665745
9.99590496929159
10.001149201933
10.0063934345671
10.0116376672013
10.0168818998354
10.0221261324696
10.0273703651037
10.0326145977451
10.0378588303793
10.0431030630134
10.0483472956475
10.0535915282817
10.0588357609231
10.0640799935572
10.0693242261914
10.0745684588255
10.0798126914597
10.0850569240938
10.0903011567352
10.0955453893694
10.1007896220035
10.1060338546376
10.1112780872718
10.1165223199059
10.1217665525473
10.1270107851815
10.1322550178156
10.1374992504498
10.1427434830839
10.1479877157253
10.1532319483595
10.1584761809936
10.1637204136277
10.1689646462619
10.174208878896
10.1794531115374
10.1846973441716
10.1899415768057
10.1951858094399
10.200430042074
10.2056742747081
10.2109185073496
10.2161627399837
10.2214069726178
10.226651205252
10.2318954378861
10.2371396705275
10.2423839031617
10.2476281357958
10.25287236843
10.2581166010641
10.2633608336982
10.2686050663397
10.2738492989738
10.2790935316079
10.2843377642421
10.2895819968762
10.2948262295104
10.3000704621518
10.3053146947859
10.3105589274201
10.3158031600542
10.3210473926883
10.3262916253225
10.3315358579639
10.336780090598
10.3420243232322
10.3472685558663
10.3525127885005
10.3577570211419
10.363001253776
10.3682454864102
10.3734897190443
10.3787339516784
10.3839781843126
10.389222416954
10.3944666495881
10.3997108822223
10.4049551148564
10.4101993474906
10.4154435801247
10.4206878127661
10.4259320454003
10.4311762780344
10.4364205106685
10.4416647433027
10.4469089759441
10.4521532085782
10.4573974412124
10.4626416738465
10.4678859064807
10.4731301391148
10.4783743717562
10.4836186043904
10.4888628370245
10.4941070696586
10.4993513022928
10.5045955349269
10.5098397675683
10.5150840002025
10.5203282328366
10.5255724654708
10.5308166981049
10.5360609307463
10.5413051633805
10.5465493960146
10.5517936286487
10.5570378612829
10.562282093917
10.5675263265584
10.5727705591926
10.5780147918267
10.5832590244609
10.588503257095
10.5937474897291
10.5989917223706
10.6042359550047
10.6094801876388
10.614724420273
10.6199686529071
10.6252128855485
10.6304571181827
10.6357013508168
10.640945583451
10.6461898160851
10.6514340487192
10.6566782813607
10.6619225139948
10.6671667466289
10.6724109792631
10.6776552118972
10.6828994445314
10.6881436771728
10.6933879098069
10.6986321424411
10.7038763750752
10.7091206077093
10.7143648403508
10.7196090729849
10.724853305619
10.7300975382532
10.7353417708873
10.7405860035215
10.7458302361629
10.751074468797
10.7563187014312
10.7615629340653
10.7668071666994
10.7720513993336
10.777295631975
10.7825398646091
10.7877840972433
10.7930283298774
10.7982725625116
10.8035167951457
10.8087610277871
10.8140052604213
10.8192494930554
10.8244937256895
10.8297379583237
10.8349821909651
10.8402264235992
10.8454706562334
10.8507148888675
10.8559591215017
10.8612033541358
10.8664475867772
10.8716918194114
10.8769360520455
10.8821802846796
10.8874245173138
10.8926687499479
10.8979129825893
10.9031572152235
10.9084014478576
10.9136456804918
10.9188899131259
10.9241341457673
10.9293783784015
10.9346226110356
10.9398668436697
10.9451110763039
10.950355308938
10.9555995415794
10.9608437742136
10.9660880068477
10.9713322394819
10.976576472116
10.9818207047501
10.9870649373916
10.9923091700257
10.9975534026598
11.002797635294
11.0080418679281
11.0132861005695
11.0185303332037
11.0237745658378
11.029018798472
11.0342630311061
11.0395072637402
11.0447514963817
11.0499957290158
11.0552399616499
11.0604841942841
11.0657284269182
11.0709726595524
11.0762168921938
11.0814611248279
11.0867053574621
11.0919495900962
11.0971938227303
11.1024380553717
11.1076822880059
11.11292652064
11.1181707532742
11.1234149859083
11.1286592185425
11.1339034511839
11.139147683818
11.1443919164522
11.1496361490863
11.1548803817204
11.1601246143546
11.165368846996
11.1706130796301
11.1758573122643
11.1811015448984
11.1863457775326
11.1915900101667
11.1968342428081
11.2020784754422
11.2073227080764
11.2125669407105
11.2178111733447
11.2230554059861
11.2282996386202
11.2335438712544
11.2387881038885
11.2440323365227
11.2492765691568
11.2545208017982
11.2597650344323
11.2650092670665
11.2702534997006
11.2754977323348
11.2807419649689
11.2859861976103
11.2912304302445
11.2964746628786
11.3017188955127
11.3069631281469
11.3122073607883
11.3174515934224
11.3226958260566
11.3279400586907
11.3331842913249
11.338428523959
11.3436727566004
11.3489169892346
11.3541612218687
11.3594054545028
11.364649687137
11.3698939197711
11.3751381524125
11.3803823850467
11.3856266176808
11.390870850315
11.3961150829491
11.4013593155905
11.4066035482247
11.4118477808588
11.4170920134929
11.4223362461271
11.4275804787612
11.4328247114026
11.4380689440368
11.4433131766709
11.4485574093051
11.4538016419392
11.4590458745733
11.4642901072148
11.4695343398489
11.474778572483
11.4800228051172
11.4852670377513
11.4905112703927
11.4957555030269
11.500999735661
11.5062439682952
11.5114882009293
11.5167324335634
11.5219766662049
11.527220898839
11.5324651314731
11.5377093641073
11.5429535967414
11.5481978293756
11.553442062017
11.5586862946511
11.5639305272853
11.5691747599194
11.5744189925535
11.5796632251877
11.5849074578291
11.5901516904632
11.5953959230974
11.6006401557315
11.6058843883657
11.6111286210071
11.6163728536412
11.6216170862754
11.6268613189095
11.6321055515436
11.6373497841778
11.6425940168192
11.6478382494533
11.6530824820875
11.6583267147216
11.6635709473558
11.6688151799899
11.6740594126313
11.6793036452655
11.6845478778996
11.6897921105337
11.6950363431679
11.7002805758093
11.7055248084434
11.7107690410776
11.7160132737117
11.7212575063459
11.72650173898
11.7317459716214
11.7369902042556
11.7422344368897
11.7474786695238
11.752722902158
11.7579671347921
11.7632113674335
11.7684556000677
11.7736998327018
11.778944065336
11.7841882979701
11.7894325306115
11.7946767632457
11.7999209958798
11.8051652285139
11.8104094611481
11.8156536937822
11.8208979264236
11.8261421590578
11.8313863916919
11.8366306243261
11.8418748569602
11.8471190895943
11.8523633222358
11.8576075548699
11.862851787504
11.8680960201382
11.8733402527723
11.8785844854137
11.8838287180479
11.889072950682
11.8943171833162
11.8995614159503
11.9048056485844
11.9100498812259
11.91529411386
11.9205383464941
11.9257825791283
11.9310268117624
11.9362710443966
11.941515277038
11.9467595096721
11.9520037423063
11.9572479749404
11.9624922075745
11.9677364402087
11.9729806728501
11.9782249054842
11.9834691381184
11.9887133707525
11.9939576033867
11.9992018360281
12.0044460686622
12.0096903012964
12.0149345339305
12.0201787665646
12.0254229991988
12.0306672318402
12.0359114644743
12.0411556971085
12.0463999297426
12.0516441623768
12.0568883950109
12.0621326276523
12.0673768602865
12.0726210929206
12.0778653255547
12.0831095581889
12.0883537908303
12.0935980234644
12.0988422560986
12.1040864887327
12.1093307213669
12.114574954001
12.1198191866424
12.1250634192766
12.1303076519107
12.1355518845448
12.140796117179
12.1460403498131
12.1512845824545
12.1565288150887
12.1617730477228
12.167017280357
12.1722615129911
12.1775057456325
12.1827499782667
12.1879942109008
12.1932384435349
12.1984826761691
12.2037269088032
12.2089711414446
12.2142153740788
12.2194596067129
12.2247038393471
12.2299480719812
12.2351923046153
12.2404365372568
12.2456807698909
12.250925002525
12.2561692351592
12.2614134677933
12.2666577004347
12.2719019330689
12.277146165703
12.2823903983372
12.2876346309713
12.2928788636054
12.2981230962469
12.303367328881
12.3086115615151
12.3138557941493
12.3191000267834
12.3243442594176
12.329588492059
12.3348327246931
12.3400769573273
12.3453211899614
12.3505654225955
12.3558096552297
12.3610538878711
12.3662981205052
12.3715423531394
12.3767865857735
12.3820308184077
12.3872750510491
12.3925192836832
12.3977635163174
12.4030077489515
12.4082519815856
12.4134962142198
12.4187404468612
12.4239846794953
12.4292289121295
12.4344731447636
12.4397173773978
12.4449616100319
12.4502058426733
12.4554500753075
12.4606943079416
12.4659385405757
12.4711827732099
12.4764270058513
12.4816712384854
12.4869154711196
12.4921597037537
12.4974039363879
12.502648169022
12.5078924016634
12.5131366342976
12.5183808669317
12.5236250995658
12.5288693322
12.5341135648341
12.5393577974755
12.5446020301097
12.5498462627438
12.555090495378
12.5603347280121
12.5655789606535
12.5708231932877
12.5760674259218
12.5813116585559
12.5865558911901
12.5918001238242
12.5970443564656
12.6022885890998
12.6075328217339
12.6127770543681
12.6180212870022
12.6232655196363
12.6285097522778
12.6337539849119
12.638998217546
12.6442424501802
12.6494866828143
12.6547309154557
12.6599751480899
12.665219380724
12.6704636133582
12.6757078459923
12.6809520786264
12.6861963112678
12.691440543902
12.6966847765361
12.7019290091703
12.7071732418044
12.7124174744386
12.71766170708
12.7229059397141
12.7281501723483
12.7333944049824
12.7386386376165
12.7438828702579
12.7491271028921
12.7543713355262
12.7596155681604
12.7648598007945
12.7701040334287
12.7753482660701
12.7805924987042
12.7858367313383
12.7910809639725
12.7963251966066
12.8015694292408
12.8068136618822
12.8120578945163
12.8173021271505
12.8225463597846
12.8277905924188
12.8330348250529
12.8382790576943
12.8435232903284
12.8487675229626
12.8540117555967
12.8592559882309
12.8645002208723
12.8697444535064
12.8749886861406
12.8802329187747
12.8854771514088
12.890721384043
12.8959656166844
12.9012098493185
12.9064540819527
12.9116983145868
12.916942547221
12.9221867798551
12.9274310124965
12.9326752451307
12.9379194777648
12.9431637103989
12.9484079430331
12.9536521756745
12.9588964083086
12.9641406409428
12.9693848735769
12.9746291062111
12.9798733388452
12.9851175714866
12.9903618041208
12.9956060367549
13.000850269389
13.0060945020232
13.0113387346573
13.0165829672987
13.0218271999329
13.027071432567
13.0323156652012
13.0375598978353
13.0428041304767
13.0480483631109
13.053292595745
13.0585368283791
13.0637810610133
13.0690252936474
13.0742695262888
13.079513758923
13.0847579915571
13.0900022241913
13.0952464568254
13.1004906894595
13.105734922101
13.1109791547351
13.1162233873692
13.1214676200034
13.1267118526375
13.1319560852789
13.1372003179131
13.1424445505472
13.1476887831814
13.1529330158155
13.1581772484496
13.1634214810911
13.1686657137252
13.1739099463593
13.1791541789935
13.1843984116276
13.1896426442618
13.1948868769032
13.2001311095373
13.2053753421715
13.2106195748056
13.2158638074397
13.2211080400739
13.2263522727153
13.2315965053494
13.2368407379836
13.2420849706177
13.2473292032519
13.2525734358933
13.2578176685274
13.2630619011616
13.2683061337957
13.2735503664298
13.278794599064
13.2840388317054
13.2892830643395
13.2945272969737
13.2997715296078
13.305015762242
13.3102599948761
13.3155042275175
13.3207484601517
13.3259926927858
13.3312369254199
13.3364811580541
13.3417253906955
13.3469696233296
13.3522138559638
13.3574580885979
13.3627023212321
13.3679465538662
13.3731907865076
13.3784350191418
13.3836792517759
13.38892348441
13.3941677170442
13.3994119496783
13.4046561823197
13.4099004149539
13.415144647588
13.4203888802222
13.4256331128563
13.4308773454977
13.4361215781319
13.441365810766
13.4466100434001
13.4518542760343
13.4570985086684
13.4623427413098
13.467586973944
13.4728312065781
13.4780754392123
13.4833196718464
13.4885639044805
13.493808137122
13.4990523697561
13.5042966023902
13.5095408350244
13.5147850676585
13.5200293002999
13.5252735329341
13.5305177655682
13.5357619982024
13.5410062308365
13.5462504634706
13.5514946961121
13.5567389287462
13.5619831613803
13.5672273940145
13.5724716266486
13.5777158592828
13.5829600919242
13.5882043245583
13.5934485571925
13.5986927898266
13.6039370224607
13.6091812550949
13.6144254877363
13.6196697203704
13.6249139530046
13.6301581856387
13.6354024182729
13.6406466509143
13.6458908835484
13.6511351161826
13.6563793488167
13.6616235814508
13.666867814085
13.6721120467264
13.6773562793605
13.6826005119947
13.6878447446288
13.693088977263
13.6983332098971
13.7035774425385
13.7088216751727
13.7140659078068
13.7193101404409
13.7245543730751
13.7297986057165
13.7350428383506
13.7402870709848
13.7455313036189
13.7507755362531
13.7560197688872
13.7612640015286
13.7665082341628
13.7717524667969
13.776996699431
13.7822409320652
13.7874851646993
13.7927293973407
13.7979736299749
13.803217862609
13.8084620952432
13.8137063278773
13.8189505605187
13.8241947931529
13.829439025787
13.8346832584211
13.8399274910553
13.8451717236894
13.8504159563308
13.855660188965
13.8609044215991
13.8661486542333
13.8713928868674
13.8766371195015
13.881881352143
13.8871255847771
13.8923698174112
13.8976140500454
13.9028582826795
13.9081025153209
13.9133467479551
13.9185909805892
13.9238352132234
13.9290794458575
13.9343236784916
13.9395679111331
13.9448121437672
13.9500563764013
13.9553006090355
13.9605448416696
13.9657890743038
13.9710333069452
13.9762775395793
13.9815217722135
13.9867660048476
13.9920102374817
13.9972544701159
14.0024987027573
14.0077429353914
14.0129871680256
14.0182314006597
14.0234756332939
14.0287198659353
14.0339640985694
14.0392083312036
14.0444525638377
14.0496967964718
14.054941029106
14.0601852617474
14.0654294943815
14.0706737270157
14.0759179596498
14.081162192284
14.0864064249181
14.0916506575595
14.0968948901937
14.1021391228278
14.1073833554619
14.1126275880961
14.1178718207375
14.1231160533716
14.1283602860058
14.1336045186399
14.1388487512741
14.1440929839082
14.1493372165496
14.1545814491838
14.1598256818179
14.165069914452
14.1703141470862
14.1755583797203
14.1808026123617
14.1860468449959
14.19129107763
14.1965353102642
14.2017795428983
14.2070237755397
14.2122680081739
14.217512240808
14.2227564734421
14.2280007060763
14.2332449387104
14.2384891713518
14.243733403986
14.2489776366201
14.2542218692543
14.2594661018884
14.2647103345225
14.2699545671639
14.2751987997981
14.2804430324322
14.2856872650664
14.2909314977005
14.2961757303419
14.3014199629761
14.3066641956102
14.3119084282444
14.3171526608785
14.3223968935126
14.327641126154
14.3328853587882
14.3381295914223
14.3433738240565
14.3486180566906
14.3538622893248
14.3591065219662
14.3643507546003
14.3695949872344
14.3748392198686
14.3800834525027
14.3853276851369
14.3905719177783
14.3958161504124
14.4010603830466
14.4063046156807
14.4115488483149
14.4167930809563
14.4220373135904
14.4272815462245
14.4325257788587
14.4377700114928
14.443014244127
14.4482584767684
14.4535027094025
14.4587469420367
14.4639911746708
14.469235407305
14.4744796399391
14.4797238725805
14.4849681052146
14.4902123378488
14.4954565704829
14.5007008031171
14.5059450357585
14.5111892683926
14.5164335010268
14.5216777336609
14.526921966295
14.5321661989292
14.5374104315706
14.5426546642047
14.5478988968389
14.553143129473
14.5583873621072
14.5636315947413
14.5688758273827
14.5741200600169
14.579364292651
14.5846085252851
14.5898527579193
14.5950969905607
14.6003412231948
14.605585455829
14.6108296884631
14.6160739210973
14.6213181537314
14.6265623863728
14.631806619007
14.6370508516411
14.6422950842752
14.6475393169094
14.6527835495435
14.6580277821849
14.6632720148191
14.6685162474532
14.6737604800874
14.6790047127215
14.6842489453629
14.6894931779971
14.6947374106312
14.6999816432653
14.7052258758995
14.7104701085336
14.715714341175
14.7209585738092
14.7262028064433
14.7314470390775
14.7366912717116
14.7419355043457
14.7471797369872
14.7524239696213
14.7576682022554
14.7629124348896
14.7681566675237
14.7734009001651
14.7786451327993
14.7838893654334
14.7891335980676
14.7943778307017
14.7996220633358
14.8048662959773
14.8101105286114
14.8153547612455
14.8205989938797
14.8258432265138
14.831087459148
14.8363316917894
14.8415759244235
14.8468201570577
14.8520643896918
14.8573086223259
14.8625528549601
14.8677970876015
14.8730413202356
14.8782855528698
14.8835297855039
14.8887740181381
14.8940182507795
14.8992624834136
14.9045067160478
14.9097509486819
14.914995181316
14.9202394139502
14.9254836465916
14.9307278792257
14.9359721118599
14.941216344494
14.9464605771282
14.9517048097623
14.9569490424037
14.9621932750379
14.967437507672
14.9726817403061
14.9779259729403
14.9831702055817
14.9884144382158
14.99365867085
14.9989029034841
15.0041471361183
15.0093913687524
15.0146356013938
15.019879834028
15.0251240666621
15.0303682992962
15.0356125319304
15.0408567645645
15.0461009972059
15.0513452298401
15.0565894624742
15.0618336951084
15.0670779277425
15.0723221603839
15.0775663930181
15.0828106256522
15.0880548582863
15.0932990909205
15.0985433235546
15.103787556196
15.1090317888302
15.1142760214643
15.1195202540985
15.1247644867326
15.1300087193667
15.1352529520082
15.1404971846423
15.1457414172764
15.1509856499106
15.1562298825447
15.1614741151861
15.1667183478203
15.1719625804544
15.1772068130886
15.1824510457227
15.1876952783568
15.1929395109983
15.1981837436324
15.2034279762665
15.2086722089007
15.2139164415348
15.219160674169
15.2244049068104
15.2296491394445
15.2348933720787
15.2401376047128
15.2453818373469
15.2506260699811
15.2558703026225
15.2611145352566
15.2663587678908
15.2716030005249
15.2768472331591
15.2820914658005
15.2873356984346
15.2925799310688
15.2978241637029
15.303068396337
15.3083126289712
15.3135568616126
15.3188010942467
15.3240453268809
15.329289559515
15.3345337921492
15.3397780247833
15.3450222574247
15.3502664900589
15.355510722693
15.3607549553271
15.3659991879613
15.3712434206027
15.3764876532368
15.381731885871
15.3869761185051
15.3922203511393
15.3974645837734
15.4027088164148
15.407953049049
15.4131972816831
15.4184415143172
15.4236857469514
15.4289299795855
15.4341742122269
15.4394184448611
15.4446626774952
15.4499069101294
15.4551511427635
15.4603953754049
15.4656396080391
15.4708838406732
15.4761280733073
15.4813723059415
15.4866165385756
15.491860771217
15.4971050038512
15.5023492364853
15.5075934691195
15.5128377017536
15.5180819343877
15.5233261670292
15.5285703996633
15.5338146322974
15.5390588649316
15.5443030975657
15.5495473302071
15.5547915628413
15.5600357954754
15.5652800281096
15.5705242607437
15.5757684933778
15.5810127260193
15.5862569586534
15.5915011912875
15.5967454239217
15.6019896565558
15.60723388919
15.6124781218314
15.6177223544655
15.6229665870997
15.6282108197338
15.6334550523679
15.6386992850021
15.6439435176435
15.6491877502776
15.6544319829118
15.6596762155459
15.6649204481801
15.6701646808215
15.6754089134556
15.6806531460898
15.6858973787239
15.691141611358
15.6963858439922
15.7016300766336
15.7068743092677
15.7121185419019
15.717362774536
15.7226070071702
15.7278512398043
15.7330954724457
15.7383397050799
15.743583937714
15.7488281703481
15.7540724029823
15.7593166356237
15.7645608682578
15.769805100892
15.7750493335261
15.7802935661603
15.7855377987944
15.7907820314358
15.79602626407
15.8012704967041
15.8065147293382
15.8117589619724
15.8170031946065
15.8222474272479
15.8274916598821
15.8327358925162
15.8379801251504
15.8432243577845
15.8484685904259
15.8537128230601
15.8589570556942
15.8642012883283
15.8694455209625
15.8746897535966
15.879933986238
15.8851782188722
15.8904224515063
15.8956666841405
15.9009109167746
15.9061551494087
15.9113993820501
15.9166436146843
15.9218878473184
15.9271320799526
15.9323763125867
15.9376205452281
15.9428647778623
15.9481090104964
15.9533532431306
15.9585974757647
15.9638417083988
15.9690859410402
15.9743301736744
15.9795744063085
15.9848186389427
15.9900628715768
15.995307104211
16.0005513368524
16.0057955694865
16.0110398021206
16.0162840347548
16.0215282673889
16.0267725000231
16.0320167326645
16.0372609652986
16.0425051979328
16.0477494305669
16.0529936632011
16.0582378958425
16.0634821284766
16.0687263611107
16.0739705937449
16.079214826379
16.0844590590132
16.0897032916546
16.0949475242887
16.1001917569229
16.105435989557
16.1106802221911
16.1159244548253
16.1211686874667
16.1264129201008
16.131657152735
16.1369013853691
16.1421456180033
16.1473898506447
16.1526340832788
16.157878315913
16.1631225485471
16.1683667811812
16.1736110138154
16.1788552464568
16.1840994790909
16.1893437117251
16.1945879443592
16.1998321769934
16.2050764096275
16.2103206422689
16.2155648749031
16.2208091075372
16.2260533401713
16.2312975728055
16.2365418054469
16.241786038081
16.2470302707152
16.2522745033493
16.2575187359835
16.2627629686176
16.268007201259
16.2732514338932
16.2784956665273
16.2837398991614
16.2889841317956
16.2942283644297
16.2994725970711
16.3047168297053
16.3099610623394
16.3152052949736
16.3204495276077
16.3256937602491
16.3309379928833
16.3361822255174
16.3414264581515
16.3466706907857
16.3519149234198
16.3571591560612
16.3624033886954
16.3676476213295
16.3728918539637
16.3781360865978
16.3833803192319
16.3886245518734
16.3938687845075
16.3991130171416
16.4043572497758
16.4096014824099
16.4148457150441
16.4200899476855
16.4253341803196
16.4305784129538
16.4358226455879
16.441066878222
16.4463111108635
16.4515553434976
16.4567995761317
16.4620438087659
16.4672880414
16.4725322740342
16.4777765066756
16.4830207393097
16.4882649719439
16.493509204578
16.4987534372121
16.5039976698463
16.5092419024877
16.5144861351218
16.519730367756
16.5249746003901
16.5302188330243
16.5354630656657
16.5407072982998
16.545951530934
16.5511957635681
16.5564399962022
16.5616842288364
16.5669284614778
16.5721726941119
16.5774169267461
16.5826611593802
16.5879053920144
16.5931496246485
16.5983938572899
16.6036380899241
16.6088823225582
16.6141265551923
16.6193707878265
16.6246150204679
16.629859253102
16.6351034857362
16.6403477183703
16.6455919510045
16.6508361836386
16.65608041628
16.6613246489142
16.6665688815483
16.6718131141824
16.6770573468166
16.6823015794507
16.6875458120921
16.6927900447263
16.6980342773604
16.7032785099946
16.7085227426287
16.7137669752701
16.7190112079043
16.7242554405384
16.7294996731725
16.7347439058067
16.7399881384408
16.7452323710822
16.7504766037164
16.7557208363505
16.7609650689847
16.7662093016188
16.7714535342529
16.7766977668944
16.7819419995285
16.7871862321626
16.7924304647968
16.7976746974309
16.8029189300723
16.8081631627065
16.8134073953406
16.8186516279748
16.8238958606089
16.829140093243
16.8343843258845
16.8396285585186
16.8448727911527
16.8501170237869
16.855361256421
16.8606054890552
16.8658497216966
16.8710939543307
16.8763381869649
16.881582419599
16.8868266522331
16.8920708848673
16.8973151175087
16.9025593501428
16.907803582777
16.9130478154111
16.9182920480453
16.9235362806867
16.9287805133208
16.934024745955
16.9392689785891
16.9445132112232
16.9497574438574
16.9550016764988
16.9602459091329
16.9654901417671
16.9707343744012
16.9759786070354
16.9812228396695
16.9864670723109
16.9917113049451
16.9969555375792
17.0021997702133
17.0074440028475
17.0126882354889
17.017932468123
17.0231767007572
17.0284209333913
17.0336651660255
17.0389093986596
17.044153631301
17.0493978639352
17.0546420965693
17.0598863292034
17.0651305618376
17.0703747944717
17.0756190271131
17.0808632597473
17.0861074923814
17.0913517250156
17.0965959576497
17.1018401902911
17.1070844229253
17.1123286555594
17.1175728881935
17.1228171208277
17.1280613534618
17.1333055861032
17.1385498187374
17.1437940513715
17.1490382840057
17.1542825166398
17.1595267492739
17.1647709819154
17.1700152145495
17.1752594471836
17.1805036798178
17.1857479124519
17.1909921450933
17.1962363777275
17.2014806103616
17.2067248429958
17.2119690756299
17.217213308264
17.2224575409055
