-0.00390945382582675
-0.0350380506178378
-0.0660996111620403
-0.0902181475272885
-0.117285549880455
-0.144231809783129
-0.16739345710521
-0.187211523325986
-0.185344050126835
-0.202457741581753
-0.211976344461247
-0.234457944245524
-0.262892182402215
-0.253345017576126
-0.265655990240162
-0.269025899171539
-0.28645676600093
-0.31630004709752
-0.314849957953599
-0.330929146234257
-0.341002225556481
-0.361972623512836
-0.37961128260464
-0.402519797275433
-0.381949596451915
-0.360934022582711
-0.37132703702862
-0.354237038751489
-0.352043422095972
-0.368182957187698
-0.370223640883534
-0.38170703911563
-0.365011914242536
-0.366403620560887
-0.383563099787785
-0.401744692749634
-0.372742823040794
-0.305693346584676
-0.298559394099365
-0.290805808328668
-0.321011185689712
-0.347353474802742
-0.37511580234762
-0.395423363796753
-0.408646275394441
-0.415657475779397
-0.372781133384841
-0.387562749975766
-0.375011388769634
-0.387525478624537
-0.399533182729592
-0.413886337441372
-0.438751325597171
-0.465570629951371
-0.434972458254638
-0.371940460951545
-0.393912567889512
-0.420761248759369
-0.400870783322881
-0.426671712752276
-0.448747662566955
-0.396529373968112
-0.399896828602318
-0.42839865488626
-0.396350513862052
-0.379299079332009
-0.356295338810646
-0.342258470625522
-0.320110077890827
-0.336786649488144
-0.341930696528458
-0.342772358001942
-0.296338166875989
-0.267732184475428
-0.283650586772453
-0.302941058150306
-0.240749512842185
-0.226205528720506
-0.250579960303001
-0.267175186450282
-0.278358528296973
-0.28927845158827
-0.201267074614247
-0.23014964734397
-0.131076768619007
-0.122242882952284
-0.112581503936349
-0.126963787600492
-0.107960752248649
-0.0348379321059049
0.0168742533299149
-0.00096210418228404
0.0023098533763144
0.0890527687921114
0.0953786736284767
0.0921949169244183
0.166097004677855
0.184624354027571
0.188539108570207
0.198464211176349
0.17105876820145
0.169254649816297
0.167645544672364
0.186907768565723
0.168812612746416
0.205185219822713
0.201259033942893
0.211611565513373
0.239923165927834
0.21570980874069
0.231754563433042
0.316612925474251
0.317002569749465
0.294971517909256
0.272408771665786
0.310620447296223
0.360491273553732
0.35678902713739
0.367967091877037
0.413545221013591
0.399100623404234
0.457772882680776
0.478942252214632
0.475229611183442
0.459087073397766
0.427816185869783
0.408504594621299
0.409193291190087
0.413352457880092
0.41014900846209
0.496562311953357
0.465974703058377
0.455999203451215
0.532568506291085
0.507576544369336
0.492557778893141
0.464263441789972
0.461622578831211
0.435636161377305
0.442420485372047
0.581471593746714
0.61247378903965
0.596719665882887
0.590741028630065
0.561969263179763
0.532288263854232
0.507273587215133
0.498943729201989
0.513685388277156
0.507421209815814
0.52120454826239
0.618836348918721
0.605149817221323
0.614900438920245
0.587600465142211
0.58868293737672
0.570291985899879
0.543292020797435
0.517963725090332
0.490836672762381
0.505397938946716
0.499419909733476
0.555890930425813
0.578946293763276
0.552321314287643
0.544775636785643
0.520300867880541
0.579545395627655
0.608098036466226
0.633157772192459
0.603896092539433
0.61397908785824
0.612599959794102
0.598765570111165
0.570865085476658
0.550886325420972
0.537909735531086
0.516904481720948
0.493845348079691
0.501010103925492
0.526855549420967
0.51733060989886
0.50029401196851
0.485853974964355
0.469389619747138
0.456432161924911
0.436589594795372
0.435378594630967
0.422051085235747
0.446175539268285
0.479230265078398
0.472489606219411
0.441958995474603
0.410856795862536
0.379914737624476
0.352500652092429
0.335704969058154
0.352700949583364
0.340752210056008
0.347688494111541
0.372516798502077
0.342098999430263
0.314864282836499
0.293023275010721
0.264877065531179
0.244543862737102
0.274898799535181
0.248803812764584
0.262083770575603
0.239761084155666
0.222204761410913
0.232058638698533
0.25300535528845
0.270867806980181
0.259848694624202
0.285736893299774
0.265108432649527
0.236825172115666
0.212748786324234
0.189467680730031
0.163861959632347
0.293494913586802
0.268931094578665
0.278114509399132
0.255458238699963
0.245916075125236
0.225457427260437
0.217080783804178
0.213462460959474
0.207754243247659
0.193097399391875
0.182314197400223
0.25169490164783
0.264342621757484
0.23593922682912
0.233037905471909
0.212719665526676
0.1846153171552
0.165062036282748
0.176599822289698
0.152843933951553
0.154603951407397
0.163757326974056
0.192816856379648
0.176517556637527
0.160604154482125
0.203133730838837
0.175029799159596
0.145201826257013
0.146993270318442
0.177425198768832
0.156320417027029
0.14715375701044
0.116293755476852
0.0877934119844852
0.0820861856106365
0.0549879260022372
0.0317954520858379
0.0298933305945859
0.0379151845196137
0.0116657446935697
0.0387850631630116
0.0143663551521254
0.0029011633184659
-0.0219137160160301
0.028798940029974
0.0105634618932626
-0.000989876473695972
0.0164326835094002
0.0330676849681826
0.114750923193331
0.132814985222794
0.111598141129289
0.0911750999510197
0.0774797275282282
0.0638150514841698
0.0608419542433474
0.0408443983503339
0.0103533486276444
-0.0193211289220798
-0.0311098897412236
-0.0254332766254954
-0.0224046919127723
0.0411214772714938
0.0238098342518196
0.0616679851206481
0.0845217791351338
0.0546325373004688
0.0383938432556352
0.0864580492922791
0.057181433502274
0.0609312066580596
0.0768490736844925
0.0790705257901685
0.0559546053780302
0.0571490587722536
0.0438837027329555
0.0154324691204319
-0.0154915663735462
-0.0297068535591851
-0.060528886552369
-0.0742637961461643
-0.031807772790593
-0.0494239653282431
-0.078859312722388
-0.0625044716745222
-0.0722780811808139
-0.0970441256855423
-0.124830633616462
-0.134615774669047
-0.157046697925825
-0.16796385888548
-0.0872614457394256
-0.11755153009441
-0.071140627143965
-0.0934197218248514
-0.119141454886613
-0.0987875145936083
-0.0939825019723148
-0.119415730133495
-0.149254435150935
-0.176359616754375
-0.200383327805696
-0.183998847945324
-0.2125723050705
-0.174170707904304
-0.148272305011002
-0.163740818072354
-0.189482729355674
-0.215196704259535
-0.210351873936371
-0.223487206854555
-0.251829176301921
-0.273417626263276
-0.297099304375472
-0.287279102745972
-0.313419679283285
-0.31692750671778
-0.323464485655638
-0.337249998509234
-0.364099476891234
-0.332115831160529
-0.350134103430262
-0.361714851716146
-0.35671959394706
-0.383129358266581
-0.409536583824416
-0.422374719125852
-0.424427087587603
-0.380633123685362
-0.377538880896436
-0.399582758702554
-0.409206802363205
-0.40305941948753
-0.425556620112186
-0.447908723688272
-0.472664173267926
-0.497375139071014
-0.522728998930722
-0.519639736222484
-0.471461857938234
-0.479654891453535
-0.502371332091265
-0.533272077127169
-0.523006614552543
-0.538466685602046
-0.547141849577613
-0.551840545862754
-0.568311743025081
-0.592176069801988
-0.565067729933499
-0.594048094540309
-0.612925234194233
-0.630311628226645
-0.645046011147713
-0.596444846400853
-0.615592949939538
-0.62872057742641
-0.627491203733895
-0.644504718739826
-0.637820654811129
-0.591060948114009
-0.593489626346155
-0.565184367018617
-0.579659456925462
-0.603175353211782
-0.576095686061414
-0.606654389178338
-0.624671684718717
-0.637400460007184
-0.667394356738791
-0.683981928800113
-0.71173983972005
-0.666236165150172
-0.638082185926123
-0.648938832724458
-0.678004237517762
-0.66055555985343
-0.691507149584391
-0.721074496243666
-0.743476005178728
-0.725319112655139
-0.73592649551404
-0.761784833288617
-0.761372884951962
-0.775727409643434
-0.778671337812687
-0.748440726402698
-0.771646079697284
-0.79580728475295
-0.795258706355789
-0.780799890634547
-0.741265988437338
-0.746781882654979
-0.777443654254713
-0.762340115350943
-0.669783344407451
-0.675723287452874
-0.692425274880529
-0.716078011335265
-0.685947886584266
-0.69241571198924
-0.710694907499814
-0.725331750837043
-0.642505268108847
-0.640936673836665
-0.427684307154541
-0.443523462225182
-0.443765865612937
-0.424882502866289
-0.444165162049815
-0.421696650067773
-0.432129096820203
-0.451770859817513
-0.428138630093981
-0.458787184204127
-0.48204164627826
-0.444457974912629
-0.464948871477887
-0.492837677271796
-0.501371917600039
-0.392088041304156
-0.423300853133371
-0.422242263618545
-0.422426252389259
-0.399091049664891
-0.422279734581261
-0.45281979820817
-0.400545707524087
-0.355940330275567
-0.344904025785533
-0.349162781604051
-0.339065439943484
-0.269629148610086
-0.269755308107131
-0.300472673659803
-0.209633681114912
-0.161065792415281
-0.192291642298752
-0.153868696680046
-0.122478989262197
-0.150279152801049
-0.148593527568281
-0.0862986369904934
-0.114004405640275
-0.145128951390735
-0.169160038500891
-0.130261072163242
-0.154746150765664
-0.166252550031418
-0.186661926923515
-0.0699736060498601
-0.0708769724577198
-0.0934165686347175
-0.12166838306479
-0.0939550313241622
0.0152320298521058
0.0320694674164788
0.0409412017528297
0.0507050486694371
0.0218339896403492
0.0103775871391178
0.070070684398976
0.0440356143506868
0.0155700991813568
0.0294586291902359
0.00225957935556309
-0.014178020053361
0.0545934399988273
0.213913153398654
0.239592900690065
0.236588883457596
0.211820208875997
0.197303033111943
0.179567642894002
0.260156331219001
0.250140699907917
0.259982217175807
0.247991188616723
0.3780314015542
0.36355255329293
0.334848436562346
0.311176882660558
0.332352879937833
0.345978866352933
0.320366071689442
0.298874642633159
0.276621676678509
0.302798103081305
0.309161324930706
0.27926534767926
0.251064025577222
0.262972624575077
0.278539059137263
0.250106604006788
0.239787197971655
0.2420270706994
0.215071675326058
0.198676146490101
0.202428156734928
0.175396589341322
0.224111716498108
0.246548653140181
0.311060136659137
0.313621423894144
0.35610722999645
0.367044106510399
0.347372429140126
0.384832363321436
0.444464615527806
0.456989189528187
0.432467857276816
0.473443044459003
0.458445004002328
0.462097536723384
0.478029329802986
0.459035700411842
0.450694770689338
0.420056723310203
0.419682759575345
0.409063541738515
0.396460172919237
0.421164565944192
0.398695006443191
0.368924581340451
0.346792784892088
0.395841708725307
0.40422309898922
0.414575326115344
0.433244688383308
0.543546428503493
0.547050971868458
0.52009149864109
0.504086617614185
0.479437390762641
0.47640788521462
0.455803932143713
0.42896920369807
0.435760261656064
0.434474189554191
0.466920785960035
0.443937207588032
0.430261012281164
0.409820636481118
0.379817588786352
0.356755756345251
0.329308886092413
0.34339878034843
0.365327004012101
0.371569418003517
0.414681022239218
0.404954885513877
0.40730262854867
0.41375963408553
0.384872424783524
0.417593209456779
0.514985338549561
0.487722162975142
0.552748696870665
0.522897538771584
0.510861021240771
0.545176797036216
0.542796966108369
0.569057950390778
0.572127667028035
0.540882359702948
0.546767563596365
0.521441994170836
0.497472075670462
0.484635519264792
0.537156853441196
0.599555508183208
0.646068014217477
0.651947405072612
0.661635577728916
0.654073427105601
0.624181362763107
0.615215111828793
0.604794669890072
0.578454163600266
0.554231598851111
0.543264433196541
0.608084032590785
0.595854887005817
0.579108934779757
0.564827049936621
0.539146063295117
0.520760672360645
0.537972314750125
0.508485297637161
0.50693628340586
0.488538750825601
0.469531396167437
0.454134215972445
0.433350427515713
0.465049737672064
0.443413421714144
0.437060327401493
0.445065352618506
0.42156205952573
0.39923625158244
0.372686893571682
0.371361978608629
0.357012264972749
0.382742353465293
0.392370068238893
0.414851758158957
0.495706493024141
0.464701217256465
0.444253185653448
0.43872941403529
0.410313826805979
0.398398137538365
0.405471934042264
0.384047088170032
0.396123184642622
0.409414065702432
0.418528560235803
0.412321701459074
0.42401771156478
0.469521857506617
0.482593835854793
0.460206831576304
0.43072997632607
0.429620194493019
0.403358915241721
0.396358695457856
0.39115340527648
0.376634045496569
0.349342212411472
0.349856288089974
0.326770107910075
0.307255852915183
0.389754281095314
0.364707958674519
0.364115472293268
0.338515575625436
0.395147607250852
0.381983341029997
0.353326841509265
0.336533683124035
0.309943901004274
0.340750041692594
0.376429714830241
0.384276871066561
0.368081773392195
0.365378187716839
0.390568088823404
0.470420415856434
0.439325759970998
0.412271997824256
0.411017154421007
0.42384710656771
0.399500602442334
0.414217768292364
0.384526018296484
0.380352667691543
0.350950958169225
0.342506487228722
0.313347431960448
0.285105956790733
0.301957976640569
0.295132216451787
0.28453260333136
0.268896565500501
0.277789171218508
0.246682465906328
0.298177023548984
0.313663337674175
0.2973427838118
0.266818188449726
0.385562661447249
0.357637441609068
0.385375143168385
0.356210240671349
0.329258505992755
0.310058338951482
0.292495789948081
0.270248436174175
0.249201555460392
0.220700282936452
0.228729369667274
0.214266581195503
0.198537889956889
0.187637680717764
0.196559926873729
0.189872130553503
0.169450560676189
0.138189538517523
0.129025492251582
0.106383078105992
0.0942947298719083
0.124327181916623
0.0941105128265534
0.071241020451982
0.0819664681365317
0.117543788857009
0.0908662116499208
0.0787152048827835
0.0874164859381601
0.0675958421348497
0.0533546406101841
0.0534980598943839
0.0739387758073065
0.0635329881811515
0.0704679461461097
0.0558521002498686
0.0268847934570182
0.00217444708157188
-0.0121780756947132
-0.038789429791322
-0.0446769011382493
-0.0755397873732555
-0.100768458284428
-0.119598752645938
-0.149417730021607
-0.115572729376794
-0.143542185658649
-0.169750765581668
-0.17116812859804
-0.191695229694773
-0.214585121046419
-0.232225597087869
-0.258461051991446
-0.264505832098386
-0.264825087887687
-0.161782876547331
-0.165602543426377
-0.160223272114241
-0.0946891461049262
-0.101535672847955
-0.109269329802579
-0.129658185413582
-0.155044495001881
-0.147168663298125
-0.176185784725469
-0.204770423103959
-0.225355173467467
-0.219648354595584
-0.24534706109727
-0.248479628027674
-0.261491466997548
-0.285747012407604
-0.316656694819841
-0.267546329004439
-0.271905387877226
-0.264236245585376
-0.285230663629847
-0.309494452860129
-0.309305824361331
-0.328891927694492
-0.353946965041469
-0.282740214164555
-0.233352162046074
-0.165719450292464
-0.177982159153924
-0.195850481833752
-0.206752895026309
-0.158102963035745
-0.116328166865102
-0.147478030516396
-0.1744509727326
-0.177773568497908
-0.148066856447112
-0.172244645348549
-0.165590268298882
-0.185234555309542
-0.206342728621088
-0.23214388439742
-0.23690962121654
-0.227643631753573
-0.254955400318547
-0.254197856512643
-0.23004131772537
-0.240341921321622
-0.253322741210681
-0.206896730015036
-0.192193037484394
-0.22085423961088
-0.230862020532882
-0.237771428554368
-0.183869755240973
-0.135169847341885
-0.166226028036732
-0.19307853717153
-0.198291467417775
-0.209549297996588
-0.240690714523851
-0.268539678011571
-0.264400081411758
-0.294372086251375
-0.317876473769488
-0.319753887336717
-0.19986568641621
-0.109768659083663
-0.106097487662161
-0.0688446250643686
-0.0632406670245373
-0.0836858764984427
-0.080190543664056
-0.109040960718126
-0.0937809306752442
-0.106149355644135
-0.122281452000731
-0.133555165087817
-0.158289972467252
-0.0460664594166076
-0.0705245686957667
-0.0707245906817278
-0.0899133607400024
-0.101627664783393
-0.0838327265379384
-0.109448179536002
-0.0813394413821626
-0.10781466737156
-0.0857314217791192
-0.0530914576380077
-0.0671949198006736
-0.0459921558765082
-0.062816638667325
-0.0933286311003592
-0.0695271657873597
-0.0949879787849284
-0.119405098892429
-0.144374701276515
-0.171614288787346
-0.161928635073181
-0.119719131197268
-0.141774878858079
-0.167052451222908
-0.169707253928788
-0.142922817230968
-0.137876433038713
-0.137497339022246
-0.154716650887391
-0.162199127550149
-0.169209910318376
-0.138767206844367
-0.160850821034835
-0.157730625521289
-0.169822395488652
-0.197267583012952
-0.153780792351217
-0.147325189008068
-0.144200682653324
-0.167151430924616
-0.169231010488403
-0.117427046400962
-0.10749308581843
-0.12258213665476
-0.120048767954476
-0.12653595508079
-0.140054974324546
-0.105786517860491
-0.116312814142937
-0.0615687057020295
-0.0492761240599435
-0.0734928988850925
-0.0546233293211245
-0.0820587724101891
-0.0851228203098806
0.0409998963064915
0.0108629866037724
0.00735335375234669
0.0419107943305512
0.0680953242678299
0.0500546836480922
0.0713259206098975
0.0550545178619011
0.0655385650673388
0.0352578811837994
0.0787705153289302
0.108277397806017
0.108966611840788
0.112660483830727
0.0814831287532911
0.114145826142892
0.0872014759096267
0.0906791949170618
0.0818772100103722
0.0702916498857959
0.0553653836912922
0.048241233699823
0.0798751282470853
0.0991095344571242
0.0738622012640526
0.0827943858215683
0.0579592687214721
0.0453616748299659
0.0757889195174748
0.0478785491026628
0.0245614160443921
-0.00631036214602076
-0.0329164484395754
-0.0591271925878374
-0.058096277056741
-0.0706652870430453
-0.0884473032104971
-0.071152943168844
-0.0767938167988937
-0.0694123742054735
-0.095901887336332
-0.0806378380500661
-0.0567869465989723
-0.0806587307327824
-0.0986780706104149
-0.11830744950143
-0.107669825215634
-0.12209601303508
-0.102855214960648
-0.130181289270876
-0.109958834675663
-0.106323019079117
-0.132265944028028
-0.162789581578291
-0.071437929682542
-0.0705519470038176
-0.045893732713548
-0.0599515674047773
-0.0432043324203839
-0.0577768657669573
-0.0743224851015647
-0.0944439376028328
-0.117563793491076
-0.137316881036455
-0.168417941315827
-0.194165931935302
-0.205328566192978
-0.226719095974975
-0.227825738755111
-0.204401233822889
-0.233406282566794
-0.186003470364785
-0.129542064928724
-0.137972742165008
-0.0889944958528481
-0.111162125040504
-0.110482999487392
-0.052435919028305
-0.0493391273116721
-0.0510183351525662
-0.073544301404894
-0.0749176863447047
-0.0618480698005222
-0.0231804503020427
0.0384484386155783
0.0507743898653921
0.0316292291909015
0.0704907478089787
0.044539143749418
0.0921058796397887
0.117806021918959
0.120979131861613
0.13831859554379
0.125096227363315
0.138567156375405
0.12221003941637
0.138744415586793
0.125023764497314
0.105793916177198
0.0828720555479308
0.0854442143522718
0.0592498041575666
0.0980680014422006
0.119098060315793
0.208142435034414
0.217557267869662
0.210428057440708
0.199931235455029
0.209496582635971
0.23637261739583
0.257321971614655
0.240613484676164
0.211434647886904
0.190649628444937
0.165683271351377
0.145616840796031
0.136316728386078
0.109291079137876
0.0867933248285766
0.0624121946845761
0.0605989536776477
0.0555967392298768
0.0336025322713631
0.0697638531525193
0.0478388720979872
0.0498426092928135
0.0207683898377446
-0.00745995507998742
-0.00218450651182067
-0.0257608979871939
-0.0503809701410454
-0.0410932109276132
-0.0489033419325651
-0.0371855703590569
-0.0482442042870446
-0.0710392740756411
-0.0264887054132004
-0.00481411340124183
-0.0320089637524603
-0.0605567136095786
-0.0830155298477351
