0.00048828125
0.00361619876762472
0.00663482244889351
0.00954913652584698
0.0123638612637415
0.0150834686528964
0.0177121970764574
0.020254065026389
0.0227128839345459
0.025092270180641
0.0273956563343117
0.0296263016842063
0.0317873021031122
0.0338815992945215
0.0359119894627041
0.037881131445286
0.0397915543445084
0.0416456646907124
0.043445753169202
0.0451940009393979
0.0468924855731431
0.0485431866371143
0.0501479909425463
0.051708697483832
0.0532270220860756
0.05470460178027
0.0561429989234871
0.0575437050802693
0.0589081446803133
0.0602376784664955
0.0615336067463528
0.0627971724592389
0.0640295640705609
0.0652319183037387
0.0664053227198275
0.067550818154078
0.0686694010181091
0.0697620254757954
0.0708296055004435
0.0718730168203439
0.0728930987593243
0.0738906559785113
0.0748664601251009
0.0758212513935821
0.0767557400045023
0.0776706076055521
0.078566508599439
0.079444071402752
0.0803038996397448
0.0811465732747353
0.0819726496865848
0.0827826646885096
0.0835771334962808
0.084356551647684
0.0851213958759339
0.0858721249395794
0.0866091804112847
0.087332987427727
0.0880439554027198
0.08874247870555
0.0894289373063934
0.0901036973905716
0.0907671119433062
0.0914195213065334
0.0920612537092484
0.0926926257727712
0.0933139429922378
0.093925500195554
0.094527581980975
0.0951204631344105
0.0957044090274911
0.0962796759973792
0.0968465117092448
0.0974051555022847
0.097955838720109
0.0984987850262762
0.0990342107057157
0.0995623249527364
0.100083330146281
0.10059742211305
0.101104790379094
0.101605618410424
0.102100083843174
0.102588358703831
0.103070609619984
0.103546998022061
0.104017680336485
0.104482808170634
0.104942528490009
0.105396983787974
0.105846312248393
0.106290647901521
0.106730120773442
0.107164857029358
0.107594979111003
0.108020605868458
0.108441852686619
0.108858831606546
0.109271651441949
0.109680417890999
0.110085233643691
0.110486198484953
0.110883409393682
0.111276960637889
0.111666943866132
0.112053448195379
0.112436560295471
0.112816364470332
0.113192942736056
0.113566374896008
0.113936738613071
0.114304109479153
0.114668561082076
0.11503016506995
0.115388991213143
0.115745107463943
0.116098580014009
0.116449473349705
0.1167978503054
0.117143772114814
0.117487298460502
0.117828487521538
0.118167396019482
0.118504079262684
0.118838591189015
0.119170984407068
0.119501310235891
0.119829618743326
0.120155958782992
0.12048037802997
0.120802923015242
0.121123639158939
0.121442570802428
0.121759761239298
0.122075252745279
0.12238908660714
0.122701303150597
0.123011941767277
0.123321040940771
0.123628638271808
0.123934770502585
0.124239473540281
0.124542782479793
0.124844731625717
0.125145354513598
0.125444683930489
0.125742751934828
0.12603958987567
0.126335228411298
0.126629697527215
0.126923026553579
0.127215244182052
0.127506378482129
0.127796456916934
0.128085506358519
0.128373553102675
0.128660622883278
0.128946740886181
0.129231931762673
0.129516219642518
0.129799628146585
0.130082180399091
0.130363899039462
0.130644806233828
0.130924923686175
0.131204272649143
0.131482873934507
0.131760747923329
0.132037914575815
0.132314393440867
0.132590203665354
0.132865364003097
0.133139892823599
0.133413808120509
0.133687127519834
0.133959868287914
0.13423204733916
0.134503681243572
0.134774786234026
0.135045378213363
0.135315472761268
0.135585085140946
0.135854230305617
0.136122922904818
0.136391177290527
0.13665900752312
0.136926427377149
0.13719345034697
0.137460089652205
0.137726358243055
0.137992268805468
0.138257833766161
0.138523065297506
0.138787975322282
0.139052575518301
0.139316877322901
0.139580891937327
0.139844630330992
0.140108103245617
0.140371321199274
0.140634294490314
0.14089703320119
0.141159547202191
0.141421846155067
0.141683939516569
0.141945836541891
0.142207546288035
0.142469077617079
0.142730439199371
0.142991639516639
0.143252686865027
0.143513589358051
0.143774354929491
0.144034991336203
0.144295506160873
0.144555906814695
0.144816200539995
0.145076394412785
0.145336495345266
0.145596510088264
0.145856445233616
0.146116307216501
0.146376102317716
0.146635836665905
0.146895516239734
0.147155146870021
0.147414734241826
0.14767428389648
0.147933801233589
0.148193291512987
0.148452759856645
0.148712211250553
0.148971650546549
0.149231082464125
0.149490511592188
0.149749942390794
0.150009379192837
0.150268826205726
0.150528287513006
0.15078776707597
0.151047268735233
0.151306796212273
0.151566353110958
0.151825942919031
0.152085569009587
0.152345234642505
0.152604942965878
0.152864697017403
0.153124499725756
0.153384353911947
0.15364426229065
0.153904227471517
0.15416425196047
0.154424338160974
0.154684488375295
0.154944704805739
0.15520498955587
0.155465344631721
0.155725771942983
0.155986273304176
0.156246850435815
0.15650750496555
0.156768238429307
0.157029052272399
0.157289947850639
0.157550926431432
0.157811989194857
0.158073137234743
0.158334371559726
0.158595693094297
0.158857102679849
0.159118601075699
0.159380188960115
0.159641866931322
0.159903635508509
0.160165495132818
0.160427446168335
0.160689488903066
0.160951623549902
0.16121385024759
0.161476169061682
0.161738579985488
0.162001082941013
0.162263677779899
0.162526364284346
0.162789142168044
0.163052011077082
0.163314970590867
0.163578020223024
0.163841159422302
0.164104387573466
0.16436770399819
0.164631107955942
0.164894598644867
0.165158175202661
0.165421836707445
0.165685582178633
0.165949410577795
0.166213320809517
0.166477311722259
0.166741382109203
0.167005530709104
0.167269756207132
0.167534057235714
0.167798432375372
0.168062880155555
0.168327399055469
0.168591987504905
0.168856643885061
0.169121366529363
0.169386153724282
0.169651003710146
0.169915914681952
0.170180884790172
0.170445912141557
0.170710994799939
0.17097613078703
0.171241318083212
0.171506554628333
0.171771838322493
0.172037167026833
0.17230253856431
0.172567950720486
0.172833401244297
0.173098887848827
0.17336440821208
0.173629959977748
0.173895540755969
0.174161148124092
0.174426779627436
0.174692432780036
0.174958105065404
0.175223793937268
0.175489496820321
0.175755211110961
0.176020934178026
0.176286663363532
0.176552395983401
0.176818129328186
0.177083860663802
0.177349587232236
0.177615306252272
0.177881014920199
0.17814671041052
0.178412389876661
0.178678050451668
0.178943689248905
0.179209303362752
0.179474889869291
0.179740445826991
0.180005968277392
0.180271454245782
0.18053690074187
0.180802304760457
0.181067663282097
0.181332973273762
0.181598231689495
0.181863435471065
0.182128581548611
0.18239366684129
0.182658688257908
0.182923642697562
0.183188527050262
0.18345333819756
0.183718073013169
0.183982728363576
0.184247301108651
0.184511788102257
0.184776186192846
0.185040492224054
0.185304703035293
0.185568815462334
0.185832826337888
0.18609673249218
0.186360530753519
0.18662421794886
0.186887790904364
0.187151246445953
0.187414581399853
0.187677792593142
0.187940876854282
0.188203831013654
0.188466651904082
0.188729336361353
0.188991881224731
0.189254283337469
0.189516539547309
0.189778646706977
0.190040601674681
0.190302401314593
0.190564042497328
0.190825522100418
0.191086837008785
0.191347984115197
0.191608960320725
0.191869762535199
0.192130387677644
0.192390832676726
0.192651094471179
0.192911170010232
0.193171056254031
0.193430750174052
0.193690248753509
0.193949548987755
0.194208647884678
0.194467542465091
0.194726229763116
0.19498470682656
0.195242970717285
0.195501018511578
0.195758847300502
0.196016454190256
0.196273836302517
0.196530990774781
0.196787914760698
0.197044605430398
0.197301059970818
0.197557275586009
0.197813249497452
0.198068978944361
0.198324461183976
0.198579693491858
0.198834673162172
0.199089397507966
0.199343863861445
0.199598069574235
0.199852012017647
0.200105688582927
0.200359096681511
0.200612233745261
0.200865097226704
0.201117684599264
0.201369993357487
0.201622021017254
0.201873765116001
0.202125223212924
0.202376392889175
0.202627271748066
0.202877857415251
0.203128147538913
0.203378139789943
0.203627831862111
0.203877221472233
0.204126306360331
0.20437508428979
0.204623553047509
0.204871710444044
0.205119554313745
0.205367082514894
0.205614292929829
0.20586118346507
0.206107752051436
0.206353996644154
0.206599915222971
0.206845505792251
0.207090766381075
0.207335695043331
0.207580289857802
0.207824548928245
0.208068470383471
0.208312052377411
0.208555293089189
0.208798190723182
0.209040743509072
0.209282949701908
0.209524807582143
0.209766315455687
0.210007471653938
0.21024827453382
0.210488722477811
0.210728813893968
0.210968547215949
0.211207920903027
0.211446933440105
0.211685583337721
0.211923869132055
0.212161789384923
0.21239934268378
0.212636527641706
0.212873342897393
0.213109787115135
0.2133458589848
0.213581557221812
0.213816880567119
0.214051827787165
0.214286397673852
0.214520589044505
0.214754400741826
0.21498783163385
0.215220880613896
0.215453546600517
0.21568582853744
0.21591772539351
0.216149236162626
0.216380359863679
0.21661109554048
0.216841442261692
0.217071399120752
0.217300965235797
0.217530139749583
0.217758921829401
0.217987310666995
0.218215305478467
0.218442905504193
0.218670110008726
0.2188969182807
0.219123329632731
0.219349343401318
0.21957495894674
0.219800175652945
0.22002499292745
0.220249410201223
0.220473426928578
0.220697042587053
0.220920256677299
0.221143068722962
0.221365478270556
0.221587484889348
0.221809088171229
0.22203028773059
0.222251083204194
0.222471474251044
0.222691460552255
0.222911041810922
0.223130217751979
0.22334898812207
0.22356735268941
0.223785311243642
0.224002863595703
0.224220009577677
0.224436749042656
0.224653081864593
0.224869007938159
0.225084527178595
0.225299639521565
0.225514344923006
0.225728643358981
0.225942534825527
0.226156019338502
0.226369096933434
0.226581767665366
0.226794031608707
0.227005888857068
0.227217339523114
0.227428383738406
0.227639021653239
0.227849253436491
0.228059079275462
0.228268499375711
0.228477513960905
0.228686123272653
0.228894327570345
0.229102127130996
0.229309522249083
0.229516513236381
0.229723100421803
0.229929284151242
0.2301350647874
0.230340442709635
0.230545418313792
0.230749992012042
0.230954164232719
0.231157935420159
0.231361306034536
0.231564276551694
0.231766847462994
0.231969019275142
0.232170792510029
0.232372167704571
0.232573145410543
0.232773726194415
0.232973910637195
0.233173699334263
0.233373092895207
0.233572091943668
0.233770697117171
0.233968909066968
0.234166728457878
0.234364155968123
0.234561192289169
0.234757838125568
0.234954094194797
0.2351499612271
0.235345439965327
0.235540531164779
0.235735235593048
0.235929554029862
0.236123487266927
0.236317036107771
0.236510201367588
0.236702983873086
0.236895384462328
0.237087403984583
0.237279043300168
0.237470303280301
0.237661184806945
0.237851688772657
0.23804181608044
0.238231567643591
0.238420944385555
0.238609947239771
0.238798577149531
0.238986835067826
0.239174721957208
0.239362238789637
0.239549386546343
0.239736166217674
0.239922578802964
0.240108625310381
0.24029430675679
0.240479624167612
0.240664578576685
0.240849171026124
0.241033402566184
0.24121727425512
0.241400787159056
0.241583942351844
0.241766740914935
0.241949183937241
0.242131272515003
0.242313007751663
0.242494390757728
0.242675422650642
0.24285610455466
0.243036437600714
0.243216422926292
0.243396061675307
0.243575354997974
0.243754304050686
0.24393290999589
0.244111174001962
0.244289097243092
0.244466680899155
0.2446439261556
0.244820834203325
0.244997406238563
0.245173643462762
0.245349547082473
0.245525118309235
0.245700358359456
0.245875268454308
0.246049849819609
0.246224103685717
0.246398031287415
0.246571633863805
0.246744912658203
0.246917868918026
0.24709050389469
0.247262818843505
0.247434815023568
0.247606493697665
0.247777856132163
0.247948903596915
0.248119637365155
0.248290058713401
0.248460168921358
0.248629969271816
0.248799461050561
0.248968645546273
0.249137524050436
0.249306097857242
0.249474368263501
0.249642336568548
0.24981000407415
0.249977372084423
0.250144441905737
0.25031121484663
0.250477692217724
0.250643875331636
0.250809765502893
0.250975364047851
0.251140672284609
0.251305691532927
0.251470423114147
0.251634868351111
0.251799028568079
0.251962905090658
0.252126499245714
0.252289812361305
0.252452845766598
0.252615600791798
0.252778078768073
0.252940281027478
0.253102208902887
0.253263863727918
0.253425246836865
0.253586359564624
0.253747203246631
0.253907779218785
0.254068088817387
0.254228133379073
0.254387914240744
0.254547432739507
0.254706690212605
0.254865687997359
0.255024427431103
0.255182909851121
0.255341136594588
0.255499108998512
0.255656828399669
0.25581429613455
0.255971513539299
0.256128481949659
0.256285202700914
0.256441677127835
0.256597906564623
0.256753892344856
0.256909635801439
0.257065138266543
0.257220401071563
0.25737542554706
0.257530213022713
0.257684764827268
0.257839082288492
0.257993166733122
0.258147019486815
0.258300641874108
0.258454035218364
0.258607200841731
0.258760140065096
0.25891285420804
0.259065344588793
0.259217612524195
0.259369659329648
0.259521486319079
0.259673094804896
0.259824486097949
0.259975661507487
0.260126622341124
0.260277369904794
0.260427905502716
0.260578230437358
0.260728346009396
0.26087825351768
0.261027954259198
0.261177449529039
0.261326740620361
0.261475828824353
0.261624715430204
0.26177340172507
0.26192188899404
0.262070178520103
0.26221827158412
0.262366169464788
0.262513873438613
0.26266138477988
0.26280870476062
0.262955834650584
0.263102775717215
0.263249529225614
0.263396096438521
0.263542478616281
0.263688677016819
0.263834692895617
0.263980527505682
0.264126182097526
0.264271657919138
0.26441695621596
0.264562078230865
0.26470702520413
0.264851798373414
0.264996398973736
0.265140828237451
0.265285087394232
0.26542917767104
0.265573100292111
0.265716856478933
0.265860447450221
0.266003874421903
0.266147138607096
0.266290241216088
0.266433183456321
0.266575966532368
0.266718591645917
0.266861059995754
0.267003372777745
0.267145531184816
0.267287536406938
0.267429389631112
0.26757109204135
0.267712644818659
0.267854049141027
0.267995306183407
0.2681364171177
0.268277383112743
0.268418205334294
0.268558884945016
0.268699423104463
0.268839820969069
0.268980079692132
0.269120200423802
0.269260184311068
0.269400032497746
0.269539746124465
0.269679326328657
0.269818774244543
0.269958091003123
0.270097277732165
0.27023633555619
0.270375265596469
0.270514068971003
0.270652746794521
0.270791300178463
0.270929730230974
0.271068038056893
0.271206224757745
0.271344291431729
0.271482239173711
0.271620069075212
0.271757782224406
0.271895379706103
0.272032862601747
0.272170231989404
0.272307488943757
0.272444634536096
0.27258166983431
0.272718595902884
0.272855413802884
0.272992124591959
0.273128729324326
0.273265229050768
0.273401624818626
0.273537917671791
0.273674108650702
0.273810198792335
0.273946189130199
0.274082080694332
0.274217874511292
0.274353571604152
0.274489172992496
0.274624679692416
0.274760092716499
0.27489541307383
0.275030641769982
0.275165779807015
0.275300828183468
0.275435787894355
0.275570659931163
0.275705445281844
0.275840144930814
0.275974759858947
0.276109291043571
0.276243739458465
0.276378106073854
0.276512391856406
0.276646597769228
0.276780724771864
0.276914773820288
0.277048745866903
0.277182641860541
0.27731646274645
0.277450209466303
0.277583882958185
0.277717484156597
0.277851013992448
0.277984473393055
0.27811786328214
0.278251184579827
0.278384438202638
0.278517625063494
0.278650746071708
0.278783802132986
0.278916794149424
0.279049723019503
0.279182589638093
0.279315394896442
0.279448139682182
0.279580824879322
0.279713451368249
0.279846020025724
0.279978531724879
0.280110987335218
0.280243387722616
0.280375733749313
0.280508026273914
0.280640266151389
0.280772454233071
0.28090459136665
0.281036678396179
0.281168716162066
0.281300705501076
0.281432647246328
0.281564542227293
0.281696391269795
0.281828195196009
0.281959954824456
0.282091670970007
0.282223344443878
0.282354976053632
0.282486566603173
0.28261811689275
0.282749627718952
0.282881099874709
0.28301253414929
0.283143931328302
0.283275292193688
0.28340661752373
0.283537908093042
0.283669164672571
0.283800388029601
0.283931578927743
0.284062738126943
0.284193866383475
0.284324964449941
0.284456033075272
0.284587073004727
0.284718084979891
0.284849069738673
0.284980028015307
0.285110960540352
0.285241868040688
0.285372751239518
0.285503610856365
0.285634447607075
0.28576526220381
0.285896055355052
0.286026827765603
0.286157580136578
0.286288313165412
0.286419027545855
0.28654972396797
0.286680403118136
0.286811065679044
0.286941712329699
0.287072343745416
0.287202960597825
0.287333563554861
0.287464153280774
0.287594730436121
0.287725295677765
0.287855849658882
0.28798639302895
0.288116926433756
0.288247450515393
0.288377965912257
0.288508473259051
0.288638973186781
0.288769466322754
0.288899953290582
0.289030434710178
0.289160911197756
0.289291383365831
0.289421851823219
0.289552317175032
0.289682780022686
0.28981324096389
0.289943700592654
0.290074159499284
0.290204618270382
0.290335077488848
0.290465537733874
0.290595999580949
0.290726463601857
0.290856930364674
0.29098740043377
0.291117874369808
0.291248352729742
0.291378836066819
0.291509324930576
0.291639819866842
0.291770321417735
0.291900830121664
0.292031346513327
0.29216187112371
0.292292404480088
0.292422947106025
0.292553499521371
0.292684062242265
0.292814635781131
0.292945220646681
0.293075817343912
0.293206426374108
0.293337048234837
0.293467683419954
0.293598332419598
0.293728995720193
0.293859673804446
0.293990367151349
0.294121076236178
0.294251801530494
0.294382543502138
0.294513302615238
0.294644079330202
0.294774874103725
0.29490568738878
0.295036519634627
0.295167371286805
0.29529824278714
0.295429134573738
0.295560047080987
0.29569098073956
0.295821935976411
0.295952913214777
0.296083912874178
0.296214935370419
0.296345981115585
0.296477050518046
0.296608143982456
0.296739261909753
0.296870404697156
0.297001572738173
0.297132766422593
0.297263986136491
0.29739523226223
0.297526505178455
0.2976578052601
0.297789132878384
0.297920488400815
0.298051872191188
0.298183284609586
0.298314726012382
0.298446196752239
0.298577697178109
0.298709227635237
0.29884078846516
0.298972380005705
0.299104002590996
0.299235656551451
0.299367342213782
0.299499059900999
0.29963080993241
0.29976259262362
0.299894408286535
0.300026257229361
0.300158139756609
0.300290056169089
0.30042200676392
0.300553991834524
0.300686011670633
0.300818066558287
0.300950156779836
0.301082282613943
0.301214444335585
0.301346642216052
0.301478876522955
0.301611147520221
0.301743455468098
0.301875800623158
0.302008183238296
0.302140603562736
0.302273061842027
0.302405558318053
0.302538093229028
0.302670666809501
0.30280327929036
0.302935930898833
0.303068621858489
0.303201352389243
0.303334122707356
0.30346693302544
0.30359978355246
0.303732674493734
0.303865606050942
0.303998578422121
0.304131591801675
0.304264646380374
0.304397742345358
0.30453087988014
0.304664059164611
0.304797280375039
0.304930543684079
0.305063849260768
0.305197197270538
0.305330587875211
0.305464021233009
0.305597497498552
0.305731016822869
0.305864579353394
0.305998185233976
0.306131834604881
0.306265527602795
0.306399264360828
0.306533045008523
0.306666869671854
0.306800738473234
0.306934651531518
0.307068608962011
0.307202610876467
0.307336657383098
0.307470748586578
0.307604884588048
0.307739065485119
0.307873291371881
0.308007562338905
0.308141878473248
0.308276239858462
0.308410646574594
0.308545098698199
0.308679596302336
0.308814139456583
0.308948728227036
0.309083362676321
0.309218042863593
0.309352768844548
0.309487540671426
0.309622358393017
0.309757222054672
0.309892131698303
0.310027087362392
0.310162089082001
0.310297136888773
0.310432230810943
0.310567370873343
0.31070255709741
0.310837789501192
0.310973068099357
0.311108392903198
0.311243763920641
0.311379181156256
0.311514644611258
0.311650154283519
0.311785710167577
0.31192131225464
0.312056960532597
0.312192654986023
0.312328395596192
0.31246418234108
0.312600015195376
0.312735894130492
0.312871819114567
0.31300779011248
0.313143807085858
0.313279869993081
0.313415978789297
0.313552133426427
0.313688333853174
0.313824580015036
0.313960871854309
0.314097209310104
0.314233592318352
0.314370020811812
0.314506494720085
0.314643013969624
0.314779578483738
0.314916188182609
0.315052842983299
0.315189542799759
0.315326287542842
0.315463077120314
0.31559991143686
0.315736790394099
0.315873713890594
0.316010681821861
0.316147694080382
0.316284750555615
0.316421851134007
0.316558995699001
0.316696184131052
0.316833416307638
0.316970692103266
0.317108011389493
0.317245374034928
0.317382779905252
0.317520228863226
0.317657720768701
0.317795255478636
0.317932832847107
0.318070452725316
0.31820811496161
0.318345819401491
0.318483565887626
0.318621354259863
0.318759184355243
0.318897056008013
0.319034969049639
0.319172923308818
0.319310918611494
0.319448954780867
0.319587031637411
0.319725148998887
0.319863306680353
0.320001504494181
0.320139742250069
0.320278019755058
0.320416336813542
0.320554693227284
0.32069308879543
0.320831523314526
0.320969996578528
0.321108508378817
0.321247058504217
0.321385646741007
0.321524272872937
0.32166293668124
0.321801637944653
0.321940376439425
0.322079151939336
0.322217964215713
0.322356813037441
0.322495698170984
0.322634619380397
0.322773576427341
0.322912569071101
0.3230515970686
0.323190660174416
0.323329758140796
0.323468890717674
0.323608057652687
0.32374725869119
0.323886493576271
0.324025762048772
0.324165063847299
0.324304398708244
0.324443766365797
0.324583166551969
0.3247225989966
0.324862063427382
0.325001559569875
0.325141087147523
0.325280645881668
0.325420235491575
0.325559855694439
0.325699506205412
0.325839186737612
0.325978897002145
0.326118636708124
0.326258405562679
0.326398203270984
0.326538029536267
0.32667788405983
0.326817766541072
0.326957676677496
0.327097614164737
0.327237578696575
0.327377569964954
0.327517587659999
0.327657631470035
0.327797701081608
0.327937796179496
0.328077916446734
0.328218061564631
0.328358231212785
0.328498425069105
0.328638642809828
0.328778884109539
0.328919148641185
0.329059436076102
0.329199746084024
0.329340078333108
0.329480432489953
0.329620808219614
0.329761205185627
0.329901623050021
0.330042061473345
0.330182520114679
0.330322998631658
0.330463496680491
0.330604013915978
0.33074454999153
0.330885104559188
0.331025677269643
0.331166267772254
0.331306875715069
0.331447500744843
0.331588142507057
0.331728800645938
0.331869474804481
0.332010164624463
0.332150869746465
0.332291589809895
0.332432324453001
0.332573073312897
0.332713836025576
0.332854612225935
0.332995401547793
0.33313620362391
0.333277018086006
0.333417844564781
0.333558682689938
0.333699532090197
0.333840392393319
0.333981263226123
0.334122144214509
0.334263034983473
0.334403935157132
0.33454484435874
0.334685762210709
0.334826688334629
0.334967622351286
0.335108563880686
0.335249512542069
0.335390467953933
0.335531429734054
0.335672397499501
0.335813370866662
0.335954349451259
0.33609533286837
0.336236320732449
0.336377312657345
0.336518308256319
0.33665930714207
0.33680030892675
0.336941313221985
0.337082319638893
0.337223327788106
0.337364337279791
0.337505347723666
0.337646358729019
0.337787369904734
0.337928380859303
0.33806939120085
0.338210400537151
0.338351408475649
0.338492414623478
0.338633418587482
0.338774419974232
0.338915418390047
0.339056413441014
0.339197404733006
0.339338391871701
0.339479374462604
0.339620352111063
0.339761324422291
0.339902291001383
0.340043251453336
0.34018420538307
0.340325152395442
0.340466092095271
0.340607024087353
0.340747947976482
0.340888863367469
0.341029769865158
0.341170667074449
0.341311554600313
0.341452432047814
0.341593299022126
0.34173415512855
0.341874999972537
0.342015833159702
0.342156654295846
0.342297462986973
0.342438258839306
0.34257904145931
0.342719810453708
0.342860565429497
0.343001305993971
0.343142031754734
0.343282742319723
0.343423437297221
0.34356411629588
0.343704778924734
0.34384542479322
0.343986053511195
0.344126664688954
0.344267257937246
0.344407832867293
0.344548389090808
0.344688926220011
0.344829443867646
0.344969941647
0.345110419171921
0.345250876056829
0.345391311916743
0.345531726367288
0.34567211902472
0.345812489505936
0.345952837428496
0.346093162410637
0.346233464071291
0.346373742030101
0.346513995907435
0.346654225324407
0.346794429902889
0.346934609265531
0.347074763035775
0.347214890837869
0.347354992296886
0.347495067038742
0.347635114690205
0.347775134878916
0.347915127233404
0.348055091383099
0.34819502695835
0.348334933590439
0.348474810911597
0.348614658555019
0.348754476154878
0.348894263346342
0.349034019765586
0.349173745049812
0.349313438837257
0.349453100767211
0.349592730480033
0.349732327617164
0.349871891821139
0.350011422735606
0.350150920005335
0.350290383276236
0.350429812195371
0.350569206410969
0.350708565572437
0.35084788933038
0.350987177336605
0.351126429244143
0.351265644707259
0.351404823381463
0.351543964923528
0.351683068991498
0.351822135244706
0.351961163343781
0.352100152950668
0.352239103728634
0.352378015342282
0.352516887457566
0.352655719741803
0.352794511863683
0.35293326349328
0.353071974302069
0.353210643962934
0.353349272150181
0.353487858539549
0.353626402808221
0.353764904634839
0.353903363699512
0.354041779683826
0.35418015227086
0.354318481145193
0.354456765992916
0.354595006501642
0.354733202360521
0.354871353260244
0.355009458893058
0.355147518952776
0.355285533134783
0.355423501136054
0.355561422655157
0.355699297392265
0.355837125049168
0.355974905329281
0.356112637937653
0.356250322580975
0.356387958967596
0.356525546807524
0.35666308581244
0.356800575695708
0.356938016172377
0.3570754069592
0.357212747774635
0.357350038338855
0.357487278373759
0.357624467602979
0.357761605751886
0.357898692547604
0.35803572771901
0.358172710996749
0.358309642113239
0.358446520802677
0.358583346801048
0.358720119846137
0.358856839677527
0.358993506036614
0.359130118666611
0.359266677312556
0.359403181721317
0.359539631641603
0.359676026823965
0.359812367020807
0.359948651986391
0.360084881476844
0.360221055250162
0.360357173066219
0.360493234686772
0.360629239875465
0.360765188397838
0.360901080021332
0.361036914515291
0.361172691650974
0.361308411201554
0.361444072942126
0.361579676649713
0.36171522210327
0.361850709083689
0.361986137373803
0.362121506758394
0.362256817024192
0.362392067959885
0.36252725935612
0.362662391005508
0.362797462702631
0.362932474244041
0.363067425428268
0.363202316055821
0.363337145929195
0.363471914852873
0.363606622633327
0.363741269079026
0.363875854000437
0.364010377210027
0.36414483852227
0.364279237753646
0.364413574722644
0.364547849249771
0.364682061157544
0.364816210270505
0.364950296415211
0.365084319420247
0.365218279116223
0.365352175335776
0.365486007913573
0.365619776686316
0.365753481492738
0.365887122173609
0.366020698571738
0.366154210531971
0.366287657901197
0.366421040528347
0.366554358264393
0.366687610962356
0.3668207984773
0.366953920666336
0.367086977388624
0.367219968505374
0.367352893879842
0.367485753377338
0.36761854686522
0.367751274212899
0.367883935291837
0.368016529975549
0.368149058139599
0.368281519661608
0.368413914421246
0.368546242300236
0.368678503182353
0.368810696953425
0.36894282350133
0.369074882715997
0.369206874489409
0.369338798715594
0.369470655290633
0.369602444112655
0.369734165081835
0.369865818100396
0.369997403072608
0.370128919904784
0.37026036850528
0.370391748784498
0.370523060654877
0.370654304030896
0.370785478829074
0.370916584967966
0.37104762236816
0.371178590952279
0.371309490644976
0.371440321372935
0.371571083064864
0.371701775651501
0.371832399065603
0.37196295324195
0.372093438117341
0.37222385363059
0.372354199722527
0.372484476335992
0.372614683415833
0.372744820908907
0.372874888764072
0.373004886932188
0.373134815366113
0.373264674020699
0.373394462852792
0.373524181821224
0.373653830886816
0.373783410012369
0.373912919162666
0.374042358304464
0.374171727406493
0.374301026439454
0.374430255376011
0.374559414190791
0.374688502860382
0.374817521363324
0.374946469680108
0.375075347793175
0.375204155686905
0.375332893347622
0.375461560763581
0.375590157924973
0.375718684823911
0.375847141454436
0.375975527812503
0.376103843895986
0.376232089704666
0.376360265240231
0.37648837050627
0.376616405508269
0.376744370253605
0.376872264751544
0.377000089013234
0.377127843051703
0.377255526881849
0.377383140520441
0.377510683986112
0.377638157299353
0.377765560482508
0.37789289355977
0.378020156557178
0.378147349502606
0.378274472425764
0.378401525358191
0.378528508333245
0.378655421386106
0.378782264553765
0.378909037875017
0.379035741390463
0.379162375142499
0.379288939175308
0.379415433534863
0.379541858268913
0.379668213426982
0.379794499060362
0.379920715222109
0.380046861967031
0.380172939351693
0.3802989474344
0.3804248862752
0.38055075593587
0.380676556479919
0.380802287972574
0.38092795048078
0.381053544073188
0.381179068820156
0.381304524793736
0.381429912067674
0.381555230717398
0.381680480820017
0.381805662454311
0.381930775700727
0.382055820641371
0.382180797360004
0.382305705942032
0.382430546474505
0.382555319046105
0.382680023747143
0.382804660669552
0.382929229906878
0.383053731554278
0.383178165708509
0.383302532467927
0.383426831932472
0.383551064203671
0.383675229384623
0.383799327579998
0.383923358896028
0.384047323440501
0.384171221322752
0.384295052653662
0.384418817545643
0.38454251611264
0.384666148470115
0.38478971473505
0.384913215025933
0.385036649462751
0.38516001816699
0.385283321261621
0.385406558871096
0.385529731121341
0.385652838139748
0.38577588005517
0.385898856997913
0.386021769099728
0.386144616493806
0.386267399314769
0.386390117698664
0.386512771782956
0.386635361706521
0.386757887609639
0.386880349633987
0.38700274792263
0.387125082620016
0.38724735387197
0.387369561825684
0.387491706629711
0.387613788433958
0.387735807389681
0.387857763649471
0.387979657367258
0.388101488698291
0.388223257799141
0.38834496482769
0.388466609943123
0.388588193305921
0.388709715077855
0.388831175421979
0.388952574502622
0.389073912485379
0.389195189537108
0.389316405825918
0.389437561521166
0.389558656793448
0.38967969181459
0.389800666757644
0.389921581796878
0.390042437107771
0.390163232867003
0.390283969252452
0.390404646443183
0.39052526461944
0.390645823962644
0.39076632465538
0.390886766881394
0.391007150825582
0.391127476673986
0.391247744613785
0.391367954833288
0.391488107521927
0.391608202870251
0.391728241069915
0.391848222313677
0.391968146795388
0.392088014709986
0.392207826253488
0.392327581622985
0.392447281016631
0.392566924633638
0.39268651267427
0.392806045339833
0.392925522832669
0.393044945356149
0.393164313114667
0.393283626313629
0.393402885159452
0.393522089859549
0.393641240622328
0.393760337657183
0.393879381174486
0.39399837138558
0.394117308502773
0.394236192739331
0.394355024309466
0.394473803428338
0.394592530312038
0.394711205177589
0.394829828242934
0.394948399726931
0.395066919849343
0.395185388830835
0.395303806892965
0.395422174258177
0.395540491149794
0.395658757792009
0.395776974409881
0.395895141229328
0.396013258477116
0.396131326380858
0.396249345169
0.396367315070821
0.39648523631642
0.396603109136713
0.396720933763425
0.396838710429081
0.396956439367003
0.397074120811299
0.39719175499686
0.397309342159348
0.397426882535195
0.397544376361591
0.397661823876481
0.397779225318555
0.397896580927243
0.398013890942709
0.39813115560584
0.398248375158245
0.398365549842244
0.398482679900861
0.398599765577821
0.398716807117538
0.398833804765115
0.39895075876633
0.399067669367634
0.399184536816141
0.399301361359625
0.399418143246512
0.399534882725869
0.399651580047406
0.399768235461461
0.399884849218996
0.400001421571594
0.400117952771448
0.400234443071355
0.40035089272471
0.400467301985502
0.400583671108302
0.400700000348261
0.400816289961102
0.400932540203113
0.401048751331141
0.401164923602584
0.401281057275388
0.401397152608036
0.401513209859546
0.401629229289462
0.401745211157846
0.401861155725275
0.401977063252833
0.402092934002105
0.40220876823517
0.402324566214594
0.402440328203427
0.40255605446519
0.402671745263878
0.402787400863944
0.402903021530301
0.403018607528309
0.403134159123774
0.403249676582936
0.403365160172471
0.403480610159476
0.403596026811468
0.403711410396377
0.403826761182539
0.403942079438689
0.404057365433957
0.404172619437861
0.404287841720301
0.40440303255155
0.404518192202254
0.404633320943419
0.404748419046411
0.404863486782944
0.404978524425081
0.405093532245221
0.405208510516097
0.405323459510768
0.405438379502617
0.405553270765338
0.405668133572937
0.405782968199722
0.405897774920298
0.406012554009561
0.406127305742693
0.406242030395156
0.406356728242682
0.406471399561275
0.406586044627197
0.40670066371697
0.406815257107361
0.406929825075385
0.407044367898295
0.407158885853573
0.407273379218933
0.407387848272307
0.407502293291842
0.407616714555895
0.407731112343028
0.407845486931999
0.407959838601761
0.40807416763145
0.408188474300385
0.408302758888062
0.408417021674144
0.408531262938457
0.40864548296099
0.40875968202188
0.408873860401413
0.408988018380017
0.409102156238255
0.409216274256821
0.409330372716533
0.409444451898329
0.40955851208326
0.409672553552486
0.40978657658727
0.40990058146897
0.410014568479039
0.410128537899013
0.41024249001051
0.410356425095224
0.410470343434918
0.410584245311419
0.410698131006616
0.410812000802446
0.410925854980901
0.411039693824009
0.411153517613841
0.411267326632497
0.411381121162105
0.411494901484814
0.411608667882789
0.411722420638205
0.411836160033244
0.411949886350088
0.412063599870912
0.412177300877883
0.41229098965315
0.412404666478844
0.412518331637066
0.41263198540989
0.41274562807935
0.412859259927439
0.412972881236103
0.413086492287238
0.413200093362678
0.413313684744199
0.413427266713506
0.413540839552233
0.413654403541935
0.413767958964085
0.413881506100065
0.413995045231168
0.414108576638585
0.414222100603403
0.414335617406604
0.414449127329052
0.414562630651495
0.414676127654555
0.414789618618728
0.414903103824374
0.415016583551712
0.415130058080822
0.41524352769163
0.415356992663911
0.41547045327728
0.415583909811188
0.415697362544917
0.415810811757574
0.415924257728089
0.416037700735206
0.416151141057482
0.41626457897328
0.416378014760762
0.416491448697889
0.416604881062412
0.416718312131869
0.416831742183579
0.41694517149464
0.417058600341918
0.41717202900205
0.417285457751431
0.417398886866218
0.417512316622316
0.417625747295379
0.417739179160805
0.417852612493729
0.417966047569019
0.41807948466127
0.418192924044803
0.418306365993655
0.418419810781578
0.418533258682034
0.418646709968188
0.418760164912903
0.418873623788741
0.418987086867949
0.419100554422463
0.419214026723897
0.419327504043542
0.419440986652359
0.419554474820977
0.419667968819683
0.419781468918424
0.419894975386799
0.420008488494051
0.42012200850907
0.420235535700381
0.420349070336143
0.420462612684144
0.420576163011796
0.420689721586129
0.420803288673789
0.420916864541031
0.421030449453716
0.421144043677305
0.421257647476855
0.421371261117015
0.421484884862019
0.421598518975685
0.421712163721408
0.421825819362155
0.421939486160463
0.422053164378429
0.422166854277714
0.42228055611953
0.422394270164639
0.42250799667335
0.422621735905511
0.422735488120507
0.422849253577255
0.422963032534198
0.423076825249303
0.423190631980052
0.423304452983442
0.423418288515981
0.423532138833678
0.423646004192044
0.423759884846082
0.42387378105029
0.42398769305865
0.424101621124625
0.424215565501156
0.424329526440657
0.424443504195011
0.424557499015562
0.424671511153115
0.42478554085793
0.424899588379718
0.425013653967632
0.425127737870271
0.425241840335669
0.42535596161129
0.425470101944031
0.425584261580208
0.425698440765559
0.425812639745235
0.425926858763797
0.426041098065214
0.426155357892853
0.426269638489482
0.426383940097259
0.42649826295773
0.426612607311825
0.426726973399855
0.426841361461503
0.426955771735827
0.427070204461246
0.427184659875544
0.427299138215863
0.427413639718696
0.427528164619886
0.42764271315462
0.427757285557425
0.427871882062164
0.427986502902031
0.428101148309548
0.428215818516558
0.428330513754225
0.428445234253024
0.428559980242742
0.42867475195247
0.428789549610602
0.428904373444826
0.429019223682126
0.429134100548772
0.429249004270319
0.429363935071601
0.429478893176728
0.429593878809082
0.429708892191309
0.429823933545322
0.42993900309229
0.430054101052635
0.430169227646033
0.430284383091402
0.430399567606903
0.430514781409934
0.430630024717128
0.430745297744345
0.43086060070667
0.430975933818409
0.431091297293085
0.431206691343432
0.431322116181393
0.431437572018114
0.431553059063942
0.431668577528419
0.431784127620278
0.431899709547441
0.432015323517011
0.432130969735272
0.432246648407682
0.432362359738871
0.432478103932634
0.43259388119193
0.432709691718877
0.432825535714746
0.432941413379961
0.43305732491409
0.433173270515844
0.433289250383075
0.433405264712765
0.433521313701029
0.433637397543109
0.433753516433367
0.433869670565284
0.433985860131458
0.434102085323594
0.434218346332504
0.434334643348103
0.434450976559405
0.434567346154518
0.434683752320641
0.434800195244058
0.434916675110138
0.435033192103327
0.435149746407147
0.435266338204191
0.435382967676119
0.435499635003655
0.43561634036658
0.435733083943734
0.435849865913006
0.435966686451335
0.436083545734702
0.436200443938132
0.436317381235682
0.436434357800444
0.43655137380454
0.436668429419115
0.436785524814338
0.436902660159393
0.43701983562248
0.437137051370809
0.437254307570596
0.43737160438706
0.43748894198442
0.43760632052589
0.437723740173675
0.43784120108897
0.437958703431955
0.438076247361789
0.438193833036609
0.438311460613528
0.438429130248626
0.438546842096952
0.438664596312517
0.438782393048294
0.438900232456209
0.439018114687142
0.439136039890922
0.439254008216325
0.439372019811066
0.439490074821803
0.439608173394126
0.439726315672558
0.439844501800551
0.439962731920482
0.440081006173648
0.440199324700267
0.44031768763947
0.440436095129301
0.440554547306713
0.440673044307562
0.440791586266607
0.440910173317507
0.441028805592814
0.441147483223973
0.441266206341319
0.441384975074071
0.441503789550331
0.441622649897083
0.441741556240183
0.441860508704363
0.441979507413225
0.442098552489237
0.442217644053731
0.442336782226901
0.442455967127797
0.442575198874325
0.442694477583243
0.442813803370158
0.442933176349523
0.443052596634632
0.443172064337623
0.443291579569466
0.443411142439971
0.443530753057775
0.443650411530347
0.443770117963979
0.443889872463788
0.44400967513371
0.444129526076501
0.444249425393729
0.444369373185776
0.444489369551832
0.444609414589895
0.444729508396767
0.444849651068052
0.444969842698152
0.445090083380265
0.445210373206385
0.445330712267296
0.445451100652571
0.445571538450569
0.445692025748434
0.445812562632091
0.445933149186244
0.446053785494374
0.446174471638736
0.446295207700357
0.446415993759035
0.446536829893335
0.446657716180587
0.446778652696883
0.446899639517077
0.447020676714783
0.447141764362369
0.447262902530959
0.447384091290429
0.447505330709405
0.447626620855261
0.447747961794118
0.44786935359084
0.447990796309035
0.44811229001105
0.448233834757971
0.448355430609621
0.448477077624555
0.448598775860065
0.448720525372171
0.448842326215623
0.448964178443901
0.449086082109208
0.449208037262471
0.449330043953342
0.449452102230193
0.449574212140115
0.449696373728916
0.449818587041123
0.449940852119975
0.450063169007426
0.450185537744141
0.450307958369497
0.450430430921579
0.45055295543718
0.4506755319518
0.450798160499643
0.450920841113618
0.451043573825338
0.451166358665115
0.451289195661963
0.451412084843596
0.451535026236425
0.451658019865559
0.451781065754802
0.451904163926656
0.452027314402315
0.452150517201666
0.452273772343291
0.452397079844462
0.452520439721141
0.452643851987982
0.452767316658327
0.452890833744208
0.453014403256344
0.453138025204141
0.453261699595693
0.453385426437779
0.453509205735864
0.453633037494098
0.453756921715317
0.45388085840104
0.45400484755147
0.454128889165493
0.45425298324068
0.454377129773283
0.454501328758239
0.454625580189165
0.454749884058361
0.454874240356812
0.45499864907418
0.455123110198814
0.455247623717742
0.455372189616676
0.455496807880009
0.455621478490817
0.455746201430857
0.45587097668057
0.455995804219079
0.456120684024192
0.456245616072397
0.456370600338868
0.456495636797463
0.456620725420723
0.456745866179876
0.456871059044834
0.456996303984195
0.457121600965244
0.457246949953952
0.457372350914981
0.457497803811676
0.457623308606076
0.457748865258909
0.457874473729592
0.458000133976234
0.458125845955639
0.458251609623302
0.458377424933412
0.458503291838856
0.458629210291216
0.458755180240771
0.4588812016365
0.459007274426081
0.459133398555894
0.45925957397102
0.459385800615246
0.459512078431063
0.459638407359667
0.459764787340964
0.459891218313569
0.460017700214807
0.460144232980715
0.460270816546047
0.46039745084427
0.460524135807569
0.460650871366849
0.460777657451734
0.460904493990573
0.461031380910438
0.461158318137129
0.461285305595173
0.461412343207827
0.461539430897083
0.461666568583665
0.461793756187035
0.461920993625394
0.462048280815682
0.462175617673585
0.462303004113533
0.462430440048703
0.462557925391025
0.46268546005118
0.462813043938604
0.462940676961491
0.463068359026794
0.463196090040233
0.463323869906288
0.46345169852821
0.463579575808022
0.463707501646517
0.463835475943269
0.463963498596627
0.464091569503726
0.464219688560483
0.464347855661605
0.46447607070059
0.46460433356973
0.464732644160114
0.464861002361632
0.464989408062978
0.465117861151652
0.465246361513967
0.465374909035046
0.465503503598831
0.465632145088085
0.465760833384394
0.465889568368171
0.466018349918662
0.466147177913945
0.466276052230939
0.466404972745402
0.46653393933194
0.466662951864007
0.466792010213913
0.46692111425282
0.467050263850757
0.467179458876614
0.467308699198151
0.467437984682002
0.467567315193676
0.467696690597566
0.467826110756947
0.467955575533988
0.468085084789747
0.468214638384185
0.46834423617616
0.468473878023443
0.46860356378271
0.468733293309559
0.468863066458502
0.468992883082981
0.469122743035365
0.469252646166957
0.469382592327998
0.469512581367675
0.46964261313412
0.469772687474421
0.46990280423462
0.470032963259726
0.470163164393712
0.470293407479526
0.470423692359092
0.470554018873317
0.470684386862096
0.470814796164317
0.470945246617864
0.471075738059628
0.471206270325505
0.471336843250406
0.471467456668261
0.471598110412024
0.471728804313679
0.471859538204246
0.471990311913784
0.4721211252714
0.472251978105252
0.472382870242556
0.47251380150959
0.472644771731701
0.472775780733311
0.472906828337922
0.473037914368122
0.473169038645591
0.473300200991106
0.473431401224548
0.473562639164907
0.47369391463029
0.473825227437923
0.473956577404163
0.474087964344497
0.474219388073554
0.47435084840511
0.474482345152089
0.474613878126577
0.474745447139824
0.474877052002249
0.475008692523451
0.475140368512212
0.475272079776501
0.475403826123488
0.475535607359542
0.475667423290245
0.475799273720392
0.475931158454001
0.476063077294322
0.476195030043837
0.476327016504273
0.476459036476605
0.476591089761064
0.476723176157145
0.476855295463611
0.476987447478501
0.477119631999139
0.477251848822137
0.477384097743405
0.477516378558157
0.477648691060919
0.477781035045532
0.477913410305165
0.478045816632316
0.478178253818826
0.478310721655879
0.478443219934013
0.478575748443129
0.478708306972492
0.478840895310745
0.478973513245913
0.479106160565408
0.479238837056043
0.479371542504032
0.479504276695002
0.479637039413999
0.479769830445496
0.479902649573398
0.480035496581054
0.48016837125126
0.480301273366269
0.480434202707798
0.480567159057035
0.480700142194649
0.480833151900793
0.480966187955116
0.48109925013677
0.481232338224414
0.481365451996226
0.48149859122991
0.481631755702701
0.481764945191376
0.48189815947226
0.482031398321235
0.482164661513745
0.482297948824808
0.482431260029022
0.482564594900571
0.482697953213234
0.482831334740397
0.482964739255055
0.483098166529821
0.483231616336939
0.483365088448285
0.48349858263538
0.483632098669397
0.483765636321166
0.483899195361187
0.484032775559634
0.484166376686366
0.484299998510932
0.484433640802581
0.484567303330272
0.484700985862678
0.484834688168196
0.484968410014958
0.485102151170833
0.485235911403442
0.48536969048016
0.485503488168129
0.485637304234265
0.485771138445263
0.485904990567611
0.486038860367592
0.486172747611297
0.486306652064631
0.486440573493323
0.486574511662932
0.486708466338857
0.486842437286343
0.486976424270495
0.487110427056278
0.487244445408532
0.487378479091977
0.487512527871224
0.48764659151078
0.487780669775057
0.487914762428385
0.488048869235013
0.488182989959122
0.488317124364833
0.488451272216216
0.488585433277294
0.488719607312057
0.488853794084466
0.488987993358464
0.489122204897984
0.489256428466955
0.489390663829316
0.489524910749017
0.489659168990032
0.489793438316367
0.489927718492067
0.490062009281226
0.490196310447993
0.490330621756584
0.490464942971285
0.490599273856467
0.490733614176587
0.490867963696205
0.491002322179982
0.491136689392699
0.491271065099256
0.491405449064688
0.491539841054167
0.491674240833016
0.491808648166711
0.491943062820895
0.492077484561384
0.492211913154175
0.492346348365454
0.492480789961606
0.492615237709222
0.492749691375106
0.492884150726286
0.49301861553002
0.493153085553806
0.49328756056539
0.49342204033277
0.493556524624212
0.493691013208251
0.493825505853703
0.493960002329673
0.49409450240556
0.49422900585107
0.494363512436221
0.49449802193135
0.494632534107125
0.494767048734549
0.494901565584972
0.495036084430094
0.495170605041979
0.495305127193059
0.495439650656141
0.495574175204421
0.495708700611484
0.495843226651318
0.495977753098319
0.4961122797273
0.4962468063135
0.496381332632588
0.496515858460676
0.496650383574321
0.496784907750539
0.496919430766808
0.497053952401079
0.497188472431781
0.497322990637831
0.497457506798642
0.497592020694126
0.497726532104708
0.497861040811331
0.497995546595462
0.498130049239101
0.498264548524792
0.498399044235622
0.498533536155238
0.498668024067848
0.498802507758232
0.498936987011748
0.49907146161434
0.499205931352544
0.499340396013498
0.499474855384946
0.499609309255249
0.49974375741339
0.499878199648982
0.500012635752274
0.500147065514161
0.500281488726189
0.500415905180561
0.500550314670149
0.500684716988495
0.500819111929824
0.500953499289045
0.501087878861764
0.501222250444287
0.501356613833628
0.501490968827517
0.501625315224405
0.501759652823473
0.501893981424636
0.502028300828555
0.502162610836637
0.502296911251048
0.502431201874715
0.502565482511336
0.502699752965384
0.502834013042116
0.502968262547579
0.503102501288615
0.503236729072869
0.503370945708797
0.503505151005668
0.503639344773575
0.503773526823439
0.503907696967016
0.504041855016904
0.504176000786547
0.504310134090245
0.504444254743156
0.504578362561306
0.504712457361592
0.504846538961792
0.504980607180566
0.505114661837466
0.505248702752942
0.505382729748345
0.505516742645936
0.50565074126889
0.505784725441303
0.505918694988197
0.506052649735526
0.506186589510184
0.506320514140007
0.50645442345378
0.506588317281244
0.506722195453102
0.50685605780102
0.506989904157639
0.507123734356576
0.507257548232431
0.507391345620792
0.507525126358241
0.50765889028236
0.507792637231734
0.507926367045958
0.508060079565641
0.508193774632413
0.50832745208893
0.508461111778877
0.508594753546974
0.508728377238984
0.508861982701712
0.508995569783016
0.509129138331807
0.50926268819806
0.50939621923281
0.509529731288167
0.509663224217311
0.509796697874504
0.509930152115091
0.510063586795506
0.510197001773277
0.510330396907027
0.510463772056485
0.510597127082483
0.510730461846968
0.510863776212998
0.510997070044755
0.511130343207543
0.511263595567796
0.511396826993078
0.511530037352092
0.511663226514683
0.511796394351837
0.511929540735694
0.512062665539543
0.512195768637834
0.512328849906174
0.512461909221337
0.512594946461267
0.512727961505079
0.512860954233063
0.512993924526691
0.513126872268619
0.513259797342688
0.513392699633934
0.513525579028582
0.51365843541406
0.513791268678994
0.513924078713217
0.514056865407768
0.5141896286549
0.514322368348079
0.514455084381991
0.51458777665254
0.514720445056858
0.514853089493303
0.514985709861463
0.51511830606216
0.515250877997455
0.515383425570644
0.51551594868627
0.515648447250119
0.515780921169225
0.515913370351876
0.516045794707609
0.516178194147221
0.516310568582766
0.516442917927562
0.51657524209619
0.516707541004496
0.516839814569597
0.516972062709883
0.517104285345016
0.517236482395935
0.517368653784858
0.517500799435283
0.517632919271993
0.517765013221056
0.517897081209826
0.518029123166948
0.518161139022359
0.51829312870729
0.518425092154265
0.51855702929711
0.518688940070947
0.518820824412202
0.518952682258601
0.519084513549179
0.519216318224274
0.519348096225536
0.519479847495922
0.519611571979703
0.51974326962246
0.519874940371093
0.520006584173816
0.52013820098016
0.520269790740976
0.520401353408436
0.520532888936032
0.520664397278582
0.520795878392224
0.520927332234426
0.52105875876398
0.521190157941006
0.521321529726952
0.521452874084599
0.521584190978057
0.521715480372765
0.5218467422355
0.521977976534369
0.522109183238815
0.522240362319615
0.522371513748883
0.52250263750007
0.522633733547963
0.522764801868689
0.522895842439713
0.523026855239837
0.523157840249207
0.523288797449306
0.523419726822959
0.523550628354331
0.52368150202893
0.523812347833605
0.523943165756548
0.524073955787292
0.524204717916713
0.524335452137032
0.52446615844181
0.524596836825952
0.524727487285707
0.524858109818667
0.524988704423767
0.525119271101284
0.52524980985284
0.5253803206814
0.52551080359127
0.525641258588101
0.525771685678884
0.525902084871955
0.526032456176989
0.526162799605005
0.526293115168362
0.526423402880762
0.526553662757243
0.526683894814189
0.526814099069318
0.52694427554169
0.527074424251703
0.527204545221093
0.527334638472932
0.52746470403163
0.527594741922932
0.527724752173919
0.527854734813005
0.527984689869938
0.528114617375799
0.528244517363002
0.528374389865291
0.528504234917738
0.528634052556747
0.528763842820049
0.528893605746702
0.529023341377091
0.529153049752924
0.529282730917233
0.529412384914376
0.529542011790028
0.529671611591186
0.529801184366168
0.529930730164606
0.530060249037452
0.53018974103697
0.53031920621674
0.530448644631653
0.530578056337911
0.530707441393027
0.53083679985582
0.530966131786416
0.531095437246247
0.531224716298046
0.53135396900585
0.531483195434996
0.531612395652117
0.531741569725146
0.531870717723307
0.531999839717123
0.532128935778402
0.532258005980246
0.532387050397045
0.532516069104472
0.532645062179486
0.532774029700329
0.532902971746522
0.533031888398864
0.533160779739432
0.533289645851576
0.533418486819919
0.533547302730353
0.533676093670039
0.533804859727404
0.533933600992139
0.534062317555196
0.534191009508786
0.53431967694638
0.534448319962701
0.534576938653726
0.534705533116683
0.534834103450045
0.534962649753535
0.535091172128118
0.535219670675997
0.535348145500618
0.535476596706661
0.535605024400039
0.535733428687898
0.535861809678611
0.535990167481778
0.536118502208222
0.536246813969989
0.536375102880339
0.536503369053754
0.536631612605923
0.536759833653749
0.536888032315342
0.537016208710017
0.537144362958291
0.537272495181881
0.537400605503701
0.537528694047858
0.537656760939651
0.537784806305567
0.537912830273278
0.538040832971641
0.538168814530689
0.538296775081634
0.538424714756861
0.538552633689928
0.538680532015557
0.538808409869638
0.538936267389221
0.539064104712517
0.53919192197889
0.539319719328859
0.539447496904091
0.5395752548474
0.539702993302744
0.53983071241522
0.539958412331063
0.54008609319764
0.540213755163452
0.540341398378123
0.540469022992405
0.540596629158168
0.540724217028402
0.54085178675721
0.540979338499805
0.541106872412509
0.541234388652749
0.54136188737905
0.541489368751038
0.541616832929431
0.541744280076038
0.541871710353755
0.541999123926564
0.542126520959524
0.542253901618773
0.542381266071523
0.542508614486054
0.542635947031712
0.542763263878909
0.542890565199114
0.54301785116485
0.543145121949696
0.543272377728277
0.543399618676262
0.543526844970363
0.54365405678833
0.543781254308945
0.543908437712021
0.544035607178398
0.544162762889938
0.544289905029523
0.544417033781049
0.544544149329425
0.544671251860567
0.544798341561396
0.544925418619831
0.54505248322479
0.545179535566182
0.545306575834906
0.545433604222844
0.545560620922862
0.5456876261288
0.545814620035473
0.545941602838666
0.546068574735128
0.546195535922571
0.546322486599663
0.546449426966026
0.546576357222234
0.546703277569803
0.546830188211194
0.546957089349803
0.547083981189962
0.547210863936931
0.547337737796897
0.547464602976968
0.547591459685169
0.547718308130439
0.547845148522625
0.547971981072482
0.548098805991664
0.548225623492723
0.548352433789102
0.548479237095136
0.54860603362604
0.548732823597915
0.548859607227733
0.548986384733342
0.549113156333454
0.549239922247648
0.54936668269636
0.549493437900884
0.54962018808336
0.54974693346678
0.549873674274974
0.550000410732613
0.550127143065199
0.550253871499067
0.550380596261374
0.550507317580099
0.550634035684037
0.550760750802795
0.55088746316679
0.551014173007238
0.551140880556158
0.551267586046362
0.551394289711452
0.551520991785815
0.551647692504621
0.551774392103816
0.551901090820119
0.552027788891016
0.552154486554758
0.552281184050354
0.552407881617567
0.552534579496911
0.552661277929645
0.552787977157771
0.552914677424024
0.553041378971874
0.553168082045516
0.553294786889871
0.553421493750574
0.553548202873979
0.553674914507143
0.553801628897833
0.553928346294513
0.554055066946342
0.554181791103171
0.554308519015537
0.554435250934656
0.554561987112425
0.554688727801409
0.554815473254841
0.554942223726619
0.555068979471297
0.555195740744081
0.555322507800829
0.55544928089804
0.555576060292852
0.55570284624304
0.555829639007004
0.555956438843772
0.556083246012991
0.556210060774924
0.556336883390443
0.556463714121025
0.55659055322875
0.556717400976292
0.556844257626917
0.556971123444475
0.5570979986934
0.557224883638701
0.557351778545958
0.557478683681319
0.557605599311493
0.557732525703745
0.557859463125893
0.557986411846301
0.558113372133875
0.558240344258058
0.558367328488826
0.558494325096681
0.558621334352647
0.558748356528264
0.558875391895587
0.559002440727174
0.559129503296089
0.55925657987589
0.559383670740627
0.559510776164838
0.559637896423542
0.559765031792234
0.559892182546881
0.560019348963916
0.560146531320235
0.560273729893187
0.560400944960574
0.560528176800643
0.560655425692082
0.560782691914014
0.560909975745992
0.561037277467995
0.561164597360421
0.561291935704082
0.561419292780201
0.561546668870404
0.561674064256715
0.561801479221554
0.561928914047725
0.56205636901842
0.562183844417205
0.562311340528019
0.56243885763517
0.562566396023325
0.562693955977508
0.562821537783095
0.562949141725807
0.563076768091704
0.563204417167182
0.563332089238966
0.563459784594104
0.563587503519964
0.563715246304225
0.563843013234876
0.563970804600206
0.564098620688801
0.564226461789539
0.564354328191581
0.564482220184371
0.564610138057626
0.564738082101331
0.564866052605736
0.564994049861348
0.565122074158925
0.565250125789474
0.56537820504424
0.565506312214705
0.565634447592582
0.565762611469804
0.565890804138526
0.566019025891113
0.566147277020139
0.566275557818377
0.566403868578797
0.566532209594559
0.566660581159005
0.566788983565657
0.566917417108208
0.567045882080519
0.567174378776612
0.567302907490661
0.567431468516992
0.567560062150074
0.567688688684511
0.567817348415043
0.56794604163653
0.568074768643957
0.568203529732419
0.56833232519712
0.568461155333367
0.568590020436561
0.568718920802195
0.568847856725844
0.568976828503161
0.569105836429874
0.569234880801773
0.569363961914709
0.569493080064588
0.569622235547362
0.569751428659026
0.569880659695608
0.570009928953169
0.57013923672779
0.57026858331557
0.57039796901262
0.570527394115053
0.570656858918983
0.570786363720515
0.57091590881574
0.571045494500728
0.571175121071524
0.57130478882414
0.571434498054548
0.571564249058674
0.571694042132393
0.571823877571522
0.571953755671814
0.57208367672895
0.572213641038534
0.572343648896087
0.57247370059704
0.572603796436725
0.572733936710374
0.572864121713108
0.572994351739934
0.573124627085732
0.573254948045259
0.573385314913131
0.573515727983826
0.573646187551671
0.573776693910839
0.57390724735534
0.574037848179016
0.574168496675535
0.574299193138383
0.574429937860855
0.574560731136053
0.574691573256879
0.574822464516023
0.574953405205962
0.575084395618951
0.575215436047015
0.575346526781943
0.575477668115285
0.575608860338339
0.575740103742147
0.575871398617489
0.576002745254876
0.576134143944542
0.576265594976436
0.57639709864022
0.576528655225254
0.576660265020599
0.576791928315001
0.576923645396889
0.577055416554368
0.577187242075209
0.577319122246845
0.577451057356362
0.577583047690494
0.577715093535613
0.577847195177724
0.57797935290246
0.578111566995068
0.578243837740409
0.578376165422948
0.578508550326745
0.578640992735452
0.578773492932302
0.578906051200103
0.579038667821233
0.579171343077629
0.579304077250782
0.579436870621729
0.579569723471047
0.579702636078842
0.579835608724747
0.579968641687912
0.580101735246993
0.580234889680154
0.580368105265048
0.58050138227882
0.580634720998091
0.580768121698958
0.580901584656981
0.581035110147178
0.581168698444018
0.581302349821412
0.581436064552707
0.581569842910675
0.581703685167511
0.581837591594822
0.581971562463618
0.582105598044308
0.582239698606692
0.582373864419949
0.582508095752634
0.58264239287267
0.582776756047338
0.582911185543271
0.583045681626445
0.583180244562174
0.583314874615098
0.583449572049179
0.583584337127694
0.583719170113221
0.58385407126764
0.583989040852116
0.584124079127101
0.584259186352316
0.584394362786753
0.58452960868866
0.584664924315535
0.58480030992412
0.584935765770392
0.585071292109556
0.585206889196033
0.585342557283458
0.585478296624669
0.585614107471698
0.585749990075767
0.585885944687275
0.586021971555794
0.58615807093006
0.586294243057964
0.586430488186544
0.586566806561979
0.586703198429579
0.586839664033778
0.586976203618126
0.587112817425281
0.587249505696998
0.587386268674126
0.587523106596598
0.58766001970342
0.587797008232667
0.587934072421474
0.588071212506025
0.588208428721549
0.588345721302309
0.588483090481595
0.588620536491716
0.588758059563992
0.588895659928744
0.58903333781529
0.589171093451932
0.58930892706595
0.589446838883596
0.589584829130081
0.589722898029572
0.589861045805181
0.589999272678956
0.590137578871875
0.590275964603837
0.590414430093653
0.59055297555904
0.59069160121661
0.590830307281864
0.590969093969181
0.591107961491816
0.591246910061882
0.591385939890353
0.591525051187046
0.591664244160619
0.59180351901856
0.59194287596718
0.592082315211604
0.592221836955763
0.592361441402388
0.592501128752996
0.592640899207889
0.59278075296614
0.59292069022559
0.593060711182834
0.593200816033217
0.593341004970825
0.593481278188476
0.593621635877712
0.593762078228792
0.593902605430682
0.594043217671049
0.594183915136249
0.594324698011323
0.594465566479989
0.59460652072463
0.594747560926288
0.594888687264657
0.595029899918072
0.595171199063505
0.595312584876552
0.595454057531431
0.595595617200966
0.595737264056586
0.595878998268313
0.596020820004758
0.596162729433105
0.596304726719113
0.5964468120271
0.59658898551994
0.596731247359051
0.59687359770439
0.597016036714446
0.597158564546227
0.597301181355257
0.597443887295566
0.597586682519682
0.597729567178624
0.597872541421893
0.598015605397464
0.598158759251781
0.598302003129746
0.598445337174711
0.598588761528472
0.598732276331263
0.598875881721743
0.599019577836993
0.599163364812504
0.599307242782173
0.599451211878297
0.599595272231557
0.59973942397102
0.599883667224126
0.600028002116681
0.60017242877285
0.60031694731515
0.600461557864443
0.600606260539925
0.600751055459123
0.600895942737885
0.601040922490373
0.601185994829057
0.601331159864706
0.601476417706379
0.601621768461423
0.601767212235461
0.601912749132386
0.602058379254356
0.602204102701783
0.602349919573329
0.602495829965898
0.602641833974628
0.602787931692884
0.602934123212253
0.603080408622536
0.603226788011739
0.60337326146607
0.603519829069927
0.603666490905897
0.603813247054745
0.603960097595409
0.604107042604993
0.60425408215876
0.604401216330126
0.604548445190652
0.60469576881004
0.604843187256123
0.604990700594863
0.60513830889034
0.605286012204748
0.605433810598389
0.605581704129666
0.605729692855076
0.605877776829206
0.606025956104724
0.606174230732374
0.606322600760973
0.6064710662374
0.606619627206592
0.60676828371154
0.60691703579328
0.60706588349089
0.607214826841482
0.607363865880197
0.607513000640202
0.607662231152679
0.607811557446823
0.607960979549838
0.608110497486927
0.60826011128129
0.608409820954118
0.608559626524589
0.608709528009857
0.608859525425056
0.609009618783286
0.609159808095615
0.60931009337107
0.609460474616633
0.609610951837236
0.609761525035756
0.609912194213011
0.610062959367757
0.610213820496679
0.61036477759439
0.610515830653424
0.610666979664236
0.610818224615191
0.610969565492567
0.611121002280544
0.611272534961205
0.611424163514529
0.611575887918389
0.611727708148546
0.611879624178647
0.612031635980219
0.612183743522668
0.612335946773274
0.612488245697187
0.612640640257424
0.612793130414864
0.61294571612825
0.613098397354178
0.6132511740471
0.613404046159317
0.613557013640978
0.613710076440079
0.613863234502453
0.614016487771776
0.614169836189558
0.614323279695143
0.614476818225706
0.614630451716251
0.614784180099606
0.614938003306425
0.615091921265184
0.615245933902174
0.615400041141509
0.615554242905114
0.61570853911273
0.615862929681907
0.616017414528007
0.616171993564201
0.616326666701463
0.616481433848576
0.616636294912125
0.616791249796498
0.616946298403883
0.617101440634272
0.617256676385453
0.617412005553013
0.617567428030337
0.617722943708607
0.6178785524768
0.618034254221691
0.618190048827849
0.618345936177636
0.618501916151212
0.618657988626529
0.618814153479334
0.61897041058317
0.619126759809373
0.619283201027073
0.619439734103198
0.619596358902469
0.619753075287404
0.619909883118319
0.620066782253325
0.620223772548334
0.620380853857056
0.620538026031001
0.620695288919482
0.620852642369612
0.621010086226311
0.621167620332303
0.62132524452812
0.621482958652102
0.6216407625404
0.621798656026978
0.621956638943612
0.622114711119898
0.622272872383248
0.622431122558897
0.622589461469902
0.622747888937147
0.622906404779344
0.623065008813037
0.623223700852602
0.623382480710257
0.623541348196054
0.623700303117895
0.623859345281523
0.624018474490534
0.624177690546379
0.624336993248363
0.624496382393654
0.624655857777285
0.624815419192158
0.624975066429047
0.625134799276604
0.625294617521362
0.62545452094774
0.625614509338048
0.62577458247249
0.625934740129172
0.626094982084102
0.626255308111201
0.626415717982302
0.626576211467159
0.626736788333453
0.626897448346794
0.62705819127073
0.62721901686675
0.627379924894292
0.627540915110748
0.627701987271471
0.627863141129776
0.628024376436957
0.628185692942282
0.628347090393007
0.628508568534378
0.628670127109643
0.628831765860053
0.628993484524872
0.629155282841386
0.629317160544907
0.62947911736878
0.629641153044395
0.629803267301189
0.629965459866658
0.630127730466362
0.630290078823934
0.63045250466109
0.630615007697633
0.630777587651465
0.630940244238595
0.631102977173145
0.63126578616736
0.631428670931619
0.631591631174441
0.631754666602496
0.631917776920611
0.632080961831784
0.632244221037189
0.63240755423619
0.632570961126345
0.632734441403419
0.632897994761397
0.633061620892487
0.633225319487135
0.633389090234035
0.633552932820136
0.633716846930656
0.633880832249092
0.634044888457228
0.634209015235151
0.634373212261255
0.634537479212259
0.634701815763212
0.634866221587509
0.635030696356902
0.635195239741506
0.635359851409818
0.635524531028726
0.635689278263516
0.635854092777893
0.636018974233987
0.636183922292365
0.636348936612047
0.636514016850514
0.636679162663726
0.636844373706129
0.637009649630671
0.637174990088814
0.637340394730547
0.637505863204401
0.637671395157458
0.637836990235369
0.638002648082363
0.638168368341264
0.638334150653504
0.638499994659136
0.638665899996847
0.638831866303973
0.638997893216516
0.639163980369151
0.639330127395249
0.639496333926883
0.63966259959485
0.63982892402868
0.639995306856653
0.640161747705816
0.640328246201993
0.640494801969805
0.640661414632679
0.640828083812873
0.64099480913148
0.641161590208452
0.641328426662611
0.641495318111667
0.641662264172232
0.641829264459838
0.641996318588949
0.642163426172981
0.642330586824319
0.642497800154327
0.642665065773371
0.642832383290831
0.642999752315121
0.643167172453701
0.643334643313101
0.643502164498928
0.643669735615892
0.643837356267817
0.644005026057661
0.644172744587532
0.644340511458707
0.644508326271645
0.644676188626008
0.64484409812068
0.64501205435378
0.645180056922682
0.645348105424033
0.645516199453772
0.645684338607143
0.64585252247872
0.646020750662418
0.646189022751517
0.646357338338677
0.646525697015956
0.646694098374831
0.646862542006213
0.647031027500468
0.647199554447437
0.647368122436448
0.647536731056344
0.647705379895493
0.647874068541815
0.648042796582792
0.648211563605496
0.648380369196603
0.648549212942411
0.648718094428863
0.648887013241563
0.6490559689658
0.64922496118656
0.649393989488553
0.649563053456227
0.64973215267379
0.64990128672523
0.650070455194333
0.650239657664704
0.650408893719788
0.650578162942885
0.650747464917176
0.650916799225739
0.651086165451571
0.651255563177604
0.651424991986732
0.651594451461826
0.651763941185754
0.651933460741404
0.652103009711703
0.652272587679637
0.652442194228271
0.652611828940772
0.652781491400424
0.652951181190655
0.653120897895051
0.653290641097384
0.653460410381626
0.653630205331971
0.653800025532859
0.653969870568992
0.654139740025359
0.654309633487254
0.654479550540296
0.654649490770453
0.654819453764061
0.654989439107844
0.655159446388935
0.655329475194899
0.655499525113751
0.655669595733981
0.655839686644567
0.656009797435008
0.656179927695331
0.656350077016125
0.656520244988553
0.656690431204375
0.656860635255974
0.657030856736369
0.657201095239242
0.657371350358957
0.657541621690581
0.657711908829905
0.657882211373465
0.658052528918563
0.65822286106329
0.658393207406544
0.658563567548051
0.658733941088391
0.658904327629012
0.659074726772255
0.659245138121378
0.659415561280568
0.659585995854973
0.659756441450714
0.65992689767491
0.6600973641357
0.660267840442262
0.660438326204833
0.660608821034733
0.660779324544383
0.660949836347331
0.661120356058263
0.661290883293034
0.661461417668685
0.661631958803462
0.661802506316839
0.661973059829539
0.662143618963552
0.662314183342161
0.662484752589956
0.662655326332861
0.662825904198148
0.662996485814466
0.663167070811852
0.663337658821761
0.663508249477079
0.663678842412147
0.663849437262781
0.664020033666292
0.664190631261508
0.66436122968879
0.664531828590057
0.664702427608806
0.664873026390126
0.665043624580728
0.665214221828955
0.66538481778481
0.665555412099973
0.665726004427817
0.665896594423437
0.66606718174366
0.666237766047072
0.666408346994034
0.666578924246703
0.666749497469052
0.666920066326887
0.66709063048787
0.667261189621537
0.667431743399318
0.667602291494553
0.667772833582516
0.667943369340433
0.668113898447497
0.668284420584894
0.668454935435817
0.668625442685485
0.668795942021165
0.668966433132189
0.669136915709971
0.66930738944803
0.669477854042005
0.669648309189674
0.669818754590973
0.669989189948016
0.670159614965111
0.670330029348779
0.670500432807771
0.670670825053089
0.670841205798001
0.671011574758062
0.671181931651128
0.671352276197378
0.671522608119326
0.671692927141845
0.671863232992182
0.672033525399972
0.672203804097262
0.672374068818521
0.672544319300664
0.672714555283065
0.672884776507572
0.673054982718532
0.673225173662798
0.673395349089753
0.673565508751323
0.673735652401995
0.673905779798832
0.674075890701491
0.67424598487224
0.67441606207597
0.674586122080216
0.67475616465517
0.674926189573698
0.675096196611355
0.675266185546402
0.67543615615982
0.675606108235326
0.675776041559391
0.675945955921249
0.67611585111292
0.676285726929219
0.676455583167774
0.67662541962904
0.676795236116314
0.676965032435749
0.677134808396369
0.677304563810085
0.677474298491707
0.677644012258959
0.677813704932494
0.677983376335907
0.678153026295748
0.678322654641541
0.678492261205789
0.678661845823997
0.678831408334678
0.679000948579371
0.679170466402651
0.679339961652145
0.679509434178545
0.679678883835618
0.679848310480222
0.680017713972315
0.680187094174974
0.680356450954401
0.680525784179938
0.68069509372408
0.680864379462486
0.681033641273991
0.68120287904062
0.681372092647596
0.681541281983355
0.681710446939557
0.681879587411097
0.682048703296114
0.682217794496009
0.682386860915447
0.682555902462376
0.682724919048033
0.682893910586958
0.683062876997001
0.683231818199336
0.68340073411847
0.683569624682253
0.68373848982189
0.683907329471946
0.684076143570365
0.684244932058469
0.684413694880978
0.684582431986011
0.684751143325102
0.684919828853205
0.685088488528707
0.685257122313432
0.685425730172655
0.68559431207511
0.685762867992997
0.685931397901989
0.686099901781247
0.686268379613422
0.686436831384666
0.686605257084641
0.686773656706525
0.68694203024702
0.687110377706365
0.687278699088334
0.687446994400252
0.687615263653001
0.687783506861023
0.687951724042332
0.688119915218519
0.688288080414758
0.688456219659817
0.68862433298606
0.688792420429456
0.688960482029586
0.689128517829647
0.689296527876461
0.68946451222048
0.689632470915793
0.68980040402013
0.689968311594869
0.690136193705042
0.69030405041934
0.69047188181012
0.690639687953406
0.690807468928902
0.690975224819987
0.691142955713731
0.69131066170089
0.691478342875918
0.691645999336968
0.691813631185897
0.69198123852827
0.692148821473368
0.692316380134187
0.692483914627445
0.692651425073585
0.692818911596781
0.692986374324938
0.6931538133897
0.693321228926448
0.69348862107431
0.693655989976159
0.693823335778617
0.693990658632063
0.694157958690629
0.694325236112207
0.69449249105845
0.694659723694775
0.694826934190369
0.694994122718184
0.695161289454946
0.695328434581155
0.695495558281085
0.695662660742788
0.695829742158098
0.695996802722628
0.696163842635773
0.696330862100716
0.696497861324422
0.696664840517647
0.696831799894931
0.696998739674607
0.697165660078797
0.697332561333414
0.697499443668164
0.697666307316544
0.697833152515847
0.697999979507155
0.69816678853535
0.698333579849104
0.698500353700883
0.698667110346951
0.698833850047363
0.699000573065968
0.699167279670411
0.699333970132129
0.699500644726351
0.699667303732099
0.699833947432188
0.700000576113221
0.700167190065591
0.700333789583481
0.700500374964862
0.700666946511489
0.700833504528904
0.70100004932643
0.701166581217175
0.701333100518026
0.701499607549647
0.701666102636481
0.701832586106744
0.701999058292425
0.702165519529284
0.702331970156849
0.702498410518413
0.702664840961034
0.70283126183553
0.702997673496475
0.703164076302202
0.703330470614794
0.703496856800084
0.703663235227652
0.70382960627082
0.703995970306652
0.704162327715945
0.704328678883234
0.704495024196779
0.704661364048568
0.704827698834312
0.704994028953437
0.705160354809087
0.705326676808114
0.705492995361075
0.70565931088223
0.705825623789537
0.705991934504646
0.706158243452895
0.706324551063306
0.706490857768579
0.706657164005089
0.706823470212879
0.706989776835656
0.707156084320786
0.707322393119288
0.70748870368583
0.707655016478721
0.707821331959908
0.707987650594969
0.708153972853107
0.708320299207145
0.708486630133519
0.708652966112274
0.708819307627055
0.708985655165101
0.709152009217243
0.709318370277891
0.70948473884503
0.709651115420218
0.709817500508571
0.709983894618761
0.710150298263009
0.710316711957075
0.710483136220256
0.710649571575372
0.710816018548765
0.710982477670284
0.711148949473286
0.711315434494623
0.711481933274633
0.711648446357138
0.711814974289427
0.711981517622257
0.71214807690984
0.712314652709833
0.712481245583333
0.712647856094867
0.712814484812385
0.712981132307245
0.713147799154214
0.713314485931448
0.713481193220492
0.713647921606266
0.713814671677055
0.713981444024502
0.714148239243599
0.714315057932672
0.714481900693376
0.714648768130686
0.71481566085288
0.714982579471538
0.715149524601523
0.715316496860976
0.715483496871304
0.715650525257168
0.715817582646476
0.715984669670364
0.716151786963194
0.716318935162539
0.716486114909169
0.716653326847044
0.716820571623298
0.716987849888233
0.717155162295301
0.717322509501095
0.717489892165337
0.717657310950864
0.71782476652362
0.717992259552635
0.718159790710023
0.718327360670959
0.718494970113674
0.718662619719435
0.718830310172539
0.718998042160293
0.719165816373004
0.719333633503964
0.719501494249439
0.719669399308649
0.71983734938376
0.720005345179865
0.720173387404973
0.720341476769993
0.720509613988719
0.720677799777814
0.720846034856797
0.721014319948027
0.721182655776687
0.721351043070769
0.721519482561057
0.721687974981113
0.721856521067258
0.722025121558561
0.722193777196815
0.722362488726528
0.7225312568949
0.72270008245181
0.722868966149797
0.723037908744043
0.723206910992355
0.723375973655149
0.723545097495429
0.723714283278772
0.723883531773309
0.724052843749704
0.724222219981138
0.724391661243289
0.724561168314314
0.724730741974828
0.724900383007885
0.725070092198959
0.725239870335925
0.725409718209033
0.725579636610898
0.725749626336469
0.725919688183014
0.7260898229501
0.726260031439565
0.726430314455505
0.726600672804247
0.726771107294326
0.72694161873647
0.727112207943567
0.727282875730653
0.727453622914883
0.727624450315506
0.72779535875385
0.727966349053288
0.728137422039224
0.728308578539061
0.728479819382181
0.728651145399918
0.728822557425536
0.728994056294202
0.729165642842958
0.729337317910703
0.729509082338157
0.729680936967842
0.729852882644054
0.730024920212834
0.730197050521944
0.730369274420837
0.73054159276063
0.730714006394077
0.730886516175541
0.731059122960963
0.731231827607836
0.731404630975173
0.731577533923483
0.731750537314733
0.731923642012325
0.732096848881062
0.732270158787119
0.73244357259801
0.73261709118256
0.732790715410868
0.732964446154281
0.733138284285358
0.733312230677837
0.733486286206604
0.73366045174766
0.733834728178083
0.734009116375999
0.734183617220545
0.734358231591834
0.734532960370922
0.73470780443977
0.734882764681208
0.735057841978902
0.735233037217314
0.735408351281667
0.735583785057905
0.735759339432659
0.735935015293205
0.736110813527431
0.73628673502379
0.736462780671267
0.736638951359338
0.736815247977927
0.73699167141737
0.737168222568371
0.737344902321959
0.737521711569451
0.737698651202406
0.737875722112584
0.738052925191902
0.738230261332392
0.738407731426153
0.738585336365312
0.738763077041977
0.738940954348191
0.739118969175884
0.739297122416834
0.739475414962613
0.739653847704543
0.739832421533647
0.740011137340606
0.740189996015703
0.740368998448778
0.740548145529179
0.740727438145712
0.740906877186587
0.741086463539372
0.741266198090939
0.741446081727412
0.741626115334115
0.74180629979552
0.741986635995192
0.742167124815736
0.742347767138741
0.742528563844729
0.742709515813096
0.742890623922055
0.743071889048584
0.743253312068364
0.743434893855725
0.743616635283588
0.743798537223403
0.743980600545091
0.744162826116987
0.744345214805777
0.744527767476438
0.744710484992177
0.744893368214367
0.745076418002487
0.745259635214058
0.745443020704579
0.745626575327464
0.745810299933976
0.74599419537316
0.746178262491781
0.746362502134256
0.746546915142586
0.746731502356287
0.746916264612326
0.747101202745049
0.747286317586111
0.747471609964408
0.747657080706007
0.747842730634071
0.74802856056879
0.748214571327311
0.748400763723658
0.748587138568664
0.748773696669897
0.748960438831582
0.749147365854525
0.749334478536043
0.749521777669878
0.749709264046131
0.749896938451171
0.75008480166757
0.750272854474012
0.750461097645222
0.75064953195188
0.750838158160542
0.75102697703356
0.751215989328996
0.751405195800544
0.751594597197439
0.751784194264383
0.751973987741451
0.75216397836401
0.752354166862634
0.752544553963012
0.752735140385869
0.75292592684687
0.753116914056535
0.753308102720151
0.753499493537682
0.753691087203674
0.753882884407169
0.754074885831615
0.754267092154764
0.754459504048592
0.754652122179194
0.754844947206698
0.755037979785167
0.755231220562501
0.755424670180346
0.755618329273996
0.755812198472292
0.756006278397529
0.756200569665356
0.756395072884674
0.756589788657542
0.756784717579073
0.756979860237332
0.757175217213238
0.757370789080462
0.757566576405319
0.757762579746671
0.757958799655823
0.758155236676413
0.758351891344312
0.758548764187519
0.758745855726052
0.758943166471843
0.75914069692863
0.759338447591852
0.759536418948537
0.759734611477196
0.759933025647713
0.760131661921236
0.760330520750065
0.760529602577542
0.76072890783794
0.760928436956353
0.76112819034858
0.761328168421014
0.761528371570531
0.761728800184372
0.761929454640034
0.76213033530515
0.762331442537378
0.762532776684285
0.76273433808323
0.762936127061247
0.763138143934931
0.763340389010319
0.763542862582773
0.763745564936864
0.76394849634625
0.764151657073561
0.764355047370277
0.764558667476613
0.764762517621397
0.764966598021949
0.765170908883963
0.765375450401387
0.765580222756301
0.765785226118795
0.765990460646852
0.766195926486222
0.766401623770304
0.766607552620023
0.766813713143706
0.767020105436964
0.767226729582566
0.767433585650319
0.767640673696946
0.767847993765961
0.768055545887546
0.768263330078431
0.768471346341771
0.76867959466702
0.76888807502981
0.76909678739183
0.769305731700701
0.76951490788985
0.769724315878396
0.769933955571017
0.770143826857836
0.770353929614292
0.770564263701021
0.770774828963734
0.770985625233093
0.771196652324589
0.771407910038425
0.771619398159386
0.771831116456725
0.772043064684041
0.772255242579154
0.772467649863991
0.772680286244459
0.772893151410333
0.77310624503513
0.773319566775995
0.773533116273579
0.773746893151924
0.773960897018345
0.77417512746331
0.77438958406033
0.774604266365835
0.774819173919066
0.775034306241958
0.775249662839023
0.775465243197242
0.775681046785948
0.775897073056717
0.776113321443254
0.776329791361288
0.776546482208455
0.776763393364197
0.776980524189647
0.777197874027529
0.777415442202047
0.777633228018781
0.777851230764586
0.778069449707486
0.77828788409657
0.778506533161897
0.778725396114394
0.778944472145752
0.779163760428338
0.779383260115092
0.779602970339433
0.779822890215167
0.780043018836395
0.780263355277419
0.780483898592655
0.780704647816544
0.780925601963464
0.781146760027648
0.781368120983095
0.781589683783492
0.781811447362131
0.782033410631832
0.782255572484862
0.782477931792864
0.782700487406778
0.782923238156772
0.783146182852172
0.783369320281389
0.783592649211857
0.783816168389964
0.784039876540994
0.78426377236906
0.78448785455705
0.784712121766567
0.784936572637876
0.785161205789849
0.785386019819916
0.785611013304017
0.785836184796554
0.78606153283035
0.786287055916602
0.786512752544847
0.786738621182925
0.786964660276939
0.787190868251228
0.787417243508337
0.787643784428988
0.787870489372057
0.788097356674549
0.788324384651584
0.788551571596376
0.788778915780222
0.789006415452488
0.789234068840603
0.789461874150053
0.789689829564376
0.789917933245165
0.790146183332071
0.790374577942808
0.790603115173162
0.790831793097001
0.791060609766297
0.791289563211136
0.791518651439745
0.791747872438515
0.791977224172028
0.792206704583087
0.792436311592754
0.792666043100386
0.792895896983672
0.793125871098683
0.793355963279918
0.793586171340353
0.793816493071497
0.794046926243452
0.79427746860497
0.794508117883523
0.79473887178537
0.794969727995628
0.79520068417835
0.795431737976604
0.795662887012555
0.795894128887555
0.796125461182233
0.796356881456587
0.796588387250086
0.796819976081771
0.797051645450362
0.797283392834364
0.797515215692188
0.797747111462262
0.79797907756316
0.798211111393719
0.798443210333179
0.798675371741306
0.798907592958539
0.799139871306128
0.799372204086279
0.799604588582307
0.799837022058787
0.800069501761716
0.800302024918672
0.800534588738981
0.80076719041389
0.800999827116741
0.801232496003148
0.801465194211184
0.801697918861564
0.801930667057842
0.802163435886601
0.802396222417658
0.802629023704265
0.802861836783322
0.803094658675584
0.803327486385883
0.803560316903344
0.803793147201617
0.804025974239104
0.804258794959189
0.804491606290484
0.804724405147065
0.804957188428722
0.805189953021208
0.805422695796497
0.805655413613041
0.805888103316033
0.806120761737678
0.806353385697462
0.806585972002428
0.806818517447459
0.80705101881556
0.807283472878148
0.807515876395341
0.807748226116262
0.807980518779333
0.80821275111258
0.808444919833949
0.808677021651609
0.808909053264278
0.809141011361535
0.809372892624152
0.809604693724421
0.809836411326481
0.810068042086661
0.810299582653819
0.810531029669682
0.810762379769196
0.810993629580879
0.811224775727174
0.811455814824806
0.811686743485148
0.811917558314585
0.81214825591488
0.812378832883555
0.812609285814257
0.812839611297145
0.813069805919268
0.813299866264956
0.813529788916205
0.813759570453071
0.813989207454066
0.814218696496557
0.814448034157167
0.814677217012179
0.814906241637947
0.8151351046113
0.815363802509963
0.815592331912969
0.815820689401076
0.816048871557193
0.8162768749668
0.816504696218376
0.816732331903828
0.816959778618921
0.817187032963713
0.817414091542989
0.817640950966702
0.817867607850409
0.818094058815717
0.818320300490722
0.818546329510459
0.818772142517351
0.818997736161652
0.819223107101904
0.819448252005388
0.819673167548576
0.81989785041759
0.820122297308657
0.820346504928568
0.820570469995136
0.820794189237659
0.821017659397381
0.821240877227952
0.821463839495894
0.821686542981067
0.82190898447713
0.822131160792009
0.822353068748363
0.82257470518405
0.822796066952597
0.823017150923662
0.823237953983507
0.823458473035464
0.823678705000401
0.823898646817192
0.824118295443185
0.82433764785467
0.824556701047342
0.824775452036774
0.824993897858879
0.825212035570379
0.825429862249268
0.82564737499528
0.825864570930348
0.826081447199072
0.826298000969179
0.826514229431984
0.82673012980285
0.826945699321648
0.827160935253214
0.827375834887805
0.827590395541553
0.827804614556923
0.828018489303157
0.828232017176733
0.828445195601804
0.828658022030655
0.828870493944139
0.829082608852125
0.829294364293935
0.829505757838787
0.829716787086229
0.829927449666572
0.830137743241327
0.830347665503628
0.830557214178664
0.830766387024104
0.830975181830515
0.831183596421785
0.83139162865554
0.831599276423556
0.831806537652172
0.832013410302697
0.832219892371818
0.832425981892
0.832631676931889
0.832836975596703
0.833041876028631
0.833246376407222
0.83345047494977
0.833654169911699
0.833857459586946
0.834060342308334
0.834262816447951
0.834464880417516
0.834666532668749
0.834867771693734
0.835068596025282
0.835269004237283
0.835468994945063
0.835668566805732
0.835867718518535
0.836066448825188
0.836264756510222
0.836462640401319
0.836660099369643
0.836857132330166
0.837053738242001
0.837249916108715
0.837445664978651
0.837640983945247
0.837835872147339
0.838030328769472
0.838224353042209
0.838417944242424
0.838611101693603
0.838803824766141
0.838996112877626
0.839187965493134
0.839379382125505
0.839570362335631
0.839760905732729
0.839951011974619
0.840140680767993
0.840329911868685
0.840518705081935
0.840707060262654
0.840894977315682
0.841082456196048
0.841269496909219
0.841456099511361
0.841642264109577
0.841827990862167
0.842013279978862
0.842198131721074
0.842382546402132
0.842566524387525
0.842750066095134
0.842933171995473
0.843115842611917
0.843298078520938
0.843479880352334
0.84366124878946
0.843842184569454
0.844022688483467
0.844202761376889
0.844382404149576
0.844561617756075
0.844740403205849
0.844918761563504
0.845096693949015
0.845274201537949
0.845451285561695
0.84562794730769
0.845804188119642
0.845980009397769
0.84615541259902
0.846330399237311
0.84650497088376
0.846679129166917
0.846852875773008
0.847026212446172
0.847199140988705
0.847371663261304
0.84754378118332
0.847715496733006
0.847886811947779
0.848057728924475
0.848228249819619
0.84839837684969
0.848568112291401
0.848737458481974
0.848906417819431
0.849074992762879
0.849243185832817
0.849410999611431
0.849578436742914
0.849745499933782
0.8499121919532
0.850078515633319
0.850244473869621
0.850410069621269
0.850575305911473
0.850740185827859
0.850904712522856
0.851068889214084
0.851232719184764
0.85139620578413
0.851559352427864
0.851722162598529
0.851884639846031
0.852046787788085
0.852208610110697
0.852370110568663
0.852531292986082
0.852692161256885
0.85285271934538
0.853012971286819
0.853172921187974
0.853332573227742
0.853491931657758
0.853651000803041
0.853809785062647
0.853968288910353
0.854126516895363
0.854284473643026
0.854442163855593
0.85459959231299
0.854756763873611
0.854913683475154
0.855070356135463
0.855226786953418
0.855382981109837
0.855538943868419
0.855694680576714
0.855850196667125
0.856005497657942
0.856160589154411
0.856315476849839
0.856470166526731
0.856624664057974
0.856778975408045
0.856933106634276
0.857087063888141
0.857240853416605
0.857394481563501
0.857547954770963
0.857701279580899
0.857854462636514
0.858007510683885
0.858160430573586
0.858313229262364
0.858465913814872
0.858618491405457
0.858770969320011
0.858923354957871
0.859075655833794
0.85922787957999
0.859380033948217
0.859532126811955
0.859684166168639
0.859836160141971
0.859988116984308
0.860140045079124
0.860291952943556
0.860443849231028
0.860595742733962
0.860747642386581
0.860899557267802
0.861051496604215
0.861203469773171
0.861355486305966
0.861507555891122
0.86165968837779
0.861811893779247
0.861964182276524
0.862116564222138
0.862269050143957
0.862421650749185
0.862574376928485
0.86272723976023
0.862880250514896
0.863033420659608
0.863186761862822
0.863340285999173
0.86349400515448
0.86364793163092
0.863802077952364
0.863956456869908
0.864111081367572
0.864265964668198
0.864421120239548
0.864576561800601
0.864732303328065
0.864888359063107
0.865044743518318
0.865201471484903
0.865358558040124
0.865516018554994
0.865673868702234
0.865832124464506
0.865990802142923
0.866149918365858
0.866309490098057
0.866469534650065
0.866630069687984
0.86679111324357
0.866952683724682
0.867114799926103
0.867277481040738
0.867440746671207
0.867604616841858
0.867769112011198
0.867934253084776
0.868100061428522
0.86826655888257
0.86843376777558
0.868601710939584
0.86877041172536
0.868939894018383
0.869110182255352
0.869281301441326
0.869453277167503
0.869626135629645
0.869799903647203
0.86997460868315
0.870150278864562
0.870326943003978
0.870504630621565
0.870683371968132
0.870863198049024
0.871044140648926
0.871226232357631
0.871409506596805
0.871593997647795
0.871779740680514
0.871966771783473
0.872155127994994
0.872344847335648
0.872535968842002
0.872728532601704
0.872922579789976
0.873118152707588
0.873315294820366
0.873514050800307
0.873714466568387
0.873916589339116
0.874120467666945
0.874326151494596
0.874533692203406
0.87474314266579
0.874954557299901
0.875167992126622
0.875383504828964
0.875601154814024
0.875821003277586
0.87604311327153
0.876267549774154
0.876494379763571
0.876723672294324
0.876955498577377
0.877189932063648
0.877427048531266
0.877666926176727
0.877909645710159
0.878155290454889
0.878403946451539
0.878655702566877
0.878910650607674
0.87916888543981
0.879430505112914
0.879695610990823
0.879964307888161
0.880236704213352
0.880512912118426
0.880793047655961
0.881077230943547
0.881365586336176
0.881658242606987
0.881955333136813
0.882256996113007
0.882563374738071
0.882874617448605
0.883190878145159
0.883512316433594
0.883839097878592
0.884171394269992
0.884509383902692
0.884853251870864
0.885203190377322
0.885559399058888
0.885922085328706
0.886291464736454
0.88666776134753
0.887051208142293
0.887442047436564
0.887840531324632
0.888246922146104
0.888661492978038
0.889084528153869
0.889516323810745
0.889957188467019
0.890407443631723
0.890867424447996
0.891337480372573
0.891817975893555
0.892309291288886
0.892811823428059
0.893325986619805
0.893852213508684
0.894390956023693
0.894942686382238
0.895507898153054
0.896087107381883
0.896680853784026
0.897289702008162
0.897914242976119
0.898555095303674
0.899212906807769
0.899888356105959
0.90058215431432
0.901295046850504
0.902027815349129
0.902781279697219
0.903556300197982
0.904353779871864
0.905174666904451
0.906019957251557
0.906890697412599
0.907787987384235
0.908712983807151
0.909666903319879
0.910651026134642
0.911666699851376
0.91271534352734
0.913798452021155
0.91491760063158
0.916074450052972
0.917270751671153
0.918508353225342
0.919789204863896
0.921115365623874
0.922489010366937
0.923912437206798
0.925388075466348
0.926918494205817
0.928506411366825
0.930154703580966
0.93186641669573
0.933644777075136
0.93549320373737
0.937415321397147
0.939414974486459
0.941496242233823
0.943663454889228
0.945921211189759
0.948274397169347
0.950728206425433
0.953288161965492
0.95596013976762
0.958750394201626
0.96166558547057
0.964712809247519
0.967899628698565
0.97123410910107
0.974724855285757
0.978381052153044
0.982212508537799
0.986229704723074
0.990443843932344
0.994866908161877
0.99951171875
