-0.000411620792124544
-0.0300449420994561
-0.0588363006370837
-0.0869546867661304
-0.110289883812932
-0.130879829854852
-0.159529763909542
-0.179736558854009
-0.210516917324097
-0.205815136666231
-0.218440754541082
-0.244284181410462
-0.26233421097126
-0.272146288598337
-0.272727373294178
-0.278112151207406
-0.278150015411971
-0.287383179556463
-0.287644373978023
-0.255274702690615
-0.284385837325177
-0.294619184560912
-0.303532352637346
-0.327574213268555
-0.314294623547953
-0.329957564928437
-0.358507146506398
-0.342382758997511
-0.301296589944505
-0.313255369488716
-0.225664387806143
-0.185580876392164
-0.191693453973607
-0.186061758336619
-0.1453423138292
-0.170532597254114
-0.111324487699386
-0.0896256095354391
-0.104612662581573
-0.0917869318823397
-0.0962619388743551
-0.0122287501181002
0.00895024353067764
0.0602132485992053
0.0612482345842227
0.0479127638878214
0.08116060608069
0.0949315712189684
0.0837689332887632
0.0667254631746288
0.152652977994153
0.178585694641638
0.151472258647048
0.182511905281784
0.192380384162284
0.185074929321194
0.270610086761422
0.299281200637349
0.272688799055677
0.24408091668387
0.240719303520418
0.292488791523686
0.304051048068384
0.278122073368619
0.276650601601743
0.249450645601676
0.25993965834697
0.247278254552703
0.2354900905808
0.242789163980758
0.224832130837157
0.254578284723861
0.235753083305365
0.259476570215045
0.291275535943236
0.268394606825783
0.311736346886692
0.291862578604658
0.295638701797362
0.312136018613918
0.286904418440906
0.274251738871239
0.253417460527408
0.254205692844836
0.224525803551733
0.201052117316136
0.196075594208363
0.316311696745918
0.310751405825685
0.285289768653282
0.326364410706927
0.299282397860717
0.332303349533332
0.319212545749769
0.288531731198539
0.292014179611442
0.30051226285206
0.30091233779369
0.282954481874801
0.291755885857089
0.310327961432521
0.294342856898343
0.264644209215504
0.291743664399414
0.290362941537067
0.267358361083102
0.248764248919788
0.232600827685059
0.238052960849272
0.219415872961017
0.200778933774611
0.19039110581633
0.168610564034765
0.152030967620283
0.12154345182798
0.112569143287038
0.0912030416723675
0.0750631852282759
0.110620572875086
0.112400758985107
0.106050336984346
0.111156410867622
0.0950815113337899
0.0795600728758048
0.0564387773104693
0.0259016554239304
0.0501726485595428
0.0357654899950832
0.0290873431136385
0.060076554983425
0.0759593704344681
0.045228912769093
0.0328460357639333
0.0595136515470109
0.0721103090901618
0.0455954297493832
0.0356775949182815
0.00631089029818455
-0.0136498080790357
-0.0335513867207382
-0.0550030283919973
-0.0604082625669715
-0.0832735210316944
-0.104494168110564
-0.134929708672122
-0.152527215575572
-0.178153481500278
-0.194320850650231
-0.219292978472232
-0.219328623834119
-0.215755181387429
-0.243071922984924
-0.22442393574114
-0.226858590812207
-0.251071647658848
-0.268898109934733
-0.269480035368169
-0.226364455965597
-0.251087592358242
-0.229988165176063
-0.236603590613028
-0.236244188745974
-0.246784727893107
-0.270585783410159
-0.290935100259397
-0.248644684575122
-0.278589136678478
-0.235854690314738
-0.249663287271056
-0.271415874424162
-0.287718253355595
-0.309980075563939
-0.289596734012743
-0.320473345881023
-0.334236376884229
-0.300350479596461
-0.179803320517954
-0.129031295883109
-0.141980372122762
-0.106957611354399
-0.115603523469615
-0.0271861975766257
-0.0277243574083315
-0.0512087112410855
-0.0821108029367554
-0.0803116687475036
-0.106805426830711
-0.116547016588154
-0.131975609498816
-0.152053048027557
-0.176823115304057
-0.203628428721235
-0.170022239441868
-0.185736216845084
-0.212458637493405
-0.239055932833701
-0.261300451963331
-0.291235900938261
-0.313677852055132
-0.295612973874424
-0.296177120182711
-0.29499013657401
-0.300254975959231
-0.263135671918576
-0.26607344088106
-0.262176843995085
-0.266221337818843
-0.277530599437486
-0.145208247946273
-0.112774745200682
-0.111169159732336
-0.10746769475028
-0.126665471832033
-0.135312934050695
-0.16547183006059
-0.177924143044657
-0.179286071097368
-0.18447669474447
-0.177155743449704
-0.173132070139236
-0.201062948290116
-0.203275528922737
-0.232468072354255
-0.250576738943701
-0.245273236820374
-0.271621801725327
-0.290586514636987
-0.321068710834292
-0.31040311120184
-0.248259995078422
-0.268741612565816
-0.27112169521481
-0.298485754102373
-0.318405217772411
-0.332761485736139
-0.321503639216458
-0.336294314934629
-0.328249908965005
-0.335733267340215
-0.320622157840351
-0.280755135284445
-0.295481411719302
-0.299840023896237
-0.283227804245589
-0.293231860554815
-0.276074132440352
-0.303285210432972
-0.286511224969431
-0.2755953074772
-0.278283354846175
-0.276926526013215
-0.189578565223191
-0.21015755323879
-0.222281793227559
-0.239378637146494
-0.249278877476511
-0.279987670757125
-0.187040512389959
-0.18776231509248
-0.161372042341169
-0.183891954648476
-0.212593443946245
-0.213261595010554
-0.225803799502515
-0.244300357884217
-0.260930922813323
-0.26982157630035
-0.260154873231796
-0.274201074119564
-0.223182790362804
-0.187922630326499
-0.213204335286981
-0.206234386428124
-0.153926524448689
-0.012623341259264
0.0127608403101291
0.0211840123622942
0.00627693847358479
-0.0201337291225165
0.0498284486906648
0.0409890298333018
0.0806581932730062
0.055379762864602
0.039405004982207
0.0387495571733254
0.0145584589814369
0.0072862751463223
-0.0104394946312727
-0.0403210190273384
-0.0604234764102927
-0.0484553114974577
-0.0566976125928349
-0.0775732412115087
-0.0308334216716624
-0.0192325729700116
-0.0179200385537666
-0.0471816888615759
-0.0225570554165984
-0.0428570797047225
-0.0647409336909703
-0.0299950678780032
-0.0232917490960585
-0.0486583938253045
-0.0475073542807785
-0.0526124056526509
-0.0689696479866573
-0.0768114900130179
-0.0154542228930179
-0.00334992212801666
0.115658674038459
0.107465240462796
0.151245375264411
0.178917559006466
0.169121133379052
0.139174760106137
0.120289050224677
0.118031282708218
0.107638087991452
0.141894880620981
0.112644696620006
0.148958006393441
0.140739151336691
0.136943799969774
0.108371301545469
0.160587584048072
0.18592858002962
0.17594939761314
0.174035076716587
0.152045282584181
0.124591559245987
0.178211137064478
0.171630133685737
0.143839116839489
0.132846338346409
0.222137162141644
0.197898619605501
0.172470872326301
0.143304135734736
0.125689346706071
0.12608507915319
0.145073529450736
0.13992758358372
0.120341956245685
0.128093146105249
0.105613000806715
0.0816673001740842
0.051627620351157
0.0225479673056306
0.00679706061553986
-0.016897289746737
-0.0469387668361243
0.00506264283011859
-0.012377105057837
0.0167802532187018
0.0215533522240854
0.0910236255206609
0.0860297079063645
0.065558979800878
0.0394070471028982
0.00822489086217715
0.0601378281003146
0.0475668007391725
0.0541726705265084
0.0532138687358419
0.0529071687286375
0.0775245897863126
0.061826165770416
0.0373708812522437
0.0122057408621679
0.0791004470372663
0.07743331763184
0.121525520801503
0.10227250897066
0.088229941122469
0.11800983942666
0.0883320769314047
0.0592082518855097
0.0314680949652253
0.0107125454671966
-0.00748444471202525
0.0308396932201926
0.0561719129032241
0.050112304382953
0.038618689953001
0.0117024818450453
0.0211654880191698
0.000642921056556389
0.0145000380410583
0.0280323865626038
-0.00114174898104658
-0.0140475181633093
-0.0262025352135957
-0.0221132839287357
-0.052632124692483
0.0046376204228622
0.00683244809152228
-0.00147431251687635
-0.00199520741855785
-0.0148078760963521
-0.0236764150776754
-0.0324618036902198
-0.0407624595669773
0.0522075043619541
0.0488886250048637
0.0196202099461562
-0.00346373112402532
-0.0226838728195329
-0.00702079879785877
-0.0363819614045902
-0.0616215447819251
-0.0469619064654054
-0.0740683616684557
-0.0959819326728493
-0.112615173253769
-0.0293530443350853
-0.0522428135378075
-0.0501773438024173
-0.020182621412637
-0.0338925144912157
-0.0508883650150285
0.0105353017444738
0.071471903707069
0.0433043578441126
0.0378228625414092
0.0278562915119203
0.0122775531035462
0.0980544454337622
0.101339671069356
0.112514604511093
0.0848962669357523
0.078123107340625
0.0625050588639375
0.0566326223438107
0.11539497394252
0.135289580649401
0.109567523736374
0.0976991534882092
0.120176271745011
0.136449952718277
0.115576548263272
0.105578674742327
0.110506461105091
0.0943607278391454
0.0977797683119022
0.14027297901316
0.194202964552273
0.214304896975989
0.231018226197632
0.203124050881479
0.191336624527951
0.177053876773654
0.161095641817903
0.17253472737066
0.147089085604891
0.140944706040413
0.173690377592324
0.16297454812892
0.148929597740322
0.152358402416246
0.211986044289912
0.189705621097881
0.190184598037158
0.183464350188517
0.162036842803694
0.158624212915051
0.208670231096722
0.200230161681622
0.20596693962951
0.184542137640848
0.184341571894185
0.207683736963004
0.182659674490745
0.170453198899335
0.161882503243069
0.136142552960765
0.192858438889585
0.177462800956507
0.163711820060961
0.190806080675022
0.192211238987227
0.163640693210741
0.15946391683865
0.163673963995382
0.135198822566956
0.120238455549149
0.0925769333715554
0.105802377388017
0.0953575256655199
0.0945800774028207
0.0761244637640974
0.0608735078800517
0.0429463957717413
0.034393733426473
0.0502076502938422
0.0374005906789066
0.0158281335264192
-0.0135394475924215
-0.0304831158076002
-0.0240855831541218
-0.0433974035514169
-0.0557935558740645
-0.0768278927785566
-0.0976534018078574
-0.119457171926488
-0.150298909029058
-0.103112964282959
-0.0966934583831538
-0.114821506112859
-0.113934911408698
-0.13991478165404
-0.166172497860032
-0.134973568107075
-0.153920466905928
-0.142051099593763
-0.136670262544328
-0.0568591482618928
-0.0813134745137845
-0.0948133311981394
-0.125336011667969
-0.0656068424418237
-0.0433193302412533
-0.0397256522305263
-0.0695625994605784
-0.057465105792275
-0.0682577638089157
-0.0995088045233672
-0.127923511355892
-0.126648882857818
-0.0652392967741449
-0.0747176733663757
-0.0963867952320641
-0.100640162319422
-0.112059922920182
-0.111804911177561
-0.107416392599241
-0.134392847763408
-0.128244428753383
-0.133137897405167
-0.111490713719665
-0.116808777514024
-0.0757773988866752
-0.0905613466725619
-0.120557052572025
-0.142756988827493
-0.148104974920034
-0.10109419109353
-0.121106404675352
-0.14059866196083
-0.110729876907971
-0.13658233872755
-0.153830156918222
-0.109208232963404
-0.127035612644008
-0.11612968719022
0.0332651029322477
0.00334688447847142
0.0359947952172064
0.0104851158111465
0.00562392202765949
-0.0220896547385578
-0.0180272781054747
-0.0136656606735137
0.00866573813840432
-0.00931085076993554
-0.0368062134757423
-0.0499463593907308
-0.0710465749860454
-0.0903225873545601
-0.0447537222998413
-0.0631181836249297
-0.015757911867162
-0.0466099178531927
-0.0708802357380733
-0.0803221521678381
-0.0713676615230732
-0.0923620149946558
-0.117987093847841
-0.119395659397444
-0.124185669080546
-0.146925078909181
-0.173085497474439
-0.176322228724821
-0.118595450021139
-0.0858553368522301
-0.0714158654573147
-0.0636884406310507
-0.0870691015894778
-0.0287379524987053
-0.0569508306275353
-0.06894642621711
-0.0493558042783562
-0.0669939590478066
-0.0627176516258707
-0.0820182771877782
0.0656828442962905
0.0351907698469169
0.0221987888760893
0.00608886263093922
-0.00831088630508603
-0.00969729026666144
-0.0398058342003331
-0.0550457618715612
-0.0753985830633788
-0.0639676475567192
-0.0813276665017106
-0.071909888683038
-0.0490660707487223
-0.0588466778880239
-0.0886659619072212
-0.113791170755551
-0.134551641088269
-0.104803774017039
-0.113428872374882
-0.131318345945726
-0.161372447330049
-0.182369987838957
-0.188472120296961
-0.21741072606067
-0.22754865541706
-0.257758468936352
-0.22935372861674
-0.130832720673208
-0.153738934522668
-0.182846606287598
-0.179711553845326
-0.178660430336961
-0.202519469318045
-0.220473889224273
-0.194814709707401
-0.206528792537693
-0.166023170671128
-0.194216737849242
-0.222567343655523
-0.238704960975792
-0.267963215504619
-0.244790340393376
-0.275679297660187
-0.196619389383702
-0.192251281119439
-0.0848599354405124
-0.0109631600846498
0.0106464629095662
-0.0108960792746018
-0.0397984924393455
-0.0641946677597751
-0.0769940777114648
-0.0107020554735655
-0.0327345207758256
0.0722972440176513
0.063958044931681
0.053357199115279
0.096473717842823
0.1685400103805
0.150045509624064
0.151381681921023
0.162840898886408
0.194611545824639
0.165174989713158
0.136098597750845
0.106245145263255
0.0774279080943607
0.0881026071074054
0.102487150150086
0.082885650563302
0.0557134693444787
0.0928013827356899
0.160813019060598
0.171466749922754
0.164126414496085
0.158840750342332
0.194693618046816
0.187684783894184
0.165958893428584
0.150048971109754
0.150940673000964
0.141438693945968
0.163583133120767
0.15249364452227
0.215896663942619
0.188080320274771
0.162888661209912
0.204673906136552
0.175947059539293
0.165644340615984
0.163887325445053
0.203671207530572
0.173732639048669
0.213301100234322
0.194256825035442
0.197548210735288
0.180942607287879
0.227256142460977
0.223509967514058
0.192487284232193
0.187201934502106
0.159773853092062
0.144896073645224
0.119960596314424
0.108500990227313
0.104050578858615
0.161803309110798
0.139286782361456
0.157615827878008
0.133931024169797
0.145441466648972
0.14337331005245
0.148867220098783
0.134527635761877
0.130177096630309
0.138507052199991
0.14136453541682
0.121296940097945
0.158369975890793
0.135797565086506
0.108779742761772
0.092133295883734
0.0963869930010404
0.0763308674158338
0.0617847533708975
0.0344539989172006
0.00823452024582849
-0.00163206957542883
-0.0257755655083116
-0.0341962906755597
-0.0561052314043167
-0.0816507019420243
-0.0917011826520593
-0.121020051556822
-0.143599648252589
-0.131813355072573
-0.127371766485432
-0.151823777698887
-0.147467819690419
-0.133581866611525
-0.116711024857302
-0.143499458765618
0.00105637647706303
-0.0102253362947557
0.0402561471822409
0.0890223801675702
0.0863258394398301
0.0774253780065592
0.109936837754368
0.0793085066837946
0.0693355827480033
0.103518652545329
0.0853761313086707
0.108337577905949
0.0920343778423316
0.0611010692038505
0.0302887720084613
-0.000431128218121302
-0.0122759173460878
-0.0399939340721147
-0.0462103160649576
-0.0711952515302521
-0.0764787073449966
-0.0658300151150293
-0.0465485590902404
0.0139535207042947
0.101550838585514
0.090730686365923
0.072066672680414
0.119203140041446
0.0896504939608711
0.0612602876828561
0.0498462777552611
0.044738748425182
0.0227768025314461
0.0239036867110727
0.0823812980362675
0.0812327407641007
0.0688420757578676
0.0677579420286882
0.0790978384403545
0.0541191055056309
0.0525565746632068
0.0996103884987605
0.0684081367832974
0.200808301175957
0.219215762745893
0.213742475771483
0.188080627696156
0.174692679552823
0.149943009337029
0.150022485295061
0.139865565731732
0.179773107648028
0.261908120506362
0.242041323288646
0.292373273150943
0.382854362302233
0.377656011391448
0.403076490884761
0.376693146289043
0.373597190363114
0.37171451648496
0.344931706427335
0.344591849134719
0.32332955815107
0.307174908191271
0.342089996663312
0.351883142000069
0.414913613736644
0.439887910477566
0.443356636496084
0.41925779610462
0.399724572592014
0.413050060670464
0.419971207243229
0.423904404755245
0.471391643833677
0.497186718398876
0.479296745862285
0.467522172267891
0.447387740225345
0.421054479970451
0.420190648818554
0.416879268419684
0.469618117629793
0.566484976692927
0.538887526988667
0.555180395525461
0.585469583202674
0.557008918767707
0.54064377669846
0.514980523899744
0.516353203853129
0.501914121802365
0.489019043515114
0.472561865071732
0.449632634884679
0.429228515967353
0.398012267771488
0.388875199236459
0.365447397880175
0.447372117174805
0.51346725139523
0.482648556036967
0.456304492784152
0.437206305875275
0.425175147768531
0.408904731243855
0.37911132812096
0.391995776142849
0.401525145223495
0.384361797695806
0.358065802602173
0.341488295383346
0.354974262978317
0.332634820062228
0.301475597127268
0.314575527805676
0.314141381871909
0.290383227943149
0.286542017181887
0.306699264634613
0.282926294396667
0.344746075644512
0.343422778918583
0.338070809909315
0.306884902186159
0.301383519633237
0.277033185402008
0.270579328571145
0.246027839535465
0.221731606113174
0.192063110134438
0.16136217002698
0.210580211669562
0.212141914123976
0.221537786936832
0.19730522674099
0.227747516640605
0.205250460840031
0.177970956340971
0.156342920533749
0.13420064289252
0.1122584824193
0.153510238728959
0.126640052157729
0.0955160698139288
0.0719340716892063
0.0524326492257039
0.0237990616770638
0.0229083570560888
-0.00758429085008672
-0.0330203609531061
-0.0547071816808966
-0.08003226097129
-0.108828753895867
-0.123285553616494
-0.144886781241315
-0.136932843101999
-0.165386001791109
-0.155182672893392
-0.136892905561563
-0.158714363644652
-0.171683662873338
-0.188267964967981
-0.176027276684156
-0.203117829950102
-0.227258480098115
-0.244826961783442
-0.230323420903538
-0.260097621260147
-0.263299272871237
-0.255177097852162
-0.273733487843447
-0.280315859948697
-0.289077274257448
-0.303837952144221
-0.333955384644284
-0.360526760150297
-0.381607727248454
-0.412013540620229
-0.394491432742811
-0.362216797703699
-0.376451252598965
-0.377843591440765
-0.39560003322779
-0.42676475367395
-0.418516107382896
-0.436353811666962
-0.43431359242544
-0.450750845023666
-0.453811058960323
-0.466744533466912
-0.478694146930916
-0.50628406814926
-0.525237873636325
-0.543440051366996
-0.562875758925198
-0.588077726048478
-0.615850472589564
-0.630650518460882
-0.637687015606385
-0.668946701461998
-0.698644707533752
-0.729760967844452
-0.734678287801561
-0.763775975597802
-0.764015778410236
-0.775798399406128
-0.787851685122288
-0.727042780081359
-0.736315703715697
-0.690810670249444
-0.542414034976275
-0.551986740552927
-0.581631741905348
-0.609086308738128
-0.497672171116719
-0.521524622643806
-0.512747654996218
-0.537557010594252
-0.502688568264002
-0.461382919474286
-0.487570018428247
-0.445958323254033
-0.459653197693786
-0.448695398356772
-0.324426635324123
-0.345774678020952
-0.228756543397104
-0.195126664316284
-0.190129852802208
-0.00722048700333389
-0.0323932196114995
0.100208733318027
0.116833468917338
0.0977287612642606
0.0718864623615154
0.210256388235315
0.235648413792177
0.210085119403825
0.248207599419693
0.306376325487676
0.306950871535811
0.323733842856747
0.328073700246428
0.352637855061197
0.334868620556641
0.306365544167104
0.289636742435597
0.301683425270767
0.305015619457397
0.291199103325518
0.308241404559137
0.333312433028116
0.390627317239172
0.388289139423577
0.414013779646144
0.435557591241121
0.45355766530232
0.425812120810715
0.396110491647782
0.3919030278796
0.361739321151212
0.398618018891039
0.419370920212273
0.400599357032434
0.374482653367068
0.352053142518564
0.320989582645282
0.30554918439535
0.297523083071638
0.300825641189764
0.270834609297651
0.262743851163989
0.271598526020043
0.269578060759059
0.245186722048466
0.228974000877173
0.209701763588455
0.181002282452965
0.159321377949848
0.132085389488221
0.101174569798832
0.0727220636267631
0.0424500144554933
0.0113093736194294
