0.001953125
0.00457116454496457
0.00716607781036182
0.00973813294527254
0.0122875944794471
0.0148147233782707
0.017319777096817
0.0198030096329996
0.0222646715798323
0.0247050101768249
0.0271242693605261
0.0295226898142205
0.0319005090168124
0.0342579612908909
0.0365952778500077
0.0389126868451746
0.041210413410589
0.0434886797086166
0.0457477049740255
0.0479877055575019
0.0502088949684517
0.0524114839170968
0.0545956803558933
0.0567616895202637
0.0589097139686737
0.0610399536220553
0.0631526058025852
0.0652478652718425
0.0673259242683395
0.0693869725444526
0.0714311974027548
0.0734587837317592
0.075469914041093
0.0774647684960992
0.0794435249518876
0.0814063589868401
0.0833534439355737
0.0852849509213854
0.0872010488881698
0.0891019046318349
0.0909876828312159
0.0928585460784939
0.0947146549091381
0.0965561678313673
0.098383241355148
0.100196030020736
0.101994686426763
0.103779361257882
0.10555020331198
0.107307359526962
0.109050975007111
0.110781193049038
0.112498155167229
0.114202001119185
0.115892868930173
0.117570894917598
0.119236213714983
0.120888958295586
0.122529259995649
0.124157248537279
0.125773052050989
0.127376797097877
0.128968608691467
0.130548610319221
0.132116923963708
0.133673670123457
0.135218967833481
0.136752934685496
0.138275686847828
0.139787339085007
0.141288004777076
0.142777795938594
0.144256823237356
0.145725196012831
0.147183022294306
0.148630408818778
0.150067461048553
0.15149428318859
0.152910978203588
0.154317647834799
0.15571439261661
0.157101311892852
0.158478503832885
0.15984606544743
0.161204092604167
0.162552680043102
0.163891921391699
0.165221909179794
0.166542734854282
0.167854488793588
0.16915726032192
0.170451137723315
0.171736208255475
0.173012558163397
0.174280272692806
0.175539436103387
0.176790131681819
0.178032441754627
0.179266447700836
0.180492229964443
0.18170986806671
0.182919440618269
0.184121025331056
0.185314699030076
0.186500537664982
0.187678616321503
0.188849009232691
0.190011789790016
0.191167030554295
0.192314803266463
0.19345517885819
0.194588227462347
0.195714018423314
0.19683262030715
0.197944100911607
0.19904852727601
0.200145965690985
0.201236481708057
0.202320140149109
0.2033970051157
0.204467139998259
0.205530607485141
0.206587469571561
0.207637787568395
0.208681622110861
0.209719033167074
0.210750080046485
0.211774821408192
0.212793315269145
0.213805619012227
0.214811789394227
0.215811882553697
0.216805954018702
0.217794058714458
0.218776250970871
0.219752584529958
0.22072311255318
0.22168788762866
0.222646961778307
0.22360038646484
0.224548212598716
0.22549049054496
0.226427270129899
0.227358600647811
0.228284530867471
0.229205109038617
0.230120382898322
0.231030399677276
0.231935206105992
0.232834848420914
0.233729372370452
0.23461882322093
0.23550324576245
0.236382684314685
0.237257182732586
0.238126784412009
0.238991532295278
0.239851468876658
0.240706636207765
0.241557075902896
0.242402829144291
0.243243936687325
0.244080438865625
0.24491237559612
0.245739786384032
0.246562710327785
0.247381186123861
0.248195252071582
0.249004946077837
0.249810305661741
0.250611367959227
0.251408169727592
0.252200747349962
0.252989136839719
0.253773373844853
0.254553493652266
0.255329531192015
0.2561015210415
0.256869497429597
0.257633494240738
0.258393545018934
0.259149682971749
0.259901940974219
0.260650351572724
0.261394946988801
0.262135759122919
0.262872819558194
0.263606159564063
0.264335810099907
0.265061801818625
0.265784165070169
0.266502929905025
0.267218126077652
0.267929783049881
0.268637929994263
0.269342595797377
0.270043809063101
0.270741598115826
0.27143599100365
0.27212701550151
0.27281469911429
0.27349906907988
0.274180152372199
0.27485797570418
0.275532565530719
0.276203948051578
0.276872149214262
0.277537194716854
0.278199110010815
0.278857920303745
0.27951365056212
0.280166325513978
0.280815969651588
0.281462607234073
0.282106262290011
0.282746958619987
0.283384719799134
0.284019569179626
0.284651529893144
0.28528062485332
0.285906876758134
0.286530308092297
0.287150941129596
0.287768797935209
0.288383900368001
0.288996270082777
0.289605928532517
0.290212896970586
0.290817196452906
0.291418847840109
0.292017871799665
0.292614288807975
0.293208119152448
0.29379938293355
0.294388100066822
0.294974290284879
0.295557973139386
0.296139168003007
0.296717894071329
0.297294170364762
0.297868015730427
0.298439448844001
0.29900848821156
0.299575152171387
0.300139458895762
0.300701426392731
0.301261072507853
0.301818414925926
0.302373471172693
0.302926258616524
0.303476794470086
0.304025095791981
0.304571179488379
0.305115062314616
0.305656760876786
0.306196291633306
0.306733670896466
0.30726891483396
0.307802039470397
0.308333060688799
0.308861994232074
0.309388855704476
0.309913660573051
0.310436424169057
0.310957161689378
0.311475888197911
0.311992618626944
0.312507367778517
0.313020150325761
0.313530980814232
0.314039873663216
0.314546843167034
0.315051903496319
0.315555068699281
0.316056352702967
0.316555769314491
0.317053332222262
0.317549054997191
0.318042951093887
0.31853503385184
0.319025316496586
0.319513812140863
0.320000533785753
0.320485494321808
0.320968706530166
0.321450183083655
0.321929936547879
0.322407979382299
0.322884323941296
0.323358982475221
0.323831967131444
0.324303289955374
0.324772962891481
0.325240997784302
0.325707406379432
0.326172200324511
0.326635391170194
0.32709699037111
0.327557009286818
0.32801545918274
0.328472351231093
0.328927696511809
0.329381506013439
0.329833790634055
0.330284561182135
0.330733828377444
0.331181602851897
0.331627895150426
0.332072715731819
0.332516074969569
0.332957983152695
0.333398450486571
0.333837487093734
0.334275103014686
0.33471130820869
0.335146112554557
0.335579525851418
0.336011557819493
0.336442218100856
0.336871516260178
0.337299461785478
0.337726064088851
0.338151332507199
0.33857527630295
0.338997904664766
0.33941922670825
0.339839251476637
0.340257987941487
0.340675445003363
0.341091631492503
0.341506556169488
0.341920227725902
0.342332654784979
0.34274384590225
0.343153809566183
0.343562554198809
0.343970088156349
0.34437641972983
0.344781557145698
0.345185508566417
0.345588282091071
0.345989885755954
0.346390327535153
0.34678961534113
0.347187757025291
0.347584760378555
0.347980633131913
0.348375382956981
0.348769017466552
0.349161544215136
0.349552970699497
0.349943304359186
0.350332552577065
0.350720722679826
0.351107821938511
0.351493857569013
0.351878836732587
0.352262766536345
0.352645654033752
0.353027506225109
0.353408330058042
0.353788132427976
0.35416692017861
0.354544700102385
0.354921478940947
0.355297263385604
0.355672060077782
0.356045875609471
0.356418716523674
0.356790589314842
0.357161500429311
0.357531456265734
0.357900463175502
0.358268527463176
0.358635655386891
0.359001853158783
0.359367126945386
0.359731482868046
0.360094927003316
0.360457465383353
0.360819103996314
0.36117984878674
0.361539705655946
0.361898680462394
0.362256779022077
0.362614007108888
0.36297037045499
0.36332587475118
0.363680525647255
0.364034328752364
0.364387289635367
0.364739413825184
0.365090706811142
0.365441174043321
0.36579082093289
0.366139652852448
0.366487675136357
0.366834893081069
0.367181311945457
0.367526936951136
0.367871773282785
0.368215826088462
0.368559100479921
0.368901601532919
0.369243334287529
0.369584303748439
0.369924514885258
0.370263972632815
0.370602681891449
0.370940647527311
0.371277874372644
0.371614367226079
0.371950130852913
0.372285169985394
0.372619489322998
0.372953093532706
0.373285987249276
0.373618175075516
0.373949661582548
0.374280451310078
0.374610548766655
0.374939958429933
0.375268684746928
0.375596732134274
0.375924104978474
0.376250807636152
0.376576844434301
0.376902219670524
0.377226937613284
0.377551002502139
0.377874418547982
0.378197189933279
0.378519320812299
0.378840815311349
0.379161677529002
0.379481911536323
0.379801521377094
0.38012051106804
0.380438884599045
0.380756645933372
0.381073799007883
0.381390347733246
0.381706295994157
0.382021647649539
0.38233640653276
0.382650576451835
0.382964161189628
0.383277164504062
0.383589590128309
0.383901441770998
0.384212723116407
0.384523437824658
0.384833589531911
0.385143181850554
0.385452218369396
0.385760702653849
0.386068638246118
0.386376028665383
0.386682877407983
0.386989187947596
0.387294963735416
0.387600208200334
0.387904924749111
0.388209116766552
0.388512787615681
0.388815940637907
0.3891185791532
0.389420706460251
0.389722325836643
0.390023440539014
0.390324053803222
0.390624168844503
0.390923788857633
0.391222917017087
0.391521556477194
0.391819710372295
0.392117381816896
0.39241457390582
0.392711289714362
0.393007532298432
0.393303304694712
0.393598609920796
0.39389345097534
0.394187830838207
0.394481752470606
0.394775218815238
0.395068232796436
0.395360797320303
0.395652915274851
0.395944589530136
0.396235822938398
0.39652661833419
0.396816978534516
0.397106906338959
0.397396404529814
0.397685475872215
0.39797412311427
0.398262348987179
0.398550156205366
0.398837547466605
0.399124525452138
0.399411092826803
0.399697252239154
0.399983006321582
0.400268357690431
0.400553308946123
0.400837862673269
0.401122021440789
0.401405787802025
0.401689164294857
0.401972153441817
0.402254757750197
0.402536979712164
0.402818821804871
0.403100286490562
0.403381376216683
0.40366209341599
0.403942440506654
0.404222419892366
0.404502033962443
0.404781285091931
0.405060175641707
0.405338707958581
0.405616884375398
0.405894707211135
0.406172178771006
0.406449301346553
0.406726077215748
0.407002508643088
0.407278597879691
0.407554347163392
0.407829758718834
0.408104834757565
0.408379577478126
0.408653989066146
0.408928071694433
0.409201827523061
0.409475258699463
0.409748367358514
0.410021155622625
0.410293625601826
0.410565779393854
0.410837619084236
0.411109146746376
0.411380364441639
0.411651274219431
0.411921878117286
0.412192178160946
0.41246217636444
0.412731874730168
0.413001275248978
0.413270379900245
0.413539190651953
0.413807709460766
0.414075938272114
0.414343879020259
0.414611533628381
0.414878904008644
0.415145992062278
0.415412799679646
0.415679328740324
0.415945581113167
0.416211558656385
0.416477263217615
0.416742696633986
0.417007860732198
0.417272757328583
0.417537388229179
0.417801755229796
0.418065860116086
0.418329704663608
0.418593290637896
0.418856619794524
0.419119693879173
0.419382514627693
0.419645083766173
0.419907403010998
0.420169474068918
0.420431298637107
0.420692878403228
0.420954215045494
0.421215310232727
0.421476165624421
0.421736782870805
0.421997163612895
0.422257309482561
0.422517222102583
0.422776903086705
0.423036354039701
0.423295576557426
0.423554572226875
0.423813342626238
0.42407188932496
0.42433021388379
0.424588317854841
0.424846202781644
0.425103870199198
0.42536132163403
0.425618558604244
0.425875582619571
0.42613239518143
0.426388997782971
0.426645391909132
0.426901579036688
0.4271575606343
0.42741333816257
0.427668913074086
0.427924286813473
0.428179460817443
0.428434436514842
0.4286892153267
0.428943798666275
0.429198187939107
0.429452384543059
0.429706389868365
0.429960205297679
0.430213832206117
0.430467271961306
0.430720525923426
0.430973595445258
0.431226481872226
0.431479186542441
0.431731710786747
0.431984055928761
0.43223622328492
0.43248821416452
0.43274002986976
0.432991671695784
0.433243140930723
0.433494438855735
0.433745566745047
0.433996525865995
0.434247317479064
0.43449794283793
0.434748403189498
0.434998699773941
0.43524883382474
0.435498806568723
0.435748619226102
0.435998273010513
0.436247769129051
0.436497108782312
0.436746293164424
0.436995323463091
0.437244200859623
0.437492926528979
0.437741501639795
0.437989927354428
0.438238204828986
0.438486335213366
0.438734319651285
0.438982159280321
0.439229855231942
0.439477408631542
0.439724820598476
0.439972092246091
0.440219224681761
0.440466219006921
0.440713076317097
0.440959797701941
0.441206384245261
0.441452837025057
0.441699157113547
0.441945345577205
0.442191403476786
0.442437331867362
0.44268313179835
0.442928804313543
0.443174350451142
0.443419771243784
0.443665067718573
0.443910240897108
0.444155291795516
0.444400221424477
0.444645030789255
0.444889720889728
0.445134292720412
0.445378747270497
0.445623085523865
0.445867308459128
0.446111417049647
0.446355412263565
0.446599295063834
0.446843066408236
0.44708672724942
0.447330278534918
0.447573721207178
0.447817056203591
0.448060284456509
0.448303406893282
0.448546424436273
0.448789338002891
0.449032148505612
0.449274856852007
0.449517463944764
0.449759970681714
0.450002377955856
0.450244686655379
0.450486897663689
0.450729011859431
0.450971030116515
0.451212953304135
0.451454782286798
0.451696517924341
0.451938161071961
0.452179712580231
0.45242117329513
0.452662544058057
0.45290382570586
0.453145019070856
0.453386124980852
0.453627144259169
0.453868077724661
0.454108926191739
0.454349690470391
0.454590371366204
0.454830969680382
0.455071486209774
0.455311921746885
0.455552277079906
0.455792552992727
0.456032750264963
0.45627286967197
0.456512911984866
0.456752877970553
0.456992768391734
0.457232584006933
0.457472325570517
0.457711993832711
0.457951589539621
0.45819111343325
0.458430566251519
0.458669948728283
0.458909261593355
0.459148505572518
0.459387681387546
0.459626789756225
0.459865831392365
0.460104807005822
0.460343717302518
0.460582562984451
0.460821344749721
0.461060063292541
0.461298719303259
0.46153731346837
0.461775846470539
0.462014318988614
0.462252731697641
0.462491085268888
0.462729380369853
0.462967617664285
0.463205797812202
0.463443921469902
0.463681989289982
0.463920001921356
0.464157960009266
0.464395864195302
0.464633715117416
0.464871513409937
0.465109259703586
0.465346954625495
0.465584598799216
0.465822192844741
0.466059737378518
0.466297233013458
0.466534680358961
0.466772080020919
0.467009432601742
0.467246738700363
0.467483998912257
0.467721213829456
0.467958384040559
0.468195510130752
0.468432592681816
0.468669632272144
0.468906629476756
0.469143584867309
0.469380499012114
0.469617372476149
0.469854205821069
0.470090999605223
0.470327754383668
0.470564470708178
0.470801149127259
0.471037790186165
0.471274394426906
0.471510962388263
0.471747494605802
0.471983991611884
0.47222045393568
0.472456882103182
0.472693276637214
0.472929638057449
0.473165966880416
0.473402263619515
0.473638528785028
0.473874762884132
0.474110966420909
0.474347139896362
0.474583283808419
0.474819398651955
0.475055484918793
0.475291543097724
0.475527573674513
0.475763577131913
0.475999553949677
0.476235504604565
0.47647142957036
0.476707329317877
0.476943204314973
0.477179055026561
0.477414881914616
0.477650685438191
0.477886466053424
0.478122224213551
0.478357960368915
0.478593674966978
0.478829368452329
0.479065041266698
0.479300693848963
0.479536326635162
0.479771940058502
0.480007534549372
0.480243110535349
0.48047866844121
0.480714208688944
0.480949731697758
0.481185237884089
0.481420727661615
0.48165620144126
0.48189165963121
0.482127102636919
0.482362530861116
0.482597944703822
0.482833344562351
0.483068730831326
0.483304103902683
0.483539464165686
0.483774812006929
0.484010147810354
0.48424547195725
0.484480784826272
0.484716086793443
0.484951378232165
0.485186659513228
0.485421931004821
0.485657193072537
0.485892446079384
0.486127690385792
0.486362926349625
0.486598154326186
0.486833374668227
0.487068587725958
0.487303793847053
0.487538993376663
0.48777418665742
0.488009374029447
0.488244555830366
0.488479732395308
0.488714904056917
0.488950071145362
0.489185233988344
0.489420392911104
0.489655548236429
0.489890700284663
0.490125849373714
0.49036099581906
0.49059613993376
0.49083128202846
0.491066422411399
0.491301561388419
0.491536699262975
0.491771836336135
0.492006972906597
0.492242109270689
0.49247724572238
0.492712382553287
0.492947520052682
0.493182658507502
0.49341779820235
0.493652939419509
0.493888082438947
0.494123227538322
0.494358374992992
0.494593525076021
0.494828678058187
0.495063834207988
0.49529899379165
0.495534157073132
0.495769324314136
0.496004495774113
0.496239671710268
0.496474852377569
0.496710038028754
0.496945228914335
0.49718042528261
0.497415627379662
0.497650835449376
0.497886049733436
0.498121270471336
0.498356497900389
0.498591732255729
0.498826973770319
0.49906222267496
0.499297479198295
0.499532743566816
0.49976801600487
0.500003296734668
0.500238585976287
0.500473883947682
0.500709190864686
0.500944506941022
0.501179832388306
0.501415167416054
0.501650512231689
0.501885867040547
0.502121232045882
0.502356607448873
0.502591993448632
0.502827390242206
0.503062798024586
0.503298216988715
0.503533647325488
0.503769089223764
0.504004542870369
0.504240008450103
0.504475486145744
0.504710976138058
0.504946478605801
0.505181993725725
0.505417521672589
0.505653062619157
0.505888616736211
0.506124184192552
0.506359765155008
0.506595359788439
0.506830968255743
0.507066590717863
0.507302227333789
0.507537878260568
0.507773543653307
0.508009223665181
0.508244918447435
0.508480628149392
0.508716352918459
0.508952092900132
0.509187848238001
0.509423619073755
0.509659405547189
0.509895207796211
0.510131025956843
0.510366860163228
0.51060271054764
0.510838577240482
0.511074460370297
0.511310360063772
0.511546276445741
0.511782209639195
0.512018159765282
0.512254126943317
0.512490111290784
0.512726112923342
0.512962131954833
0.513198168497284
0.513434222660914
0.513670294554136
0.513906384283569
0.514142491954035
0.514378617668573
0.514614761528434
0.514850923633096
0.515087104080262
0.51532330296587
0.515559520384094
0.515795756427353
0.516032011186314
0.516268284749895
0.516504577205276
0.516740888637899
0.516977219131473
0.517213568767982
0.517449937627689
0.51768632578914
0.517922733329171
0.518159160322908
0.51839560684378
0.518632072963517
0.518868558752158
0.519105064278056
0.519341589607881
0.519578134806629
0.519814699937622
0.520051285062515
0.520287890241303
0.520524515532322
0.520761160992257
0.520997826676146
0.521234512637384
0.521471218927726
0.5217079455973
0.5219446926946
0.5221814602665
0.522418248358256
0.522655057013509
0.522891886274292
0.523128736181035
0.523365606772565
0.523602498086121
0.523839410157346
0.524076343020302
0.52431329670747
0.524550271249755
0.524787266676492
0.525024283015448
0.525261320292832
0.525498378533295
0.525735457759935
0.525972557994304
0.526209679256411
0.526446821564728
0.526683984936193
0.526921169386216
0.527158374928682
0.52739560157596
0.527632849338899
0.527870118226844
0.52810740824763
0.528344719407595
0.528582051711578
0.528819405162928
0.529056779763508
0.529294175513696
0.529531592412395
0.529769030457034
0.530006489643573
0.530243969966508
0.530481471418878
0.530718993992265
0.5309565376768
0.53119410246117
0.531431688332621
0.531669295276961
0.531906923278567
0.53214457232039
0.532382242383954
0.532619933449368
0.532857645495326
0.533095378499112
0.533333132436606
0.533570907282288
0.533808703009241
0.534046519589156
0.53428435699234
0.534522215187714
0.534760094142824
0.534997993823841
0.535235914195567
0.535473855221441
0.535711816863541
0.535949799082588
0.536187801837955
0.536425825087666
0.536663868788404
0.536901932895514
0.537140017363007
0.537378122143567
0.537616247188553
0.537854392448002
0.538092557870639
0.538330743403875
0.538568948993817
0.538807174585267
0.539045420121732
0.539283685545424
0.539521970797266
0.539760275816899
0.539998600542681
0.540236944911695
0.540475308859754
0.540713692321403
0.540952095229926
0.541190517517348
0.54142895911444
0.541667419950724
0.541905899954478
0.54214439905274
0.54238291717131
0.542621454234758
0.542860010166427
0.543098584888436
0.543337178321686
0.543575790385865
0.543814420999449
0.544053070079712
0.544291737542724
0.54453042330336
0.544769127275303
0.545007849371047
0.545246589501905
0.545485347578008
0.545724123508314
0.545962917200611
0.546201728561521
0.546440557496503
0.54667940390986
0.546918267704743
0.547157148783152
0.547396047045945
0.547634962392841
0.547873894722421
0.548112843932137
0.548351809918313
0.548590792576151
0.548829791799737
0.54906880748204
0.549307839514923
0.549546887789141
0.549785952194351
0.550025032619113
0.550264128950894
0.550503241076075
0.550742368879954
0.550981512246747
0.551220671059601
0.551459845200587
0.551699034550715
0.55193823898993
0.552177458397122
0.552416692650128
0.552655941625735
0.552895205199688
0.553134483246691
0.553373775640413
0.553613082253491
0.553852402957536
0.554091737623137
0.554331086119864
0.554570448316273
0.554809824079913
0.555049213277323
0.555288615774047
0.555528031434628
0.55576746012262
0.556006901700586
0.556246356030109
0.556485822971791
0.556725302385258
0.556964794129168
0.557204298061211
0.557443814038117
0.557683341915656
0.557922881548647
0.558162432790958
0.558401995495514
0.5586415695143
0.558881154698364
0.559120750897823
0.559360357961866
0.55959997573876
0.559839604075853
0.560079242819577
0.560318891815458
0.560558550908111
0.560798219941255
0.561037898757707
0.561277587199395
0.561517285107356
0.561756992321745
0.561996708681835
0.562236434026025
0.562476168191841
0.562715911015946
0.562955662334135
0.563195421981349
0.563435189791673
0.563674965598342
0.563914749233748
0.564154540529438
0.564394339316127
0.564634145423693
0.564873958681189
0.565113778916842
0.565353605958061
0.565593439631439
0.565833279762758
0.566073126176993
0.566312978698317
0.566552837150106
0.56679270135494
0.567032571134611
0.567272446310126
0.567512326701709
0.567752212128811
0.567992102410106
0.568231997363504
0.56847189680615
0.568711800554428
0.568951708423969
0.569191620229652
0.569431535785608
0.569671454905229
0.569911377401167
0.570151303085339
0.570391231768935
0.570631163262417
0.57087109737553
0.571111033917298
0.571350972696035
0.571590913519346
0.571830856194134
0.572070800526599
0.572310746322249
0.572550693385899
0.572790641521678
0.573030590533033
0.57327054022273
0.573510490392865
0.573750440844861
0.573990391379477
0.574230341796811
0.574470291896303
0.574710241476742
0.574950190336266
0.575190138272371
0.575430085081912
0.575670030561108
0.575909974505548
0.576149916710192
0.576389856969379
0.576629795076826
0.576869730825639
0.577109664008312
0.577349594416734
0.57758952184219
0.577829446075369
0.578069366906368
0.578309284124691
0.578549197519262
0.57878910687842
0.57902901198993
0.579268912640983
0.579508808618205
0.579748699707656
0.579988585694835
0.580228466364688
0.58046834150161
0.580708210889447
0.580948074311504
0.581187931550546
0.581427782388805
0.581667626607982
0.581907463989253
0.58214729431327
0.582387117360169
0.582626932909573
0.582866740740595
0.583106540631843
0.583346332361424
0.583586115706948
0.583825890445534
0.58406565635381
0.584305413207922
0.584545160783536
0.584784898855839
0.585024627199551
0.585264345588921
0.585504053797736
0.585743751599322
0.585983438766553
0.586223115071849
0.586462780287184
0.58670243418409
0.586942076533661
0.587181707106554
0.587421325672997
0.587660932002793
0.587900525865322
0.588140107029545
0.588379675264011
0.588619230336857
0.588858772015816
0.58909830006822
0.589337814261001
0.5895773143607
0.589816800133469
0.590056271345072
0.590295727760894
0.590535169145943
0.590774595264854
0.591014005881892
0.591253400760959
0.591492779665594
0.591732142358981
0.591971488603952
0.592210818162988
0.592450130798227
0.592689426271466
0.592928704344167
0.593167964777458
0.593407207332138
0.593646431768684
0.593885637847251
0.594124825327678
0.594363993969491
0.59460314353191
0.594842273773848
0.595081384453919
0.595320475330441
0.595559546161439
0.595798596704649
0.596037626717525
0.596276635957239
0.596515624180686
0.59675459114449
0.596993536605006
0.597232460318324
0.597471362040275
0.59771024152643
0.597949098532113
0.598187932812393
0.598426744122098
0.598665532215814
0.598904296847891
0.599143037772445
0.599381754743363
0.599620447514307
0.599859115838718
0.600097759469818
0.600336378160619
0.600574971663918
0.600813539732312
0.601052082118192
0.601290598573753
0.601529088850994
0.601767552701727
0.602005989877574
0.602244400129977
0.602482783210196
0.602721138869321
0.602959466858267
0.603197766927782
0.603436038828452
0.603674282310703
0.603912497124804
0.604150683020874
0.604388839748883
0.604626967058654
0.604865064699873
0.605103132422087
0.605341169974711
0.605579177107029
0.605817153568201
0.606055099107265
0.606293013473139
0.606530896414628
0.606768747680428
0.607006567019125
0.607244354179202
0.607482108909046
0.607719830956944
0.607957520071093
0.608195175999602
0.608432798490493
0.608670387291709
0.608907942151115
0.609145462816502
0.609382949035591
0.609620400556037
0.609857817125431
0.610095198491307
0.610332544401142
0.61056985460236
0.610807128842339
0.61104436686841
0.611281568427866
0.61151873326796
0.61175586113591
0.611992951778908
0.612230004944115
0.612467020378671
0.612703997829695
0.612940937044292
0.613177837769552
0.613414699752557
0.613651522740384
0.613888306480108
0.614125050718804
0.614361755203554
0.614598419681447
0.614835043899584
0.615071627605084
0.615308170545082
0.615544672466736
0.615781133117231
0.61601755224378
0.616253929593631
0.616490264914065
0.616726557952405
0.616962808456016
0.61719901617231
0.617435180848749
0.617671302232846
0.617907380072175
0.618143414114366
0.618379404107113
0.618615349798179
0.618851250935395
0.619087107266666
0.619322918539974
0.61955868450338
0.61979440490503
0.620030079493155
0.620265708016078
0.620501290222213
0.620736825860073
0.620972314678268
0.621207756425514
0.621443150850631
0.62167849770255
0.621913796730314
0.622149047683084
0.622384250310137
0.622619404360876
0.622854509584827
0.623089565731646
0.623324572551122
0.623559529793178
0.623794437207875
0.624029294545417
0.624264101556152
0.624498857990577
0.624733563599338
0.624968218133236
0.62520282134323
0.625437372980439
0.625671872796145
0.625906320541797
0.626140715969014
0.626375058829586
0.626609348875481
0.626843585858844
0.627077769532003
0.62731189964747
0.627545975957946
0.627779998216322
0.628013966175682
0.62824787958931
0.628481738210686
0.628715541793495
0.628949290091629
0.629182982859186
0.629416619850477
0.629650200820028
0.629883725522583
0.630117193713104
0.630350605146779
0.630583959579022
0.630817256765474
0.631050496462011
0.631283678424742
0.631516802410014
0.631749868174414
0.631982875474776
0.632215824068175
0.632448713711939
0.632681544163646
0.63291431518113
0.633147026522481
0.63337967794605
0.633612269210452
0.633844800074566
0.634077270297541
0.634309679638795
0.634542027858024
0.634774314715196
0.635006539970563
0.635238703384655
0.635470804718289
0.63570284373257
0.635934820188891
0.63616673384894
0.636398584474699
0.636630371828449
0.63686209567277
0.637093755770547
0.637325351884972
0.637556883779542
0.637788351218067
0.638019753964671
0.638251091783794
0.638482364440195
0.638713571698953
0.638944713325472
0.639175789085482
0.639406798745042
0.639637742070542
0.639868618828707
0.640099428786596
0.640330171711609
0.640560847371487
0.640791455534313
0.641021995968518
0.641252468442881
0.641482872726531
0.641713208588951
0.64194347579998
0.642173674129816
0.642403803349015
0.642633863228498
0.64286385353955
0.643093774053826
0.643323624543346
0.643553404780508
0.643783114538079
0.644012753589208
0.644242321707418
0.644471818666618
0.644701244241097
0.644930598205533
0.645159880334988
0.645389090404918
0.645618228191171
0.645847293469988
0.646076286018008
0.646305205612269
0.646534052030212
0.646762825049678
0.646991524448917
0.647220150006584
0.647448701501746
0.647677178713881
0.647905581422882
0.648133909409057
0.648362162453132
0.648590340336257
0.648818442839999
0.649046469746354
0.649274420837743
0.649502295897014
0.649730094707448
0.649957817052757
0.65018546271709
0.650413031485029
0.650640523141597
0.650867937472258
0.651095274262917
0.651322533299924
0.651549714370074
0.651776817260614
0.652003841759238
0.652230787654093
0.65245765473378
0.652684442787355
0.652911151604335
0.653137780974692
0.653364330688863
0.653590800537746
0.653817190312706
0.654043499805573
0.654269728808648
0.6544958771147
0.654721944516973
0.654947930809182
0.65517383578552
0.655399659240657
0.655625400969743
0.655851060768406
0.65607663843276
0.656302133759403
0.656527546545417
0.656752876588374
0.656978123686335
0.657203287637851
0.657428368241967
0.657653365298221
0.657878278606648
0.658103107967781
0.658327853182651
0.658552514052791
0.658777090380235
0.659001581967522
0.659225988617697
0.65945031013431
0.659674546321422
0.659898696983602
0.660122761925933
0.660346740954008
0.660570633873937
0.660794440492344
0.661018160616374
0.661241794053688
0.661465340612468
0.661688800101418
0.661912172329766
0.662135457107264
0.66235865424419
0.66258176355135
0.662804784840078
0.66302771792224
0.663250562610232
0.663473318716984
0.663695986055958
0.663918564441155
0.664141053687111
0.6643634536089
0.664585764022136
0.664807984742974
0.665030115588111
0.665252156374787
0.665474106920786
0.66569596704444
0.665917736564625
0.666139415300768
0.666361003072844
0.666582499701379
0.666803905007449
0.667025218812687
0.667246440939277
0.667467571209958
0.667688609448029
0.667909555477342
0.668130409122311
0.668351170207908
0.668571838559666
0.668792414003682
0.669012896366614
0.669233285475684
0.66945358115868
0.669673783243956
0.669893891560434
0.670113905937603
0.670333826205521
0.670553652194818
0.670773383736694
0.670993020662922
0.671212562805847
0.671432009998388
0.671651362074042
0.671870618866879
0.672089780211547
0.672308845943272
0.672527815897858
0.672746689911689
0.672965467821731
0.67318414946553
0.673402734681215
0.673621223307496
0.67383961518367
0.674057910149617
0.674276108045804
0.674494208713282
0.674712211993693
0.674930117729262
0.675147925762809
0.675365635937737
0.675583248098045
0.675800762088319
0.67601817775374
0.676235494940079
0.676452713493702
0.676669833261567
0.676886854091229
0.677103775830837
0.677320598329137
0.677537321435471
0.677753944999777
0.677970468872593
0.678186892905057
0.678403216948901
0.678619440856463
0.678835564480678
0.679051587675082
0.679267510293813
0.679483332191614
0.679699053223826
0.679914673246397
0.680130192115878
0.680345609689424
0.680560925824795
0.680776140380357
0.680991253215082
0.681206264188547
0.681421173160939
0.681635979993049
0.681850684546278
0.682065286682636
0.682279786264739
0.682494183155816
0.682708477219702
0.682922668320846
0.683136756324303
0.683350741095743
0.683564622501446
0.683778400408302
0.683992074683815
0.684205645196101
0.684419111813889
0.684632474406521
0.684845732843952
0.68505888699675
0.6852719367361
0.685484881933799
0.685697722462259
0.685910458194508
0.686123089004187
0.686335614765556
0.686548035353488
0.686760350643474
0.686972560511618
0.687184664834645
0.687396663489894
0.687608556355322
0.687820343309501
0.688032024231623
0.688243599001498
0.68845506749955
0.688666429606824
0.688877685204982
0.689088834176306
0.689299876403693
0.689510811770661
0.689721640161346
0.689932361460502
0.690142975553503
0.69035348232634
0.690563881665627
0.690774173458592
0.690984357593085
0.691194433957575
0.69140440244115
0.691614262933518
0.691824015325005
0.692033659506557
0.692243195369741
0.692452622806739
0.692661941710358
0.69287115197402
0.693080253491769
0.693289246158268
0.693498129868798
0.69370690451926
0.693915570006174
0.694124126226681
0.694332573078538
0.694540910460125
0.694749138270436
0.694957256409089
0.695165264776317
0.695373163272974
0.695580951800531
0.695788630261079
0.695996198557325
0.696203656592596
0.696411004270838
0.696618241496612
0.696825368175099
0.697032384212097
0.697239289514021
0.697446083987903
0.697652767541393
0.697859340082756
0.698065801520876
0.698272151765252
0.698478390725999
0.698684518313848
0.698890534440146
0.699096439016855
0.699302231956553
0.699507913172432
0.6997134825783
0.699918940088577
0.700124285618299
0.700329519083116
0.700534640399289
0.700739649483695
0.700944546253824
0.701149330627775
0.701354002524263
0.701558561862613
0.701763008562762
0.701967342545258
0.702171563731261
0.702375672042539
0.702579667401472
0.70278354973105
0.702987318954871
0.703190974997142
0.70339451778268
0.703597947236909
0.70380126328586
0.704004465856173
0.704207554875094
0.704410530270476
0.704613391970777
0.70481613990506
0.705018774002995
0.705221294194856
0.705423700411521
0.70562599258447
0.70582817064579
0.706030234528167
0.706232184164891
0.706434019489853
0.706635740437546
0.706837346943063
0.707038838942099
0.707240216370944
0.707441479166493
0.707642627266236
0.707843660608261
0.708044579131255
0.708245382774501
0.708446071477879
0.708646645181863
0.708847103827524
0.709047447356528
0.709247675711134
0.709447788834194
0.709647786669153
0.709847669160049
0.710047436251511
0.71024708788876
0.710446624017606
0.710646044584449
0.710845349536278
0.711044538820672
0.711243612385796
0.711442570180403
0.711641412153831
0.711840138256007
0.712038748437439
0.712237242649224
0.712435620843038
0.712633882971144
0.712832028986386
0.713030058842189
0.713227972492559
0.713425769892084
0.71362345099593
0.713821015759842
0.714018464140144
0.714215796093736
0.714413011578096
0.714610110551277
0.714807092971907
0.71500395879919
0.715200707992901
0.715397340513391
0.71559385632158
0.715790255378962
0.715986537647599
0.716182703090125
0.716378751669742
0.71657468335022
0.716770498095896
0.716966195871676
0.717161776643028
0.717357240375989
0.717552587037156
0.717747816593693
0.717942929013324
0.718137924264335
0.718332802315575
0.718527563136449
0.718722206696926
0.718916732967529
0.71911114191934
0.719305433523998
0.719499607753698
0.719693664581189
0.719887603979773
0.720081425923307
0.7202751303862
0.72046871734341
0.720662186770448
0.720855538643373
0.721048772938794
0.721241889633866
0.721434888706292
0.721627770134321
0.721820533896745
0.722013179972903
0.722205708342675
0.722398118986484
0.722590411885293
0.722782587020608
0.722974644374471
0.723166583929465
0.72335840566871
0.723550109575861
0.72374169563511
0.723933163831185
0.724124514149343
0.724315746575378
0.724506861095615
0.724697857696907
0.724888736366641
0.725079497092728
0.725270139863612
0.725460664668258
0.725651071496162
0.725841360337341
0.726031531182338
0.726221584022218
0.726411518848569
0.726601335653496
0.726791034429628
0.726980615170111
0.727170077868609
0.727359422519301
0.727548649116884
0.727737757656569
0.727926748134079
0.728115620545651
0.728304374888035
0.728493011158487
0.728681529354777
0.72886992947518
0.72905821151848
0.729246375483968
0.729434421371438
0.72962234918119
0.729810158914025
0.729997850571248
0.730185424154664
0.730372879666578
0.730560217109794
0.730747436487613
0.730934537803832
0.731121521062746
0.731308386269141
0.7314951334283
0.731681762545996
0.731868273628492
0.732054666682544
0.732240941715395
0.732427098734776
0.732613137748905
0.732799058766486
0.732984861796707
0.733170546849238
0.733356113934234
0.73354156306233
0.73372689424464
0.733912107492758
0.734097202818755
0.734282180235179
0.734467039755055
0.734651781391879
0.734836405159623
0.735020911072731
0.735205299146116
0.735389569395162
0.735573721835723
0.735757756484117
0.735941673357132
0.73612547247202
0.736309153846496
0.736492717498739
0.736676163447389
0.736859491711548
0.737042702310775
0.73722579526509
0.737408770594969
0.737591628321343
0.737774368465598
0.737956991049575
0.738139496095567
0.738321883626316
0.738504153665018
0.738686306235314
0.738868341361296
0.7390502590675
0.739232059378908
0.739413742320947
0.739595307919487
0.739776756200838
0.739958087191754
0.740139300919425
0.74032039741148
0.740501376695986
0.740682238801446
0.740862983756797
0.741043611591409
0.741224122335085
0.741404516018058
0.741584792670993
0.741764952324982
0.741944995011544
0.742124920762625
0.742304729610596
0.742484421588253
0.742663996728812
0.742843455065912
0.743022796633613
0.743202021466391
0.743381129599144
0.743560121067183
0.743738995906236
0.743917754152444
0.744096395842362
0.744274921012957
0.744453329701604
0.744631621946091
0.744809797784611
0.744987857255765
0.745165800398559
0.745343627252404
0.745521337857113
0.745698932252903
0.74587641048039
0.74605377258059
0.746231018594916
0.74640814856518
0.746585162533589
0.746762060542743
0.746938842635637
0.747115508855659
0.747292059246585
0.747468493852583
0.747644812718208
0.747821015888402
0.747997103408495
0.748173075324198
0.748348931681609
0.748524672527207
0.74870029790785
0.748875807870779
0.749051202463611
0.749226481734342
0.749401645731342
0.749576694503358
0.749751628099508
0.749926446569285
0.75010114996255
0.750275738329538
0.750450211720847
0.750624570187448
0.750798813780674
0.750972942552225
0.751146956554164
0.751320855838915
0.751494640459266
0.751668310468362
0.751841865919709
0.752015306867168
0.752188633364958
0.752361845467653
0.752534943230178
0.752707926707815
0.752880795956193
0.753053551031293
0.753226191989443
0.753398718887322
0.753571131781951
0.753743430730698
0.753915615791275
0.754087687021736
0.754259644480477
0.754431488226232
0.754603218318075
0.754774834815419
0.75494633777801
0.755117727265933
0.755289003339603
0.75546016605977
0.755631215487514
0.755802151684246
0.755972974711706
0.75614368463196
0.756314281507402
0.75648476540075
0.756655136375047
0.756825394493658
0.756995539820269
0.757165572418887
0.757335492353838
0.757505299689764
0.757674994491625
0.757844576824697
0.758014046754568
0.75818340434714
0.758352649668626
0.75852178278555
0.758690803764744
0.758859712673348
0.759028509578809
0.75919719454888
0.759365767651617
0.759534228955379
0.759702578528828
0.759870816440925
0.76003894276093
0.760206957558402
0.760374860903196
0.760542652865464
0.76071033351565
0.760877902924492
0.761045361163022
0.761212708302559
0.761379944414715
0.761547069571386
0.761714083844759
0.761880987307305
0.76204778003178
0.762214462091221
0.762381033558951
0.762547494508571
0.762713845013962
0.762880085149286
0.763046214988978
0.763212234607753
0.763378144080598
0.763543943482775
0.763709632889818
0.763875212377533
0.764040682021994
0.764206041899545
0.764371292086798
0.764536432660631
0.764701463698187
0.764866385276873
0.765031197474358
0.765195900368573
0.765360494037711
0.765524978560222
0.765689354014814
0.765853620480452
0.766017778036359
0.766181826762008
0.766345766737129
0.766509598041701
0.766673320755957
0.766836934960376
0.767000440735688
0.767163838162868
0.767327127323141
0.767490308297972
0.767653381169072
0.767816346018395
0.767979202928136
0.768141951980728
0.768304593258846
0.768467126845401
0.768629552823541
0.76879187127665
0.768954082288344
0.769116185942474
0.769278182323124
0.769440071514605
0.769601853601461
0.769763528668463
0.769925096800609
0.770086558083124
0.770247912601456
0.770409160441278
0.770570301688487
0.770731336429199
0.77089226474975
0.771053086736697
0.771213802476815
0.771374412057094
0.77153491556474
0.771695313087175
0.771855604712032
0.772015790527159
0.772175870620612
0.772335845080659
0.772495713995776
0.772655477454647
0.772815135546161
0.772974688359415
0.773134135983708
0.773293478508541
0.773452716023621
0.773611848618852
0.77377087638434
0.773929799410387
0.774088617787495
0.77424733160636
0.774405940957875
0.774564445933127
0.774722846623394
0.774881143120148
0.775039335515049
0.775197423899949
0.775355408366888
0.775513289008092
0.775671065915975
0.775828739183134
0.775986308902352
0.776143775166593
0.776301138069004
0.776458397702913
0.776615554161827
0.77677260753943
0.776929557929587
0.777086405426334
0.777243150123888
0.777399792116635
0.777556331499138
0.777712768366129
0.777869102812513
0.778025334933362
0.77818146482392
0.778337492579595
0.778493418295965
0.77864924206877
0.778804963993917
0.778960584167475
0.779116102685676
0.779271519644911
0.779426835141734
0.779582049272855
0.779737162135144
0.779892173825627
0.780047084441486
0.780201894080056
0.78035660283883
0.780511210815449
0.780665718107707
0.780820124813549
0.780974431031069
0.78112863685851
0.781282742394261
0.781436747736859
0.781590652984984
0.781744458237463
0.781898163593263
0.782051769151495
0.782205275011411
0.782358681272402
0.782511988034
0.782665195395872
0.782818303457825
0.782971312319799
0.783124222081872
0.783277032844252
0.783429744707284
0.783582357771441
0.783734872137329
0.783887287905684
0.78403960517737
0.784191824053377
0.784343944634826
0.784495967022959
0.784647891319145
0.784799717624878
0.784951446041773
0.785103076671565
0.785254609616114
0.785406044977395
0.785557382857506
0.78570862335866
0.785859766583187
0.786010812633534
0.786161761612261
0.786312613622042
0.786463368765666
0.786614027146031
0.786764588866148
0.786915054029135
0.787065422738222
0.787215695096745
0.787365871208147
0.787515951175977
0.787665935103891
0.787815823095645
0.787965615255101
0.788115311686223
0.788264912493075
0.788414417779821
0.788563827650724
0.788713142210148
0.788862361562551
0.789011485812488
0.789160515064611
0.789309449423664
0.789458288994487
0.789607033882011
0.789755684191259
0.789904240027344
0.790052701495469
0.790201068700928
0.790349341749099
0.79049752074545
0.790645605795532
0.790793597004986
0.790941494479532
0.791089298324975
0.791237008647203
0.791384625552186
0.791532149145972
0.791679579534691
0.79182691682455
0.791974161121834
0.792121312532906
0.792268371164203
0.792415337122239
0.7925622105136
0.792708991444947
0.792855680023013
0.793002276354601
0.793148780546586
0.793295192705913
0.793441512939593
0.793587741354708
0.793733878058405
0.793879923157897
0.794025876760465
0.79417173897345
0.794317509904259
0.794463189660362
0.794608778349289
0.794754276078631
0.794899682956041
0.795044999089228
0.795190224585961
0.795335359554066
0.795480404101425
0.795625358335977
0.795770222365715
0.795914996298684
0.796059680242985
0.79620427430677
0.79634877859824
0.796493193225651
0.796637518297305
0.796781753921555
0.7969259002068
0.797069957261486
0.797213925194109
0.797357804113205
0.797501594127359
0.797645295345198
0.79778890787539
0.79793243182665
0.798075867307728
0.79821921442742
0.798362473294559
0.798505644018016
0.798648726706702
0.798791721469564
0.798934628415585
0.799077447653785
0.799220179293218
0.79936282344297
0.799505380212163
0.79964784970995
0.799790232045516
0.799932527328075
0.800074735666873
0.800216857171185
0.800358891950311
0.800500840113584
0.800642701770358
0.800784477030018
0.80092616600197
0.801067768795648
0.801209285520505
0.801350716286022
0.801492061201698
0.801633320377055
0.801774493921635
0.801915581945001
0.802056584556732
0.802197501866427
0.802338333983703
0.802479081018193
0.802619743079545
0.802760320277422
0.802900812721503
0.803041220521479
0.803181543787055
0.803321782627946
0.803461937153881
0.803602007474598
0.803741993699844
0.803881895939377
0.804021714302962
0.804161448900372
0.804301099841386
0.80444066723579
0.804580151193375
0.804719551823936
0.804858869237274
0.804998103543191
0.805137254851492
0.805276323271983
0.805415308914473
0.805554211888769
0.805693032304678
0.805831770272006
0.805970425900559
0.806108999300137
0.806247490580538
0.806385899851557
0.806524227222983
0.806662472804599
0.806800636706184
0.806938719037507
0.807076719908333
0.807214639428415
0.8073524777075
0.807490234855323
0.80762791098161
0.807765506196075
0.807903020608421
0.808040454328338
0.808177807465503
0.80831508012958
0.808452272430216
0.808589384477045
0.808726416379684
0.808863368247735
0.809000240190779
0.809137032318385
0.809273744740097
0.809410377565443
0.809546930903932
0.80968340486505
0.809819799558263
0.809956115093014
0.810092351578725
0.810228509124794
0.810364587840593
0.810500587835473
0.810636509218757
0.810772352099744
0.810908116587703
0.811043802791881
0.811179410821493
0.811314940785726
0.81145039279374
0.811585766954663
0.811721063377593
0.811856282171597
0.811991423445712
0.812126487308939
0.81226147387025
0.81239638323858
0.812531215522831
0.812665970831871
0.812800649274531
0.812935250959607
0.813069775995858
0.813204224492004
0.813338596556729
0.813472892298677
0.813607111826455
0.813741255248627
0.813875322673717
0.814009314210211
0.81414322996655
0.814277070051133
0.814410834572317
0.814544523638417
0.814678137357699
0.81481167583839
0.814945139188667
0.815078527516664
0.815211840930467
0.815345079538115
0.8154782434476
0.815611332766864
0.815744347603803
0.81587728806626
0.81601015426203
0.816142946298857
0.816275664284433
0.816408308326399
0.816540878532343
0.8166733750098
0.816805797866252
0.816938147209126
0.817070423145794
0.817202625783575
0.817334755229728
0.817466811591459
0.817598794975916
0.817730705490189
0.817862543241309
0.81799430833625
0.818126000881925
0.81825762098519
0.818389168752836
0.818520644291598
0.818652047708145
0.818783379109086
0.818914638600969
0.819045826290276
0.819176942283425
0.819307986686773
0.819438959606609
0.819569861149157
0.819700691420578
0.819831450526962
0.819962138574335
0.820092755668654
0.82022330191581
0.820353777421623
0.820484182291844
0.820614516632156
0.820744780548171
0.820874974145428
0.821005097529399
0.82113515080548
0.821265134078997
0.821395047455203
0.821524891039277
0.821654664936323
0.821784369251373
0.821914004089382
0.822043569555231
0.822173065753724
0.822302492789588
0.822431850767475
0.822561139791956
0.822690359967529
0.822819511398608
0.822948594189531
0.823077608444557
0.823206554267862
0.823335431763545
0.82346424103562
0.823592982188024
0.823721655324607
0.82385026054914
0.82397879796531
0.824107267676719
0.824235669786887
0.824364004399248
0.824492271617152
0.824620471543862
0.824748604282556
0.824876669936326
0.825004668608176
0.825132600401023
0.825260465417695
0.825388263760933
0.825515995533388
0.825643660837622
0.825771259776108
0.825898792451228
0.826026258965271
0.826153659420438
0.826280993918837
0.826408262562482
0.826535465453298
0.826662602693113
0.826789674383663
0.82691668062659
0.827043621523442
0.827170497175671
0.827297307684632
0.827424053151588
0.827550733677701
0.82767734936404
0.827803900311574
0.827930386621176
0.828056808393619
0.828183165729578
0.82830945872963
0.828435687494251
0.828561852123817
0.828687952718603
0.828813989378785
0.828939962204437
0.829065871295529
0.82919171675193
0.829317498673409
0.829443217159627
0.829568872310144
0.829694464224417
0.829819993001795
0.829945458741526
0.830070861542751
0.830196201504504
0.830321478725714
0.830446693305203
0.830571845341687
0.830696934933773
0.83082196217996
0.83094692717864
0.831071830028096
0.8311966708265
0.831321449671916
0.831446166662298
0.831570821895488
0.831695415469219
0.831819947481111
0.831944418028674
0.832068827209304
0.832193175120285
0.83231746185879
0.832441687521875
0.832565852206485
0.83268995600945
0.832813999027485
0.83293798135719
0.83306190309505
0.833185764337434
0.833309565180594
0.833433305720666
0.83355698605367
0.833680606275507
0.83380416648196
0.833927666768694
0.834051107231257
0.834174487965075
0.834297809065458
0.834421070627592
0.834544272746547
0.834667415517269
0.834790499034586
0.8349135233932
0.835036488687697
0.835159395012537
0.835282242462058
0.835405031130474
0.83552776111188
0.835650432500242
0.835773045389404
0.835895599873087
0.836018096044884
0.836140533998266
0.836262913826575
0.83638523562303
0.836507499480722
0.836629705492615
0.836751853751547
0.836873944350228
0.836995977381239
0.837117952937033
0.837239871109937
0.837361731992145
0.837483535675724
0.837605282252611
0.837726971814612
0.837848604453404
0.837970180260532
0.838091699327409
0.838213161745319
0.838334567605411
0.838455916998703
0.838577210016081
0.838698446748298
0.838819627285972
0.838940751719588
0.839061820139497
0.839182832635917
0.839303789298929
0.839424690218478
0.839545535484378
0.839666325186301
0.839787059413789
0.839907738256241
0.840028361802926
0.840148930142968
0.840269443365361
0.840389901558955
0.840510304812466
0.840630653214468
0.840750946853397
0.840871185817552
0.840991370195088
0.841111500074024
0.841231575542236
0.84135159668746
0.84147156359729
0.841591476359182
0.841711335060447
0.841831139788253
0.84195089062963
0.84207058767146
0.842190231000486
0.842309820703306
0.842429356866374
0.842548839576
0.84266826891835
0.842787644979445
0.84290696784516
0.843026237601227
0.84314545433323
0.843264618126608
0.843383729066652
0.843502787238509
0.843621792727178
0.843740745617509
0.843859645994205
0.843978493941824
0.84409728954477
0.844216032887303
0.844334724053534
0.84445336312742
0.844571950192775
0.844690485333257
0.844808968632378
0.844927400173497
0.845045780039824
0.845164108314417
0.845282385080181
0.845400610419872
0.845518784416091
0.84563690715129
0.845754978707765
0.84587299916766
0.845990968612966
0.84610888712552
0.846226754787007
0.846344571678954
0.846462337882736
0.846580053479573
0.846697718550529
0.846815333176512
0.846932897438276
0.847050411416418
0.847167875191377
0.847285288843439
0.84740265245273
0.847519966099219
0.847637229862718
0.847754443822881
0.847871608059205
0.847988722651026
0.848105787677523
0.848222803217716
0.848339769350465
0.84845668615447
0.848573553708272
0.848690372090252
0.848807141378628
0.848923861651461
0.849040532986647
0.849157155461924
0.849273729154866
0.849390254142886
0.849506730503234
0.849623158312999
0.849739537649106
0.849855868588316
0.849972151207229
0.85008838558228
0.850204571789739
0.850320709905713
0.850436800006145
0.850552842166812
0.850668836463327
0.850784782971136
0.850900681765521
0.851016532921598
0.851132336514315
0.851248092618456
0.851363801308637
0.851479462659306
0.851595076744746
0.851710643639071
0.851826163416227
0.851941636149992
0.852057061913977
0.852172440781623
0.852287772826202
0.852403058120817
0.852518296738402
0.852633488751721
0.852748634233368
0.852863733255767
0.852978785891171
0.853093792211663
0.853208752289153
0.853323666195383
0.85343853400192
0.853553355780161
0.853668131601331
0.853782861536482
0.853897545656494
0.854012184032073
0.854126776733754
0.854241323831895
0.854355825396685
0.854470281498134
0.854584692206083
0.854699057590195
0.854813377719959
0.85492765266469
0.855041882493526
0.855156067275433
0.855270207079198
0.855384301973432
0.855498352026573
0.85561235730688
0.855726317882435
0.855840233821144
0.855954105190737
0.856067932058764
0.856181714492599
0.856295452559438
0.856409146326298
0.856522795860018
0.856636401227258
0.8567499624945
0.856863479728047
0.856976952994021
0.857090382358365
0.857203767886842
0.857317109645037
0.857430407698352
0.857543662112009
0.857656872951049
0.857770040280333
0.85788316416454
0.857996244668167
0.858109281855531
0.858222275790763
0.858335226537817
0.858448134160461
0.858560998722281
0.858673820286679
0.858786598916877
0.85889933467591
0.859012027626632
0.859124677831711
0.859237285353632
0.859349850254696
0.859462372597019
0.859574852442531
0.859687289852979
0.859799684889923
0.859912037614739
0.860024348088616
0.860136616372558
0.860248842527382
0.86036102661372
0.860473168692015
0.860585268822526
0.860697327065322
0.860809343480288
0.860921318127118
0.861033251065321
0.861145142354218
0.861256992052939
0.861368800220428
0.86148056691544
0.861592292196542
0.86170397612211
0.861815618750332
0.861927220139207
0.862038780346543
0.862150299429959
0.862261777446884
0.862373214454556
0.862484610510022
0.862595965670141
0.862707279991578
0.862818553530808
0.862929786344114
0.863040978487589
0.863152130017133
0.863263240988455
0.863374311457069
0.863485341478301
0.86359633110728
0.863707280398945
0.863818189408042
0.863929058189121
0.864039886796543
0.864150675284471
0.864261423706876
0.864372132117536
0.864482800570034
0.864593429117757
0.864704017813899
0.86481456671146
0.864925075863243
0.865035545321857
0.865145975139714
0.865256365369033
0.865366716061835
0.865477027269946
0.865587299044996
0.865697531438417
0.865807724501446
0.865917878285123
0.866027992840291
0.866138068217595
0.866248104467483
0.866358101640207
0.866468059785819
0.866577978954174
0.86668785919493
0.866797700557545
0.866907503091278
0.867017266845192
0.86712699186815
0.867236678208814
0.867346325915651
0.867455935036923
0.867565505620697
0.867675037714838
0.867784531367013
0.867893986624687
0.868003403535125
0.868112782145391
0.868222122502351
0.868331424652668
0.868440688642803
0.868549914519018
0.868659102327373
0.868768252113725
0.868877363923732
0.868986437802849
0.869095473796327
0.869204471949217
0.869313432306367
0.869422354912422
0.869531239811826
0.869640087048817
0.869748896667433
0.869857668711507
0.869966403224668
0.870075100250345
0.870183759831758
0.870292382011927
0.870400966833667
0.870509514339588
0.870618024572097
0.870726497573394
0.870834933385478
0.870943332050139
0.871051693608965
0.871160018103338
0.871268305574433
0.871376556063223
0.871484769610471
0.871592946256738
0.871701086042377
0.871809189007536
0.871917255192155
0.872025284635969
0.872133277378507
0.872241233459089
0.87234915291683
0.872457035790637
0.872564882119211
0.872672691941044
0.872780465294422
0.872888202217423
0.872995902747916
0.873103566923564
0.873211194781821
0.873318786359933
0.873426341694937
0.873533860823662
0.873641343782729
0.873748790608549
0.873856201337325
0.873963576005051
0.874070914647511
0.87417821730028
0.874285483998724
0.874392714778
0.874499909673053
0.874607068718621
0.87471419194923
0.874821279399196
0.874928331102626
0.875035347093415
0.875142327405249
0.875249272071602
0.875356181125738
0.875463054600711
0.875569892529362
0.875676694944323
0.875783461878012
0.875890193362639
0.875996889430199
0.876103550112478
0.876210175441049
0.876316765447273
0.876423320162301
0.876529839617068
0.876636323842301
0.876742772868512
0.876849186726001
0.876955565444856
0.877061909054952
0.877168217585951
0.877274491067302
0.877380729528242
0.877486932997794
0.877593101504767
0.877699235077759
0.877805333745151
0.877911397535114
0.878017426475603
0.878123420594361
0.878229379918915
0.87833530447658
0.878441194294455
0.878547049399427
0.878652869818167
0.878758655577132
0.878864406702565
0.878970123220493
0.879075805156731
0.879181452536878
0.879287065386316
0.879392643730214
0.879498187593527
0.879603697000993
0.879709171977135
0.879814612546262
0.879920018732465
0.880025390559622
0.880130728051395
0.880236031231229
0.880341300122355
0.880446534747786
0.880551735130322
0.880656901292543
0.880762033256818
0.880867131045294
0.880972194679907
0.881077224182374
0.881182219574195
0.881287180876656
0.881392108110825
0.881497001297552
0.881601860457473
0.881706685611005
0.88181147677835
0.881916233979492
0.882020957234198
0.882125646562018
0.882230301982285
0.882334923514116
0.882439511176408
0.882544064987844
0.882648584966887
0.882753071131783
0.882857523500562
0.882961942091036
0.883066326920798
0.883170678007225
0.883274995367475
0.883379279018489
0.883483528976991
0.883587745259484
0.883691927882257
0.883796076861378
0.8839001922127
0.884004273951855
0.884108322094257
0.884212336655105
0.884316317649377
0.884420265091833
0.884524178997016
0.884628059379248
0.884731906252637
0.884835719631069
0.884939499528212
0.885043245957517
0.885146958932216
0.885250638465321
0.885354284569628
0.885457897257711
0.88556147654193
0.885665022434421
0.885768534947106
0.885872014091685
0.885975459879641
0.886078872322238
0.88618225143052
0.886285597215315
0.886388909687229
0.88649218885665
0.886595434733749
0.886698647328477
0.886801826650564
0.886904972709524
0.887008085514652
0.887111165075022
0.887214211399489
0.887317224496693
0.88742020437505
0.887523151042761
0.887626064507804
0.887728944777943
0.887831791860719
0.887934605763455
0.888037386493256
0.888140134057008
0.888242848461376
0.888345529712809
0.888448177817535
0.888550792781564
0.888653374610685
0.888755923310472
0.888858438886277
0.888960921343233
0.889063370686256
0.889165786920042
0.889268170049068
0.889370520077592
0.889472837009654
0.889575120849075
0.889677371599457
0.889779589264182
0.889881773846416
0.889983925349104
0.890086043774973
0.890188129126532
0.890290181406071
0.890392200615659
0.890494186757152
0.890596139832181
0.890698059842163
0.890799946788296
0.890901800671557
0.891003621492708
0.89110540925229
0.891207163950627
0.891308885587824
0.891410574163769
0.891512229678132
0.891613852130362
0.891715441519694
0.891816997845141
0.891918521105501
0.892020011299354
0.892121468425061
0.892222892480765
0.892324283464391
0.892425641373649
0.892526966206029
0.892628257958804
0.892729516629029
0.892830742213543
0.892931934708966
0.893033094111702
0.893134220417938
0.893235313623644
0.89333637372457
0.893437400716252
0.89353839459401
0.893639355352944
0.89374028298794
0.893841177493666
0.893942038864573
0.894042867094896
0.894143662178656
0.894244424109653
0.894345152881475
0.894445848487491
0.894546510920856
0.894647140174509
0.894747736241171
0.894848299113349
0.894948828783335
0.895049325243205
0.895149788484817
0.895250218499818
0.895350615279636
0.895450978815487
0.895551309098369
0.895651606119068
0.895751869868154
0.895852100335981
0.895952297512691
0.896052461388209
0.896152591952248
0.896252689194305
0.896352753103665
0.896452783669397
0.896552780880357
0.896652744725187
0.896752675192317
0.896852572269962
0.896952435946123
0.897052266208591
0.89715206304494
0.897251826442535
0.897351556388525
0.897451252869849
0.897550915873231
0.897650545385185
0.897750141392012
0.897849703879801
0.897949232834429
0.898048728241562
0.898148190086653
0.898247618354944
0.898347013031468
0.898446374101045
0.898545701548283
0.898644995357581
0.898744255513129
0.898843481998902
0.898942674798669
0.899041833895986
0.899140959274203
0.899240050916455
0.899339108805672
0.899438132924572
0.899537123255664
0.899636079781251
0.899735002483423
0.899833891344063
0.899932746344847
0.900031567467241
0.900130354692503
0.900229108001685
0.900327827375628
0.900426512794969
0.900525164240136
0.900623781691349
0.900722365128623
0.900820914531766
0.900919429880378
0.901017911153855
0.901116358331385
0.901214771391951
0.901313150314331
0.901411495077096
0.901509805658613
0.901608082037044
0.901706324190346
0.901804532096271
0.901902705732368
0.902000845075981
0.902098950104249
0.902197020794111
0.902295057122298
0.902393059065341
0.902491026599568
0.902588959701103
0.902686858345867
0.902784722509582
0.902882552167764
0.902980347295731
0.903078107868598
0.903175833861277
0.903273525248482
0.903371182004725
0.903468804104317
0.90356639152137
0.903663944229796
0.903761462203306
0.903858945415413
0.90395639383943
0.904053807448473
0.904151186215456
0.904248530113099
0.90434583911392
0.904443113190241
0.904540352314187
0.904637556457685
0.904734725592466
0.904831859690063
0.904928958721814
0.90502602265886
0.905123051472146
0.905220045132424
0.905317003610248
0.905413926875978
0.905510814899779
0.905607667651624
0.905704485101289
0.905801267218358
0.905898013972221
0.905994725332077
0.906091401266928
0.906188041745589
0.906284646736678
0.906381216208624
0.906477750129663
0.906574248467843
0.906670711191017
0.90676713826685
0.906863529662816
0.9069598853462
0.907056205284096
0.907152489443411
0.907248737790862
0.907344950292977
0.907441126916096
0.907537267626372
0.907633372389771
0.90772944117207
0.90782547393886
0.907921470655548
0.90801743128735
0.908113355799302
0.90820924415625
0.908305096322857
0.908400912263603
0.90849669194278
0.9085924353245
0.908688142372688
0.908783813051089
0.908879447323263
0.90897504515259
0.909070606502264
0.909166131335301
0.909261619614536
0.90935707130262
0.909452486362025
0.909547864755045
0.909643206443791
0.909738511390198
0.909833779556019
0.909929010902829
0.910024205392028
0.910119362984835
0.910214483642293
0.910309567325267
0.910404613994448
0.910499623610349
0.910594596133306
0.910689531523484
0.910784429740869
0.910879290745275
0.91097411449634
0.911068900953532
0.911163650076143
0.911258361823292
0.911353036153927
0.911447673026824
0.911542272400588
0.911636834233651
0.911731358484278
0.91182584511056
0.911920294070422
0.912014705321617
0.912109078821731
0.91220341452818
0.912297712398214
0.912391972388915
0.912486194457198
0.912580378559811
0.912674524653337
0.912768632694193
0.91286270263863
0.912956734442735
0.913050728062433
0.913144683453483
0.91323860057148
0.913332479371858
0.91342631980989
0.913520121840684
0.913613885419189
0.913707610500192
0.913801297038321
0.913894944988044
0.913988554303669
0.914082124939344
0.914175656849062
0.914269149986656
0.914362604305802
0.914456019760018
0.914549396302669
0.914642733886961
0.914736032465945
0.914829291992521
0.914922512419429
0.91501569369926
0.915108835784449
0.91520193862728
0.915295002179884
0.915388026394241
0.915481011222178
0.915573956615374
0.915666862525356
0.915759728903503
0.915852555701044
0.915945342869061
0.916038090358485
0.916130798120103
0.916223466104555
0.916316094262331
0.91640868254378
0.916501230899103
0.916593739278358
0.916686207631458
0.916778635908172
0.916871024058127
0.916963372030809
0.917055679775559
0.91714794724158
0.917240174377931
0.917332361133535
0.917424507457173
0.917516613297487
0.91760867860298
0.91770070332202
0.917792687402837
0.917884630793521
0.917976533442031
0.918068395296188
0.918160216303678
0.918251996412053
0.918343735568732
0.918435433721002
0.918527090816014
0.918618706800791
0.918710281622223
0.91880181522707
0.918893307561961
0.918984758573397
0.919076168207749
0.919167536411261
0.919258863130049
0.919350148310103
0.919441391897283
0.919532593837329
0.919623754075852
0.91971487255834
0.919805949230157
0.919896984036544
0.919987976922619
0.920078927833379
0.920169836713699
0.920260703508334
0.920351528161919
0.920442310618969
0.920533050823882
0.920623748720937
0.920714404254295
0.920805017368002
0.920895588005986
0.920986116112061
0.921076601629927
0.921167044503167
0.921257444675255
0.921347802089548
0.921438116689295
0.92152838841763
0.921618617217578
0.921708803032055
0.921798945803866
0.921889045475708
0.92197910199017
0.922069115289734
0.922159085316776
0.922249012013564
0.922338895322263
0.922428735184933
0.922518531543528
0.922608284339903
0.922697993515807
0.922787659012888
0.922877280772695
0.922966858736675
0.923056392846175
0.923145883042444
0.923235329266633
0.923324731459794
0.923414089562885
0.923503403516765
0.923592673262199
0.923681898739859
0.923771079890319
0.923860216654065
0.923949308971487
0.924038356782883
0.924127360028462
0.924216318648343
0.924305232582554
0.924394101771035
0.924482926153637
0.924571705670125
0.924660440260177
0.924749129863385
0.924837774419256
0.924926373867213
0.925014928146595
0.925103437196659
0.925191900956579
0.925280319365448
0.925368692362278
0.925457019886003
0.925545301875476
0.925633538269472
0.92572172900669
0.92580987402575
0.925897973265199
0.925986026663505
0.926074034159066
0.926161995690202
0.926249911195163
0.926337780612126
0.926425603879197
0.926513380934411
0.926601111715733
0.926688796161061
0.926776434208221
0.926864025794976
0.926951570859019
0.927039069337979
0.927126521169419
0.927213926290838
0.927301284639673
0.927388596153297
0.92747586076902
0.927563078424093
0.927650249055707
0.927737372600991
0.927824448997018
0.927911478180801
0.927998460089298
0.92808539465941
0.928172281827983
0.928259121531807
0.928345913707619
0.928432658292105
0.928519355221895
0.928606004433572
0.928692605863664
0.928779159448654
0.928865665124972
0.928952122829004
0.929038532497085
0.929124894065506
0.929211207470511
0.929297472648301
0.929383689535033
0.929469858066819
0.92955597817973
0.929642049809797
0.929728072893008
0.929814047365314
0.929899973162624
0.929985850220813
0.930071678475714
0.930157457863129
0.930243188318821
0.930328869778519
0.930414502177918
0.930500085452683
0.930585619538443
0.930671104370798
0.930756539885317
0.930841926017541
0.930927262702979
0.931012549877117
0.93109778747541
0.931182975433289
0.931268113686159
0.931353202169402
0.931438240818375
0.931523229568413
0.931608168354831
0.93169305711292
0.931777895777953
0.931862684285185
0.93194742256985
0.932032110567167
0.932116748212337
0.932201335440547
0.932285872186968
0.932370358386758
0.932454793975062
0.932539178887011
0.932623513057729
0.932707796422325
0.932792028915902
0.932876210473554
0.932960341030366
0.933044420521417
0.93312844888178
0.933212426046524
0.933296351950713
0.933380226529407
0.933464049717666
0.933547821450546
0.933631541663106
0.933715210290401
0.933798827267491
0.933882392529436
0.9339659060113
0.934049367648152
0.934132777375064
0.934216135127115
0.934299440839389
0.934382694446981
0.934465895884991
0.93454904508853
0.93463214199272
0.934715186532693
0.934798178643593
0.934881118260579
0.934964005318821
0.935046839753507
0.935129621499839
0.935212350493035
0.935295026668332
0.935377649960985
0.935460220306269
0.935542737639478
0.935625201895928
0.935707613010959
0.93578997091993
0.935872275558227
0.935954526861262
0.936036724764469
0.936118869203311
0.936200960113279
0.936282997429893
0.9363649810887
0.93644691102528
0.936528787175243
0.936610609474231
0.936692377857921
0.936774092262023
0.936855752622281
0.936937358874476
0.937018910954427
0.937100408797989
0.937181852341055
0.937263241519562
0.937344576269482
0.937425856526832
0.937507082227671
0.9375882533081
0.937669369704266
0.93775043135236
0.93783143818862
0.93791239014933
0.937993287170822
0.938074129189479
0.938154916141732
0.938235647964062
0.938316324593004
0.938396945965144
0.938477512017122
0.938558022685632
0.938638477907425
0.938718877619307
0.938799221758141
0.938879510260849
0.938959743064412
0.939039920105871
0.939120041322328
0.939200106650946
0.939280116028953
0.939360069393638
0.939439966682358
0.939519807832532
0.939599592781649
0.939679321467263
0.939758993826997
0.939838609798544
0.939918169319667
0.9399976723282
0.94007711876205
0.940156508559196
0.940235841657691
0.940315117995664
0.940394337511318
0.940473500142935
0.940552605828873
0.940631654507569
0.940710646117541
0.940789580597386
0.940868457885782
0.940947277921491
0.941026040643356
0.941104745990307
0.941183393901357
0.941261984315606
0.94134051717224
0.941418992410534
0.941497409969852
0.941575769789646
0.941654071809461
0.941732315968931
0.941810502207786
0.941888630465845
0.941966700683024
0.942044712799335
0.942122666754885
0.942200562489878
0.942278399944615
0.9423561790595
0.942433899775031
0.942511562031812
0.942589165770545
0.942666710932038
0.942744197457199
0.942821625287042
0.942898994362688
0.942976304625362
0.943053556016397
0.943130748477233
0.943207881949421
0.943284956374621
0.943361971694603
0.943438927851251
0.943515824786558
0.943592662442635
0.943669440761702
0.9437461596861
0.943822819158283
0.943899419120823
0.94397595951641
0.944052440287852
0.944128861378078
0.944205222730139
0.944281524287204
0.944357765992568
0.944433947789648
0.944510069621985
0.944586131433247
0.944662133167226
0.944738074767842
0.944813956179143
0.944889777345306
0.944965538210637
0.945041238719573
0.945116878816682
0.945192458446666
0.945267977554358
0.945343436084726
0.945418833982875
0.945494171194041
0.945569447663603
0.945644663337073
0.945719818160103
0.945794912078484
0.945869945038148
0.945944916985168
0.946019827865759
0.946094677626279
0.946169466213229
0.946244193573254
0.946318859653148
0.946393464399846
0.946468007760436
0.946542489682149
0.946616910112369
0.946691268998626
0.946765566288605
0.946839801930138
0.946913975871212
0.946988088059967
0.947062138444696
0.947136126973849
0.94721005359603
0.947283918259999
0.947357720914675
0.947431461509135
0.947505139992615
0.947578756314511
0.947652310424379
0.947725802271937
0.947799231807067
0.947872598979813
0.947945903740382
0.948019146039148
0.94809232582665
0.948165443053594
0.948238497670853
0.948311489629468
0.948384418880649
0.948457285375777
0.948530089066404
0.948602829904251
0.948675507841213
0.948748122829359
0.948820674820931
0.948893163768346
0.948965589624196
0.949037952341249
0.949110251872453
0.94918248817093
0.949254661189984
0.949326770883097
0.949398817203932
0.949470800106332
0.949542719544323
0.949614575472114
0.949686367844097
0.949758096614848
0.949829761739127
0.949901363171884
0.949972900868251
0.950044374783549
0.950115784873288
0.950187131093167
0.950258413399073
0.950329631747084
0.950400786093471
0.950471876394695
0.95054290260741
0.950613864688465
0.950684762594902
0.950755596283956
0.950826365713063
0.95089707083985
0.950967711622145
0.951038288017972
0.951108799985555
0.951179247483315
0.951249630469877
0.951319948904063
0.9513902027449
0.951460391951615
0.951530516483639
0.951600576300606
0.951670571362357
0.951740501628935
0.951810367060591
0.951880167617781
0.951949903261171
0.952019573951633
0.952089179650248
0.952158720318307
0.952228195917311
0.952297606408972
0.952366951755212
0.952436231918169
0.952505446860189
0.952574596543836
0.952643680931886
0.952712699987331
0.952781653673377
0.952850541953448
0.952919364791184
0.952988122150443
0.953056813995303
0.953125440290058
0.953194000999224
0.953262496087535
0.953330925519948
0.953399289261642
0.953467587278015
0.953535819534692
0.953603985997519
0.953672086632567
0.953740121406132
0.953808090284734
0.95387599323512
0.953943830224265
0.95401160121937
0.954079306187864
0.954146945097405
0.954214517915879
0.954282024611403
0.954349465152324
0.954416839507221
0.954484147644903
0.954551389534412
0.954618565145023
0.954685674446243
0.954752717407816
0.954819693999717
0.954886604192159
0.954953447955588
0.955020225260691
0.955086936078386
0.955153580379832
0.955220158136425
0.955286669319801
0.955353113901834
0.955419491854637
0.955485803150564
0.955552047762211
0.955618225662413
0.955684336824249
0.95575038122104
0.955816358826348
0.955882269613982
0.955948113557993
0.956013890632677
0.956079600812574
0.956145244072471
0.956210820387402
0.956276329732645
0.956341772083728
0.956407147416425
0.956472455706758
0.956537696930999
0.956602871065668
0.956667978087537
0.956733017973625
0.956797990701203
0.956862896247795
0.956927734591173
0.956992505709364
0.957057209580648
0.957121846183555
0.957186415496871
0.957250917499637
0.957315352171145
0.957379719490944
0.95744401943884
0.957508251994891
0.957572417139415
0.957636514852984
0.95770054511643
0.957764507910839
0.957828403217557
0.95789223101819
0.957955991294601
0.958019684028911
0.958083309203504
0.958146866801023
0.95821035680437
0.958273779196709
0.958337133961466
0.958400421082329
0.958463640543246
0.958526792328431
0.958589876422357
0.958652892809763
0.958715841475651
0.958778722405288
0.958841535584203
0.958904280998194
0.95896695863332
0.959029568475908
0.95909211051255
0.959154584730105
0.959216991115698
0.959279329656721
0.959341600340834
0.959403803155965
0.959465938090308
0.959528005132329
0.959590004270758
0.959651935494598
0.95971379879312
0.959775594155864
0.95983732157264
0.95989898103353
0.959960572528886
0.960022096049328
0.960083551585752
0.960144939129322
0.960206258671476
0.960267510203922
0.960328693718641
0.960389809207889
0.960450856664192
0.96051183608035
0.960572747449437
0.960633590764801
0.960694366020063
0.96075507320912
0.960815712326142
0.960876283365573
0.960936786322135
0.960997221190823
0.961057587966908
0.961117886645937
0.961178117223733
0.961238279696394
0.961298374060297
0.961358400312094
0.961418358448714
0.961478248467363
0.961538070365525
0.961597824140961
0.96165750979171
0.961717127316088
0.96177667671269
0.961836157980391
0.961895571118341
0.96195491612597
0.962014193002989
0.962073401749385
0.962132542365427
0.96219161485166
0.962250619208912
0.962309555438288
0.962368423541175
0.962427223519238
0.962485955374425
0.962544619108961
0.962603214725353
0.96266174222639
0.962720201615139
0.96277859289495
0.962836916069452
0.962895171142558
0.962953358118459
0.963011477001629
0.963069527796824
0.96312751050908
0.963185425143716
0.963243271706333
0.963301050202812
0.963358760639317
0.963416403022294
0.963473977358472
0.963531483654862
0.963588921918754
0.963646292157726
0.963703594379633
0.963760828592617
0.963817994805099
0.963875093025785
0.963932123263662
0.963989085528001
0.964045979828354
0.964102806174559
0.964159564576733
0.964216255045278
0.964272877590879
0.964329432224504
0.964385918957402
0.964442337801107
0.964498688767435
0.964554971868487
0.964611187116643
0.964667334524571
0.964723414105217
0.964779425871813
0.964835369837875
0.964891246017198
0.964947054423864
0.965002795072236
0.965058467976959
0.965114073152964
0.965169610615462
0.965225080379948
0.9652804824622
0.965335816878279
0.965391083644527
0.96544628277757
0.965501414294317
0.965556478211959
0.96561147454797
0.965666403320106
0.965721264546404
0.965776058245187
0.965830784435056
0.965885443134898
0.965940034363879
0.965994558141449
0.966049014487338
0.966103403421561
0.966157724964412
0.966211979136466
0.966266165958583
0.966320285451902
0.966374337637842
0.966428322538107
0.966482240174679
0.966536090569822
0.966589873746081
0.966643589726281
0.966697238533529
0.966750820191212
0.966804334722995
0.966857782152826
0.966911162504932
0.966964475803821
0.967017722074279
0.967070901341372
0.967124013630447
0.967177058967127
0.967230037377318
0.967282948887202
0.967335793523241
0.967388571312175
0.967441282281023
0.967493926457083
0.967546503867929
0.967599014541414
0.967651458505669
0.967703835789101
0.967756146420396
0.967808390428517
0.967860567842701
0.967912678692466
0.967964723007603
0.968016700818181
0.968068612154545
0.968120457047313
0.968172235527383
0.968223947625926
0.968275593374387
0.968327172804487
0.968378685948223
0.968430132837863
0.968481513505954
0.968532827985311
0.968584076309028
0.968635258510469
0.968686374623272
0.968737424681348
0.968788408718881
0.968839326770327
0.968890178870414
0.968940965054142
0.968991685356781
0.969042339813875
0.969092928461237
0.969143451334951
0.969193908471372
0.969244299907123
0.969294625679101
0.969344885824468
0.969395080380657
0.969445209385372
0.969495272876581
0.969545270892525
0.969595203471709
0.969645070652908
0.969694872475165
0.969744608977787
0.969794280200351
0.969843886182698
0.969893426964937
0.96994290258744
0.969992313090846
0.97004165851606
0.970090938904251
0.970140154296851
0.970189304735557
0.970238390262331
0.970287410919395
0.970336366749238
0.970385257794607
0.970434084098516
0.970482845704238
0.970531542655308
0.970580174995522
0.970628742768937
0.970677246019871
0.970725684792901
0.970774059132865
0.970822369084857
0.970870614694235
0.970918796006611
0.970966913067857
0.971014965924103
0.971062954621735
0.971110879207398
0.971158739727992
0.971206536230673
0.971254268762854
0.971301937372201
0.971349542106638
0.971397083014341
0.971444560143742
0.971491973543524
0.971539323262626
0.971586609350239
0.971633831855806
0.971680990829022
0.971728086319834
0.97177511837844
0.971822087055288
0.971868992401078
0.971915834466759
0.971962613303527
0.972009328962832
0.972055981496368
0.972102570956078
0.972149097394156
0.972195560863039
0.972241961415412
0.972288299104208
0.972334573982604
0.972380786104022
0.972426935522131
0.972473022290842
0.972519046464313
0.972565008096943
0.972610907243374
0.972656743958493
0.972702518297427
0.972748230315546
0.97279388006846
0.97283946761202
0.972884993002318
0.972930456295685
0.972975857548692
0.973021196818148
0.973066474161101
0.973111689634836
0.973156843296877
0.973201935204982
0.973246965417149
0.97329193399161
0.973336840986831
0.973381686461516
0.9734264704746
0.973471193085255
0.973515854352884
0.973560454337125
0.973604993097847
0.973649470695151
0.973693887189369
0.973738242641065
0.973782537111034
0.973826770660298
0.973870943350111
0.973915055241955
0.97395910639754
0.974003096878804
0.974047026747912
0.974090896067257
0.974134704899457
0.974178453307356
0.974222141354023
0.974265769102753
0.974309336617063
0.974352843960696
0.974396291197616
0.974439678392011
0.97448300560829
0.974526272911085
0.974569480365248
0.974612628035851
0.974655715988187
0.974698744287768
0.974741713000325
0.974784622191806
0.974827471928379
0.974870262276429
0.974912993302555
0.974955665073575
0.974998277656521
0.975040831118643
0.975083325527401
0.975125760950472
0.975168137455747
0.975210455111328
0.97525271398553
0.975294914146881
0.975337055664118
0.975379138606191
0.975421163042259
0.975463129041692
0.975505036674066
0.975546886009168
0.975588677116994
0.975630410067746
0.975672084931831
0.975713701779866
0.975755260682671
0.975796761711274
0.975838204936905
0.975879590430999
0.975920918265195
0.975962188511335
0.976003401241463
0.976044556527825
0.97608565444287
0.976126695059245
0.976167678449799
0.97620860468758
0.976249473845837
0.976290285998015
0.976331041217759
0.97637173957891
0.976412381155506
0.976452966021784
0.976493494252172
0.976533965921299
0.976574381103984
0.976614739875242
0.976655042310282
0.976695288484506
0.976735478473507
0.976775612353072
0.976815690199177
0.976855712087992
0.976895678095873
0.97693558829937
0.97697544277522
0.977015241600349
0.97705498485187
0.977094672607085
0.977134304943482
0.977173881938735
0.977213403670707
0.977252870217441
0.977292281657169
0.977331638068305
0.977370939529448
0.977410186119379
0.977449377917061
0.977488515001641
0.977527597452446
0.977566625348984
0.977605598770943
0.977644517798192
0.977683382510777
0.977722192988926
0.977760949313041
0.977799651563706
0.977838299821678
0.977876894167893
0.977915434683463
0.977953921449673
0.977992354547986
0.978030734060037
0.978069060067636
0.978107332652765
0.978145551897581
0.978183717884411
0.978221830695755
0.978259890414283
0.978297897122835
0.978335850904424
0.978373751842229
0.9784116000196
0.978449395520056
0.978487138427282
0.978524828825131
0.978562466797624
0.978600052428946
0.978637585803452
0.978675067005656
0.978712496120243
0.978749873232059
0.978787198426114
0.978824471787581
0.978861693401797
0.97889886335426
0.97893598173063
0.978973048616728
0.979010064098536
0.979047028262196
0.97908394119401
0.979120802980438
0.9791576137081
0.979194373463772
0.97923108233439
0.979267740407046
0.979304347768989
0.979340904507623
0.979377410710509
0.979413866465363
0.979450271860055
0.979486626982608
0.979522931921202
0.979559186764167
0.979595391599987
0.979631546517298
0.979667651604889
0.979703706951697
0.979739712646813
0.979775668779477
0.979811575439079
0.979847432715159
0.979883240697403
0.97991899947565
0.979954709139883
0.979990369780235
0.980025981486984
0.980061544350557
0.980097058461525
0.980132523910605
0.98016794078866
0.980203309186698
0.98023862919587
0.980273900907473
0.980309124412944
0.980344299803867
0.980379427171965
0.980414506609106
0.980449538207297
0.98048452205869
0.980519458255573
0.980554346890379
0.980589188055677
0.980623981844179
0.980658728348735
0.980693427662332
0.980728079878097
0.980762685089296
0.980797243389329
0.980831754871738
0.980866219630196
0.980900637758517
0.98093500935065
0.980969334500677
0.981003613302817
0.981037845851425
0.981072032240988
0.981106172566128
0.9811402669216
0.981174315402294
0.981208318103232
0.981242275119566
0.981276186546585
0.981310052479704
0.981343873014475
0.981377648246578
0.981411378271823
0.981445063186153
0.981478703085638
0.981512298066481
0.98154584822501
0.981579353657687
0.981612814461099
0.981646230731963
0.981679602567122
0.98171293006355
0.981746213318345
0.981779452428734
0.98181264749207
0.981845798605833
0.981878905867628
0.981911969375188
0.981944989226368
0.981977965519151
0.982010898351644
0.98204378782208
0.982076634028813
0.982109437070324
0.982142197045218
0.982174914052221
0.982207588190184
0.982240219558081
0.982272808255008
0.982305354380184
0.98233785803295
0.982370319312769
0.982402738319227
0.982435115152028
0.982467449911001
0.982499742696093
0.982531993607375
0.982564202745036
0.982596370209385
0.982628496100854
0.982660580519992
0.982692623567469
0.982724625344075
0.982756585950718
0.982788505488425
0.982820384058343
0.982852221761738
0.982884018699993
0.982915774974611
0.982947490687212
0.982979165939534
0.983010800833434
0.983042395470885
0.983073949953979
0.983105464384925
0.983136938866049
0.983168373499795
0.983199768388722
0.983231123635507
0.983262439342945
0.983293715613945
0.983324952551535
0.983356150258858
0.983387308839172
0.983418428395854
0.983449509032396
0.983480550852404
0.983511553959603
0.983542518457832
0.983573444451045
0.983604332043314
0.983635181338825
0.983665992441879
0.983696765456894
0.983727500488402
0.983758197641052
0.983788857019606
0.983819478728944
0.98385006287406
0.983880609560062
0.983911118892174
0.983941590975738
0.983972025916207
0.984002423819151
0.984032784790256
0.984063108935322
0.984093396360264
0.984123647171115
0.98415386147402
0.98418403937524
0.984214180981152
0.984244286398249
0.984274355733139
0.984304389092544
0.984334386583304
0.984364348312373
0.984394274386821
0.984424164913833
0.984454020000713
0.984483839754877
0.98451362428386
0.984543373695311
0.984573088096997
0.9846027675968
0.984632412302719
0.984662022322872
0.984691597765489
0.984721138738921
0.984750645351635
0.984780117712213
0.984809555929359
0.984838960111889
0.984868330368742
0.984897666808971
0.984926969541749
0.984956238676367
0.984985474322235
0.985014676588881
0.985043845585951
0.985072981423213
0.985102084210551
0.985131154057971
0.985160191075598
0.985189195373678
0.985218167062576
0.985247106252778
0.985276013054892
0.985304887579646
0.98533372993789
0.985362540240595
0.985391318598856
0.985420065123888
0.985448779927031
0.985477463119745
0.985506114813618
0.985534735120356
0.985563324151794
0.985591882019889
0.985620408836723
0.985648904714503
0.985677369765562
0.985705804102359
0.985734207837479
0.985762581083633
0.985790923953661
0.985819236560528
0.985847519017329
0.985875771437287
0.985903993933753
0.985932186620208
0.985960349610262
0.985988483017656
0.986016586956262
0.986044661540082
0.986072706883249
0.986100723100031
0.986128710304827
0.986156668612169
0.986184598136722
0.986212498993287
0.986240371296799
0.986268215162327
0.986296030705079
0.986323818040397
0.986351577283761
0.986379308550788
0.986407011957233
0.986434687618992
0.986462335652098
0.986489956172725
0.986517549297188
0.986545115141944
0.98657265382359
0.986600165458868
0.986627650164661
0.986655108057998
0.986682539256053
0.986709943876144
0.986737322035735
0.986764673852439
0.986791999444014
0.986819298928368
0.986846572423558
0.986873820047791
0.986901041919424
0.986928238156965
0.986955408879077
0.986982554204571
0.987009674252418
0.987036769141739
0.987063838991811
0.987090883922071
0.98711790405211
0.987144899501676
0.98717187039068
0.987198816839189
0.987225738967433
0.987252636895804
0.987279510744854
0.987306360635302
0.987333186688028
0.98735998902408
0.987386767764671
0.987413523031183
0.987440254945165
0.987466963628335
0.987493649202583
0.987520311789969
0.987546951512726
0.987573568493261
0.987600162854155
0.987626734718164
0.987653284208223
0.987679811447443
0.987706316559114
0.987732799666706
0.987759260893872
0.987785700364446
0.987812118202444
0.98783851453207
0.987864889477712
0.987891243163945
0.987917575715533
0.987943887257429
0.987970177914777
0.987996447812914
0.988022697077369
0.988048925833866
0.988075134208325
0.988101322326863
0.988127490315796
0.988153638301639
0.98817976641111
0.988205874771128
0.988231963508816
0.988258032751503
0.988284082626725
0.988310113262224
0.988336124785955
0.988362117326083
0.988388091010983
0.988414045969248
0.988439982329683
0.988465900221313
0.988491799773379
0.988517681115344
0.988543544376892
0.988569389687929
0.98859521717859
0.98862102697923
0.988646819220438
0.98867259403303
0.988698351548053
0.988724091896788
0.98874981521075
0.988775521621692
0.988801211261602
0.988826884262712
0.988852540757491
0.988878180878656
0.988903804759167
0.988929412532229
0.988955004331299
0.988980580290084
0.989006140542543
0.989031685222888
0.98905721446559
0.989082728405375
0.989108227177233
0.989133710916413
0.989159179758429
0.989184633839061
0.989210073294357
0.989235498260635
0.989260908874485
0.989286305272771
0.989311687592634
0.989337055971492
0.989362410547045
0.989387751457274
0.989413078840446
0.989438392835114
0.98946369358012
0.989488981214598
0.989514255877975
0.989539517709975
0.989564766850619
0.989590003440227
0.989615227619425
0.989640439529141
0.989665639310613
0.989690827105387
0.989716003055321
0.989741167302588
0.98976631998968
0.989791461259407
0.9898165912549
0.989841710119615
0.989866817997338
0.989891915032181
0.989917001368589
0.989942077151344
0.989967142525564
0.989992197636707
0.990017242630574
0.990042277653313
0.990067302851417
0.990092318371733
0.990117324361462
0.99014232096816
0.990167308339742
0.990192286624487
0.99021725597104
0.990242216528411
0.990267168445984
0.990292111873515
0.990317046961139
0.990341973859368
0.990366892719101
0.99039180369162
0.990416706928597
0.990441602582097
0.99046649080458
0.990491371748905
0.990516245568333
0.990541112416528
0.990565972447566
0.990590825815932
0.990615672676527
0.99064051318467
0.990665347496102
0.990690175766988
0.990714998153923
0.990739814813934
0.990764625904482
0.99078943158347
0.990814232009239
0.990839027340581
0.990863817736735
0.990888603357395
0.990913384362711
0.990938160913294
0.990962933170221
0.990987701295035
0.991012465449755
0.991037225796873
0.991061982499361
0.991086735720678
0.991111485624767
0.991136232376067
0.991160976139509
0.991185717080526
0.991210455365055
0.991235191159543
0.991259924630944
0.991284655946736
0.991309385274911
0.991334112783991
0.991358838643026
0.991383563021598
0.99140828608983
0.991433008018387
0.991457728978479
0.991482449141871
0.991507168680882
0.991531887768393
0.991556606577848
0.991581325283266
0.991606044059236
0.991630763080929
0.9916554825241
0.991680202565093
0.991704923380847
0.9917296451489
0.991754368047393
0.991779092255078
0.991803817951318
0.991828545316098
0.991853274530026
0.991878005774342
0.991902739230918
0.991927475082268
0.99195221351155
0.991976954702574
0.992001698839806
0.992026446108374
0.992051196694073
0.992075950783372
0.992100708563417
0.992125470222039
0.992150235947759
0.992175005929793
0.99219978035806
0.992224559423186
0.992249343316509
0.992274132230089
0.992298926356709
0.992323725889885
0.99234853102387
0.992373341953661
0.992398158875006
0.992422981984408
0.992447811479134
0.99247264755722
0.992497490417478
0.992522340259502
0.992547197283676
0.992572061691177
0.992596933683987
0.992621813464897
0.992646701237512
0.992671597206262
0.992696501576405
0.992721414554039
0.992746336346101
0.992771267160385
0.992796207205539
0.992821156691079
0.992846115827393
0.99287108482575
0.992896063898307
0.992921053258116
0.992946053119132
0.992971063696223
0.992996085205174
0.993021117862696
0.993046161886435
0.99307121749498
0.99309628490787
0.993121364345603
0.993146456029642
0.993171560182428
0.993196677027383
0.993221806788922
0.993246949692461
0.993272105964423
0.993297275832251
0.993322459524412
0.993347657270411
0.993372869300795
0.993398095847164
0.993423337142183
0.993448593419584
0.993473864914184
0.993499151861887
0.993524454499698
0.99354977306573
0.993575107799214
0.993600458940511
0.993625826731118
0.99365121141368
0.993676613232002
0.993702032431053
0.993727469256984
0.993752923957131
0.993778396780031
0.993803887975426
0.993829397794283
0.993854926488794
0.993880474312394
0.993906041519771
0.993931628366873
0.993957235110923
0.993982862010429
0.994008509325193
0.994034177316327
0.994059866246259
0.99408557637875
0.994111307978901
0.994137061313168
0.994162836649372
0.994188634256712
0.994214454405776
0.994240297368555
0.994266163418455
0.994292052830306
0.994317965880381
0.994343902846402
0.994369864007559
0.994395849644517
0.994421860039435
0.994447895475973
0.994473956239312
0.994500042616161
0.994526154894775
0.994552293364968
0.994578458318124
0.994604650047216
0.994630868846815
0.994657115013107
0.994683388843909
0.994709690638679
0.994736020698535
0.994762379326265
0.994788766826348
0.994815183504967
0.994841629670019
0.994868105631138
0.994894611699707
0.994921148188874
0.994947715413567
0.994974313690511
0.995000943338246
0.995027604677139
0.995054298029404
0.995081023719119
0.995107782072238
0.995134573416615
0.995161398082016
0.995188256400138
0.995215148704626
0.995242075331093
0.995269036617134
0.995296032902348
0.995323064528351
0.995350131838802
0.995377235179413
0.995404374897976
0.995431551344374
0.995458764870607
0.995486015830808
0.995513304581263
0.995540631480428
0.995567996888956
0.995595401169711
0.995622844687788
0.995650327810538
0.995677850907587
0.995705414350854
0.995733018514577
0.995760663775329
0.995788350512046
0.995816079106043
0.995843849941038
0.995871663403177
0.995899519881052
0.995927419765728
0.995955363450761
0.995983351332227
0.996011383808741
0.996039461281482
0.996067584154217
0.996095752833328
0.99612396772783
0.996152229249401
0.996180537812406
0.996208893833921
0.996237297733758
0.996265749934494
0.996294250861491
0.99632280094293
0.996351400609832
0.996380050296084
0.996408750438471
0.996437501476701
0.99646630385343
0.996495158014294
0.996524064407937
0.996553023486034
0.996582035703327
0.996611101517652
0.996640221389964
0.996669395784374
0.996698625168173
0.996727910011866
0.996757250789201
0.996786647977201
0.996816102056195
0.996845613509848
0.996875182825198
0.996904810492682
0.996934497006175
0.996964242863016
0.996994048564049
0.997023914613653
0.997053841519774
0.997083829793963
0.997113879951412
0.997143992510985
0.997174167995255
0.997204406930545
0.997234709846955
0.997265077278409
0.997295509762685
0.997326007841455
0.997356572060325
0.997387202968871
0.997417901120677
0.997448667073378
0.997479501388697
0.997510404632486
0.997541377374766
0.997572420189771
0.997603533655983
0.997634718356182
0.997665974877483
0.997697303811381
0.997728705753793
0.997760181305106
0.997791731070214
0.99782335565857
0.997855055684228
0.99788683176589
0.99791868452695
0.997950614595544
0.997982622604596
0.998014709191866
0.998046875
