-1.89844447233689e-05
0.000181059532485595
0.000381103509694503
0.000581147486903411
0.000781191464112374
0.000981235441321282
0.00118127941853025
0.00138132339573915
0.00158136737294806
0.00178141135015703
0.00198145532736593
0.0021814993045749
0.0023815432817838
0.00258158725899271
0.00278163123620168
0.00298167521341058
0.00318171919061955
0.00338176316782846
0.00358180714503736
0.00378185112224633
0.00398189509945523
0.0041819390766642
0.00438198305387311
0.00458202703108201
0.00478207100829098
0.00498211498549989
0.00518215896270885
0.00538220293991776
0.00558224691712667
0.00578229089433563
0.00598233487154454
0.0061823788487535
0.00638242282596241
0.00658246680317132
0.00678251078038028
0.00698255475758919
0.00718259873479815
0.00738264271200706
0.00758268668921597
0.00778273066642493
0.00798277464363384
0.0081828186208428
0.00838286259805171
0.00858290657526062
0.00878295055246958
0.00898299452967849
0.0091830385068874
0.00938308248409636
0.00958312646130527
0.00978317043851423
0.00998321441572314
0.010183258392932
0.010383302370141
0.0105833463473499
0.0107833903245589
0.0109834343017678
0.0111834782789767
0.0113835222561857
0.0115835662333946
0.0117836102106035
0.0119836541878124
0.0121836981650214
0.0123837421422303
0.0125837861194392
0.0127838300966482
0.0129838740738571
0.013183918051066
0.013383962028275
0.0135840060054839
0.0137840499826928
0.0139840939599017
0.0141841379371107
0.0143841819143196
0.0145842258915285
0.0147842698687375
0.0149843138459464
0.0151843578231553
0.0153844018003643
0.0155844457775732
0.0157844897547821
0.015984533731991
0.0161845777092
0.0163846216864089
0.0165846656636178
0.0167847096408268
0.0169847536180357
0.0171847975952446
0.0173848415724536
0.0175848855496625
0.0177849295268714
0.0179849735040803
0.0181850174812893
0.0183850614584982
0.0185851054357071
0.0187851494129161
0.018985193390125
0.0191852373673339
0.0193852813445429
0.0195853253217518
0.0197853692989607
0.0199854132761697
0.0201854572533786
0.0203855012305875
0.0205855452077964
0.0207855891850054
0.0209856331622143
0.0211856771394232
0.0213857211166322
0.0215857650938411
0.02178580907105
0.021985853048259
0.0221858970254679
0.0223859410026768
0.0225859849798857
0.0227860289570946
0.0229860729343036
0.0231861169115125
0.0233861608887215
0.0235862048659304
0.0237862488431393
0.0239862928203483
0.0241863367975572
0.0243863807747661
0.024586424751975
0.0247864687291839
0.0249865127063929
0.0251865566836018
0.0253866006608108
0.0255866446380197
0.0257866886152286
0.0259867325924376
0.0261867765696465
0.0263868205468554
0.0265868645240643
0.0267869085012732
0.0269869524784822
0.0271869964556911
0.0273870404329001
0.027587084410109
0.0277871283873179
0.0279871723645269
0.0281872163417358
0.0283872603189447
0.0285873042961536
0.0287873482733625
0.0289873922505715
0.0291874362277804
0.0293874802049894
0.0295875241821983
0.0297875681594072
0.0299876121366162
0.0301876561138251
0.030387700091034
0.0305877440682429
0.0307877880454518
0.0309878320226608
0.0311878759998697
0.0313879199770787
0.0315879639542876
0.0317880079314965
0.0319880519087055
0.0321880958859144
0.0323881398631233
0.0325881838403322
0.0327882278175411
0.0329882717947501
0.033188315771959
0.033388359749168
0.0335884037263769
0.0337884477035858
0.0339884916807948
0.0341885356580037
0.0343885796352126
0.0345886236124215
0.0347886675896305
0.0349887115668394
0.0351887555440483
0.0353887995212573
0.0355888434984662
0.0357888874756751
0.0359889314528841
0.036188975430093
0.0363890194073019
0.0365890633845108
0.0367891073617198
0.0369891513389287
0.0371891953161376
0.0373892392933465
0.0375892832705555
0.0377893272477644
0.0379893712249734
0.0381894152021823
0.0383894591793912
0.0385895031566001
0.0387895471338091
0.038989591111018
0.0391896350882269
0.0393896790654358
0.0395897230426448
0.0397897670198537
0.0399898109970627
0.0401898549742716
0.0403898989514805
0.0405899429286894
0.0407899869058984
0.0409900308831073
0.0411900748603162
0.0413901188375251
0.0415901628147341
0.041790206791943
0.041990250769152
0.0421902947463609
0.0423903387235698
0.0425903827007788
0.0427904266779877
0.0429904706551966
0.0431905146324055
0.0433905586096144
0.0435906025868234
0.0437906465640323
0.0439906905412413
0.0441907345184502
0.0443907784956591
0.0445908224728681
0.044790866450077
0.0449909104272859
0.0451909544044948
0.0453909983817037
0.0455910423589127
0.0457910863361216
0.0459911303133306
0.0461911742905395
0.0463912182677484
0.0465912622449574
0.0467913062221663
0.0469913501993752
0.0471913941765841
0.047391438153793
0.047591482131002
0.0477915261082109
0.0479915700854199
0.0481916140626288
0.0483916580398377
0.0485917020170467
0.0487917459942556
0.0489917899714645
0.0491918339486734
0.0493918779258823
0.0495919219030913
0.0497919658803002
0.0499920098575091
0.0501920538347181
0.050392097811927
0.050592141789136
0.0507921857663449
0.0509922297435538
0.0511922737207627
0.0513923176979716
0.0515923616751806
0.0517924056523895
0.0519924496295984
0.0521924936068074
0.0523925375840163
0.0525925815612253
0.0527926255384342
0.0529926695156431
0.053192713492852
0.0533927574700609
0.0535928014472699
0.0537928454244788
0.0539928894016877
0.0541929333788967
0.0543929773561056
0.0545930213333146
0.0547930653105235
0.0549931092877324
0.0551931532649413
0.0553931972421502
0.0555932412193592
0.0557932851965681
0.055993329173777
0.056193373150986
0.0563934171281949
0.0565934611054039
0.0567935050826128
0.0569935490598217
0.0571935930370306
0.0573936370142396
0.0575936809914485
0.0577937249686574
0.0579937689458663
0.0581938129230753
0.0583938569002842
0.0585939008774932
0.0587939448547021
0.058993988831911
0.0591940328091199
0.0593940767863289
0.0595941207635378
0.0597941647407467
0.0599942087179556
0.0601942526951646
0.0603942966723735
0.0605943406495825
0.0607943846267914
0.0609944286040003
0.0611944725812092
0.0613945165584182
0.0615945605356271
0.061794604512836
0.0619946484900449
0.0621946924672539
0.0623947364444628
0.0625947804216718
0.0627948243988807
0.0629948683760896
0.0631949123532985
0.0633949563305075
0.0635950003077164
0.0637950442849253
0.0639950882621342
0.0641951322393432
0.0643951762165521
0.064595220193761
0.06479526417097
0.0649953081481789
0.0651953521253879
0.0653953961025968
0.0655954400798057
0.0657954840570146
0.0659955280342235
0.0661955720114325
0.0663956159886414
0.0665956599658503
0.0667957039430593
0.0669957479202682
0.0671957918974772
0.0673958358746861
0.067595879851895
0.0677959238291039
0.0679959678063128
0.0681960117835218
0.0683960557607307
0.0685960997379396
0.0687961437151486
0.0689961876923575
0.0691962316695665
0.0693962756467754
0.0695963196239843
0.0697963636011932
0.0699964075784021
0.0701964515556111
0.07039649553282
0.0705965395100289
0.0707965834872379
0.0709966274644468
0.0711966714416558
0.0713967154188647
0.0715967593960736
0.0717968033732825
0.0719968473504914
0.0721968913277004
0.0723969353049093
0.0725969792821182
0.0727970232593272
0.0729970672365361
0.0731971112137451
0.073397155190954
0.0735971991681629
0.0737972431453718
0.0739972871225807
0.0741973310997897
0.0743973750769986
0.0745974190542075
0.0747974630314165
0.0749975070086254
0.0751975509858344
0.0753975949630433
0.0755976389402522
0.0757976829174611
0.07599772689467
0.076197770871879
0.0763978148490879
0.0765978588262968
0.0767979028035058
0.0769979467807147
0.0771979907579236
0.0773980347351326
0.0775980787123415
0.0777981226895504
0.0779981666667593
0.0781982106439683
0.0783982546211772
0.0785982985983861
0.0787983425755951
0.078998386552804
0.0791984305300129
0.0793984745072219
0.0795985184844308
0.0797985624616397
0.0799986064388487
0.0801986504160576
0.0803986943932665
0.0805987383704754
0.0807987823476844
0.0809988263248933
0.0811988703021022
0.0813989142793112
0.0815989582565201
0.081799002233729
0.081999046210938
0.0821990901881469
0.0823991341653558
0.0825991781425647
0.0827992221197737
0.0829992660969826
0.0831993100741915
0.0833993540514005
0.0835993980286094
0.0837994420058183
0.0839994859830273
0.0841995299602362
0.0843995739374451
0.084599617914654
0.084799661891863
0.0849997058690719
0.0851997498462808
0.0853997938234898
0.0855998378006987
0.0857998817779076
0.0859999257551166
0.0861999697323255
0.0864000137095344
0.0866000576867433
0.0868001016639523
0.0870001456411612
0.0872001896183701
0.0874002335955791
0.087600277572788
0.087800321549997
0.0880003655272059
0.0882004095044148
0.0884004534816237
0.0886004974588326
0.0888005414360416
0.0890005854132505
0.0892006293904594
0.0894006733676684
0.0896007173448773
0.0898007613220863
0.0900008052992952
0.0902008492765041
0.090400893253713
0.0906009372309219
0.0908009812081308
0.0910010251853398
0.0912010691625487
0.0914011131397577
0.0916011571169666
0.0918012010941755
0.0920012450713845
0.0922012890485934
0.0924013330258023
0.0926013770030112
0.0928014209802202
0.0930014649574291
0.093201508934638
0.093401552911847
0.0936015968890559
0.0938016408662648
0.0940016848434738
0.0942017288206827
0.0944017727978916
0.0946018167751005
0.0948018607523095
0.0950019047295184
0.0952019487067273
0.0954019926839363
0.0956020366611452
0.0958020806383541
0.0960021246155631
0.096202168592772
0.0964022125699809
0.0966022565471898
0.0968023005243988
0.0970023445016077
0.0972023884788166
0.0974024324560256
0.0976024764332345
0.0978025204104434
0.0980025643876524
0.0982026083648613
0.0984026523420702
0.0986026963192791
0.0988027402964881
0.099002784273697
0.0992028282509059
0.0994028722281149
0.0996029162053238
0.0998029601825327
0.100003004159742
0.100203048136951
0.10040309211416
0.100603136091368
0.100803180068577
0.101003224045786
0.101203268022995
0.101403312000204
0.101603355977413
0.101803399954622
0.102003443931831
0.10220348790904
0.102403531886249
0.102603575863458
0.102803619840667
0.103003663817876
0.103203707795085
0.103403751772293
0.103603795749502
0.103803839726711
0.10400388370392
0.104203927681129
0.104403971658338
0.104604015635547
0.104804059612756
0.105004103589965
0.105204147567174
0.105404191544383
0.105604235521592
0.105804279498801
0.10600432347601
0.106204367453218
0.106404411430427
0.106604455407636
0.106804499384845
0.107004543362054
0.107204587339263
0.107404631316472
0.107604675293681
0.10780471927089
0.108004763248099
0.108204807225308
0.108404851202517
0.108604895179726
0.108804939156935
0.109004983134144
0.109205027111352
0.109405071088561
0.10960511506577
0.109805159042979
0.110005203020188
0.110205246997397
0.110405290974606
0.110605334951815
0.110805378929024
0.111005422906233
0.111205466883442
0.111405510860651
0.11160555483786
0.111805598815069
0.112005642792277
0.112205686769486
0.112405730746695
0.112605774723904
0.112805818701113
0.113005862678322
0.113205906655531
0.11340595063274
0.113605994609949
0.113806038587158
0.114006082564367
0.114206126541576
0.114406170518785
0.114606214495994
0.114806258473202
0.115006302450411
0.11520634642762
0.115406390404829
0.115606434382038
0.115806478359247
0.116006522336456
0.116206566313665
0.116406610290874
0.116606654268083
0.116806698245292
0.117006742222501
0.11720678619971
0.117406830176919
0.117606874154128
0.117806918131336
0.118006962108545
0.118207006085754
0.118407050062963
0.118607094040172
0.118807138017381
0.11900718199459
0.119207225971799
0.119407269949008
0.119607313926217
0.119807357903426
0.120007401880635
0.120207445857844
0.120407489835053
0.120607533812261
0.12080757778947
0.121007621766679
0.121207665743888
0.121407709721097
0.121607753698306
0.121807797675515
0.122007841652724
0.122207885629933
0.122407929607142
0.122607973584351
0.12280801756156
0.123008061538769
0.123208105515978
0.123408149493186
0.123608193470395
0.123808237447604
0.124008281424813
0.124208325402022
0.124408369379231
0.12460841335644
0.124808457333649
0.125008501310858
0.125208545288067
0.125408589265276
0.125608633242485
0.125808677219694
0.126008721196903
0.126208765174112
0.12640880915132
0.126608853128529
0.126808897105738
0.127008941082947
0.127208985060156
0.127409029037365
0.127609073014574
0.127809116991783
0.128009160968992
0.128209204946201
0.12840924892341
0.128609292900619
0.128809336877828
0.129009380855036
0.129209424832245
0.129409468809454
0.129609512786663
0.129809556763872
0.130009600741081
0.13020964471829
0.130409688695499
0.130609732672708
0.130809776649917
0.131009820627126
0.131209864604335
0.131409908581544
0.131609952558753
0.131809996535962
0.13201004051317
0.132210084490379
0.132410128467588
0.132610172444797
0.132810216422006
0.133010260399215
0.133210304376424
0.133410348353633
0.133610392330842
0.133810436308051
0.13401048028526
0.134210524262469
0.134410568239678
0.134610612216887
0.134810656194095
0.135010700171304
0.135210744148513
0.135410788125722
0.135610832102931
0.13581087608014
0.136010920057349
0.136210964034558
0.136411008011767
0.136611051988976
0.136811095966185
0.137011139943394
0.137211183920603
0.137411227897812
0.13761127187502
0.137811315852229
0.138011359829438
0.138211403806647
0.138411447783856
0.138611491761065
0.138811535738274
0.139011579715483
0.139211623692692
0.139411667669901
0.13961171164711
0.139811755624319
0.140011799601528
0.140211843578737
0.140411887555946
0.140611931533154
0.140811975510363
0.141012019487572
0.141212063464781
0.14141210744199
0.141612151419199
0.141812195396408
0.142012239373617
0.142212283350826
0.142412327328035
0.142612371305244
0.142812415282453
0.143012459259662
0.143212503236871
0.143412547214079
0.143612591191288
0.143812635168497
0.144012679145706
0.144212723122915
0.144412767100124
0.144612811077333
0.144812855054542
0.145012899031751
0.14521294300896
0.145412986986169
0.145613030963378
0.145813074940587
0.146013118917796
0.146213162895004
0.146413206872213
0.146613250849422
0.146813294826631
0.14701333880384
0.147213382781049
0.147413426758258
0.147613470735467
0.147813514712676
0.148013558689885
0.148213602667094
0.148413646644303
0.148613690621512
0.148813734598721
0.14901377857593
0.149213822553138
0.149413866530347
0.149613910507556
0.149813954484765
0.150013998461974
0.150214042439183
0.150414086416392
0.150614130393601
0.15081417437081
0.151014218348019
0.151214262325228
0.151414306302437
0.151614350279646
0.151814394256855
0.152014438234063
0.152214482211272
0.152414526188481
0.15261457016569
0.152814614142899
0.153014658120108
0.153214702097317
0.153414746074526
0.153614790051735
0.153814834028944
0.154014878006153
0.154214921983362
0.154414965960571
0.15461500993778
0.154815053914989
0.155015097892197
0.155215141869406
0.155415185846615
0.155615229823824
0.155815273801033
0.156015317778242
0.156215361755451
0.15641540573266
0.156615449709869
0.156815493687078
0.157015537664287
0.157215581641496
0.157415625618705
0.157615669595913
0.157815713573122
0.158015757550331
0.15821580152754
0.158415845504749
0.158615889481958
0.158815933459167
0.159015977436376
0.159216021413585
0.159416065390794
0.159616109368003
0.159816153345212
0.160016197322421
0.16021624129963
0.160416285276839
0.160616329254047
0.160816373231256
0.161016417208465
0.161216461185674
0.161416505162883
0.161616549140092
0.161816593117301
0.16201663709451
0.162216681071719
0.162416725048928
0.162616769026137
0.162816813003346
0.163016856980555
0.163216900957764
0.163416944934972
0.163616988912181
0.16381703288939
0.164017076866599
0.164217120843808
0.164417164821017
0.164617208798226
0.164817252775435
0.165017296752644
0.165217340729853
0.165417384707062
0.165617428684271
0.16581747266148
0.166017516638689
0.166217560615897
0.166417604593106
0.166617648570315
0.166817692547524
0.167017736524733
0.167217780501942
0.167417824479151
0.16761786845636
0.167817912433569
0.168017956410778
0.168218000387987
0.168418044365196
0.168618088342405
0.168818132319614
0.169018176296823
0.169218220274031
0.16941826425124
0.169618308228449
0.169818352205658
0.170018396182867
0.170218440160076
0.170418484137285
0.170618528114494
0.170818572091703
0.171018616068912
0.171218660046121
0.17141870402333
0.171618748000539
0.171818791977748
0.172018835954956
0.172218879932165
0.172418923909374
0.172618967886583
0.172819011863792
0.173019055841001
0.17321909981821
0.173419143795419
0.173619187772628
0.173819231749837
0.174019275727046
0.174219319704255
0.174419363681464
0.174619407658673
0.174819451635881
0.17501949561309
0.175219539590299
0.175419583567508
0.175619627544717
0.175819671521926
0.176019715499135
0.176219759476344
0.176419803453553
0.176619847430762
0.176819891407971
0.17701993538518
0.177219979362389
0.177420023339598
0.177620067316807
0.177820111294015
0.178020155271224
0.178220199248433
0.178420243225642
0.178620287202851
0.17882033118006
0.179020375157269
0.179220419134478
0.179420463111687
0.179620507088896
0.179820551066105
0.180020595043314
0.180220639020523
0.180420682997732
0.18062072697494
0.180820770952149
0.181020814929358
0.181220858906567
0.181420902883776
0.181620946860985
0.181820990838194
0.182021034815403
0.182221078792612
0.182421122769821
0.18262116674703
0.182821210724239
0.183021254701448
0.183221298678657
0.183421342655865
0.183621386633074
0.183821430610283
0.184021474587492
0.184221518564701
0.18442156254191
0.184621606519119
0.184821650496328
0.185021694473537
0.185221738450746
0.185421782427955
0.185621826405164
0.185821870382373
0.186021914359582
0.186221958336791
0.186422002313999
0.186622046291208
0.186822090268417
0.187022134245626
0.187222178222835
0.187422222200044
0.187622266177253
0.187822310154462
0.188022354131671
0.18822239810888
0.188422442086089
0.188622486063298
0.188822530040507
0.189022574017715
0.189222617994924
0.189422661972133
0.189622705949342
0.189822749926551
0.19002279390376
0.190222837880969
0.190422881858178
0.190622925835387
0.190822969812596
0.191023013789805
0.191223057767014
0.191423101744223
0.191623145721432
0.191823189698641
0.192023233675849
0.192223277653058
0.192423321630267
0.192623365607476
0.192823409584685
0.193023453561894
0.193223497539103
0.193423541516312
0.193623585493521
0.19382362947073
0.194023673447939
0.194223717425148
0.194423761402357
0.194623805379566
0.194823849356774
0.195023893333983
0.195223937311192
0.195423981288401
0.19562402526561
0.195824069242819
0.196024113220028
0.196224157197237
0.196424201174446
0.196624245151655
0.196824289128864
0.197024333106073
0.197224377083282
0.197424421060491
0.1976244650377
0.197824509014908
0.198024552992117
0.198224596969326
0.198424640946535
0.198624684923744
0.198824728900953
0.199024772878162
0.199224816855371
0.19942486083258
0.199624904809789
0.199824948786998
0.200024992764207
0.200225036741416
0.200425080718625
0.200625124695833
0.200825168673042
0.201025212650251
0.20122525662746
0.201425300604669
0.201625344581878
0.201825388559087
0.202025432536296
0.202225476513505
0.202425520490714
0.202625564467923
0.202825608445132
0.203025652422341
0.20322569639955
0.203425740376758
0.203625784353967
0.203825828331176
0.204025872308385
0.204225916285594
0.204425960262803
0.204626004240012
0.204826048217221
0.20502609219443
0.205226136171639
0.205426180148848
0.205626224126057
0.205826268103266
0.206026312080475
0.206226356057684
0.206426400034892
0.206626444012101
0.20682648798931
0.207026531966519
0.207226575943728
0.207426619920937
0.207626663898146
0.207826707875355
0.208026751852564
0.208226795829773
0.208426839806982
0.208626883784191
0.2088269277614
0.209026971738609
0.209227015715817
0.209427059693026
0.209627103670235
0.209827147647444
0.210027191624653
0.210227235601862
0.210427279579071
0.21062732355628
0.210827367533489
0.211027411510698
0.211227455487907
0.211427499465116
0.211627543442325
0.211827587419534
0.212027631396742
0.212227675373951
0.21242771935116
0.212627763328369
0.212827807305578
0.213027851282787
0.213227895259996
0.213427939237205
0.213627983214414
0.213828027191623
0.214028071168832
0.214228115146041
0.21442815912325
0.214628203100459
0.214828247077668
0.215028291054876
0.215228335032085
0.215428379009294
0.215628422986503
0.215828466963712
0.216028510940921
0.21622855491813
0.216428598895339
0.216628642872548
0.216828686849757
0.217028730826966
0.217228774804175
0.217428818781384
0.217628862758593
0.217828906735801
0.21802895071301
0.218228994690219
0.218429038667428
0.218629082644637
0.218829126621846
0.219029170599055
0.219229214576264
0.219429258553473
0.219629302530682
0.219829346507891
0.2200293904851
0.220229434462309
0.220429478439518
0.220629522416726
0.220829566393935
0.221029610371144
0.221229654348353
0.221429698325562
0.221629742302771
0.22182978627998
0.222029830257189
0.222229874234398
0.222429918211607
0.222629962188816
0.222830006166025
0.223030050143234
0.223230094120443
0.223430138097651
0.22363018207486
0.223830226052069
0.224030270029278
0.224230314006487
0.224430357983696
0.224630401960905
0.224830445938114
0.225030489915323
0.225230533892532
0.225430577869741
0.22563062184695
0.225830665824159
0.226030709801368
0.226230753778576
0.226430797755785
0.226630841732994
0.226830885710203
0.227030929687412
0.227230973664621
0.22743101764183
0.227631061619039
0.227831105596248
0.228031149573457
0.228231193550666
0.228431237527875
0.228631281505084
0.228831325482293
0.229031369459502
0.22923141343671
0.229431457413919
0.229631501391128
0.229831545368337
0.230031589345546
0.230231633322755
0.230431677299964
0.230631721277173
0.230831765254382
0.231031809231591
0.2312318532088
0.231431897186009
0.231631941163218
0.231831985140427
0.232032029117635
0.232232073094844
0.232432117072053
0.232632161049262
0.232832205026471
0.23303224900368
0.233232292980889
0.233432336958098
0.233632380935307
0.233832424912516
0.234032468889725
0.234232512866934
0.234432556844143
0.234632600821352
0.23483264479856
0.235032688775769
0.235232732752978
0.235432776730187
0.235632820707396
0.235832864684605
0.236032908661814
0.236232952639023
0.236432996616232
0.236633040593441
0.23683308457065
0.237033128547859
0.237233172525068
0.237433216502277
0.237633260479486
0.237833304456694
0.238033348433903
0.238233392411112
0.238433436388321
0.23863348036553
0.238833524342739
0.239033568319948
0.239233612297157
0.239433656274366
0.239633700251575
0.239833744228784
0.240033788205993
0.240233832183202
0.240433876160411
0.240633920137619
0.240833964114828
0.241034008092037
0.241234052069246
0.241434096046455
0.241634140023664
0.241834184000873
0.242034227978082
0.242234271955291
0.2424343159325
0.242634359909709
0.242834403886918
0.243034447864127
0.243234491841336
0.243434535818544
0.243634579795753
0.243834623772962
0.244034667750171
0.24423471172738
0.244434755704589
0.244634799681798
0.244834843659007
0.245034887636216
0.245234931613425
0.245434975590634
0.245635019567843
0.245835063545052
0.246035107522261
0.24623515149947
0.246435195476678
0.246635239453887
0.246835283431096
0.247035327408305
0.247235371385514
0.247435415362723
0.247635459339932
0.247835503317141
0.24803554729435
0.248235591271559
0.248435635248768
0.248635679225977
0.248835723203186
0.249035767180395
0.249235811157603
0.249435855134812
0.249635899112021
0.24983594308923
0.250035987066439
0.250236031043648
0.250436075020857
0.250636118998066
0.250836162975275
0.251036206952484
0.251236250929693
0.251436294906902
0.251636338884111
0.25183638286132
0.252036426838529
0.252236470815738
0.252436514792947
0.252636558770156
0.252836602747365
0.253036646724574
0.253236690701783
0.253436734678992
0.2536367786562
0.253836822633409
0.254036866610618
0.254236910587827
0.254436954565036
0.254636998542245
0.254837042519454
0.255037086496663
0.255237130473872
0.255437174451081
0.25563721842829
0.255837262405499
0.256037306382708
0.256237350359917
0.256437394337126
0.256637438314335
0.256837482291544
0.257037526268753
0.257237570245962
0.257437614223171
0.25763765820038
0.257837702177589
0.258037746154798
0.258237790132006
0.258437834109215
0.258637878086424
0.258837922063633
0.259037966040842
0.259238010018051
0.25943805399526
0.259638097972469
0.259838141949678
0.260038185926887
0.260238229904096
0.260438273881305
0.260638317858514
0.260838361835723
0.261038405812932
0.261238449790141
0.26143849376735
0.261638537744559
0.261838581721768
0.262038625698977
0.262238669676186
0.262438713653395
0.262638757630604
0.262838801607812
0.263038845585021
0.26323888956223
0.263438933539439
0.263638977516648
0.263839021493857
0.264039065471066
0.264239109448275
0.264439153425484
0.264639197402693
0.264839241379902
0.265039285357111
0.26523932933432
0.265439373311529
0.265639417288738
0.265839461265947
0.266039505243156
0.266239549220365
0.266439593197574
0.266639637174783
0.266839681151992
0.267039725129201
0.26723976910641
0.267439813083619
0.267639857060827
0.267839901038036
0.268039945015245
0.268239988992454
0.268440032969663
0.268640076946872
0.268840120924081
0.26904016490129
0.269240208878499
0.269440252855708
0.269640296832917
0.269840340810126
0.270040384787335
0.270240428764544
0.270440472741753
0.270640516718962
0.270840560696171
0.27104060467338
0.271240648650589
0.271440692627798
0.271640736605007
0.271840780582216
0.272040824559425
0.272240868536634
0.272440912513843
0.272640956491051
0.27284100046826
0.273041044445469
0.273241088422678
0.273441132399887
0.273641176377096
0.273841220354305
0.274041264331514
0.274241308308723
0.274441352285932
0.274641396263141
0.27484144024035
0.275041484217559
0.275241528194768
0.275441572171977
0.275641616149186
0.275841660126395
0.276041704103604
0.276241748080813
0.276441792058022
0.276641836035231
0.27684188001244
0.277041923989648
0.277241967966857
0.277442011944066
0.277642055921275
0.277842099898484
0.278042143875693
0.278242187852902
0.278442231830111
0.27864227580732
0.278842319784529
0.279042363761738
0.279242407738947
0.279442451716156
0.279642495693365
0.279842539670574
0.280042583647783
0.280242627624992
0.280442671602201
0.28064271557941
0.280842759556619
0.281042803533828
0.281242847511037
0.281442891488246
0.281642935465455
0.281842979442663
0.282043023419872
0.282243067397081
0.28244311137429
0.282643155351499
0.282843199328708
0.283043243305917
0.283243287283126
0.283443331260335
0.283643375237544
0.283843419214753
0.284043463191962
0.284243507169171
0.28444355114638
0.284643595123589
0.284843639100798
0.285043683078007
0.285243727055216
0.285443771032425
0.285643815009634
0.285843858986843
0.286043902964052
0.286243946941261
0.28644399091847
0.286644034895678
0.286844078872887
0.287044122850096
0.287244166827305
0.287444210804514
0.287644254781723
0.287844298758932
0.288044342736141
0.28824438671335
0.288444430690559
0.288644474667768
0.288844518644977
0.289044562622186
0.289244606599395
0.289444650576604
0.289644694553813
0.289844738531022
0.290044782508231
0.29024482648544
0.290444870462649
0.290644914439858
0.290844958417067
0.291045002394276
0.291245046371485
0.291445090348693
0.291645134325902
0.291845178303111
0.29204522228032
0.292245266257529
0.292445310234738
0.292645354211947
0.292845398189156
0.293045442166365
0.293245486143574
0.293445530120783
0.293645574097992
0.293845618075201
0.29404566205241
0.294245706029619
0.294445750006828
0.294645793984037
0.294845837961246
0.295045881938455
0.295245925915664
0.295445969892873
0.295646013870082
0.295846057847291
0.2960461018245
0.296246145801708
0.296446189778917
0.296646233756126
0.296846277733335
0.297046321710544
0.297246365687753
0.297446409664962
0.297646453642171
0.29784649761938
0.298046541596589
0.298246585573798
0.298446629551007
0.298646673528216
0.298846717505425
0.299046761482634
0.299246805459843
0.299446849437052
0.299646893414261
0.29984693739147
0.300046981368679
0.300247025345888
0.300447069323097
0.300647113300306
0.300847157277514
0.301047201254723
0.301247245231932
0.301447289209141
0.30164733318635
0.301847377163559
0.302047421140768
0.302247465117977
0.302447509095186
0.302647553072395
0.302847597049604
0.303047641026813
0.303247685004022
0.303447728981231
0.30364777295844
0.303847816935649
0.304047860912858
0.304247904890067
0.304447948867276
0.304647992844485
0.304848036821694
0.305048080798903
0.305248124776112
0.30544816875332
0.305648212730529
0.305848256707738
0.306048300684947
0.306248344662156
0.306448388639365
0.306648432616574
0.306848476593783
0.307048520570992
0.307248564548201
0.30744860852541
0.307648652502619
0.307848696479828
0.308048740457037
0.308248784434246
0.308448828411455
0.308648872388664
0.308848916365873
0.309048960343082
0.309249004320291
0.3094490482975
0.309649092274709
0.309849136251918
0.310049180229127
0.310249224206335
0.310449268183544
0.310649312160753
0.310849356137962
0.311049400115171
0.31124944409238
0.311449488069589
0.311649532046798
0.311849576024007
0.312049620001216
0.312249663978425
0.312449707955634
0.312649751932843
0.312849795910052
0.313049839887261
0.31324988386447
0.313449927841679
0.313649971818888
0.313850015796097
0.314050059773306
0.314250103750515
0.314450147727724
0.314650191704933
0.314850235682142
0.315050279659351
0.315250323636559
0.315450367613768
0.315650411590977
0.315850455568186
0.316050499545395
0.316250543522604
0.316450587499813
0.316650631477022
0.316850675454231
0.31705071943144
0.317250763408649
0.317450807385858
0.317650851363067
0.317850895340276
0.318050939317485
0.318250983294694
0.318451027271903
0.318651071249112
0.318851115226321
0.31905115920353
0.319251203180739
0.319451247157948
0.319651291135157
0.319851335112365
0.320051379089574
0.320251423066783
0.320451467043992
0.320651511021201
0.32085155499841
0.321051598975619
0.321251642952828
0.321451686930037
0.321651730907246
0.321851774884455
0.322051818861664
0.322251862838873
0.322451906816082
0.322651950793291
0.3228519947705
0.323052038747709
0.323252082724918
0.323452126702127
0.323652170679336
0.323852214656545
0.324052258633754
0.324252302610963
0.324452346588172
0.32465239056538
0.324852434542589
0.325052478519798
0.325252522497007
0.325452566474216
0.325652610451425
0.325852654428634
0.326052698405843
0.326252742383052
0.326452786360261
0.32665283033747
0.326852874314679
0.327052918291888
0.327252962269097
0.327453006246306
0.327653050223515
0.327853094200724
0.328053138177933
0.328253182155142
0.328453226132351
0.32865327010956
0.328853314086769
0.329053358063978
0.329253402041186
0.329453446018395
0.329653489995604
0.329853533972813
0.330053577950022
0.330253621927231
0.33045366590444
0.330653709881649
0.330853753858858
0.331053797836067
0.331253841813276
0.331453885790485
0.331653929767694
0.331853973744903
0.332054017722112
0.332254061699321
0.33245410567653
0.332654149653739
0.332854193630948
0.333054237608157
0.333254281585366
0.333454325562575
0.333654369539784
0.333854413516993
0.334054457494201
0.33425450147141
0.334454545448619
0.334654589425828
0.334854633403037
0.335054677380246
0.335254721357455
0.335454765334664
0.335654809311873
0.335854853289082
0.336054897266291
0.3362549412435
0.336454985220709
0.336655029197918
0.336855073175127
0.337055117152336
0.337255161129545
0.337455205106754
0.337655249083963
0.337855293061172
0.338055337038381
0.33825538101559
0.338455424992799
0.338655468970008
0.338855512947216
0.339055556924425
0.339255600901634
0.339455644878843
0.339655688856052
0.339855732833261
0.34005577681047
0.340255820787679
0.340455864764888
0.340655908742097
0.340855952719306
0.341055996696515
0.341256040673724
0.341456084650933
0.341656128628142
0.341856172605351
0.34205621658256
0.342256260559769
0.342456304536978
0.342656348514187
0.342856392491396
0.343056436468605
0.343256480445814
0.343456524423022
0.343656568400231
0.34385661237744
0.344056656354649
0.344256700331858
0.344456744309067
0.344656788286276
0.344856832263485
0.345056876240694
0.345256920217903
0.345456964195112
0.345657008172321
0.34585705214953
0.346057096126739
0.346257140103948
0.346457184081157
0.346657228058366
0.346857272035575
0.347057316012784
0.347257359989993
0.347457403967202
0.347657447944411
0.34785749192162
0.348057535898828
0.348257579876037
0.348457623853246
0.348657667830455
0.348857711807664
0.349057755784873
0.349257799762082
0.349457843739291
0.3496578877165
0.349857931693709
0.350057975670918
0.350258019648127
0.350458063625336
0.350658107602545
0.350858151579754
0.351058195556963
0.351258239534172
0.351458283511381
0.35165832748859
0.351858371465799
0.352058415443008
0.352258459420217
0.352458503397426
0.352658547374635
0.352858591351843
0.353058635329052
0.353258679306261
0.35345872328347
0.353658767260679
0.353858811237888
0.354058855215097
0.354258899192306
0.354458943169515
0.354658987146724
0.354859031123933
0.355059075101142
0.355259119078351
0.35545916305556
0.355659207032769
0.355859251009978
0.356059294987187
0.356259338964396
0.356459382941605
0.356659426918814
0.356859470896023
0.357059514873232
0.357259558850441
0.35745960282765
0.357659646804859
0.357859690782067
0.358059734759276
0.358259778736485
0.358459822713694
0.358659866690903
0.358859910668112
0.359059954645321
0.35925999862253
0.359460042599739
0.359660086576948
0.359860130554157
0.360060174531366
0.360260218508575
0.360460262485784
0.360660306462993
0.360860350440202
0.361060394417411
0.36126043839462
0.361460482371829
0.361660526349038
0.361860570326247
0.362060614303456
0.362260658280665
0.362460702257873
0.362660746235082
0.362860790212291
0.3630608341895
0.363260878166709
0.363460922143918
0.363660966121127
0.363861010098336
0.364061054075545
0.364261098052754
0.364461142029963
0.364661186007172
0.364861229984381
0.36506127396159
0.365261317938799
0.365461361916008
0.365661405893217
0.365861449870426
0.366061493847635
0.366261537824844
0.366461581802053
0.366661625779262
0.366861669756471
0.36706171373368
0.367261757710888
0.367461801688097
0.367661845665306
0.367861889642515
0.368061933619724
0.368261977596933
0.368462021574142
0.368662065551351
0.36886210952856
0.369062153505769
0.369262197482978
0.369462241460187
0.369662285437396
0.369862329414605
0.370062373391814
0.370262417369023
0.370462461346232
0.370662505323441
0.37086254930065
0.371062593277859
0.371262637255068
0.371462681232277
0.371662725209486
0.371862769186694
0.372062813163903
0.372262857141112
0.372462901118321
0.37266294509553
0.372862989072739
0.373063033049948
0.373263077027157
0.373463121004366
0.373663164981575
0.373863208958784
0.374063252935993
0.374263296913202
0.374463340890411
0.37466338486762
0.374863428844829
0.375063472822038
0.375263516799247
0.375463560776456
0.375663604753665
0.375863648730874
0.376063692708083
0.376263736685292
0.376463780662501
0.376663824639709
0.376863868616918
0.377063912594127
0.377263956571336
0.377464000548545
0.377664044525754
0.377864088502963
0.378064132480172
0.378264176457381
0.37846422043459
0.378664264411799
0.378864308389008
0.379064352366217
0.379264396343426
0.379464440320635
0.379664484297844
0.379864528275053
0.380064572252262
0.380264616229471
0.38046466020668
0.380664704183889
0.380864748161098
0.381064792138307
0.381264836115516
0.381464880092725
0.381664924069933
0.381864968047142
0.382065012024351
0.38226505600156
0.382465099978769
0.382665143955978
0.382865187933187
0.383065231910396
0.383265275887605
0.383465319864814
0.383665363842023
0.383865407819232
0.384065451796441
0.38426549577365
0.384465539750859
0.384665583728068
0.384865627705277
0.385065671682486
0.385265715659695
0.385465759636904
0.385665803614113
0.385865847591322
0.38606589156853
0.386265935545739
0.386465979522948
0.386666023500157
0.386866067477366
0.387066111454575
0.387266155431784
0.387466199408993
0.387666243386202
0.387866287363411
0.38806633134062
0.388266375317829
0.388466419295038
0.388666463272247
0.388866507249456
0.389066551226665
0.389266595203874
0.389466639181083
0.389666683158292
0.389866727135501
0.39006677111271
0.390266815089919
0.390466859067128
0.390666903044337
0.390866947021545
0.391066990998754
0.391267034975963
0.391467078953172
0.391667122930381
0.39186716690759
0.392067210884799
0.392267254862008
0.392467298839217
0.392667342816426
0.392867386793635
0.393067430770844
0.393267474748053
0.393467518725262
0.393667562702471
0.39386760667968
0.394067650656889
0.394267694634098
0.394467738611307
0.394667782588516
0.394867826565725
0.395067870542934
0.395267914520143
0.395467958497352
0.39566800247456
0.395868046451769
0.396068090428978
0.396268134406187
0.396468178383396
0.396668222360605
0.396868266337814
0.397068310315023
0.397268354292232
0.397468398269441
0.39766844224665
0.397868486223859
0.398068530201068
0.398268574178277
0.398468618155486
0.398668662132695
0.398868706109904
0.399068750087113
0.399268794064322
0.399468838041531
0.39966888201874
0.399868925995949
0.400068969973158
0.400269013950367
0.400469057927575
0.400669101904784
0.400869145881993
0.401069189859202
0.401269233836411
0.40146927781362
0.401669321790829
0.401869365768038
0.402069409745247
0.402269453722456
0.402469497699665
0.402669541676874
0.402869585654083
0.403069629631292
0.403269673608501
0.40346971758571
0.403669761562919
0.403869805540128
0.404069849517337
0.404269893494546
0.404469937471755
0.404669981448964
0.404870025426173
0.405070069403381
0.40527011338059
0.405470157357799
0.405670201335008
0.405870245312217
0.406070289289426
0.406270333266635
0.406470377243844
0.406670421221053
0.406870465198262
0.407070509175471
0.40727055315268
0.407470597129889
0.407670641107098
0.407870685084307
0.408070729061516
0.408270773038725
0.408470817015934
0.408670860993143
0.408870904970352
0.409070948947561
0.40927099292477
0.409471036901979
0.409671080879188
0.409871124856396
0.410071168833605
0.410271212810814
0.410471256788023
0.410671300765232
0.410871344742441
0.41107138871965
0.411271432696859
0.411471476674068
0.411671520651277
0.411871564628486
0.412071608605695
0.412271652582904
0.412471696560113
0.412671740537322
0.412871784514531
0.41307182849174
0.413271872468949
0.413471916446158
0.413671960423367
0.413872004400576
0.414072048377785
0.414272092354994
0.414472136332202
0.414672180309411
0.41487222428662
0.415072268263829
0.415272312241038
0.415472356218247
0.415672400195456
0.415872444172665
0.416072488149874
0.416272532127083
0.416472576104292
0.416672620081501
0.41687266405871
0.417072708035919
0.417272752013128
0.417472795990337
0.417672839967546
0.417872883944755
0.418072927921964
0.418272971899173
0.418473015876382
0.418673059853591
0.4188731038308
0.419073147808009
0.419273191785217
0.419473235762426
0.419673279739635
0.419873323716844
0.420073367694053
0.420273411671262
0.420473455648471
0.42067349962568
0.420873543602889
0.421073587580098
0.421273631557307
0.421473675534516
0.421673719511725
0.421873763488934
0.422073807466143
0.422273851443352
0.422473895420561
0.42267393939777
0.422873983374979
0.423074027352188
0.423274071329397
0.423474115306606
0.423674159283815
0.423874203261024
0.424074247238233
0.424274291215441
0.42447433519265
0.424674379169859
0.424874423147068
0.425074467124277
0.425274511101486
0.425474555078695
0.425674599055904
0.425874643033113
0.426074687010322
0.426274730987531
0.42647477496474
0.426674818941949
0.426874862919158
0.427074906896367
0.427274950873576
0.427474994850785
0.427675038827994
0.427875082805203
0.428075126782412
0.428275170759621
0.42847521473683
0.428675258714038
0.428875302691247
0.429075346668456
0.429275390645665
0.429475434622874
0.429675478600083
0.429875522577292
0.430075566554501
0.43027561053171
0.430475654508919
0.430675698486128
0.430875742463337
0.431075786440546
0.431275830417755
0.431475874394964
0.431675918372173
0.431875962349382
0.432076006326591
0.4322760503038
0.432476094281009
0.432676138258218
0.432876182235427
0.433076226212636
0.433276270189845
0.433476314167054
0.433676358144262
0.433876402121471
0.43407644609868
0.434276490075889
0.434476534053098
0.434676578030307
0.434876622007516
0.435076665984725
0.435276709961934
0.435476753939143
0.435676797916352
0.435876841893561
0.43607688587077
0.436276929847979
0.436476973825188
0.436677017802397
0.436877061779606
0.437077105756815
0.437277149734024
0.437477193711233
0.437677237688442
0.437877281665651
0.43807732564286
0.438277369620068
0.438477413597277
0.438677457574486
0.438877501551695
0.439077545528904
0.439277589506113
0.439477633483322
0.439677677460531
0.43987772143774
0.440077765414949
0.440277809392158
0.440477853369367
0.440677897346576
0.440877941323785
0.441077985300994
0.441278029278203
0.441478073255412
0.441678117232621
0.44187816120983
0.442078205187039
0.442278249164248
0.442478293141457
0.442678337118666
0.442878381095875
0.443078425073083
0.443278469050292
0.443478513027501
0.44367855700471
0.443878600981919
0.444078644959128
0.444278688936337
0.444478732913546
0.444678776890755
0.444878820867964
0.445078864845173
0.445278908822382
0.445478952799591
0.4456789967768
0.445879040754009
0.446079084731218
0.446279128708427
0.446479172685636
0.446679216662845
0.446879260640054
0.447079304617263
0.447279348594472
0.447479392571681
0.447679436548889
0.447879480526098
0.448079524503307
0.448279568480516
0.448479612457725
0.448679656434934
0.448879700412143
0.449079744389352
0.449279788366561
0.44947983234377
0.449679876320979
0.449879920298188
0.450079964275397
0.450280008252606
0.450480052229815
0.450680096207024
0.450880140184233
0.451080184161442
0.451280228138651
0.45148027211586
0.451680316093069
0.451880360070278
0.452080404047487
0.452280448024696
0.452480492001904
0.452680535979113
0.452880579956322
0.453080623933531
0.45328066791074
0.453480711887949
0.453680755865158
0.453880799842367
0.454080843819576
0.454280887796785
0.454480931773994
0.454680975751203
0.454881019728412
0.455081063705621
0.45528110768283
0.455481151660039
0.455681195637248
0.455881239614457
0.456081283591666
0.456281327568875
0.456481371546084
0.456681415523293
0.456881459500502
0.45708150347771
0.457281547454919
0.457481591432128
0.457681635409337
0.457881679386546
0.458081723363755
0.458281767340964
0.458481811318173
0.458681855295382
0.458881899272591
0.4590819432498
0.459281987227009
0.459482031204218
0.459682075181427
0.459882119158636
0.460082163135845
0.460282207113054
0.460482251090263
0.460682295067472
0.460882339044681
0.46108238302189
0.461282426999099
0.461482470976308
0.461682514953517
0.461882558930725
0.462082602907934
0.462282646885143
0.462482690862352
0.462682734839561
0.46288277881677
0.463082822793979
0.463282866771188
0.463482910748397
0.463682954725606
0.463882998702815
0.464083042680024
0.464283086657233
0.464483130634442
0.464683174611651
0.46488321858886
0.465083262566069
0.465283306543278
0.465483350520487
0.465683394497696
0.465883438474905
0.466083482452114
0.466283526429323
0.466483570406532
0.466683614383741
0.466883658360949
0.467083702338158
0.467283746315367
0.467483790292576
0.467683834269785
0.467883878246994
0.468083922224203
0.468283966201412
0.468484010178621
0.46868405415583
0.468884098133039
0.469084142110248
0.469284186087457
0.469484230064666
0.469684274041875
0.469884318019084
0.470084361996293
0.470284405973502
0.470484449950711
0.47068449392792
0.470884537905129
0.471084581882338
0.471284625859546
0.471484669836755
0.471684713813964
0.471884757791173
0.472084801768382
0.472284845745591
0.4724848897228
0.472684933700009
0.472884977677218
0.473085021654427
0.473285065631636
0.473485109608845
0.473685153586054
0.473885197563263
0.474085241540472
0.474285285517681
0.47448532949489
0.474685373472099
0.474885417449308
0.475085461426517
0.475285505403726
0.475485549380935
0.475685593358143
0.475885637335352
0.476085681312561
0.47628572528977
0.476485769266979
0.476685813244188
0.476885857221397
0.477085901198606
0.477285945175815
0.477485989153024
0.477686033130233
0.477886077107442
0.478086121084651
0.47828616506186
0.478486209039069
0.478686253016278
0.478886296993487
0.479086340970696
0.479286384947905
0.479486428925114
0.479686472902323
0.479886516879531
0.48008656085674
0.480286604833949
0.480486648811158
0.480686692788367
0.480886736765576
0.481086780742785
0.481286824719994
0.481486868697203
0.481686912674412
0.481886956651621
0.48208700062883
0.482287044606039
0.482487088583248
0.482687132560457
0.482887176537666
0.483087220514875
0.483287264492084
0.483487308469293
0.483687352446502
0.483887396423711
0.48408744040092
0.484287484378129
0.484487528355337
0.484687572332546
0.484887616309755
0.485087660286964
0.485287704264173
0.485487748241382
0.485687792218591
0.4858878361958
0.486087880173009
0.486287924150218
0.486487968127427
0.486688012104636
0.486888056081845
0.487088100059054
0.487288144036263
0.487488188013472
0.487688231990681
0.48788827596789
0.488088319945099
0.488288363922308
0.488488407899517
0.488688451876726
0.488888495853935
0.489088539831143
0.489288583808352
0.489488627785561
0.48968867176277
0.489888715739979
0.490088759717188
0.490288803694397
0.490488847671606
0.490688891648815
0.490888935626024
0.491088979603233
0.491289023580442
0.491489067557651
0.49168911153486
0.491889155512069
0.492089199489278
0.492289243466487
0.492489287443696
0.492689331420905
0.492889375398114
0.493089419375323
0.493289463352532
0.49348950732974
0.493689551306949
0.493889595284158
0.494089639261367
0.494289683238576
0.494489727215785
0.494689771192994
0.494889815170203
0.495089859147412
0.495289903124621
0.49548994710183
0.495689991079039
0.495890035056248
0.496090079033457
0.496290123010666
0.496490166987875
0.496690210965084
0.496890254942293
0.497090298919502
0.497290342896711
0.49749038687392
0.497690430851129
0.497890474828338
0.498090518805546
0.498290562782755
0.498490606759964
0.498690650737173
0.498890694714382
0.499090738691591
0.4992907826688
0.499490826646009
0.499690870623218
0.499890914600427
0.500090958577636
0.500291002554845
0.500491046532054
0.500691090509263
0.500891134486472
0.501091178463681
0.50129122244089
0.501491266418099
0.501691310395308
0.501891354372517
0.502091398349726
0.502291442326935
0.502491486304144
0.502691530281352
0.502891574258561
0.50309161823577
0.503291662212979
0.503491706190188
0.503691750167397
0.503891794144606
0.504091838121815
0.504291882099024
0.504491926076233
0.504691970053442
0.504892014030651
0.50509205800786
0.505292101985069
0.505492145962278
0.505692189939487
0.505892233916696
0.506092277893905
0.506292321871114
0.506492365848323
0.506692409825532
0.506892453802741
0.507092497779949
0.507292541757158
0.507492585734367
0.507692629711576
0.507892673688785
0.508092717665994
0.508292761643203
0.508492805620412
0.508692849597621
0.50889289357483
0.509092937552039
0.509292981529248
0.509493025506457
0.509693069483666
0.509893113460875
0.510093157438084
0.510293201415293
0.510493245392502
0.510693289369711
0.51089333334692
0.511093377324129
0.511293421301338
0.511493465278547
0.511693509255756
0.511893553232964
0.512093597210173
0.512293641187382
0.512493685164591
0.5126937291418
0.512893773119009
0.513093817096218
0.513293861073427
0.513493905050636
0.513693949027845
0.513893993005054
0.514094036982263
0.514294080959472
0.514494124936681
0.51469416891389
0.514894212891099
0.515094256868308
0.515294300845517
0.515494344822726
0.515694388799935
0.515894432777144
0.516094476754352
0.516294520731561
0.51649456470877
0.516694608685979
0.516894652663188
0.517094696640397
0.517294740617606
0.517494784594815
0.517694828572024
0.517894872549233
0.518094916526442
0.518294960503651
0.51849500448086
0.518695048458069
0.518895092435278
0.519095136412487
0.519295180389696
0.519495224366905
0.519695268344114
0.519895312321323
0.520095356298532
0.520295400275741
0.520495444252949
0.520695488230158
0.520895532207367
0.521095576184576
0.521295620161785
0.521495664138994
0.521695708116203
0.521895752093412
0.522095796070621
0.52229584004783
0.522495884025039
0.522695928002248
0.522895971979457
0.523096015956666
0.523296059933875
0.523496103911084
0.523696147888293
0.523896191865502
0.524096235842711
0.52429627981992
0.524496323797129
0.524696367774337
0.524896411751546
0.525096455728755
0.525296499705964
0.525496543683173
0.525696587660382
0.525896631637591
0.5260966756148
0.526296719592009
0.526496763569218
0.526696807546427
0.526896851523636
0.527096895500845
0.527296939478054
0.527496983455263
0.527697027432472
0.527897071409681
0.52809711538689
0.528297159364099
0.528497203341308
0.528697247318517
0.528897291295726
0.529097335272935
0.529297379250144
0.529497423227352
0.529697467204561
0.52989751118177
0.530097555158979
0.530297599136188
0.530497643113397
0.530697687090606
0.530897731067815
0.531097775045024
0.531297819022233
0.531497862999442
0.531697906976651
0.53189795095386
0.532097994931069
0.532298038908278
0.532498082885487
0.532698126862696
0.532898170839905
0.533098214817114
0.533298258794323
0.533498302771532
0.533698346748741
0.533898390725949
0.534098434703158
0.534298478680367
0.534498522657576
0.534698566634785
0.534898610611994
0.535098654589203
0.535298698566412
0.535498742543621
0.53569878652083
0.535898830498039
0.536098874475248
0.536298918452457
0.536498962429666
0.536699006406875
0.536899050384084
0.537099094361293
0.537299138338502
0.537499182315711
0.53769922629292
0.537899270270129
0.538099314247338
0.538299358224547
0.538499402201756
0.538699446178964
0.538899490156173
0.539099534133382
0.539299578110591
0.5394996220878
0.539699666065009
0.539899710042218
0.540099754019427
0.540299797996636
0.540499841973845
0.540699885951054
0.540899929928263
0.541099973905472
0.541300017882681
0.54150006185989
0.541700105837099
0.541900149814308
0.542100193791517
0.542300237768726
0.542500281745935
0.542700325723144
0.542900369700353
0.543100413677562
0.543300457654771
0.543500501631979
0.543700545609188
0.543900589586397
0.544100633563606
0.544300677540815
0.544500721518024
0.544700765495233
0.544900809472442
0.545100853449651
0.54530089742686
0.545500941404069
0.545700985381278
0.545901029358487
0.546101073335696
0.546301117312905
0.546501161290114
0.546701205267323
0.546901249244532
0.547101293221741
0.54730133719895
0.547501381176159
0.547701425153368
0.547901469130577
0.548101513107785
0.548301557084994
0.548501601062203
0.548701645039412
0.548901689016621
0.54910173299383
0.549301776971039
0.549501820948248
0.549701864925457
0.549901908902666
0.550101952879875
0.550301996857084
0.550502040834293
0.550702084811502
0.550902128788711
0.55110217276592
0.551302216743129
0.551502260720338
0.551702304697547
0.551902348674756
0.552102392651965
0.552302436629174
0.552502480606383
0.552702524583591
0.5529025685608
0.553102612538009
0.553302656515218
0.553502700492427
0.553702744469636
0.553902788446845
0.554102832424054
0.554302876401263
0.554502920378472
0.554702964355681
0.55490300833289
0.555103052310099
0.555303096287308
0.555503140264517
0.555703184241726
0.555903228218935
0.556103272196144
0.556303316173353
0.556503360150562
0.556703404127771
0.55690344810498
0.557103492082189
0.557303536059398
0.557503580036606
0.557703624013815
0.557903667991024
0.558103711968233
0.558303755945442
0.558503799922651
0.55870384389986
0.558903887877069
0.559103931854278
0.559303975831487
0.559504019808696
0.559704063785905
0.559904107763114
0.560104151740323
0.560304195717532
0.560504239694741
0.56070428367195
0.560904327649159
0.561104371626368
0.561304415603577
0.561504459580786
0.561704503557995
0.561904547535204
0.562104591512413
0.562304635489622
0.56250467946683
0.562704723444039
0.562904767421248
0.563104811398457
0.563304855375666
0.563504899352875
0.563704943330084
0.563904987307293
0.564105031284502
0.564305075261711
0.56450511923892
0.564705163216129
0.564905207193338
0.565105251170547
0.565305295147756
0.565505339124965
0.565705383102174
0.565905427079383
0.566105471056592
0.566305515033801
0.56650555901101
0.566705602988219
0.566905646965428
0.567105690942637
0.567305734919845
0.567505778897054
0.567705822874263
0.567905866851472
0.568105910828681
0.56830595480589
0.568505998783099
0.568706042760308
0.568906086737517
0.569106130714726
0.569306174691935
0.569506218669144
0.569706262646353
0.569906306623562
0.570106350600771
0.57030639457798
0.570506438555189
0.570706482532398
0.570906526509607
0.571106570486816
0.571306614464025
0.571506658441233
0.571706702418442
0.571906746395651
0.57210679037286
0.572306834350069
0.572506878327278
0.572706922304487
0.572906966281696
0.573107010258905
0.573307054236114
0.573507098213323
0.573707142190532
0.573907186167741
0.57410723014495
0.574307274122159
0.574507318099368
0.574707362076577
0.574907406053786
0.575107450030995
0.575307494008204
0.575507537985413
0.575707581962622
0.575907625939831
0.57610766991704
0.576307713894249
0.576507757871457
0.576707801848666
0.576907845825875
0.577107889803084
0.577307933780293
0.577507977757502
0.577708021734711
0.57790806571192
0.578108109689129
0.578308153666338
0.578508197643547
0.578708241620756
0.578908285597965
0.579108329575174
0.579308373552383
0.579508417529592
0.579708461506801
0.57990850548401
0.580108549461219
0.580308593438428
0.580508637415637
0.580708681392846
0.580908725370055
0.581108769347264
0.581308813324472
0.581508857301681
0.58170890127889
0.581908945256099
0.582108989233308
0.582309033210517
0.582509077187726
0.582709121164935
0.582909165142144
0.583109209119353
0.583309253096562
0.583509297073771
0.58370934105098
0.583909385028189
0.584109429005398
0.584309472982607
0.584509516959816
0.584709560937025
0.584909604914234
0.585109648891443
0.585309692868652
0.585509736845861
0.58570978082307
0.585909824800279
0.586109868777487
0.586309912754696
0.586509956731905
0.586710000709114
0.586910044686323
0.587110088663532
0.587310132640741
0.58751017661795
0.587710220595159
0.587910264572368
0.588110308549577
0.588310352526786
0.588510396503995
0.588710440481204
0.588910484458413
0.589110528435622
0.589310572412831
0.58951061639004
0.589710660367249
0.589910704344458
0.590110748321667
0.590310792298876
0.590510836276084
0.590710880253293
0.590910924230502
0.591110968207711
0.59131101218492
0.591511056162129
0.591711100139338
0.591911144116547
0.592111188093756
0.592311232070965
0.592511276048174
0.592711320025383
0.592911364002592
0.593111407979801
0.59331145195701
0.593511495934219
0.593711539911428
0.593911583888637
0.594111627865846
0.594311671843055
0.594511715820264
0.594711759797473
0.594911803774682
0.595111847751891
0.595311891729099
0.595511935706308
0.595711979683517
0.595912023660726
0.596112067637935
0.596312111615144
0.596512155592353
0.596712199569562
0.596912243546771
0.59711228752398
0.597312331501189
0.597512375478398
0.597712419455607
0.597912463432816
0.598112507410025
0.598312551387234
0.598512595364443
0.598712639341652
0.598912683318861
0.59911272729607
0.599312771273279
0.599512815250488
0.599712859227697
0.599912903204906
0.600112947182114
0.600312991159323
0.600513035136532
0.600713079113741
0.60091312309095
0.601113167068159
0.601313211045368
0.601513255022577
0.601713298999786
0.601913342976995
0.602113386954204
0.602313430931413
0.602513474908622
0.602713518885831
0.60291356286304
0.603113606840249
0.603313650817458
0.603513694794667
0.603713738771876
0.603913782749085
0.604113826726294
0.604313870703503
0.604513914680712
0.604713958657921
0.60491400263513
0.605114046612338
0.605314090589547
0.605514134566756
0.605714178543965
0.605914222521174
0.606114266498383
0.606314310475592
0.606514354452801
0.60671439843001
0.606914442407219
0.607114486384428
0.607314530361637
0.607514574338846
0.607714618316055
0.607914662293264
0.608114706270473
0.608314750247682
0.608514794224891
0.6087148382021
0.608914882179309
0.609114926156518
0.609314970133727
0.609515014110936
0.609715058088145
0.609915102065353
0.610115146042562
0.610315190019771
0.61051523399698
0.610715277974189
0.610915321951398
0.611115365928607
0.611315409905816
0.611515453883025
0.611715497860234
0.611915541837443
0.612115585814652
0.612315629791861
0.61251567376907
0.612715717746279
0.612915761723488
0.613115805700697
0.613315849677906
0.613515893655115
0.613715937632324
0.613915981609533
0.614116025586741
0.61431606956395
0.614516113541159
0.614716157518368
0.614916201495577
0.615116245472786
0.615316289449995
0.615516333427204
0.615716377404413
0.615916421381622
0.616116465358831
0.61631650933604
0.616516553313249
0.616716597290458
0.616916641267667
0.617116685244876
0.617316729222085
0.617516773199294
0.617716817176503
0.617916861153712
0.618116905130921
0.61831694910813
0.618516993085339
0.618717037062548
0.618917081039757
0.619117125016965
0.619317168994174
0.619517212971383
0.619717256948592
0.619917300925801
0.62011734490301
0.620317388880219
0.620517432857428
0.620717476834637
0.620917520811846
0.621117564789055
0.621317608766264
0.621517652743473
0.621717696720682
0.621917740697891
0.6221177846751
0.622317828652309
0.622517872629518
0.622717916606727
0.622917960583936
0.623118004561145
0.623318048538354
0.623518092515563
0.623718136492772
0.62391818046998
0.624118224447189
0.624318268424398
0.624518312401607
0.624718356378816
0.624918400356025
0.625118444333234
0.625318488310443
0.625518532287652
0.625718576264861
0.62591862024207
0.626118664219279
0.626318708196488
0.626518752173697
0.626718796150906
0.626918840128115
0.627118884105324
0.627318928082533
0.627518972059742
0.627719016036951
0.62791906001416
0.628119103991369
0.628319147968578
0.628519191945787
0.628719235922995
0.628919279900204
0.629119323877413
0.629319367854622
0.629519411831831
0.62971945580904
0.629919499786249
0.630119543763458
0.630319587740667
0.630519631717876
0.630719675695085
0.630919719672294
0.631119763649503
0.631319807626712
0.631519851603921
0.63171989558113
0.631919939558339
0.632119983535548
0.632320027512757
0.632520071489966
0.632720115467175
0.632920159444384
0.633120203421593
0.633320247398802
0.63352029137601
0.633720335353219
0.633920379330428
0.634120423307637
0.634320467284846
0.634520511262055
0.634720555239264
0.634920599216473
0.635120643193682
0.635320687170891
0.6355207311481
0.635720775125309
0.635920819102518
0.636120863079727
0.636320907056936
0.636520951034145
0.636720995011354
0.636921038988563
0.637121082965772
0.637321126942981
0.63752117092019
0.637721214897399
0.637921258874607
0.638121302851816
0.638321346829025
0.638521390806234
0.638721434783443
0.638921478760652
0.639121522737861
0.63932156671507
0.639521610692279
0.639721654669488
0.639921698646697
0.640121742623906
0.640321786601115
0.640521830578324
0.640721874555533
0.640921918532742
0.641121962509951
0.64132200648716
0.641522050464369
0.641722094441578
0.641922138418787
0.642122182395996
0.642322226373205
0.642522270350414
0.642722314327623
0.642922358304831
0.64312240228204
0.643322446259249
0.643522490236458
0.643722534213667
0.643922578190876
0.644122622168085
0.644322666145294
0.644522710122503
0.644722754099712
0.644922798076921
0.64512284205413
0.645322886031339
0.645522930008548
0.645722973985757
0.645923017962966
0.646123061940175
0.646323105917384
0.646523149894593
0.646723193871802
0.646923237849011
0.64712328182622
0.647323325803429
0.647523369780638
0.647723413757846
0.647923457735055
0.648123501712264
0.648323545689473
0.648523589666682
0.648723633643891
0.6489236776211
0.649123721598309
0.649323765575518
0.649523809552727
0.649723853529936
0.649923897507145
0.650123941484354
0.650323985461563
0.650524029438772
0.650724073415981
0.65092411739319
0.651124161370399
0.651324205347608
0.651524249324817
0.651724293302026
0.651924337279234
0.652124381256443
0.652324425233652
0.652524469210861
0.65272451318807
0.652924557165279
0.653124601142488
0.653324645119697
0.653524689096906
0.653724733074115
0.653924777051324
0.654124821028533
0.654324865005742
0.654524908982951
0.65472495296016
0.654924996937369
0.655125040914578
0.655325084891787
0.655525128868996
0.655725172846205
0.655925216823414
0.656125260800623
0.656325304777832
0.656525348755041
0.65672539273225
0.656925436709458
0.657125480686667
0.657325524663876
0.657525568641085
0.657725612618294
0.657925656595503
0.658125700572712
0.658325744549921
0.65852578852713
0.658725832504339
0.658925876481548
0.659125920458757
0.659325964435966
0.659526008413175
0.659726052390384
0.659926096367593
0.660126140344802
0.660326184322011
0.66052622829922
0.660726272276429
0.660926316253638
0.661126360230847
0.661326404208056
0.661526448185265
0.661726492162473
0.661926536139682
0.662126580116891
0.6623266240941
0.662526668071309
0.662726712048518
0.662926756025727
0.663126800002936
0.663326843980145
0.663526887957354
0.663726931934563
0.663926975911772
0.664127019888981
0.66432706386619
0.664527107843399
0.664727151820608
0.664927195797817
0.665127239775026
0.665327283752235
0.665527327729444
0.665727371706653
0.665927415683862
0.666127459661071
0.66632750363828
0.666527547615488
0.666727591592697
0.666927635569906
0.667127679547115
0.667327723524324
0.667527767501533
0.667727811478742
0.667927855455951
0.66812789943316
0.668327943410369
0.668527987387578
0.668728031364787
0.668928075341996
0.669128119319205
0.669328163296414
0.669528207273623
0.669728251250832
0.669928295228041
0.67012833920525
0.670328383182459
0.670528427159668
0.670728471136877
0.670928515114086
0.671128559091295
0.671328603068504
0.671528647045712
0.671728691022921
0.67192873500013
0.672128778977339
0.672328822954548
0.672528866931757
0.672728910908966
0.672928954886175
0.673128998863384
0.673329042840593
0.673529086817802
0.673729130795011
0.67392917477222
0.674129218749429
0.674329262726638
0.674529306703847
0.674729350681056
0.674929394658265
0.675129438635474
0.675329482612683
0.675529526589892
0.6757295705671
0.675929614544309
0.676129658521518
0.676329702498727
0.676529746475936
0.676729790453145
0.676929834430354
0.677129878407563
0.677329922384772
0.677529966361981
0.67773001033919
0.677930054316399
0.678130098293608
0.678330142270817
0.678530186248026
0.678730230225235
0.678930274202444
0.679130318179653
0.679330362156862
0.679530406134071
0.67973045011128
0.679930494088489
0.680130538065698
0.680330582042907
0.680530626020115
0.680730669997324
0.680930713974533
0.681130757951742
0.681330801928951
0.68153084590616
0.681730889883369
0.681930933860578
0.682130977837787
0.682331021814996
0.682531065792205
0.682731109769414
0.682931153746623
0.683131197723832
0.683331241701041
0.68353128567825
0.683731329655459
0.683931373632668
0.684131417609877
0.684331461587086
0.684531505564295
0.684731549541504
0.684931593518713
0.685131637495922
0.685331681473131
0.685531725450339
0.685731769427548
0.685931813404757
0.686131857381966
0.686331901359175
0.686531945336384
0.686731989313593
0.686932033290802
0.687132077268011
0.68733212124522
0.687532165222429
0.687732209199638
0.687932253176847
0.688132297154056
0.688332341131265
0.688532385108474
0.688732429085683
0.688932473062892
0.689132517040101
0.68933256101731
0.689532604994519
0.689732648971728
0.689932692948937
0.690132736926146
0.690332780903354
0.690532824880563
0.690732868857772
0.690932912834981
0.69113295681219
0.691333000789399
0.691533044766608
0.691733088743817
0.691933132721026
0.692133176698235
0.692333220675444
0.692533264652653
0.692733308629862
0.692933352607071
0.69313339658428
0.693333440561489
0.693533484538698
0.693733528515907
0.693933572493116
0.694133616470325
0.694333660447534
0.694533704424743
0.694733748401952
0.694933792379161
0.695133836356369
0.695333880333578
0.695533924310787
0.695733968287996
0.695934012265205
0.696134056242414
0.696334100219623
0.696534144196832
0.696734188174041
0.69693423215125
0.697134276128459
0.697334320105668
0.697534364082877
0.697734408060086
0.697934452037295
0.698134496014504
0.698334539991713
0.698534583968922
0.698734627946131
0.69893467192334
0.699134715900549
0.699334759877758
0.699534803854966
0.699734847832175
0.699934891809384
0.700134935786593
0.700334979763802
0.700535023741011
0.70073506771822
0.700935111695429
0.701135155672638
0.701335199649847
0.701535243627056
0.701735287604265
0.701935331581474
0.702135375558683
0.702335419535892
0.702535463513101
0.70273550749031
0.702935551467519
0.703135595444728
0.703335639421937
0.703535683399146
0.703735727376355
0.703935771353564
0.704135815330773
0.704335859307981
0.70453590328519
0.704735947262399
0.704935991239608
0.705136035216817
0.705336079194026
0.705536123171235
0.705736167148444
0.705936211125653
0.706136255102862
0.706336299080071
0.70653634305728
0.706736387034489
0.706936431011698
0.707136474988907
0.707336518966116
0.707536562943325
0.707736606920534
0.707936650897743
0.708136694874952
0.708336738852161
0.70853678282937
0.708736826806579
0.708936870783788
0.709136914760996
0.709336958738205
0.709537002715414
0.709737046692623
0.709937090669832
0.710137134647041
0.71033717862425
0.710537222601459
0.710737266578668
0.710937310555877
0.711137354533086
0.711337398510295
0.711537442487504
0.711737486464713
0.711937530441922
0.712137574419131
0.71233761839634
0.712537662373549
0.712737706350758
0.712937750327967
0.713137794305176
0.713337838282385
0.713537882259594
0.713737926236803
0.713937970214012
0.71413801419122
0.714338058168429
0.714538102145638
0.714738146122847
0.714938190100056
0.715138234077265
0.715338278054474
0.715538322031683
0.715738366008892
0.715938409986101
0.71613845396331
0.716338497940519
0.716538541917728
0.716738585894937
0.716938629872146
0.717138673849355
0.717338717826564
0.717538761803773
0.717738805780982
0.717938849758191
0.7181388937354
0.718338937712609
0.718538981689818
0.718739025667027
0.718939069644235
0.719139113621444
0.719339157598653
0.719539201575862
0.719739245553071
0.71993928953028
0.720139333507489
0.720339377484698
0.720539421461907
0.720739465439116
0.720939509416325
0.721139553393534
0.721339597370743
0.721539641347952
0.721739685325161
0.72193972930237
0.722139773279579
0.722339817256788
0.722539861233997
0.722739905211206
0.722939949188415
0.723139993165623
0.723340037142832
0.723540081120041
0.72374012509725
0.723940169074459
0.724140213051668
0.724340257028877
0.724540301006086
0.724740344983295
0.724940388960504
0.725140432937713
0.725340476914922
0.725540520892131
0.72574056486934
0.725940608846549
0.726140652823758
0.726340696800967
0.726540740778176
0.726740784755385
0.726940828732594
0.727140872709803
0.727340916687012
0.727540960664221
0.72774100464143
0.727941048618639
0.728141092595847
0.728341136573056
0.728541180550265
0.728741224527474
0.728941268504683
0.729141312481892
0.729341356459101
0.72954140043631
0.729741444413519
0.729941488390728
0.730141532367937
0.730341576345146
0.730541620322355
0.730741664299564
0.730941708276773
0.731141752253982
0.731341796231191
0.7315418402084
0.731741884185609
0.731941928162818
0.732141972140027
0.732342016117236
0.732542060094445
0.732742104071654
0.732942148048862
0.733142192026071
0.73334223600328
0.733542279980489
0.733742323957698
0.733942367934907
0.734142411912116
0.734342455889325
0.734542499866534
0.734742543843743
0.734942587820952
0.735142631798161
0.73534267577537
0.735542719752579
0.735742763729788
0.735942807706997
0.736142851684206
0.736342895661415
0.736542939638624
0.736742983615833
0.736943027593042
0.737143071570251
0.73734311554746
0.737543159524668
0.737743203501877
0.737943247479086
0.738143291456295
0.738343335433504
0.738543379410713
0.738743423387922
0.738943467365131
0.73914351134234
0.739343555319549
0.739543599296758
0.739743643273967
0.739943687251176
0.740143731228385
0.740343775205594
0.740543819182803
0.740743863160012
0.740943907137221
0.74114395111443
0.741343995091639
0.741544039068848
0.741744083046057
0.741944127023266
0.742144171000475
0.742344214977683
0.742544258954892
0.742744302932101
0.74294434690931
0.743144390886519
0.743344434863728
0.743544478840937
0.743744522818146
0.743944566795355
0.744144610772564
0.744344654749773
0.744544698726982
0.744744742704191
0.7449447866814
0.745144830658609
0.745344874635818
0.745544918613027
0.745744962590236
0.745945006567445
0.746145050544654
0.746345094521863
0.746545138499072
0.746745182476281
0.746945226453489
0.747145270430698
0.747345314407907
0.747545358385116
0.747745402362325
0.747945446339534
0.748145490316743
0.748345534293952
0.748545578271161
0.74874562224837
0.748945666225579
0.749145710202788
0.749345754179997
0.749545798157206
0.749745842134415
0.749945886111624
0.750145930088833
0.750345974066042
0.750546018043251
0.75074606202046
0.750946105997669
0.751146149974877
0.751346193952086
0.751546237929295
0.751746281906504
0.751946325883713
0.752146369860922
0.752346413838131
0.75254645781534
0.752746501792549
0.752946545769758
0.753146589746967
0.753346633724176
0.753546677701385
0.753746721678594
0.753946765655803
0.754146809633011
0.75434685361022
0.754546897587429
0.754746941564638
0.754946985541847
0.755147029519056
0.755347073496265
0.755547117473474
0.755747161450683
0.755947205427892
0.756147249405101
0.75634729338231
0.756547337359519
0.756747381336727
0.756947425313936
0.757147469291145
0.757347513268354
0.757547557245563
0.757747601222772
0.757947645199981
0.75814768917719
0.758347733154399
0.758547777131608
0.758747821108817
0.758947865086026
0.759147909063235
0.759347953040444
0.759547997017653
0.759748040994861
0.75994808497207
0.760148128949279
0.760348172926488
0.760548216903697
0.760748260880906
0.760948304858115
0.761148348835324
0.761348392812533
0.761548436789742
0.761748480766951
0.76194852474416
0.762148568721369
0.762348612698577
0.762548656675786
0.762748700652995
0.762948744630204
0.763148788607413
0.763348832584622
0.763548876561831
0.76374892053904
0.763948964516249
0.764149008493458
0.764349052470667
0.764549096447876
0.764749140425085
0.764949184402294
0.765149228379502
0.765349272356711
0.76554931633392
0.765749360311129
0.765949404288338
0.766149448265547
0.766349492242756
0.766549536219965
0.766749580197174
0.766949624174383
0.767149668151592
0.767349712128801
0.76754975610601
0.767749800083219
0.767949844060428
0.768149888037637
0.768349932014845
0.768549975992054
0.768750019969263
0.768950063946472
0.769150107923681
0.76935015190089
0.769550195878099
0.769750239855308
0.769950283832517
0.770150327809726
0.770350371786935
0.770550415764144
0.770750459741353
0.770950503718562
0.771150547695771
0.771350591672979
0.771550635650188
0.771750679627397
0.771950723604606
0.772150767581815
0.772350811559024
0.772550855536233
0.772750899513442
0.772950943490651
0.77315098746786
0.773351031445069
0.773551075422278
0.773751119399487
0.773951163376695
0.774151207353904
0.774351251331113
0.774551295308322
0.774751339285531
0.77495138326274
0.775151427239949
0.775351471217158
0.775551515194367
0.775751559171576
0.775951603148785
0.776151647125994
0.776351691103203
0.776551735080412
0.77675177905762
0.776951823034829
0.777151867012038
0.777351910989247
0.777551954966456
0.777751998943665
0.777952042920874
0.778152086898083
0.778352130875292
0.778552174852501
0.77875221882971
0.778952262806919
0.779152306784128
0.779352350761337
0.779552394738546
0.779752438715754
0.779952482692963
0.780152526670172
0.780352570647381
0.78055261462459
0.780752658601799
0.780952702579008
0.781152746556217
0.781352790533426
0.781552834510635
0.781752878487844
0.781952922465053
0.782152966442262
0.78235301041947
0.782553054396679
0.782753098373888
0.782953142351097
0.783153186328306
0.783353230305515
0.783553274282724
0.783753318259933
0.783953362237142
0.784153406214351
0.78435345019156
0.784553494168769
0.784753538145978
0.784953582123187
0.785153626100396
0.785353670077604
0.785553714054813
0.785753758032022
0.785953802009231
0.78615384598644
0.786353889963649
0.786553933940858
0.786753977918067
0.786954021895276
0.787154065872485
0.787354109849694
0.787554153826903
0.787754197804112
0.787954241781321
0.78815428575853
0.788354329735738
0.788554373712947
0.788754417690156
0.788954461667365
0.789154505644574
0.789354549621783
0.789554593598992
0.789754637576201
0.78995468155341
0.790154725530619
0.790354769507828
0.790554813485037
0.790754857462246
0.790954901439455
0.791154945416664
0.791354989393872
0.791555033371081
0.79175507734829
0.791955121325499
0.792155165302708
0.792355209279917
0.792555253257126
0.792755297234335
0.792955341211544
0.793155385188753
0.793355429165962
0.793555473143171
0.79375551712038
0.793955561097588
0.794155605074797
0.794355649052006
0.794555693029215
0.794755737006424
0.794955780983633
0.795155824960842
0.795355868938051
0.79555591291526
0.795755956892469
0.795956000869678
0.796156044846887
0.796356088824096
0.796556132801305
0.796756176778514
0.796956220755722
0.797156264732931
0.79735630871014
0.797556352687349
0.797756396664558
0.797956440641767
0.798156484618976
0.798356528596185
0.798556572573394
0.798756616550603
0.798956660527812
0.799156704505021
0.79935674848223
0.799556792459438
0.799756836436647
0.799956880413856
0.800156924391065
0.800356968368274
0.800557012345483
0.800757056322692
0.800957100299901
0.80115714427711
0.801357188254319
0.801557232231528
0.801757276208737
0.801957320185946
0.802157364163155
0.802357408140363
0.802557452117572
0.802757496094781
0.80295754007199
0.803157584049199
0.803357628026408
0.803557672003617
0.803757715980826
0.803957759958035
0.804157803935244
0.804357847912453
0.804557891889662
0.804757935866871
0.80495797984408
0.805158023821289
0.805358067798498
0.805558111775706
0.805758155752915
0.805958199730124
0.806158243707333
0.806358287684542
0.806558331661751
0.80675837563896
0.806958419616169
0.807158463593378
0.807358507570587
0.807558551547796
0.807758595525005
0.807958639502214
0.808158683479423
0.808358727456632
0.80855877143384
0.808758815411049
0.808958859388258
0.809158903365467
0.809358947342676
0.809558991319885
0.809759035297094
0.809959079274303
0.810159123251512
0.810359167228721
0.81055921120593
0.810759255183139
0.810959299160348
0.811159343137556
0.811359387114765
0.811559431091974
0.811759475069183
0.811959519046392
0.812159563023601
0.81235960700081
0.812559650978019
0.812759694955228
0.812959738932437
0.813159782909646
0.813359826886855
0.813559870864064
0.813759914841273
0.813959958818481
0.81416000279569
0.814360046772899
0.814560090750108
0.814760134727317
0.814960178704526
0.815160222681735
0.815360266658944
0.815560310636153
0.815760354613362
0.815960398590571
0.81616044256778
0.816360486544989
0.816560530522198
0.816760574499406
0.816960618476615
0.817160662453824
0.817360706431033
0.817560750408242
0.817760794385451
0.81796083836266
0.818160882339869
0.818360926317078
0.818560970294287
0.818761014271496
0.818961058248705
0.819161102225914
0.819361146203123
0.819561190180331
0.81976123415754
0.819961278134749
0.820161322111958
0.820361366089167
0.820561410066376
0.820761454043585
0.820961498020794
0.821161541998003
0.821361585975212
0.821561629952421
0.82176167392963
0.821961717906839
0.822161761884048
0.822361805861257
0.822561849838465
0.822761893815674
0.822961937792883
0.823161981770092
0.823362025747301
0.82356206972451
0.823762113701719
0.823962157678928
0.824162201656137
0.824362245633346
0.824562289610555
0.824762333587764
0.824962377564973
0.825162421542182
0.825362465519391
0.825562509496599
0.825762553473808
0.825962597451017
0.826162641428226
0.826362685405435
0.826562729382644
0.826762773359853
0.826962817337062
0.827162861314271
0.82736290529148
0.827562949268689
0.827762993245898
0.827963037223107
0.828163081200316
0.828363125177524
0.828563169154733
0.828763213131942
0.828963257109151
0.82916330108636
0.829363345063569
0.829563389040778
0.829763433017987
0.829963476995196
0.830163520972405
0.830363564949614
0.830563608926823
0.830763652904032
0.830963696881241
0.831163740858449
0.831363784835658
0.831563828812867
0.831763872790076
0.831963916767285
0.832163960744494
0.832364004721703
0.832564048698912
0.832764092676121
0.83296413665333
0.833164180630539
0.833364224607748
0.833564268584957
0.833764312562166
0.833964356539375
0.834164400516583
0.834364444493792
0.834564488471001
0.83476453244821
0.834964576425419
0.835164620402628
0.835364664379837
0.835564708357046
0.835764752334255
0.835964796311464
0.836164840288673
0.836364884265882
0.836564928243091
0.836764972220299
0.836965016197508
0.837165060174717
0.837365104151926
0.837565148129135
0.837765192106344
0.837965236083553
0.838165280060762
0.838365324037971
0.83856536801518
0.838765411992389
0.838965455969598
0.839165499946807
0.839365543924016
0.839565587901224
0.839765631878433
0.839965675855642
0.840165719832851
0.84036576381006
0.840565807787269
0.840765851764478
0.840965895741687
0.841165939718896
0.841365983696105
0.841566027673314
0.841766071650523
0.841966115627732
0.842166159604941
0.84236620358215
0.842566247559358
0.842766291536567
0.842966335513776
0.843166379490985
0.843366423468194
0.843566467445403
0.843766511422612
0.843966555399821
0.84416659937703
0.844366643354239
0.844566687331448
0.844766731308657
0.844966775285866
0.845166819263075
0.845366863240284
0.845566907217493
0.845766951194701
0.84596699517191
0.846167039149119
0.846367083126328
0.846567127103537
0.846767171080746
0.846967215057955
0.847167259035164
0.847367303012373
0.847567346989582
0.847767390966791
0.847967434944
0.848167478921209
0.848367522898417
0.848567566875626
0.848767610852835
0.848967654830044
0.849167698807253
0.849367742784462
0.849567786761671
0.84976783073888
0.849967874716089
0.850167918693298
0.850367962670507
0.850568006647716
0.850768050624925
0.850968094602134
0.851168138579342
0.851368182556551
0.85156822653376
0.851768270510969
0.851968314488178
0.852168358465387
0.852368402442596
0.852568446419805
0.852768490397014
0.852968534374223
0.853168578351432
0.853368622328641
0.85356866630585
0.853768710283059
0.853968754260267
0.854168798237476
0.854368842214685
0.854568886191894
0.854768930169103
0.854968974146312
0.855169018123521
0.85536906210073
0.855569106077939
0.855769150055148
0.855969194032357
0.856169238009566
0.856369281986775
0.856569325963983
0.856769369941192
0.856969413918401
0.85716945789561
0.857369501872819
0.857569545850028
0.857769589827237
0.857969633804446
0.858169677781655
0.858369721758864
0.858569765736073
0.858769809713282
0.858969853690491
0.8591698976677
0.859369941644909
0.859569985622118
0.859770029599326
0.859970073576535
0.860170117553744
0.860370161530953
0.860570205508162
0.860770249485371
0.86097029346258
0.861170337439789
0.861370381416998
0.861570425394207
0.861770469371416
0.861970513348625
0.862170557325834
0.862370601303043
0.862570645280252
0.86277068925746
0.862970733234669
0.863170777211878
0.863370821189087
0.863570865166296
0.863770909143505
0.863970953120714
0.864170997097923
0.864371041075132
0.864571085052341
0.86477112902955
0.864971173006759
0.865171216983968
0.865371260961177
0.865571304938385
0.865771348915594
0.865971392892803
0.866171436870012
0.866371480847221
0.86657152482443
0.866771568801639
0.866971612778848
0.867171656756057
0.867371700733266
0.867571744710475
0.867771788687684
0.867971832664893
0.868171876642101
0.86837192061931
0.868571964596519
0.868772008573728
0.868972052550937
0.869172096528146
0.869372140505355
0.869572184482564
0.869772228459773
0.869972272436982
0.870172316414191
0.8703723603914
0.870572404368609
0.870772448345818
0.870972492323027
0.871172536300235
0.871372580277444
0.871572624254653
0.871772668231862
0.871972712209071
0.87217275618628
0.872372800163489
0.872572844140698
0.872772888117907
0.872972932095116
0.873172976072325
0.873373020049534
0.873573064026743
0.873773108003952
0.87397315198116
0.874173195958369
0.874373239935578
0.874573283912787
0.874773327889996
0.874973371867205
0.875173415844414
0.875373459821623
0.875573503798832
0.875773547776041
0.87597359175325
0.876173635730459
0.876373679707668
0.876573723684877
0.876773767662085
0.876973811639294
0.877173855616503
0.877373899593712
0.877573943570921
0.87777398754813
0.877974031525339
0.878174075502548
0.878374119479757
0.878574163456966
0.878774207434175
0.878974251411384
0.879174295388593
0.879374339365802
0.879574383343011
0.879774427320219
0.879974471297428
0.880174515274637
0.880374559251846
0.880574603229055
0.880774647206264
0.880974691183473
0.881174735160682
0.881374779137891
0.8815748231151
0.881774867092309
0.881974911069518
0.882174955046727
0.882374999023936
0.882575043001145
0.882775086978353
0.882975130955562
0.883175174932771
0.88337521890998
0.883575262887189
0.883775306864398
0.883975350841607
0.884175394818816
0.884375438796025
0.884575482773234
0.884775526750443
0.884975570727652
0.885175614704861
0.88537565868207
0.885575702659278
0.885775746636487
0.885975790613696
0.886175834590905
0.886375878568114
0.886575922545323
0.886775966522532
0.886976010499741
0.88717605447695
0.887376098454159
0.887576142431368
0.887776186408577
0.887976230385786
0.888176274362995
0.888376318340203
0.888576362317412
0.888776406294621
0.88897645027183
0.889176494249039
0.889376538226248
0.889576582203457
0.889776626180666
0.889976670157875
0.890176714135084
0.890376758112293
0.890576802089502
0.890776846066711
0.89097689004392
0.891176934021128
0.891376977998337
0.891577021975546
0.891777065952755
0.891977109929964
0.892177153907173
0.892377197884382
0.892577241861591
0.8927772858388
0.892977329816009
0.893177373793218
0.893377417770427
0.893577461747636
0.893777505724844
0.893977549702053
0.894177593679262
0.894377637656471
0.89457768163368
0.894777725610889
0.894977769588098
0.895177813565307
0.895377857542516
0.895577901519725
0.895777945496934
0.895977989474143
0.896178033451352
0.896378077428561
0.89657812140577
0.896778165382978
0.896978209360187
0.897178253337396
0.897378297314605
0.897578341291814
0.897778385269023
0.897978429246232
0.898178473223441
0.89837851720065
0.898578561177859
0.898778605155068
0.898978649132277
0.899178693109486
0.899378737086695
0.899578781063904
0.899778825041113
0.899978869018321
0.90017891299553
0.900378956972739
0.900579000949948
0.900779044927157
0.900979088904366
0.901179132881575
0.901379176858784
0.901579220835993
0.901779264813202
0.901979308790411
0.90217935276762
0.902379396744829
0.902579440722038
0.902779484699246
0.902979528676455
0.903179572653664
0.903379616630873
0.903579660608082
0.903779704585291
0.9039797485625
0.904179792539709
0.904379836516918
0.904579880494127
0.904779924471336
0.904979968448545
0.905180012425754
0.905380056402962
0.905580100380171
0.90578014435738
0.905980188334589
0.906180232311798
0.906380276289007
0.906580320266216
0.906780364243425
0.906980408220634
0.907180452197843
0.907380496175052
0.907580540152261
0.90778058412947
0.907980628106679
0.908180672083888
0.908380716061096
0.908580760038305
0.908780804015514
0.908980847992723
0.909180891969932
0.909380935947141
0.90958097992435
0.909781023901559
0.909981067878768
0.910181111855977
0.910381155833186
0.910581199810395
0.910781243787604
0.910981287764812
0.911181331742021
0.91138137571923
0.911581419696439
0.911781463673648
0.911981507650857
0.912181551628066
0.912381595605275
0.912581639582484
0.912781683559693
0.912981727536902
0.913181771514111
0.91338181549132
0.913581859468529
0.913781903445738
0.913981947422946
0.914181991400155
0.914382035377364
0.914582079354573
0.914782123331782
0.914982167308991
0.9151822112862
0.915382255263409
0.915582299240618
0.915782343217827
0.915982387195036
0.916182431172245
0.916382475149454
0.916582519126663
0.916782563103872
0.91698260708108
0.917182651058289
0.917382695035498
0.917582739012707
0.917782782989916
0.917982826967125
0.918182870944334
0.918382914921543
0.918582958898752
0.918783002875961
0.91898304685317
0.919183090830379
0.919383134807588
0.919583178784797
0.919783222762006
0.919983266739214
0.920183310716423
0.920383354693632
0.920583398670841
0.92078344264805
0.920983486625259
0.921183530602468
0.921383574579677
0.921583618556886
0.921783662534095
0.921983706511304
0.922183750488513
0.922383794465722
0.92258383844293
0.922783882420139
0.922983926397348
0.923183970374557
0.923384014351766
0.923584058328975
0.923784102306184
0.923984146283393
0.924184190260602
0.924384234237811
0.92458427821502
0.924784322192229
0.924984366169438
0.925184410146647
0.925384454123856
0.925584498101064
0.925784542078273
0.925984586055482
0.926184630032691
0.9263846740099
0.926584717987109
0.926784761964318
0.926984805941527
0.927184849918736
0.927384893895945
0.927584937873154
0.927784981850363
0.927985025827572
0.928185069804781
0.928385113781989
0.928585157759198
0.928785201736407
0.928985245713616
0.929185289690825
0.929385333668034
0.929585377645243
0.929785421622452
0.929985465599661
0.93018550957687
0.930385553554079
0.930585597531288
0.930785641508497
0.930985685485705
0.931185729462914
0.931385773440123
0.931585817417332
0.931785861394541
0.93198590537175
0.932185949348959
0.932385993326168
0.932586037303377
0.932786081280586
0.932986125257795
0.933186169235004
0.933386213212213
0.933586257189422
0.933786301166631
0.933986345143839
0.934186389121048
0.934386433098257
0.934586477075466
0.934786521052675
0.934986565029884
0.935186609007093
0.935386652984302
0.935586696961511
0.93578674093872
0.935986784915929
0.936186828893138
0.936386872870347
0.936586916847556
0.936786960824765
0.936987004801973
0.937187048779182
0.937387092756391
0.9375871367336
0.937787180710809
0.937987224688018
0.938187268665227
0.938387312642436
0.938587356619645
0.938787400596854
0.938987444574063
0.939187488551272
0.939387532528481
0.93958757650569
0.939787620482899
0.939987664460107
0.940187708437316
0.940387752414525
0.940587796391734
0.940787840368943
0.940987884346152
0.941187928323361
0.94138797230057
0.941588016277779
0.941788060254988
0.941988104232197
0.942188148209406
0.942388192186615
0.942588236163823
0.942788280141032
0.942988324118241
0.94318836809545
0.943388412072659
0.943588456049868
0.943788500027077
0.943988544004286
0.944188587981495
0.944388631958704
0.944588675935913
0.944788719913122
0.944988763890331
0.94518880786754
0.945388851844749
0.945588895821957
0.945788939799166
0.945988983776375
0.946189027753584
0.946389071730793
0.946589115708002
0.946789159685211
0.94698920366242
0.947189247639629
0.947389291616838
0.947589335594047
0.947789379571256
0.947989423548465
0.948189467525673
0.948389511502882
0.948589555480091
0.9487895994573
0.948989643434509
0.949189687411718
0.949389731388927
0.949589775366136
0.949789819343345
0.949989863320554
0.950189907297763
0.950389951274972
0.950589995252181
0.95079003922939
0.950990083206599
0.951190127183807
0.951390171161016
0.951590215138225
0.951790259115434
0.951990303092643
0.952190347069852
0.952390391047061
0.95259043502427
0.952790479001479
0.952990522978688
0.953190566955897
0.953390610933106
0.953590654910315
0.953790698887524
0.953990742864733
0.954190786841941
0.95439083081915
0.954590874796359
0.954790918773568
0.954990962750777
0.955191006727986
0.955391050705195
0.955591094682404
0.955791138659613
0.955991182636822
0.956191226614031
0.95639127059124
0.956591314568449
0.956791358545658
0.956991402522867
0.957191446500075
0.957391490477284
0.957591534454493
0.957791578431702
0.957991622408911
0.95819166638612
0.958391710363329
0.958591754340538
0.958791798317747
0.958991842294956
0.959191886272165
0.959391930249374
0.959591974226583
0.959792018203791
0.959992062181
0.960192106158209
0.960392150135418
0.960592194112627
0.960792238089836
0.960992282067045
0.961192326044254
0.961392370021463
0.961592413998672
0.961792457975881
0.96199250195309
0.962192545930299
0.962392589907508
0.962592633884716
0.962792677861925
0.962992721839134
0.963192765816343
0.963392809793552
0.963592853770761
0.96379289774797
0.963992941725179
0.964192985702388
0.964393029679597
0.964593073656806
0.964793117634015
0.964993161611224
0.965193205588433
0.965393249565641
0.96559329354285
0.965793337520059
0.965993381497268
0.966193425474477
0.966393469451686
0.966593513428895
0.966793557406104
0.966993601383313
0.967193645360522
0.967393689337731
0.96759373331494
0.967793777292149
0.967993821269358
0.968193865246566
0.968393909223775
0.968593953200984
0.968793997178193
0.968994041155402
0.969194085132611
0.96939412910982
0.969594173087029
0.969794217064238
0.969994261041447
0.970194305018656
0.970394348995865
0.970594392973074
0.970794436950283
0.970994480927492
0.9711945249047
0.971394568881909
0.971594612859118
0.971794656836327
0.971994700813536
0.972194744790745
0.972394788767954
0.972594832745163
0.972794876722372
0.972994920699581
0.97319496467679
0.973395008653999
0.973595052631208
0.973795096608417
0.973995140585626
0.974195184562834
0.974395228540043
0.974595272517252
0.974795316494461
0.97499536047167
0.975195404448879
0.975395448426088
0.975595492403297
0.975795536380506
0.975995580357715
0.976195624334924
0.976395668312133
0.976595712289342
0.976795756266551
0.976995800243759
0.977195844220968
0.977395888198177
0.977595932175386
0.977795976152595
0.977996020129804
0.978196064107013
0.978396108084222
0.978596152061431
0.97879619603864
0.978996240015849
0.979196283993058
0.979396327970267
0.979596371947476
0.979796415924684
0.979996459901893
0.980196503879102
0.980396547856311
0.98059659183352
0.980796635810729
0.980996679787938
0.981196723765147
0.981396767742356
0.981596811719565
0.981796855696774
0.981996899673983
0.982196943651192
0.982396987628401
0.98259703160561
0.982797075582818
0.982997119560027
0.983197163537236
0.983397207514445
0.983597251491654
0.983797295468863
0.983997339446072
0.984197383423281
0.98439742740049
0.984597471377699
0.984797515354908
0.984997559332117
0.985197603309326
0.985397647286534
0.985597691263743
0.985797735240952
0.985997779218161
0.98619782319537
0.986397867172579
0.986597911149788
0.986797955126997
0.986997999104206
0.987198043081415
0.987398087058624
0.987598131035833
0.987798175013042
0.987998218990251
0.988198262967459
0.988398306944668
0.988598350921877
0.988798394899086
0.988998438876295
0.989198482853504
0.989398526830713
0.989598570807922
0.989798614785131
0.98999865876234
0.990198702739549
0.990398746716758
0.990598790693967
0.990798834671176
0.990998878648385
0.991198922625594
0.991398966602802
0.991599010580011
0.99179905455722
0.991999098534429
0.992199142511638
0.992399186488847
0.992599230466056
0.992799274443265
0.992999318420474
0.993199362397683
0.993399406374892
0.993599450352101
0.99379949432931
0.993999538306519
0.994199582283728
0.994399626260936
0.994599670238145
0.994799714215354
0.994999758192563
0.995199802169772
0.995399846146981
0.99559989012419
0.995799934101399
0.995999978078608
0.996200022055817
0.996400066033026
0.996600110010235
0.996800153987444
0.997000197964652
0.997200241941861
0.99740028591907
0.997600329896279
0.997800373873488
0.998000417850697
0.998200461827906
0.998400505805115
0.998600549782324
0.998800593759533
0.999000637736742
0.999200681713951
0.99940072569116
0.999600769668369
0.999800813645577
1.00000085762279
