27.8622417222029
27.894385155546
27.9072632120667
28.0096895670225
28.014772289857
28.0746501373997
28.1058176448507
28.1271869788304
28.1595132934054
28.1619794465334
28.1726590936166
28.1818804513565
28.2206593134416
28.2337503141033
28.2417171718922
28.2449962973846
28.2545830877204
28.2578133898647
28.2759343803727
28.278859225229
28.2797850913978
28.3046423801844
28.3102269498589
28.3312342361501
28.3449389039734
28.3894162494112
28.4208522196325
28.454238339913
28.4567309717285
28.4723258109413
28.495551206307
28.5193344869997
28.5428865939658
28.543657845021
28.5623738237304
28.5879419594899
28.5929811011247
28.6651491768934
28.6694540821493
28.6753222555282
28.697062187344
28.7260919995331
28.728483565879
28.7376212214855
28.7709949958304
28.7803547489564
28.7844265764503
28.8153196964995
28.8552523833358
28.8839021263765
28.8989137667555
28.9244139176412
28.9312710529351
28.9600541165346
28.9624066661331
28.9682869589149
28.9821314554974
28.9861688943917
28.9988776508527
29.0424871970162
29.1427847793279
29.1452809038127
29.1755157115598
29.1819450597588
29.2056131363997
29.2500977989357
29.3719316257023
29.3892365627588
29.5179325065962
29.5553534259425
29.5593853514491
29.5637167124035
29.5867541938117
29.6632137419495
29.66584431821
29.6741672898083
29.708663969302
29.7887954494067
29.8058620442975
29.8078615118979
29.8145651674595
29.8202549865448
29.8485868472952
29.8744014949161
29.8886360102816
29.9030144273957
29.9165338172645
29.9258785177327
29.9451569085373
29.9497628361611
29.9791921685299
29.9819273483568
29.988702273905
30.0315300819244
30.0559024223517
30.1163214186839
30.1283392173399
30.171016887561
30.1852432390484
30.200375256599
30.2316809263634
30.2866263323392
30.2872191542843
30.2916976316892
30.3226431021103
30.3877603763044
30.4231076725414
30.4243755050207
30.4450751169358
30.4549292445705
30.45496702368
30.4966552623654
30.5245935092064
30.5275197753351
30.5352269991281
30.5569310922142
30.5964619575055
30.6001562336987
30.7152848364462
30.8095794326822
30.8444007962221
30.8538446699206
30.8598935912224
30.8655133317193
30.8813541044622
30.8855397422501
30.9296936286441
30.9403303264855
30.9866218914484
30.9915549006532
31.0065226794903
31.0183453635905
31.0359210788064
31.0572954275253
31.0615878811563
31.0635538635355
31.0773655099607
31.0965191579869
31.1045985860417
31.1078801639465
31.1143597043723
31.1309470835789
31.1845952491386
31.1942078292459
31.2245936474591
31.2473275574022
31.2830301214617
31.283634774686
31.2865005703343
31.2874734675176
31.325259171696
31.3365440589435
31.341677972213
31.3681439386798
31.4026561391374
31.4062823448133
31.4126308087945
31.4469814382275
31.4576626715391
31.4925001262198
31.5156326644066
31.5252444366388
31.5450809249352
31.5456102633058
31.5651968376996
31.5938377881583
31.6057561652707
31.6841361608417
31.7091701162288
31.7680163516695
31.7694377008221
31.7764251391761
31.8187621909266
31.8500697738986
31.8565659649041
31.8730339955084
31.941685207497
31.9636527260867
32.0268377624066
32.0437617342934
32.0481979797584
32.053206602401
32.0707819613965
32.1205182807086
32.1253376983832
32.1304817577711
32.1389787074584
32.147528578507
32.1485957122678
32.1660444537069
32.1805519792277
32.1924703486574
32.1955911778519
32.1960586086432
32.2286555687632
32.2346309421971
32.2503029909793
32.2888782747397
32.2935007819053
32.3100526317136
32.3608794121839
32.4379549152691
32.4532076577493
32.4653599909681
32.4732997389693
32.5414049996379
32.5702772908072
32.6216047877392
32.7256827154465
32.7482427829093
32.7606424137985
32.7748821072292
32.8330396668426
32.8389028612287
32.8562129740514
32.8618204014402
32.864923910812
33.0004450697611
33.0145551635522
33.0421935944048
33.0527165706708
33.0730946909271
33.0929625771735
33.1287360354524
33.1352816674205
33.1465621807362
33.1679578283874
33.2159229643361
33.2315063381843
33.2480297031901
33.3109455475038
33.3313619889075
33.3329900001103
33.3336195345959
33.3548957977189
33.4024241236764
33.486544004814
33.5008682846006
33.5080774793277
33.5473601370546
33.5666899234474
33.5780999474943
33.5895937418954
33.6080803731344
33.6235347705018
33.6637444605658
33.6645145245868
33.6965618851087
33.7358403253252
33.7523347490664
33.7675990042874
33.7884034211365
33.7918602660888
33.8530073594543
33.868660294719
33.9902744379817
34.0214671420579
34.0767921042447
34.0794285797338
34.1255343185822
34.1291658013669
34.139455689845
34.1621755217153
34.1653152335377
34.2001031542669
34.2106856731874
34.2621023576625
34.2951498483382
34.3051245959546
34.3478460325625
34.3692188902365
34.3929345270652
34.4343036783988
34.4467478628612
34.5074021519987
34.510586542983
34.5113452210856
34.5251489641777
34.5280309254997
34.5327276209531
34.5392908587373
34.5593489751609
34.6682950484362
34.6683250332493
34.6707213215471
34.6750684584228
34.693197227397
34.709195787905
34.7153933725648
34.7229847596401
34.7514822678777
34.7773003688775
34.7814368304079
34.881733423561
34.9069354378704
34.9147138787651
34.9689060128253
35.0049020450191
35.0638849579295
35.0827709913645
35.0834436590118
35.1113562480297
35.1554426826194
35.1910886511166
35.2679904249766
35.3151071556203
35.3436720063056
35.3527993374223
35.3897800876978
35.4287961640387
35.5140895382102
35.5296311211946
35.5479373222907
35.5767506342793
35.6024919910486
35.6030855151226
35.6041241303678
35.6393361465769
35.6429578006068
35.6436406286853
35.6667893754235
35.6814907248975
35.6908197930064
35.7516999006861
35.7589796469534
35.7880226686078
35.795206745233
35.8755605553215
35.9452945657247
36.1044636772193
36.1379626797577
36.2267920901596
36.3013341711533
36.3214673190118
36.3480328861961
36.4103588298573
36.4714756506746
36.4776390777588
36.5011140997951
36.5273061264992
36.5487791071
36.6505208036905
36.6561919758798
36.6633119864077
36.6726725722157
36.6817558042725
36.8080942358373
36.8227060079525
36.8689994306543
36.9364083202899
36.9933833779691
37.0569266723005
37.068288682959
37.0875503095948
37.1359238411287
37.2363661476828
37.2377503340063
37.2731510992215
37.2756677011565
37.2757188949133
37.3291636561244
37.3891326861455
37.3935552108211
37.4312226265107
37.4766280567394
37.4923997395904
37.4941344616479
37.5141796171441
37.5544627703381
37.5605500351238
37.568403995726
37.59738318473
37.6001411812299
37.6333265036593
37.6562212124799
37.7401919660529
37.7525073162867
37.7769730467325
37.8150183848344
37.8520744217498
37.8884582654113
37.9004361079053
37.956167019317
37.9836191977292
38.0065660630645
38.1744480565517
38.1939516397512
38.2167680593925
38.2473902973452
38.2610809966313
38.2912404670287
38.3002806614113
38.3052389857331
38.3327087826278
38.40731932916
38.4971009349536
38.5434784535167
38.5589421460565
38.6124748065011
38.6462361542987
38.6813451399424
38.6860363993824
38.6929179117343
38.7015621571607
38.761311749332
38.8089677334906
38.8236282159222
38.8454363280629
38.8529824698312
38.8589455526491
38.8805902690542
38.8914413562138
38.9478130889909
38.9904003002467
39.0101278548781
39.0599120168486
39.1052463784639
39.1146582641828
39.1757668659086
39.179104459034
39.1819886051936
39.2148968574003
39.2509580491953
39.263343126745
39.3344574310438
39.4084212650622
39.4267942554355
39.4723944316078
39.5458884062383
39.6303980156274
39.6689024048019
39.7214546104722
39.7512662206557
39.8165243492392
39.8404596351581
39.9420952775793
40.0155797728255
40.0606319018494
40.0855750237956
40.0952672997663
40.130923116516
40.1499956210483
40.1739761888243
40.3122479517085
40.3239161597717
40.3375858259163
40.3377609341642
40.34132884869
40.3815205552518
40.448031475326
40.4491804977984
40.5645010002774
40.7008143418101
40.7066138486846
40.7139033340165
40.7606221869867
40.7643082809578
40.7749668025825
40.7857512312029
40.8287910167638
40.8376051615972
40.9069756418936
40.9222910767981
40.9572452025333
41.1095137541735
41.1152639719942
41.1332737325741
41.1687908622131
41.1865926817994
41.3512555959432
41.380213168986
41.4528591046129
41.5418203303707
41.5830712711964
41.6934926396351
41.7181087972647
41.7580241069875
41.8088792410248
41.8207438343497
41.828865840871
41.8554870838067
41.8829182269679
41.9203235642656
41.9535243142943
41.9998899095831
42.0218108355378
42.0939976154711
42.1438493704856
42.1534142005408
42.1567755390641
42.2057076632497
42.2956083300065
42.3554821473579
42.3829828281393
42.4326859541833
42.460218686088
42.5855890101263
42.6316164124987
42.6421793202056
42.6918898060716
42.7160889933959
42.7425727516764
42.7868893041274
42.8334838657681
42.8838572509863
42.9387178128924
43.004490521935
43.0293878115546
43.0718312175278
43.0729112090058
43.0888911942551
43.1391513648762
43.1527408597903
43.1999058544973
43.2170326804322
43.2790716253136
43.3155077635332
43.3532451419747
43.3624089691021
43.3736914208464
43.3802505711459
43.3887803018037
43.3909683946173
43.4735695267312
43.569035861104
43.5734239844807
43.5781525988091
43.5808061320865
43.5817098983011
43.6013689664626
43.6263613176364
43.6321345386446
43.7119211704919
43.7733257280034
43.7927568345549
43.8058327646609
43.8065278019939
43.8392726444361
43.8766475288128
43.8887196975195
43.9860432225494
44.0457123038676
44.0544960852422
44.0724523024297
44.0929463049512
44.1543776397819
44.2048221338829
44.232552917686
44.3892155842943
44.4021421282659
44.4473806460072
44.4864650621417
44.5591767254839
44.560560721887
44.5703518361534
44.5900739682799
44.6065856380271
44.6755780283628
44.7665406746814
44.8123372957963
44.9121397532721
44.93009293786
44.9312878629125
45.0004982933268
45.0067272667909
45.0673972671977
45.1280526403615
45.2293109858726
45.2321788122057
45.3096402991037
45.3323416213442
45.4203265248224
45.4205973301683
45.433559965437
45.5720710522501
45.584749150983
45.6648061559141
45.6699449936218
45.6761871539529
45.7317567198656
45.7630704228355
45.8373805875351
45.8586000267258
45.9850483497418
46.018447104247
46.1314834105152
46.153090924869
46.1971169063805
46.2308991835128
46.3651916855309
46.4144495014632
46.4366954960444
46.4667492086184
46.4690919554903
46.7225777441021
46.7519631749865
46.8298914711472
46.8535756798611
46.9464994814175
46.9928859666333
47.1312661785163
47.1448114902486
47.2415840332367
47.2671554641377
47.29759865968
47.3184006730627
47.4171119766068
47.4714545268621
47.5277873916799
47.5874642938707
47.6145615625241
47.7034789194117
47.76035741447
47.8105343206666
47.8551672221954
47.8657197186392
47.8716829650374
47.9435855466807
47.9711600206244
48.0145445315274
48.1989196144881
48.249390449883
48.2769689059336
48.2782201850567
48.4491981114128
48.4575028788732
48.4752614926836
48.5157615197315
48.725331688979
48.8648170652549
48.875539758328
48.9540296085609
49.0163846462539
49.0467354387403
49.1555731096372
49.1778393006809
49.2456497298097
49.2855715870325
49.3297583662951
49.3576151288552
49.3946420745987
49.3968801087598
49.4294815463927
49.4972499604607
49.501962564866
49.5061249737785
49.5133679849561
49.5403905648699
49.5489415922952
49.5907024745851
49.6712991375797
49.6820944186537
49.7583972957353
49.7817985593048
49.796544210196
49.7980614119646
49.8233609702598
49.9190172401297
49.9197770409189
49.9332729962552
50.2032619076438
50.2642493514706
50.2965352749701
50.3506222945104
50.4765398262746
50.4882877934245
50.5056051823923
50.5109435326369
50.6903071376964
50.7176484413348
50.8134822165454
50.8266921394933
50.9182170038822
50.9430242194174
50.9532585810254
51.080206070148
51.1000372723759
51.1306359102343
51.2131930240521
51.2137950937441
51.2190427804853
51.272524565868
51.3198852845527
51.404997341534
51.6573439336086
51.6996325114401
51.7725382835555
51.7856654962117
51.7915496424841
51.8199737795259
51.9137609590662
51.973222201825
52.0219897687991
52.0392829583554
52.0584809117411
52.0900224943326
52.1227585076042
52.2543242651929
52.2571298945743
52.2596520230159
52.323251213784
52.3253809206189
52.401616495076
52.5856309210584
52.5905390927362
52.6085777135014
52.6677186055518
52.6991343942665
52.7437933181575
52.8468854513861
52.8660448169887
52.8979025261015
52.9113365045681
53.047551975576
53.0722851441695
53.1087172647056
53.1528423412394
53.2129163710762
53.2289194090475
53.2298963663788
53.2496879373737
53.4608242828512
53.5034642494072
53.6352909470382
53.8119290657152
53.8248663114814
53.8896410693798
53.906189228956
53.9390442900766
53.9417153505035
53.998098744796
54.006723036489
54.0681856771891
54.212816758178
54.2516079659832
54.2597336612681
54.3005386666788
54.3339384829981
54.3377114356418
54.3480613827362
54.4044946118764
54.429184138363
54.4662327144853
54.4744674985633
54.5254282132679
54.561025303265
54.615260321357
54.675813020412
54.706917281172
54.7444714268426
54.7855052702561
54.7910891030602
54.8018263766532
54.8872830645024
54.9263215007709
54.938134306945
54.9570963880083
54.967266927536
55.0415616549315
55.0964297223461
55.1840418185728
55.1923469773274
55.1959127700872
55.1965616943696
55.1985255282198
55.2396636980047
55.2467528829984
55.2828957432841
55.2870833779646
55.2895731399202
55.3493971343636
55.3516679769623
55.4998854154567
55.7318591921341
55.8168736694955
55.974264644139
56.1535915160233
56.272135994997
56.3479479100214
56.4225724203673
56.5947828015448
56.6536390064804
56.6582611098144
56.6956770174383
56.8288589312734
56.8487251402707
56.8705295337556
56.872459799936
56.8978257936163
56.9507260918804
57.1462656379069
57.2659236619159
57.5384044013039
57.5670731436709
57.6717478158343
57.7591826982167
57.8652663085056
57.9502404289888
58.0173939259373
58.1814185311253
58.2761899742944
58.3546806302545
58.3892533894818
58.3922743571904
58.4653187901381
58.4798388578713
58.5230242065986
58.6000498388361
58.9188111827557
58.9250152624188
58.9985021576302
59.0569921427703
59.0582148224958
59.3486194427814
59.3972855783146
59.4267794614198
59.4274194338471
59.4537700880293
59.5170852610881
59.6254613416057
59.6964667701052
59.7221862131673
59.7477231447551
59.8032849552661
59.8087513807299
59.8369875813617
59.9209287516737
59.9462330190848
60.0738180386756
60.1356660952466
60.1364886675283
60.2647241578051
60.3210739193395
60.3253637726559
60.5944469211612
60.6881009319785
60.6905919203538
60.7725246911167
60.8418854973432
61.0523132598281
61.0727219855927
61.0762556658954
61.2301233751207
61.24533651192
61.3532746104482
61.3723123106907
61.4007509191788
61.4928477872785
61.5753147750803
61.8280875224374
61.9121420641278
61.9788150984394
62.1610699754742
62.2713126586716
62.2977336337577
62.3432256315772
62.379732397746
62.5189078287584
62.6435004678499
63.0036648757642
63.1680178401315
63.5325110848167
63.7244593059673
63.7722244575379
63.8548420423638
64.0078388835383
64.0552874971623
64.1146857554426
64.1209581327671
64.1533233867733
64.1926330421705
64.2016126962442
64.2479844408711
64.2622229898182
64.4103511784596
64.4111248588165
64.4686772896453
64.4931047158662
64.5086320139757
64.6202309656785
64.6361822015258
64.6566770576879
64.8512157457374
64.9721634937356
65.0026667106557
65.0098981949852
65.0753865359556
65.1832703824367
65.1990230264686
65.5852670516427
65.60732812006
65.6132776456206
65.6546795887733
65.6923352072373
65.7299209898883
65.7706926015159
65.807796107359
65.835123317947
66.1194091597577
66.157702080156
66.210371817694
66.3303714334006
66.3634336049018
66.3732586330912
66.3744712521936
66.4575733876647
66.4808134135413
66.5249401643341
66.5805047086258
66.7044564339339
66.88567538317
66.8908538635388
66.9261769570437
66.9810101698345
67.1764600788069
67.3584720736371
67.4099486140455
67.4123504444416
67.4127333788228
67.4456709430778
67.5307940988343
67.6600820845926
67.7293339960144
67.7303436804495
67.8239310443859
67.8809232221729
67.8845535238578
67.9313757621712
68.0221019669172
68.0716495723671
68.0929620803496
68.2136527948714
68.2657884573875
68.3187041730192
68.3927011504584
68.4211627234322
68.427750537579
68.4598428776384
68.5620818377064
68.6009693869166
68.6598701958544
68.6860474312769
68.7544368847291
68.825874385015
68.8964351310302
68.9040797135502
68.9053370552908
68.9998328780657
69.139835745776
69.302339974575
69.3524147413298
69.4673847834816
69.5110094312921
69.6140819759873
69.7046151723212
69.732838661173
69.7771673827988
69.8315722141983
69.9629329702041
70.0430347305181
70.0796633534229
70.1974393327768
70.2698090619006
70.286245448279
70.3625382397528
70.3956702526464
70.4076447407561
70.5371723518247
70.5882030935497
70.6244935381203
70.7692825675185
70.8314725397068
70.9105044937455
70.9770068327921
70.9837790817294
71.2163027839989
71.3107332410992
71.401087028219
71.4479725813775
71.5398315293395
71.6259916898343
71.6418188169155
71.6511814397333
71.6521487046059
72.0399591923942
72.3024573901689
72.5166569470543
72.5705714614675
72.5979789535623
72.642476625785
72.7516769484953
72.7979452357439
72.8828169541258
73.0464647870543
73.0532383108366
73.061282229259
73.1059007872482
73.1295966528173
73.2583272758141
73.311224858226
73.3140880112809
73.3534700622374
73.475360209138
73.5336731338377
73.6415986075594
73.64698202651
73.8092878328591
73.8401950576615
73.9982846361952
74.1043924125526
74.1644925746765
74.2411042810103
74.2875186420047
74.3900374881379
74.5077890183437
74.5198700946977
74.6766083736226
74.6901058773554
74.690321054153
74.7518023393867
74.9413399404005
75.0138393466718
75.1764136687166
75.1993565777089
75.3500240057808
75.4094038592195
75.4464155786454
75.4878410850142
75.5006964259819
75.5108688588634
75.6596213095603
75.7031447714138
75.7253258652551
75.7947599710428
76.1311884836126
76.251409416188
76.3047998358206
76.5511003236753
76.7041565252458
76.8718656469702
76.9278825872393
77.0079158535748
77.0447192741268
77.1675837147803
77.1863003365972
77.1959516357581
77.3412855525799
77.6276176945925
77.676589702539
77.7878456809766
78.1952478089692
78.3903101322687
78.6745720221789
78.7264319744942
78.7436344833877
78.8987663902787
78.9830659605599
79.2156083514085
79.2215817865901
79.2425379799744
79.4959201599971
79.5018952849
79.597301773391
79.8178904849014
80.0992631726022
80.1358616812698
80.4388034627166
80.4437243257057
80.732035987057
80.75017517918
80.9426845809405
81.0583522150804
81.2876367386882
81.4182064192745
81.4756600084598
81.483377642011
81.5618911451664
81.6406026651855
81.6777981677764
81.865364048166
81.9590589474353
82.1948088338286
82.2409404678455
82.2786089553516
82.3355785887196
82.4069413403534
82.4578682318876
82.6386699501371
82.6905766670903
82.8198902415316
82.8983138162217
83.0238327331
83.0601999693217
83.2137952533263
83.5641886051115
83.6075085248682
83.6148052263627
83.6152652497907
83.754160080212
83.8540256980598
84.1441681987052
84.160069813406
84.2438627257327
84.3340785055744
84.4815430101469
84.8032625565717
84.9585514819957
84.9919099868397
85.0449427600182
85.2003762086634
85.4112793329449
85.4350880273288
85.4560893790225
85.6500455804662
85.7907134680602
85.8080216255126
85.8083675843654
86.6704650929474
86.6993422659195
86.864772421525
87.0871950374235
87.1013446390062
87.2781040530851
87.3165859998856
87.392688761708
87.4929838091469
87.5041527941219
87.743914444755
88.0510530846942
88.1179975124985
88.122743412078
88.1395009213335
88.1763575796847
88.3234686272174
88.3802095787699
88.3987428674388
88.4542445577254
88.7536942319657
88.7758638788029
88.8991098726668
89.1223271548388
89.272557552475
89.3784636030759
89.4104477210438
89.6661420449668
89.688350088263
89.9241966456986
89.9368602745057
89.9730207945121
90.1822313333829
90.279647933254
90.2856566421241
90.3881766062777
90.5233695314076
90.5615435626553
90.579574446826
90.6360764769716
90.6734820978405
90.8479400764903
91.0617660287136
91.4200925838671
91.4660963995612
91.5726874016326
91.8081426497059
92.2169689202956
92.5517726293418
92.8208723494073
92.8981411106152
93.0513565046384
93.0749708866534
93.2673585919576
93.4410486606355
93.5612297197483
93.582969515819
93.6023426710928
93.6367632073402
93.7642936752239
93.9417728204605
94.0615728913773
94.2442402264131
94.2461212703653
94.3516316614211
94.6746658522015
94.7177895572196
94.7337879066943
94.7560908269184
94.7844171029615
95.0787904473388
95.1166308706312
95.3062234061955
95.4273955841326
95.5751229463079
95.8219803486959
95.9118697904889
95.9354751599306
96.0160664674464
96.3380108252935
96.4721874147077
96.619245629578
97.0144393596402
97.2296190375443
97.3739476435699
97.4631545279577
97.657574739476
97.8538067271971
97.9628429132291
98.0905148838047
98.2350247265771
98.2659644799816
98.2685074960965
98.3562894450838
98.5726423542675
98.6194579847725
98.65938472875
98.7044729320727
98.9326639271747
98.9649095511668
99.0028154191823
99.040205612094
99.2782758818192
99.8251496877774
100.206591149545
100.340668186524
100.445949501143
100.67351224791
100.775939555185
100.842253492683
101.011216395387
101.033946963352
101.555474038522
101.821869255613
102.101584658915
102.151522903631
102.610233987913
103.036676519926
103.098812870301
103.145851890945
103.291802795213
103.341166763114
103.800905086738
103.881812990073
103.893486352983
103.996286111793
104.151647875123
104.267196198001
104.628422279445
105.574822568543
105.787503460499
105.833755066088
106.097951869593
106.335682337853
106.377237292544
106.826646676088
107.067277255577
107.071036606755
107.076127736635
107.578287937726
107.783973272424
108.256688223147
108.350839495466
108.387415267648
108.491150668462
108.513509097972
108.531956540638
108.637830271394
109.082870589313
109.231867911948
109.293422994323
109.925577253355
110.011584879759
110.077352549393
110.377305147007
110.423064316223
110.456426701723
110.701166254772
110.786491755417
110.899754629658
111.167525321483
111.276528256599
111.381498037791
111.87377736558
111.935310317717
112.236813632935
112.456556963583
112.667588349443
112.794485530965
113.02281420737
113.216742571191
113.626085836252
113.886874599119
114.157412294994
114.245920233403
114.461304479548
114.881617255096
115.189181925901
115.428895024518
116.575218971524
116.791388117773
116.871638603226
116.947091669022
117.097034898475
117.295553775883
117.331718796552
117.504659440909
117.883191146667
118.003891347773
118.059945071932
118.19191336249
118.230931753415
118.273935443931
118.599991234409
119.080511641237
119.113275327857
119.239105387015
119.27093115082
119.362294803061
119.672049907614
120.061082511759
120.087298466683
120.218649207059
120.629026995517
120.737928037983
120.819918152248
121.372640572968
121.513776508132
121.569308817509
121.773756295155
121.87597091118
121.996717197038
122.356758884065
122.450726907857
122.458231631323
123.029529574328
123.053327428877
123.088866604049
123.22632946486
123.269543084402
123.359777861407
123.368219861851
123.454313568416
123.645814290868
123.724721365733
123.832088555335
123.94633047845
124.030772179886
124.389999889511
124.397488205044
124.49021334342
124.810345104607
124.848276032656
124.890012483504
125.009207365809
125.110803982921
125.291253248442
125.413323954578
125.431279219846
125.495782625814
125.658243543669
125.77727327234
126.442815965811
126.586455916315
126.620223671589
126.760647729711
126.894127419069
126.981859846264
127.020060011347
127.352452538697
127.453463230105
127.458783888289
127.710030283526
127.791781914725
127.80860945758
127.9275535889
128.219536680112
128.320295840803
128.385031740299
128.595630379228
128.734089224614
128.785721396633
129.430052954505
129.663761613839
129.796813930284
130.4427258913
130.655705241532
131.016256715923
131.073719955749
131.136225895367
131.495858235827
131.678513915985
131.97179391461
132.23988321157
132.255984627226
132.72892250327
133.022642664618
133.430920738955
133.722501660424
134.100421715967
134.190961274001
134.574754755327
134.591902706938
134.639687764896
134.735965025873
134.984746398264
135.128973514089
135.186578529801
135.23445972645
135.254486865503
135.371040620258
135.564286983642
135.576212657446
135.750969981218
135.913718037225
135.957723338428
135.986992704801
136.410792532129
136.506525513021
137.075613447368
137.210211784593
137.221150056462
137.345207862254
137.657339295916
137.712206192334
137.71415278124
137.760373542501
138.024690053332
138.117106301716
138.638805423172
138.75877485088
138.993140278549
139.488272409798
139.54688704703
139.629089320969
139.646093551035
139.654948816063
139.836558863917
140.03353887372
140.069072533744
140.275492324019
140.597572390533
140.832724542004
141.040882712679
141.197299599928
141.482333756061
141.568104923927
141.575203293366
141.590391932561
142.399677504736
142.417523005946
142.805225786429
142.920257434201
143.419688286465
143.772570037942
145.351086060098
145.371983458266
145.951999568478
146.055502400044
146.73340620807
147.07095930408
147.656685421262
148.159459929282
148.26117068568
148.87890237194
149.630884822079
149.864572784498
149.921782269366
149.978479764607
150.01762147219
150.036485773009
150.763458692718
150.776444169095
151.340007411173
151.451861736038
152.242364346914
152.645401953396
152.691467421944
152.873640802795
152.996729778689
153.175643765213
153.222950925807
153.679354288371
153.898441283124
153.911838456971
153.925239271853
154.077445522677
154.141131256884
154.330813199402
154.67379627373
155.046595733628
155.545859134853
156.670714895886
157.442131155638
157.721091355303
157.767671868647
157.831357430176
158.087032730983
159.206576182461
159.50776848337
159.89075085114
160.164711298507
160.349755237979
161.071709624814
161.140798767378
161.263891907592
161.310091964883
162.388019613595
162.472547510816
162.5699179503
162.837669454192
162.898668923005
163.052950404392
163.058778715763
163.240830483377
163.348253907875
163.379549936327
163.425756456684
163.503683514443
163.584244460077
164.066833201824
164.117984013102
164.273409907012
164.443376122205
164.996901045798
165.019580278773
165.669442683591
165.957997704796
166.566908203676
167.472389815939
167.490547141774
167.506710648609
167.641415549429
167.714105571265
168.132015305327
168.191779067243
168.444655968189
168.733003462378
169.420684125271
169.552060549509
169.557142084549
170.704111043603
170.976949489475
171.341790063729
171.365984818264
171.410758650152
171.587664352447
171.766874767667
172.017908660938
172.24179017358
172.92288527894
173.188812164238
173.631550423351
173.732799909084
173.741428839191
174.386906351568
174.682382164226
175.308327839652
175.597464269094
177.58273167314
177.752968819889
177.765546542259
177.884408063738
178.625300947074
178.702966505281
179.381086922779
179.402065599343
179.40466190769
180.177589948192
180.323140321126
180.582183224672
181.293433236128
181.358008765648
181.591671023624
182.461699867695
183.185166957694
183.575293737051
183.585381766852
183.899906565416
184.351569034188
184.727821128511
185.361275121806
186.749014282536
186.800411911342
187.3243229862
187.649794719579
187.746354271787
187.805841930287
188.226534576311
188.282311809214
188.531268984845
188.737867952946
188.850785075824
188.960734893701
189.259371101142
189.261382054928
189.676771582506
190.325773670869
191.452733687819
191.844447843178
191.888763694858
192.484779979444
192.770528498886
192.804173512602
193.974925378856
194.316769265776
194.489371847809
195.41201505197
195.774839837755
196.069175570503
196.395833457658
196.590309369757
197.051132588089
197.143804135195
197.271211886514
197.402671786096
197.521133944617
197.850560388072
198.045471934228
198.660589434832
199.317740618535
199.547384835811
199.754495303909
200.23041096338
200.69087266178
200.931199853319
201.057052678012
201.467177887687
202.127108519722
202.873462853477
203.209111355269
203.687660616837
203.748534596555
203.775882172061
204.025243012
204.226002057952
204.293454638175
204.577461292447
204.65531247103
205.537207902086
205.565287255435
206.506932535341
206.650682827455
207.154222064858
207.758812239238
208.449647042287
209.701571738056
209.763037112184
210.664395993907
211.108355851182
212.220677950609
212.681118673036
213.006516547574
213.044243044879
213.249452419579
213.534213384179
213.579570796003
215.07174243586
215.234692501986
215.816768388157
216.711225383859
216.729050916662
218.327025509904
218.631845651997
218.781567021379
218.784160077432
218.792801025056
219.725245703911
220.62429771013
221.026553568756
221.033143085576
222.464760920834
223.243750530038
223.593027339937
223.612899296828
223.850101001126
224.179876553451
225.184767098511
225.709886748362
225.774184513494
226.052303366074
227.784018459907
227.919649733698
228.179506366337
228.228618262186
229.178772375493
229.854204818253
230.327589072596
231.108294422467
232.132730342254
232.383631914533
232.42185851061
232.456477819952
232.57127747511
232.58796613411
233.788148483101
234.009369747613
234.095066825789
234.454196688884
234.468823546476
235.542209596151
235.801553471829
235.974333567177
236.847191028696
237.914818902419
238.126852391391
239.85582149673
240.142481983909
240.514087297869
241.373284692515
241.540648303042
242.261678673872
242.61755190129
243.163289525351
243.235607853903
243.285522875429
243.512845515084
243.593038415248
245.412622614325
245.770422878362
246.091899307896
246.623954468927
246.792979372439
247.852967536626
248.160699291407
249.351440531058
250.012845823922
250.270756261054
250.67416106225
250.786025540758
251.342770403391
252.324862447558
252.441512151221
253.465358707127
254.819531903981
255.537215126892
255.601573972945
255.633563242796
255.67454735952
256.278393463524
256.920714963334
257.483959862524
257.728688111634
258.178781448854
258.508095468854
259.113329495988
260.039186864333
261.205322103051
261.383480811757
261.976110656929
262.325779481294
263.319117373726
264.408467864515
264.484295103603
265.912655837309
266.747760920111
267.128710267772
267.13331702442
267.326350240867
268.377562255923
268.806000478666
268.936853183525
269.368516944564
270.37813364253
271.800702207831
272.537118785737
272.566709500222
273.806421504364
274.744065819276
275.247124671258
276.866931995766
277.351068516807
278.028572932099
278.053280840271
278.093509738899
278.482567631992
280.206834323042
280.207704778216
280.383774060833
281.041188259322
281.498938487394
282.483516442534
282.497677819492
282.634418457516
282.747844068024
284.80175105242
285.106129452302
285.346604184883
285.639795446992
286.250828927839
286.930111928939
287.050129303171
287.800140939313
289.274003860056
289.386447780532
289.836809498483
291.835765787729
293.157114745233
293.507576508395
295.299609869302
295.307458704464
297.008300549719
299.440562044876
299.980367959691
300.646415660819
300.920553110339
304.726833791342
304.783616475283
306.283328706476
306.523643819269
306.756233504392
309.859067811813
309.930665903418
309.952584888955
310.732350582138
311.807746183475
312.745556094683
314.647215582619
315.212573402011
315.548791122465
317.216901156487
317.738138951213
318.270109479058
318.853796634172
320.031269024517
320.912914861177
321.669830300869
323.278967438926
323.786050322361
324.795261543247
326.025816256867
327.187162928515
327.733924470649
328.258387460322
328.309466488402
328.76210844258
329.055672465723
329.401976339456
330.098377168753
330.19341041938
331.877117852809
332.550069359864
332.665928909014
332.935294291587
333.469983476765
333.762134978981
335.386037430322
338.534827732311
339.662922436703
340.360567292734
341.683125231289
341.944335870686
342.126131543007
343.486360975386
343.623851325989
345.526840692676
345.745136980297
346.028433027739
347.122512621424
348.684974039684
348.971371423012
349.619666415049
351.152874199506
351.552291537973
351.559126757234
352.42260410637
353.300594560752
353.596040584662
354.348567746648
356.501325625109
357.637005531595
357.757942822743
361.367226030324
364.69730764149
365.090188260406
367.102677591304
368.576319484424
369.50664440273
370.462295012391
370.705460733597
371.082731809388
371.669236621907
374.397239869615
375.25935292645
375.549600923811
379.563198673597
380.596086268984
381.048287669324
381.21902621783
382.252185152941
384.349014527492
387.582637563267
387.613624868713
387.685409203962
388.438228884219
389.394125605623
391.583029035023
391.640547064221
392.834789955743
394.721448782723
395.660288362205
396.243130493503
397.730930950292
397.797435371686
398.17823283088
398.823383687589
399.882339625369
400.440313212524
400.558377413478
402.258051473381
402.678416886952
402.986485851777
404.071808812175
404.714079393035
406.711873367466
407.090389637425
409.114162259275
409.300728872161
409.672801600661
411.755077160666
412.519040753963
416.26133089204
416.554810273137
416.893598926399
416.914134212415
419.770925572341
419.843144673191
420.657123286977
421.086627296292
421.82671692718
424.392212316052
424.985058189138
425.30348094956
426.87370416153
427.913462889569
427.988609551545
431.810887157421
437.052511463654
437.88553580002
439.409837112308
439.830591828289
439.925854760885
441.556563518215
448.563507585755
449.289005847762
449.420197742437
449.919363031846
450.000665389303
451.612639359336
452.283787244318
452.329336379201
454.589726841237
456.763711078822
456.978545203085
457.671506357009
460.291808527382
461.728722027838
461.974545088817
463.559371429002
464.581911571244
466.347701655809
466.35000517055
472.330998316057
472.432629559388
472.952962560548
474.802798688039
477.042831444169
477.128985583956
478.706093750267
479.915256339822
482.061181793
484.994547405877
485.510204638221
485.524129555171
489.775536385572
490.836750191561
490.994083463785
492.586638318925
497.233720391254
503.111826249826
503.695628515
504.34153463296
507.318181190953
510.118655431647
510.198848948319
512.552450448313
513.20490860723
516.234780976733
516.802438291135
517.799973852805
518.273447968822
519.123773533191
519.651751842673
521.356158115764
523.430300116558
525.498337271602
525.86042232364
527.383030099178
528.25997836185
530.070172814571
530.394064727662
531.738581863716
532.521584045233
536.657474203568
538.389608121092
539.107383483167
539.80714657292
539.87475080213
541.067907364922
542.458205927829
543.570547410848
544.322132988759
546.858336516655
549.269977409562
550.642427763021
553.414190898266
553.690238074405
554.631748965962
555.370967989309
556.541610614226
558.15005330397
563.075801032921
566.187962746189
571.030760616146
572.394141278435
573.150291622538
573.907496342019
574.288543722526
575.501967092994
576.882002764486
578.094955298541
578.224533933596
578.366057655244
579.389285233995
579.743859576255
579.865944989681
580.961957523584
581.670159080788
583.037939722177
583.425055405276
584.146455827536
584.833281352076
586.656087180781
588.523000945931
592.780301988623
596.800502691739
597.14396389406
600.967719441617
601.281945073008
602.397098477381
606.611039083475
613.0342112087
615.232709566087
617.985009281898
619.772849790164
623.853497868322
634.976077976007
639.371840817012
641.733723184501
645.44694912403
645.613505747793
646.787545485407
648.318250823776
650.4511708173
651.390523755761
651.9289889028
658.245293133778
663.68703716697
664.26845389849
666.796303840517
667.853661652062
670.078957986942
672.7958132265
681.589961408596
689.76719521579
693.372282960208
694.218295606479
696.625264608373
702.537744113641
704.350099731501
705.638924737692
705.725241893187
712.530795249339
713.229020886429
713.566259775619
718.215953514792
720.461327842717
722.191666340524
722.596175663823
728.476117244185
732.939843242282
737.495936692536
739.856693719282
746.339246983626
747.81413046018
748.881770823525
749.251702361048
757.846328066493
760.31029858308
761.782176908037
763.467971527102
765.09696485562
774.164327418637
775.555422789558
778.457119965135
780.033276186521
782.795580201564
796.594152287051
798.954573900685
811.926608456155
817.463142705316
823.771817998301
824.250881092709
834.125927663031
837.789452852185
840.862250840772
843.777520464158
847.794077085933
855.121968511866
857.84799811616
861.413003404349
862.658185062713
863.460859891906
867.528331274701
872.540401198387
879.845861527001
890.841397642685
891.882651835112
892.551536183323
893.561950914021
898.417736010752
901.14034537844
910.150748668167
911.514359597239
911.815337365247
912.133956302439
915.070164385889
917.564180869221
921.015807402384
921.964542063331
923.456439335654
923.743881986208
929.909401043523
955.058591499877
960.3154491018
960.698041718372
970.637042754666
971.88220763759
977.196104635587
978.973577197807
980.677252039347
988.020038127693
990.601434179526
991.451896447263
993.18462111806
995.715779430364
1000.92013013903
1002.6998106024
1002.77512474931
1004.60737499306
1006.3016516783
1010.37821481064
1012.04488006439
1017.29352440648
1025.51656826287
1027.32096687249
1033.56674466431
1045.44403501706
1051.95244220427
1059.68205066768
1082.20889330157
1089.73573506179
1092.56321888465
1093.97835219206
1100.04333798809
1105.88299761905
1115.35965383808
1116.61672657185
1117.2847570568
1123.87284881256
1130.96765591228
1135.86058499765
1143.27100239835
1144.90447610082
1146.2464757676
1151.14232191715
1163.99277866224
1168.46832043792
1170.14932698209
1181.61248542887
1183.92312725059
1200.30386931611
1206.35889400012
1206.74559001924
1208.71188226421
