387.685409203962
388.438228884219
389.394125605623
391.583029035023
391.640547064221
392.834789955743
394.721448782723
395.660288362205
396.243130493503
397.730930950292
397.797435371686
398.17823283088
398.823383687589
399.882339625369
400.440313212524
400.558377413478
402.258051473381
402.678416886952
402.986485851777
404.071808812175
404.714079393035
406.711873367466
407.090389637425
409.114162259275
409.300728872161
409.672801600661
411.755077160666
412.519040753963
416.26133089204
416.554810273137
416.893598926399
416.914134212415
419.770925572341
419.843144673191
420.657123286977
421.086627296292
421.82671692718
424.392212316052
424.985058189138
425.30348094956
426.87370416153
427.913462889569
427.988609551545
431.810887157421
437.052511463654
437.88553580002
439.409837112308
439.830591828289
439.925854760885
441.556563518215
448.563507585755
449.289005847762
449.420197742437
449.919363031846
450.000665389303
451.612639359336
452.283787244318
452.329336379201
454.589726841237
456.763711078822
456.978545203085
457.671506357009
460.291808527382
461.728722027838
461.974545088817
463.559371429002
464.581911571244
466.347701655809
466.35000517055
472.330998316057
472.432629559388
472.952962560548
474.802798688039
477.042831444169
477.128985583956
478.706093750267
479.915256339822
482.061181793
484.994547405877
485.510204638221
485.524129555171
489.775536385572
490.836750191561
490.994083463785
492.586638318925
497.233720391254
503.111826249826
503.695628515
504.34153463296
507.318181190953
510.118655431647
510.198848948319
512.552450448313
513.20490860723
516.234780976733
516.802438291135
517.799973852805
518.273447968822
519.123773533191
519.651751842673
521.356158115764
523.430300116558
525.498337271602
525.86042232364
527.383030099178
528.25997836185
530.070172814571
530.394064727662
531.738581863716
532.521584045233
536.657474203568
538.389608121092
539.107383483167
539.80714657292
539.87475080213
541.067907364922
542.458205927829
543.570547410848
544.322132988759
546.858336516655
549.269977409562
550.642427763021
553.414190898266
553.690238074405
554.631748965962
555.370967989309
556.541610614226
558.15005330397
563.075801032921
566.187962746189
571.030760616146
572.394141278435
573.150291622538
573.907496342019
574.288543722526
575.501967092994
576.882002764486
578.094955298541
578.224533933596
578.366057655244
579.389285233995
579.743859576255
579.865944989681
580.961957523584
581.670159080788
583.037939722177
583.425055405276
584.146455827536
584.833281352076
586.656087180781
588.523000945931
592.780301988623
596.800502691739
597.14396389406
600.967719441617
601.281945073008
602.397098477381
606.611039083475
613.0342112087
615.232709566087
617.985009281898
619.772849790164
623.853497868322
634.976077976007
639.371840817012
641.733723184501
645.44694912403
645.613505747793
646.787545485407
648.318250823776
650.4511708173
651.390523755761
651.9289889028
658.245293133778
663.68703716697
664.26845389849
666.796303840517
667.853661652062
670.078957986942
672.7958132265
681.589961408596
689.76719521579
693.372282960208
694.218295606479
696.625264608373
702.537744113641
704.350099731501
705.638924737692
705.725241893187
712.530795249339
713.229020886429
713.566259775619
718.215953514792
720.461327842717
722.191666340524
722.596175663823
728.476117244185
732.939843242282
737.495936692536
739.856693719282
746.339246983626
747.81413046018
748.881770823525
749.251702361048
757.846328066493
760.31029858308
761.782176908037
763.467971527102
765.09696485562
774.164327418637
775.555422789558
778.457119965135
780.033276186521
782.795580201564
796.594152287051
798.954573900685
811.926608456155
817.463142705316
823.771817998301
824.250881092709
834.125927663031
837.789452852185
840.862250840772
843.777520464158
847.794077085933
855.121968511866
857.84799811616
861.413003404349
862.658185062713
863.460859891906
867.528331274701
872.540401198387
879.845861527001
890.841397642685
891.882651835112
892.551536183323
893.561950914021
898.417736010752
901.14034537844
910.150748668167
911.514359597239
911.815337365247
912.133956302439
915.070164385889
917.564180869221
921.015807402384
921.964542063331
923.456439335654
923.743881986208
929.909401043523
955.058591499877
960.3154491018
960.698041718372
970.637042754666
971.88220763759
977.196104635587
978.973577197807
980.677252039347
988.020038127693
990.601434179526
991.451896447263
993.18462111806
995.715779430364
1000.92013013903
1002.6998106024
1002.77512474931
1004.60737499306
1006.3016516783
1010.37821481064
1012.04488006439
1017.29352440648
1025.51656826287
1027.32096687249
1033.56674466431
1045.44403501706
1051.95244220427
1059.68205066768
1082.20889330157
1089.73573506179
1092.56321888465
1093.97835219206
1100.04333798809
1105.88299761905
1115.35965383808
1116.61672657185
1117.2847570568
1123.87284881256
1130.96765591228
1135.86058499765
1143.27100239835
1144.90447610082
1146.2464757676
1151.14232191715
1163.99277866224
1168.46832043792
1170.14932698209
1181.61248542887
1183.92312725059
1200.30386931611
1206.35889400012
1206.74559001924
1208.71188226421
1220.97918880886
1224.28096593749
1224.72294202336
1227.22886575998
1233.81377662524
1235.95708866465
1240.97693652622
1250.84434553494
1256.49725691687
1260.96936885892
1261.05050481266
1284.28306588881
1284.98175069463
1287.45947122637
1291.58515442734
1296.95650854552
1304.32871582857
1305.05862649702
1307.33124002925
1318.86567878433
1321.9368083975
1329.34727656454
1329.97651042657
1340.2525987021
1348.16747744137
1352.97294462749
1356.42799465039
1359.73870881062
1374.46495451313
1381.53030102572
1409.72849470506
1416.58416755298
1481.3507621431
1490.00801013223
1504.81586283517
1513.12250301706
1517.89242095912
1518.7156050531
1530.52106559823
1535.09122213281
1538.73542625844
1541.67267364743
1547.39321413662
1548.46077050687
1554.1594973889
1564.25234794541
1581.67994580666
1582.48994280878
1583.16903521022
1596.18749302622
1598.40420209809
1608.39767950596
1624.27609297589
1657.84686877707
1659.1642223944
1668.78741532006
1687.36922286006
1688.22392062406
1690.41222844129
1700.46775504888
1717.99928342902
1721.39095807017
1724.90420504905
1725.00937435002
1726.85806827841
1735.87950670036
1744.00286961398
1757.82236291987
1770.84443968054
1796.36293569052
1797.17795409923
1799.08438142491
1816.96015110822
1822.32657470493
1836.70646562295
1837.81483938478
1894.65600763233
1900.99212625196
1905.15643428742
1916.24142885306
1966.84671929703
1970.21700233068
1970.39219769926
2016.69514454864
2046.95533353941
2053.76063675839
2054.86084656372
2056.43781259645
2079.60166177438
2101.97346957109
2153.47487108447
2159.75755529231
2172.33214388891
2177.37804229501
2182.52075288632
2209.81734748104
2210.74189645468
2233.79633716813
2241.24835772322
2271.6974415546
2276.17017401626
2295.89876770082
2308.90687152018
2320.16503584644
2320.29907508209
2326.79082513947
2344.50155090255
2399.24709198843
2422.1063456126
2456.66869298169
2458.78569076209
2473.14217890234
2510.27665690592
2510.71531887858
2521.86681787112
2533.47073682903
2547.88595268593
2563.59854299406
2566.86065597658
2571.31365578428
2576.08845871629
2655.99214921225
2669.71345078795
2673.80167244213
2703.82874573628
2744.09435046974
2782.8878780899
2792.69340876696
2800.1577574716
2829.49863866638
2851.36388164175
2887.38703868028
2903.31353365406
2915.85805052556
2919.36011856038
2921.068729911
2952.5683713331
2954.91577405341
3019.54344208674
3027.18073160026
3060.95548697043
3068.93816860138
3069.5329604931
3082.23340285954
3108.18707532823
3224.67516811902
3231.58366679627
3305.01772322959
3323.77615198674
3329.02751423387
3340.87843059713
3390.08563713608
3396.014061271
3396.80466480146
3439.19784078244
3471.90613030201
3485.63202316337
3500.35223601996
3502.52607673872
3540.23380143419
3566.70577061027
3639.11053045075
3670.98892925761
3731.30819728078
3805.38371945555
3841.18539552902
3848.6033066516
3857.85364428633
3899.57220630892
3921.6610951987
3942.23150212019
3966.52927948338
3969.62042726361
3981.66353515627
4005.98111067357
4010.12583710933
4025.83401736042
4085.83533706649
4135.88343446628
4205.28198504843
4211.24646808531
4216.19401880815
4404.13575197728
4406.85685755248
4415.28372477678
4422.75964182691
4498.85548627433
4556.81667437357
4637.00553923566
4642.97274376363
4646.7512214766
4658.52492356618
4708.25188956839
4740.02331344629
4749.71761335459
4806.53654239343
4848.14365221937
4896.90970522415
4951.76341286779
4999.77003541845
5075.58699029075
5120.33351563192
5162.51719336569
5205.67837286651
5249.05820449836
5304.77479599312
5367.08067795959
5425.32289881575
5445.43032649606
5619.00190800232
5645.88006942633
5668.42950962656
5687.92329934618
5688.79307029181
5714.1776559563
5786.2348154658
5810.39152310859
5819.74317263868
5928.61708926067
5975.12076290431
6085.44762522469
6207.40303667801
6228.86934147588
6245.22195597859
6555.92953356807
6565.80660560503
6717.69077633921
6772.75378525217
6802.03787421574
6814.72577196321
6878.68200751567
7192.5516144212
7210.05955301078
7280.34456402855
7346.43646161989
7389.66509020103
7414.77766741351
7466.09552934886
7601.86452985245
7699.60805559521
7859.98626244849
7973.92815025513
8079.59349098041
8150.99780565811
8206.0711226825
8252.49388193002
8337.39223392525
8561.82665190124
8579.50162732909
8641.91476419444
8810.47893528093
8880.02421407215
9391.27748451431
9469.66604031658
9765.74261440783
9910.12319167633
9932.27181338076
10314.2394717289
10488.6351715863
10517.0465775034
11127.7841373378
11227.6753666569
11448.9066259329
11915.519356161
11975.4794868366
12182.5589557136
12331.5248032804
12375.6255407842
12443.4617700069
12458.9524809612
12550.1511966622
13120.7546901969
13310.0387958444
13590.8101802435
13760.9391537274
14202.0341223569
14389.5060649229
14456.0482134986
14530.1249734919
14676.3270908857
15248.5077688452
15644.4775167235
16012.0623469311
16451.4451207623
16650.3649148642
16906.1319331318
17034.8066329405
17335.7016287677
17606.8577714479
17948.2884864968
17991.276352815
18114.1551108012
18399.7153439462
18688.3078181453
19176.6055590921
19491.6229908394
20204.9713394846
20433.5932279315
21407.3256985182
21994.8019781226
22603.5091883071
22894.7667973893
23904.8676603082
