2.84554459993262
2.85513900228871
2.88981141575959
2.89931037872762
2.92477735852571
3.00062483969562
3.06993248565998
3.15556438884321
3.16813243327194
3.18756738077757
3.25296185991662
3.27457761751656
3.2772737308983
3.36514093183564
3.38860500258676
3.44855471407471
3.47578137717863
3.49889553548241
3.50043058473329
3.51075457083745
3.5219770337101
3.53984725887447
3.57341522806673
3.57359963882099
3.59012297530944
3.62522515916942
3.62740938143711
3.63564800429281
3.67644914008377
3.70939940294923
3.71760433979851
3.73143754895458
3.76037487592596
3.76364373827498
3.76663191526548
3.77934894750552
3.78907087704781
3.8126312440144
3.81633980222456
3.81714651840149
3.8333532030116
3.83364564909176
3.85344254596689
3.86312030740809
3.86914689318149
3.86977361098382
