3.53984725887447
3.57341522806673
3.57359963882099
3.59012297530944
3.62522515916942
3.62740938143711
3.63564800429281
3.67644914008377
3.70939940294923
3.71760433979851
3.73143754895458
3.76037487592596
3.76364373827498
3.76663191526548
3.77934894750552
3.78907087704781
3.8126312440144
3.81633980222456
3.81714651840149
3.8333532030116
3.83364564909176
3.85344254596689
3.86312030740809
3.86914689318149
3.86977361098382
3.88029270402443
3.8993768170045
3.91037499588969
3.91062025539543
3.92097208257815
3.93077801770904
3.93734399149628
3.94628332709099
3.94865456032726
3.95281382346439
3.95359054796337
3.95397469380591
3.95950388398324
3.95989488562796
3.96396186045241
3.96410154820026
3.96845634015574
3.97078312445749
3.97226607388857
3.98013193672009
3.98399237213497
3.9971689293184
4.00726086576935
4.01740950410645
4.02716965391641
4.02947513484182
