4.67057206666188
4.6742914734829
4.7100149851388
4.73116534867553
4.84384824232082
4.85785687748765
4.94484455603057
4.95130475981735
5.03810219915817
5.12683365118726
5.15910664758682
5.16907523249296
5.18259397743874
5.18493844289817
5.28189730503135
5.28507785830746
5.3422663761532
5.36392796765557
5.39376940864017
5.4048346526753
5.54830192319426
5.63430745517485
5.6764487066164
5.69670672065722
5.70483626330564
5.74759128889537
5.98309257469442
6.14616182456706
6.15532988640127
6.17613436341085
6.3260758430806
6.32951618348496
6.38907056822303
6.50432184443907
6.66626575713283
6.8949017723772
7.05720754699136
7.45113042932781
7.45122442881669
7.5679137489411
7.70100869774125
8.06315845895748
8.16184484944919
8.29312124504982
8.66668534373293
