54.8159800722694
55.0244365382592
59.2891433617056
60.9597307016155
61.0218597245147
66.8072062022224
67.7950182169411
69.8180839559281
70.0625547672859
71.339183439205
72.2370579394697
79.9264651859172
91.4767839250029
96.7224957152688
100.114790205996
100.413986143839
105.284202645604
121.185783955038
127.873760126732
137.50715830136
139.62425658427
173.727618984241
174.809680169427
178.583453164321
189.891168298851
206.292710677961
223.155620675278
224.308839702806
226.555313767091
228.728432907623
360.617710061953
371.53243787903
492.48527733526
549.772008806328
551.51786756401
675.072224650456
