-9237.95862101758
-7146.61030648222
-5361.52548017874
-3106.83788972696
-820.743931696178
-777.79190966629
-262.215696296794
-203.446220078852
-133.222272711179
-129.77306497202
-91.4374819809794
-74.7621572444307
-58.7879304576515
-53.3332561135352
-46.1088678042213
-41.0054124710941
-39.6318082375594
-32.4283624376492
-28.5302494634801
-25.8762922713675
-16.4413538990098
-15.0474583748003
-12.7608772302942
-11.5430183603404
-11.0818629154984
-10.9174176472431
-7.58455795714496
-4.54050945687957
-4.09533062493678
-3.81873713535954
-3.67361644495464
-3.37172705343725
-3.04330756639478
-2.31987677047418
