-0.167256202860775
0.308327476850541
1.0058119004954
1.08470615387325
1.14313037556506
1.20182296693395
1.32158363600736
1.42754774304054
1.48954292831599
1.547040606953
1.71933696710575
1.76711481782546
1.84868845654846
2.04786733270285
2.05700056208909
2.20658431918571
2.28098593343837
2.38863932134825
2.45902724365929
2.46085323707271
2.7943356149896
2.84554459993262
2.85513900228871
2.88981141575959
2.89931037872762
2.92477735852571
3.00062483969562
3.06993248565998
3.15556438884321
3.16813243327194
3.18756738077757
3.25296185991662
3.27457761751656
3.2772737308983
3.36514093183564
3.38860500258676
3.44855471407471
3.47578137717863
3.49889553548241
3.50043058473329
3.51075457083745
