9.995075361999999908e-01
9.965199794000000333e-01
9.978823011999999881e-01
9.997348308000000294e-01
9.963308131000000456e-01
9.960029152999999580e-01
9.950430287000000540e-01
9.906823955000000348e-01
9.837028205000000192e-01
9.946799487999999911e-01
9.928606735999999655e-01
9.809574906000000372e-01
9.979745907999999499e-01
9.969239151000000021e-01
9.921440262999999815e-01
9.980928698000000043e-01
9.935273547999999844e-01
9.956989993000000538e-01
9.951219555000000438e-01
9.942866135000000272e-01
9.955418945999999769e-01
9.953413754000000058e-01
9.971564435999999976e-01
9.909502002000000198e-01
9.873978654999999716e-01
9.979427131000000450e-01
9.879174509999999465e-01
9.989669590999999960e-01
9.879503267999999450e-01
9.950499082999999523e-01
9.983301200999999958e-01
9.999389998000000057e-01
9.888501062000000230e-01
9.855144400999999998e-01
9.781975724999999455e-01
9.951493756000000523e-01
9.935188521000000161e-01
9.994930246000000018e-01
9.948438988000000149e-01
9.930163978999999586e-01
9.994992995000000491e-01
9.998929944000000125e-01
9.862113195999999693e-01
9.998559454000000013e-01
9.926188167999999701e-01
9.983193429000000174e-01
9.976781179999999472e-01
9.953823636999999946e-01
9.968032774999999734e-01
9.999887294000000537e-01
9.862874589000000247e-01
9.973096033999999666e-01
9.749422256999999981e-01
9.915162814000000324e-01
9.949557788999999763e-01
9.751792071999999534e-01
9.998206375000000534e-01
9.985549945999999677e-01
9.997432427000000343e-01
9.941387025000000266e-01
9.979353869000000543e-01
9.940494466000000529e-01
9.997075061000000318e-01
9.988558298999999918e-01
9.991086351000000310e-01
9.979667142999999463e-01
9.996500242000000425e-01
9.980428461000000473e-01
9.994771882999999857e-01
9.950571326999999577e-01
9.973568981000000555e-01
9.866736943999999676e-01
9.965683089000000328e-01
9.886862148999999711e-01
9.999143382999999830e-01
9.943443119999999524e-01
9.947900390999999676e-01
9.926242286999999997e-01
9.955616670000000390e-01
9.986149483999999799e-01
9.997166825000000090e-01
9.957501686999999935e-01
9.992456600000000355e-01
9.985523121999999585e-01
9.982586122000000062e-01
9.871542864000000250e-01
9.991999271000000515e-01
9.967389570000000365e-01
9.979206612000000032e-01
9.865060222999999517e-01
9.943328921999999848e-01
9.990099694999999835e-01
9.999847465000000213e-01
9.986110867999999918e-01
9.970128520000000050e-01
9.976788305999999551e-01
9.970275022000000265e-01
9.985972874999999860e-01
9.907478778999999625e-01
9.992749781999999970e-01
9.870545466000000268e-01
9.964206049999999593e-01
9.971660043000000195e-01
9.977107394999999990e-01
9.982442342999999774e-01
9.958344662000000458e-01
9.916634744000000223e-01
9.904719318000000383e-01
9.997838725000000037e-01
9.886935464999999645e-01
9.941875580000000268e-01
9.843432849000000040e-01
9.834298167999999674e-01
9.932449501000000236e-01
9.943157371999999938e-01
9.955806005999999764e-01
9.910753271000000142e-01
9.784800570999999669e-01
9.971082373999999859e-01
9.947994393000000324e-01
9.974751048000000120e-01
9.928184795000000173e-01
9.990797259999999458e-01
9.987019582999999701e-01
9.974922925000000440e-01
9.998191311999999886e-01
9.950396409999999747e-01
9.977932592999999573e-01
9.989123214999999778e-01
9.968261394999999858e-01
9.944432259000000052e-01
9.944608117000000025e-01
9.686490368000000295e-01
9.981661925999999463e-01
9.987966644000000338e-01
9.994162071000000092e-01
9.988256614999999616e-01
9.937725890999999923e-01
9.968698655000000075e-01
9.843127361000000297e-01
9.990576077999999693e-01
9.868024288000000199e-01
9.769890050999999742e-01
9.928888804000000068e-01
9.978493789000000280e-01
9.991097438999999580e-01
9.953315033999999839e-01
9.940948590999999501e-01
9.893335831999999774e-01
9.994046141000000327e-01
9.976475607000000467e-01
9.970122030000000413e-01
9.958436196000000074e-01
9.993563784000000227e-01
9.892488360000000203e-01
9.959671183999999622e-01
9.955416713000000417e-01
9.959994912999999839e-01
9.964784369000000419e-01
9.973902480999999876e-01
9.989967027999999694e-01
9.951315064000000321e-01
9.995345272000000225e-01
9.998411851999999822e-01
9.816586693000000086e-01
9.754333456999999541e-01
9.985999930000000191e-01
9.988984021000000268e-01
9.995346833999999570e-01
9.913020664999999676e-01
9.800616376999999879e-01
9.951907491999999467e-01
9.968102437000000426e-01
9.998446019000000184e-01
9.987659234000000330e-01
9.957769435000000113e-01
9.959531390000000428e-01
9.992015332000000472e-01
9.983534296999999613e-01
9.938063298999999517e-01
9.963436147999999992e-01
9.934709532000000065e-01
9.993149994000000147e-01
9.998534219000000389e-01
9.937090508000000488e-01
9.983693016000000364e-01
9.999884963999999821e-01
9.986480246000000172e-01
9.957605190999999634e-01
9.789642079000000496e-01
9.824653580000000108e-01
9.990795995000000262e-01
9.982349767000000540e-01
9.940028837000000062e-01
9.989747203000000075e-01
9.936853946000000493e-01
9.903269582999999487e-01
9.996586842000000361e-01
9.945826004000000164e-01
9.984635742999999897e-01
9.978341251000000245e-01
9.910262910999999564e-01
9.995045144999999964e-01
9.871278677999999474e-01
9.899106814000000476e-01
9.976244131000000515e-01
9.999609476999999913e-01
9.978216026999999766e-01
9.930502883999999808e-01
9.947847641000000518e-01
9.989756848999999939e-01
9.904301478999999464e-01
9.944214330999999740e-01
9.880380098000000055e-01
9.921040332999999656e-01
9.997692392999999456e-01
9.968284295999999545e-01
9.975860561999999598e-01
9.998575610000000058e-01
9.970001842000000281e-01
9.960740424999999787e-01
9.974459853999999570e-01
9.948670749000000368e-01
9.951950095999999579e-01
9.886777396999999468e-01
9.872910944999999661e-01
9.948216374999999667e-01
9.953964777999999569e-01
9.920419295000000304e-01
9.975044494000000483e-01
9.938060009000000417e-01
9.965442303999999529e-01
9.947149496999999618e-01
9.878901333999999812e-01
9.816076005999999632e-01
9.980554011000000170e-01
9.950549546000000412e-01
9.991080551000000032e-01
9.959797633000000427e-01
9.957539377999999886e-01
9.874180804000000089e-01
9.968230828999999904e-01
9.888649231999999678e-01
9.988942337999999754e-01
9.888046424999999973e-01
9.900307896000000163e-01
9.926430187000000460e-01
9.974836967000000332e-01
9.946613651000000278e-01
9.999222147999999866e-01
9.988149146999999450e-01
9.957854866999999999e-01
9.902344800000000280e-01
9.896294617999999987e-01
9.936284582000000087e-01
9.910891005999999948e-01
9.979862183000000053e-01
9.954291642000000495e-01
9.997977848000000334e-01
9.833261733000000504e-01
9.981763433000000463e-01
9.922145653999999704e-01
9.986937875000000409e-01
9.986708876000000012e-01
9.802271221999999673e-01
9.896959757000000080e-01
9.971073068000000372e-01
9.974485187999999614e-01
9.818958407000000221e-01
9.955255707000000287e-01
9.787848979000000060e-01
9.871301323000000183e-01
9.957517971999999551e-01
9.914543292999999924e-01
9.994913466000000524e-01
9.991226919000000262e-01
9.989724245000000113e-01
9.963736437000000334e-01
9.976052711999999767e-01
9.955293863999999937e-01
9.839668581999999608e-01
9.939233324999999786e-01
9.995823073999999808e-01
9.965814413000000371e-01
9.970484820999999664e-01
9.847585902000000058e-01
9.997460835999999462e-01
9.794657321999999944e-01
9.917518384000000298e-01
9.937829723000000115e-01
9.879438147000000336e-01
9.874289519000000181e-01
9.979434935000000007e-01
9.861743109999999701e-01
9.931144491000000185e-01
9.927589628999999860e-01
9.924203684000000303e-01
9.989769611000000049e-01
9.955610411999999965e-01
9.986795814000000160e-01
9.939756131000000439e-01
9.793122015999999874e-01
9.997754183999999489e-01
9.976182421999999494e-01
9.965942184999999620e-01
9.991319084999999989e-01
9.873521696999999486e-01
9.954731428999999965e-01
9.979745004000000197e-01
9.989198367999999606e-01
9.909555619000000037e-01
9.969737926999999722e-01
9.984418702999999784e-01
9.963908943999999490e-01
9.947341744000000041e-01
9.832003432000000487e-01
9.995494447999999643e-01
9.995464992000000493e-01
9.901302668999999446e-01
9.988768762999999939e-01
9.938515986999999496e-01
9.931843017000000495e-01
9.934741547000000006e-01
9.999040842999999956e-01
9.920263502999999705e-01
9.926041169999999525e-01
9.770471804999999454e-01
9.979304825999999462e-01
9.969138578999999778e-01
9.968234049999999957e-01
9.839926400999999823e-01
9.977111105000000535e-01
9.979321383000000489e-01
9.980596841000000108e-01
9.991457433000000554e-01
9.996941925000000229e-01
9.954755073000000065e-01
9.968342127000000552e-01
9.941282062999999836e-01
9.891365817999999699e-01
9.876908857999999736e-01
9.903926253999999485e-01
9.967751916999999517e-01
9.995347701000000251e-01
9.951614494999999616e-01
9.978993506000000124e-01
9.939589783000000178e-01
9.961330502999999892e-01
9.944813005999999511e-01
9.980060592999999702e-01
9.958507010999999576e-01
9.989843924000000319e-01
9.939275127000000154e-01
9.969214441000000537e-01
9.775813125000000214e-01
9.966173309000000424e-01
9.998711237999999835e-01
9.953274493999999528e-01
9.995394677000000172e-01
9.996209019999999779e-01
9.940325952999999881e-01
9.783781488999999665e-01
9.997554682999999498e-01
9.974913103000000447e-01
9.906541396000000388e-01
9.973381096000000223e-01
9.976765288000000176e-01
9.936157786999999519e-01
9.979025432000000473e-01
9.948722867000000525e-01
9.969166281000000351e-01
9.932572638000000120e-01
9.924890766999999725e-01
9.966391674000000256e-01
9.941951306999999849e-01
9.791848556000000148e-01
9.972727829999999960e-01
9.985441671000000463e-01
9.970556228000000409e-01
9.948565612999999974e-01
9.977014538999999793e-01
9.869097774999999739e-01
9.977342091999999996e-01
9.921709904000000080e-01
9.951559790999999766e-01
9.957197472000000049e-01
9.953973337000000532e-01
9.998241638000000542e-01
9.855499439999999556e-01
9.971709466999999494e-01
9.983182083999999623e-01
9.972677993999999879e-01
9.783478643999999891e-01
9.931402682000000093e-01
9.921161571000000068e-01
9.999841207999999870e-01
9.970352891000000550e-01
9.990060559000000229e-01
9.958980653000000238e-01
9.958285082000000177e-01
