9.888483628999999997e-01
9.991937250000000326e-01
9.713403298999999658e-01
9.832486945999999728e-01
9.940296532000000296e-01
9.706304274999999482e-01
9.530724841000000058e-01
9.944499204000000203e-01
9.651357845000000379e-01
9.974602719999999811e-01
9.965291312999999818e-01
9.996059369999999999e-01
9.638324276999999940e-01
9.779081174000000543e-01
9.901388264999999578e-01
9.993037624999999702e-01
9.678161616999999550e-01
9.967044334000000338e-01
9.744891340000000346e-01
9.706994558999999523e-01
9.989542500000000436e-01
9.953063481999999684e-01
9.679590913000000185e-01
9.953902966000000019e-01
9.985868447000000314e-01
9.398571541000000362e-01
9.934134380000000375e-01
9.929324454000000300e-01
9.729384488000000220e-01
9.951885641000000060e-01
9.747761196999999989e-01
9.872439397000000172e-01
9.776236171000000086e-01
9.810983666000000492e-01
9.982120636000000324e-01
9.932053188999999671e-01
9.060768925000000085e-01
9.986716181000000470e-01
9.317980565000000270e-01
9.475080626999999867e-01
8.877825200000000194e-01
9.958734331999999911e-01
9.869629064999999590e-01
9.757781450000000412e-01
9.997383241999999726e-01
9.989631442999999944e-01
9.596003451000000295e-01
9.558497998999999634e-01
9.652392540999999992e-01
9.793501758999999529e-01
9.980278308000000154e-01
9.960170301999999865e-01
9.983930319999999581e-01
8.734157031999999488e-01
9.680014589000000003e-01
9.902187969000000312e-01
9.863072094000000511e-01
9.292080177999999524e-01
9.960119482000000524e-01
9.686386228000000154e-01
9.358080664000000271e-01
9.971519473000000078e-01
9.976491994999999724e-01
9.859156154999999533e-01
9.987379660999999853e-01
9.777705172999999750e-01
9.926743891999999514e-01
9.929513188999999906e-01
9.917306094000000183e-01
9.945789562000000306e-01
9.523692803000000096e-01
9.826109209000000178e-01
9.961348692000000504e-01
9.933187803999999899e-01
9.950449419000000351e-01
9.973990017999999624e-01
9.809325358999999578e-01
9.108694011000000312e-01
9.940135493999999738e-01
9.624809648000000051e-01
9.837276249999999944e-01
9.841245432999999876e-01
9.997487084999999718e-01
9.729298842000000391e-01
9.933122832999999874e-01
9.679050928000000331e-01
9.900916458999999836e-01
9.764380921999999963e-01
9.924615135000000032e-01
9.362447889999999662e-01
9.980830869000000272e-01
9.886016951999999636e-01
9.886188572999999868e-01
9.678216410000000103e-01
9.352692515999999623e-01
9.758591669999999718e-01
9.934052451999999533e-01
8.803057781999999998e-01
9.977183121999999571e-01
9.241299321000000511e-01
9.469584213999999722e-01
9.964056930000000367e-01
9.549195583999999792e-01
9.645644152000000249e-01
8.705459889000000118e-01
9.634628750999999491e-01
9.948652719999999672e-01
9.948950403999999859e-01
9.889580793000000147e-01
9.366313872000000540e-01
9.719449887000000121e-01
9.824278551999999776e-01
8.579873413999999920e-01
9.889810785000000548e-01
9.999758700999999972e-01
9.331705072999999517e-01
9.938603668000000058e-01
9.955291088000000066e-01
9.731871297999999948e-01
9.390532690999999765e-01
9.987837348000000448e-01
9.186877705999999533e-01
9.944575406000000228e-01
9.940441774999999591e-01
9.795245224999999945e-01
9.972079417000000445e-01
9.826219206999999844e-01
8.653842420999999785e-01
9.211421099000000057e-01
9.066167943999999812e-01
9.860351827000000124e-01
9.439941203999999697e-01
9.692744626000000530e-01
9.610471909000000146e-01
9.979764022999999540e-01
9.924477000000000437e-01
9.982524781999999597e-01
9.990812470000000056e-01
9.965452159000000032e-01
9.721494627000000222e-01
9.969980618999999544e-01
9.772980230000000157e-01
9.466498426999999660e-01
9.100717444000000489e-01
9.706546104000000064e-01
9.368143569000000337e-01
9.368868372999999972e-01
9.686901312000000264e-01
9.975734818999999476e-01
8.628512634999999653e-01
9.918067408999999834e-01
9.983711296999999707e-01
9.761130082000000208e-01
9.933321916999999779e-01
9.833782306999999667e-01
9.876737727000000078e-01
9.829676473999999775e-01
9.580993008000000533e-01
9.741427503999999793e-01
9.649998021000000259e-01
9.362331334000000282e-01
9.303619239000000540e-01
9.860665009000000314e-01
9.978324262000000111e-01
9.939622139999999550e-01
9.890217649000000444e-01
9.776376302000000518e-01
9.768563364000000249e-01
9.967436355000000026e-01
9.979984363999999664e-01
9.759872872000000532e-01
9.903246300000000391e-01
9.451165407999999601e-01
9.953598355999999647e-01
9.981211597000000380e-01
9.027396761999999519e-01
9.961304636000000157e-01
9.862659102999999927e-01
9.690276635000000249e-01
9.625342246000000435e-01
9.808676183000000215e-01
9.895666078000000532e-01
9.918325312000000338e-01
9.418284801999999845e-01
9.940001227000000439e-01
9.747324612000000110e-01
9.992583851999999878e-01
8.992722628000000551e-01
8.796091594999999597e-01
9.820237024000000314e-01
9.143424261999999469e-01
8.834698211000000523e-01
9.968276849999999634e-01
9.698845119000000237e-01
9.650812384000000410e-01
9.085574544000000197e-01
9.763882434999999749e-01
9.558533562000000039e-01
9.981517917000000129e-01
9.831838061000000017e-01
9.825551814999999856e-01
9.344677748999999922e-01
9.649073415000000153e-01
9.655461022000000337e-01
9.948614074999999612e-01
9.827111217999999759e-01
9.981168955000000453e-01
9.804239580000000398e-01
9.972141758000000467e-01
9.856511132999999925e-01
9.823621543999999650e-01
9.840345282000000360e-01
9.768816096000000337e-01
9.901486706000000027e-01
9.831777285999999672e-01
9.684157975999999612e-01
9.043532541000000036e-01
9.994018491999999698e-01
9.326682353999999897e-01
9.119288351000000015e-01
9.974662988000000396e-01
9.904014754000000087e-01
9.996904814000000528e-01
9.940699035000000183e-01
9.154853697999999484e-01
9.970120150000000292e-01
9.885714003000000138e-01
9.757921009000000145e-01
9.951205617999999697e-01
9.977000835999999540e-01
9.992267747999999949e-01
9.599551453000000345e-01
9.996779435999999519e-01
9.270127009999999945e-01
9.753307536999999972e-01
9.697420181000000472e-01
9.059977700000000356e-01
9.991607574999999963e-01
9.646158770999999632e-01
9.997744047000000078e-01
8.749592989000000154e-01
9.232839829000000220e-01
9.999962993000000022e-01
9.415298437000000353e-01
9.944300418999999502e-01
9.939190020999999486e-01
9.994602267000000095e-01
9.467441303000000419e-01
8.915561468999999573e-01
9.331727528000000049e-01
9.981719955000000200e-01
9.739810490000000431e-01
9.920417695000000036e-01
9.157064928999999465e-01
9.951224814000000363e-01
9.912557291000000381e-01
9.463547286000000280e-01
9.947117139000000163e-01
9.730985858999999794e-01
9.854751513999999712e-01
9.889847887999999587e-01
9.356933430999999635e-01
9.820184526999999886e-01
9.941859795999999916e-01
9.622754978999999986e-01
9.860320521000000005e-01
9.965058635000000331e-01
9.903487256999999877e-01
9.944816623000000133e-01
9.922314247000000309e-01
9.568847725000000359e-01
9.522852411000000128e-01
9.980949677999999547e-01
8.747145437000000134e-01
9.810714464999999995e-01
9.957189867000000305e-01
9.230986506999999675e-01
9.800981116000000437e-01
9.926553455000000081e-01
9.715285812999999715e-01
9.967935474000000351e-01
9.517446836999999826e-01
8.811295886000000133e-01
9.952232175999999875e-01
9.526009801000000499e-01
9.738382801999999616e-01
8.950768573999999811e-01
9.977393669999999881e-01
9.573430061000000046e-01
9.007620098999999936e-01
9.964068119000000223e-01
9.731539187000000091e-01
9.883341432000000149e-01
9.985381547999999663e-01
9.193780641000000031e-01
9.332277232000000255e-01
9.307140253000000252e-01
8.966845488000000364e-01
9.668253382999999479e-01
9.760973121999999558e-01
9.679084920999999619e-01
9.845443922000000070e-01
9.988783628999999831e-01
9.998776688999999607e-01
9.346332577000000530e-01
9.695331404999999458e-01
9.390422998999999882e-01
9.921037387000000152e-01
9.758260815999999505e-01
9.969151896000000290e-01
9.984745620999999627e-01
9.947983025000000090e-01
9.965058223999999631e-01
9.902082213999999771e-01
9.659605575999999916e-01
9.749920886999999814e-01
9.191457554999999946e-01
9.805499733000000440e-01
9.961354349000000052e-01
9.998223211000000221e-01
9.960181066000000083e-01
9.048691788999999597e-01
9.258263517000000498e-01
9.753052913999999962e-01
9.980524392999999828e-01
9.966657409000000412e-01
9.802149507999999845e-01
9.980047198999999480e-01
9.962210471000000345e-01
9.614799317000000123e-01
9.924078248000000047e-01
9.816367811999999748e-01
9.683893849000000387e-01
9.501982975999999637e-01
9.838038740000000226e-01
9.935761046000000096e-01
9.948831420000000536e-01
9.936915010000000326e-01
9.799502319999999767e-01
8.740168847000000518e-01
9.948452532999999542e-01
9.226934284000000153e-01
9.947741140000000426e-01
9.777863785999999502e-01
9.774018964999999781e-01
9.645494320999999927e-01
9.720034103000000369e-01
9.981275341999999995e-01
9.212857549999999840e-01
9.573085886000000100e-01
9.065250444000000352e-01
9.842747965999999460e-01
9.861910114999999921e-01
9.706178666000000455e-01
9.720302048000000195e-01
8.969777098000000226e-01
9.661968495999999629e-01
9.756649732000000075e-01
9.987520491000000389e-01
9.888555445000000166e-01
9.932249354000000086e-01
9.873391770999999650e-01
8.695432111999999991e-01
8.583541752000000136e-01
9.950510217000000379e-01
9.877731082999999801e-01
9.929855170000000397e-01
9.958729791999999525e-01
9.843252047999999643e-01
9.948237091999999615e-01
9.805785902000000442e-01
9.876177135999999468e-01
9.932456739999999673e-01
9.996595813999999969e-01
8.861480081000000508e-01
9.648616392000000097e-01
9.763253378999999788e-01
9.861476713000000283e-01
9.479868666999999860e-01
9.413112990999999985e-01
9.891999257000000378e-01
9.950845853999999990e-01
9.767239845999999837e-01
9.931636757999999787e-01
9.824737215000000079e-01
9.579957873000000124e-01
9.573385323999999974e-01
9.996210759000000445e-01
9.397942741000000488e-01
9.013981947000000439e-01
9.963820123000000084e-01
9.749694706000000544e-01
9.605615769999999998e-01
9.982615068000000313e-01
9.954401046999999947e-01
9.890069019999999655e-01
9.800528936000000302e-01
9.540145139000000274e-01
9.778494369000000352e-01
9.401455378999999946e-01
